-122.44609833
-0.94550520
-234.82795715
-315.56005859
-240.82287598
-119.00399780
-2.11406183
-123.10054779
-364.55014038
-0.35522255
-119.97177887
-122.33428955
-125.15343475
-120.82162476
-122.57684326
-0.06901284
-2.51931000
-231.41677856
-231.90405273
-121.63974762
-248.90199280
-120.51644897
-122.48095703
-116.47057343
-296.14901733
-123.74714661
-123.20321655
-0.02378001
-0.16156404
-231.24159241
-1.37015009
-121.30221558
-115.76881409
-242.30000305
-330.93978882
-243.46836853
-235.04626465
-119.51292419
-115.85870361
-125.29350281
-116.71504211
-125.62580109
-237.02667236
-0.15695620
-118.49227905
-231.46383667
-0.61837775
-126.24665833
-115.40861511
-0.74284565
-121.02787018
-237.05340576
-245.28094482
-124.75621796
-121.87155151
-225.67102051
-235.72160339
-329.84143066
-248.11708069
-0.31028911
-121.41603851
-113.51638031
-119.85198212
-0.73463595
-239.25938416
-122.31853485
-2.76801658
-119.42089844
-0.25863075
-244.02673340
-122.59269714
-234.69793701
-116.66622925
-125.37425232
-229.88751221
-120.65123749
-119.48056793
-121.89913177
-119.24794769
-122.18316650
-120.20056152
-234.55902100
-123.63476562
-231.74319458
-335.74908447
-227.45803833
-307.75518799
-1.37904179
-118.91931915
-127.13185120
-0.26425153
-122.39433289
-333.45733643
-121.39385223
-0.15613726
-118.66275787
-0.14473692
-233.07264709
-122.48697662
-0.13570900
