-7.44215631
-7.03224564
-7.78490734
-8.30484390
-8.40754414
-8.28175163
-10.00187492
-9.94961739
-11.54594612
-10.41486263
-12.54165077
-12.29049492
-14.66603470
-16.76695251
-17.32170105
-18.02412987
-22.18656349
-21.61487961
-23.86981201
-24.37114334
-25.49079323
-25.98118591
-26.57156181
-27.54538155
-27.10965729
-27.93958282
-31.34446335
-30.76445007
-34.56011963
-33.32910538
-32.90665436
-37.41172409
-37.08909988
-37.45125580
-38.23447800
-42.21393585
-39.37107086
-42.38673019
-45.47773743
-45.67182922
-47.07569122
-49.37635040
-52.03639221
-49.55566025
-50.49721527
-54.57148743
-57.15676880
-49.55448914
-54.43928528
-58.07397842
-56.96252823
-53.32406616
-52.80005646
-52.34682465
-57.72172165
-61.99761581
-63.71183777
-65.44831085
-73.23272705
-72.05529785
-72.06275940
-78.12591553
-67.89849854
-69.08676910
-70.75494385
-72.19126892
-75.38336945
-81.62351990
-71.01638794
-81.34334564
-86.59934998
-87.97589111
-85.03415680
-82.73303223
-96.41382599
-100.97732544
-106.37563324
-94.73359680
-108.85104370
-98.87088776
-97.50572205
-100.99464417
-111.36889648
-104.99553680
-106.56957245
-108.90368652
-119.69091034
-109.39311218
-112.25927734
-110.19644928
-114.16738129
-118.47529602
-119.51605225
-120.99974060
-115.45744324
-122.58139038
-117.10856628
-123.21598816
-129.79226685
-120.96212769
-127.72039795
-131.20153809
-137.53498840
-139.08230591
-139.83093262
-145.26217651
-146.94389343
-144.52420044
-149.84921265
-142.40582275
-138.28448486
-146.27203369
-149.49682617
-137.98251343
-137.34732056
-147.21559143
-144.54174805
-134.60205078
-140.77984619
-142.19654846
-140.04434204
-151.99157715
-139.35601807
-139.06237793
-147.06771851
-139.77423096
-137.06692505
-142.68133545
-145.03018188
-147.37503052
-138.62083435
-143.14465332
-145.63333130
-143.90232849
-149.69682312
-148.30816650
-137.39062500
-147.67640686
-145.34277344
-148.50299072
-143.72581482
-141.13674927
-143.69570923
-141.51229858
-143.36534119
-153.59494019
-152.18473816
-150.43981934
-150.11532593
-153.55114746
-160.76087952
-161.06869507
-164.22229004
-168.91183472
-166.10667419
-167.09295654
-174.12792969
-173.01232910
-166.90060425
-171.10440063
-176.38618469
-187.73818970
-195.47717285
-175.88793945
-188.40655518
-194.49725342
-191.20756531
-184.22833252
-187.71179199
-190.15753174
-182.30874634
-179.78640747
-186.79229736
-184.78196716
-184.90040588
-187.60951233
-192.67077637
-186.93669128
-191.60542297
-190.70700073
-197.47094727
-191.86660767
-196.32345581
-195.48687744
-202.49134827
-201.77682495
-198.74902344
-201.51916504
-187.56784058
-195.14753723
-185.85055542
-199.28736877
-199.74377441
-190.82864380
-206.18292236
-197.56996155
-203.02127075
-201.49073792
-208.61370850
-212.97027588
-213.69360352
-210.25238037
-212.16622925
-214.13531494
-213.71749878
-204.04696655
-207.60220337
-196.07580566
-215.42272949
-213.10055542
-214.31054688
-206.73658752
-202.04748535
-217.20822144
-210.84867859
-219.95608521
-208.25372314
-211.69937134
-206.08818054
-229.48773193
-216.12603760
-205.12762451
-207.65966797
-212.81961060
-209.07940674
-212.30854797
-200.17837524
-202.53900146
-218.14024353
-212.24249268
-219.91856384
-221.86688232
-216.53799438
-218.60687256
-230.85107422
-227.42871094
-224.31481934
-220.98574829
-219.40699768
-213.13363647
-231.40483093
-237.64221191
-239.79525757
-235.10958862
-265.32086182
-267.36663818
-266.54736328
-258.11187744
-268.28649902
-256.11923218
-253.53561401
-247.64602661
-255.93040466
-272.34576416
-271.09820557
-257.10607910
-270.97662354
-267.98095703
-268.27996826
-279.84912109
-260.92709351
-276.74053955
-262.73004150
-274.34616089
-278.95739746
-277.07775879
-266.61193848
-279.20983887
-278.64480591
-282.79003906
-261.45254517
-249.88523865
-247.48919678
-267.89691162
-264.07910156
-263.84387207
-267.06515503
-272.69244385
-263.47509766
-289.32946777
-263.48171997
-254.98899841
-264.95883179
-272.47515869
-285.39947510
-268.35064697
-278.08966064
-269.66333008
-275.90887451
-270.98611450
-274.99343872
-280.99777222
-264.87002563
-274.08648682
-278.57690430
-273.13989258
-270.03994751
-263.47900391
-267.78027344
-279.77853394
-262.41787720
-251.20614624
-249.34440613
-254.24140930
-257.30651855
-254.56900024
-245.95140076
-229.03500366
-246.95269775
-247.53295898
-228.50262451
-246.69499207
-232.73931885
-262.08813477
-253.51165771
-225.38026428
-237.88630676
-227.40222168
-234.55332947
-226.10382080
-242.99707031
-234.64276123
-257.53607178
-251.90838623
-260.14505005
-248.71867371
-234.69839478
-231.74212646
-227.05873108
-244.36254883
-207.47805786
-255.03746033
-237.22108459
-244.06460571
-278.01422119
-242.94253540
-267.14874268
-255.28274536
-252.60603333
-231.00851440
-239.63420105
-252.70889282
-259.55029297
-260.64501953
-276.72665405
-284.07940674
-267.90802002
-292.44177246
-255.30322266
-270.66302490
-264.58416748
-272.32226562
-284.52459717
-253.42514038
-264.17758179
-267.44537354
-284.46868896
-300.63391113
-260.11035156
-295.91442871
-283.34371948
-284.61706543
-303.43255615
-279.16650391
-287.42559814
-261.14358521
-303.10540771
-285.26058960
-294.34158325
-323.73379517
-272.07070923
-295.18627930
-299.98876953
-299.65866089
-267.64010620
-251.11248779
-310.39306641
-296.27526855
-289.49072266
-296.95202637
-259.59271240
-262.01739502
-282.54455566
-293.42443848
-250.09089661
-244.93034363
-276.42861938
-243.85130310
-266.82537842
-259.62536621
-270.13726807
-217.19342041
-239.25784302
-248.31457520
-258.88952637
-299.62908936
-288.24832153
-299.65356445
-295.57348633
-282.71997070
-276.11645508
-283.46630859
-296.05755615
-305.50570679
-297.21234131
-285.10736084
-286.98345947
-293.43792725
-304.56604004
-318.13558960
-292.74111938
-305.08776855
-275.31658936
-300.93295288
-276.72760010
-274.26675415
-290.92410278
-316.93347168
-326.51092529
-359.53680420
-365.95166016
-322.38818359
-341.01226807
-318.72344971
-351.23962402
-340.90740967
-337.54324341
-303.26367188
-320.20184326
-310.62811279
-354.72949219
-347.29632568
-308.91036987
-266.80938721
-297.52764893
-305.81567383
-315.05554199
-298.57614136
-279.82229614
-309.24114990
-337.66729736
-311.89086914
-335.49578857
-326.76812744
-318.37426758
-336.04675293
-329.22100830
-300.69268799
-313.69772339
-325.30270386
-326.37411499
-295.44555664
-259.84536743
-237.80082703
-289.35668945
-266.99157715
-313.82540894
-256.51147461
-241.32983398
-221.31498718
-222.72976685
-277.71783447
-259.23315430
-241.41790771
-242.86444092
-235.65196228
-234.68003845
-270.21459961
-275.26968384
-244.32687378
-301.01959229
-346.76257324
-334.72271729
-359.74902344
-341.90484619
-391.58627319
-383.43322754
-343.24639893
-323.58621216
-338.30828857
-328.59771729
-317.13806152
-314.14834595
-286.73394775
-323.72509766
-329.23559570
-272.48870850
-326.86312866
-316.26971436
-323.26434326
-309.29974365
-325.62066650
-382.74807739
-339.94012451
-348.15728760
-351.76702881
-359.17047119
-322.28195190
-301.65078735
-323.60211182
-308.84942627
-306.82485962
-278.65582275
-295.91992188
-345.49261475
-315.80462646
-293.78375244
-314.23211670
-346.39227295
-381.96411133
-381.03720093
-368.92343140
-376.67260742
-314.80310059
-310.34252930
-307.90466309
-312.30300903
-341.64233398
-336.09790039
-348.61886597
-348.66540527
-337.15722656
-291.71615601
-294.17022705
-366.47552490
-299.18176270
-325.32592773
-202.67558289
-234.13351440
-238.60191345
-241.79077148
-257.20080566
-255.91876221
-274.86663818
-321.85760498
-258.41992188
-259.86151123
-299.94122314
-299.54626465
-302.47055054
-314.52807617
-291.65609741
-295.20446777
-282.35333252
-318.70697021
-312.69985962
-447.79089355
-447.50244141
-407.42825317
-416.81707764
-422.55072021
-386.56564331
-396.73406982
-412.72625732
-422.06460571
-433.28106689
-374.60485840
-397.86038208
-403.30599976
-358.36364746
-366.65216064
-353.54302979
-390.48571777
-366.81634521
-393.21246338
-308.22033691
-319.22579956
-318.99185181
-311.46453857
-334.03195190
-323.84643555
-364.72445679
-306.81317139
-336.41284180
-370.67816162
-372.11242676
-384.32977295
-354.20941162
-357.20367432
-354.12585449
-388.84576416
-355.44427490
-356.65167236
-356.33572388
-477.61535645
-450.73077393
-474.97146606
-482.58685303
-427.47705078
-438.67224121
-439.04235840
-440.04467773
-391.78198242
-408.53161621
-425.39984131
-406.65075684
-443.86083984
-419.18380737
-412.62838745
-404.32363892
-418.68118286
-425.56866455
-434.17233276
-341.16241455
-361.49591064
-357.50317383
-376.35488892
-374.30825806
-323.74404907
-338.71746826
-363.72149658
-354.42529297
-323.45306396
-329.72763062
-304.32015991
-301.46105957
-325.87850952
-307.65002441
-333.36810303
-338.20184326
-315.14599609
-362.26525879
-382.20251465
-352.48309326
-356.34277344
-357.69683838
-377.11968994
-318.53363037
-320.43896484
-331.82196045
-320.89086914
-348.55288696
-355.16961670
-368.42962646
-366.89947510
-316.77996826
-347.87387085
-351.39038086
-353.12039185
-327.80834961
-313.21380615
-288.93811035
-324.96710205
-354.78002930
-337.67663574
-305.19665527
-354.67544556
-345.68865967
-354.41748047
-337.59829712
-322.84521484
-323.39276123
-329.22879028
-358.33660889
-286.03857422
-352.08502197
-344.76019287
-317.91567993
-313.64331055
-345.59201050
-345.21697998
-377.26660156
-341.63964844
-314.03958130
-360.50402832
-343.86450195
-329.00357056
-358.02136230
-383.43853760
-368.29629517
-383.62936401
-375.24365234
-362.20989990
-377.42388916
-365.74551392
-402.42959595
-381.35083008
-382.42633057
-424.69342041
-415.51724243
-370.10601807
-380.85369873
-371.98950195
-393.48492432
-400.86578369
-354.43688965
-386.45404053
-374.84814453
-401.75613403
-390.03536987
-337.74081421
-360.10119629
-350.66424561
-367.70846558
-368.33367920
-370.95977783
-365.60223389
-297.26690674
-290.53549194
-264.75952148
-305.42453003
-303.12994385
-321.39910889
-307.22265625
-322.89532471
-312.42730713
-306.18371582
-306.70898438
-300.16589355
-325.32363892
-325.15289307
-325.08374023
-311.48559570
-302.18545532
-320.75244141
-317.42736816
-274.10314941
-323.48303223
-357.41168213
-343.95193481
-376.16024780
-361.41131592
-351.49017334
-314.42053223
-345.13952637
-339.29562378
-335.70724487
-362.78106689
-356.91308594
-403.21600342
-363.21484375
-400.09576416
-363.73178101
-395.93890381
-403.16900635
-404.94427490
-429.64404297
-421.89776611
-406.58953857
-421.12036133
-387.69403076
-383.40213013
-349.91165161
-385.91241455
-378.26977539
-375.82745361
-418.07492065
-380.54504395
-412.68048096
-443.09387207
-382.21520996
-381.83215332
-404.28210449
-423.17956543
-436.65762329
-435.25775146
-487.50134277
-454.62286377
-471.40521240
-441.32641602
-445.77105713
-431.60766602
-425.67327881
-407.61758423
-446.16409302
-432.28048706
-424.48770142
-403.57568359
-421.67922974
-443.57580566
-417.93252563
-443.67935181
-381.10437012
-399.32159424
-367.03051758
-348.98370361
-370.70138550
-335.45007324
-338.27301025
-361.85876465
-348.44732666
-355.50756836
-348.44641113
-389.73895264
-404.86727905
-348.56488037
-393.45834351
-372.45910645
-349.85903931
-378.34295654
-339.10086060
-327.01141357
-349.00399780
-314.15136719
-320.26345825
-347.37799072
-320.21673584
-339.87283325
-395.19305420
-336.18609619
-382.90707397
-411.92697144
-385.46942139
-358.74407959
-422.00195312
-410.09155273
-457.34292603
-428.59594727
-457.14682007
-436.16796875
-451.45108032
-478.04711914
-437.27191162
-466.86618042
-398.26770020
-472.14282227
-415.90753174
-420.71734619
-461.57513428
-479.14016724
-443.08993530
-470.66253662
-458.89898682
-493.97229004
-496.72100830
-468.31591797
-490.26242065
-505.43243408
-455.04937744
-431.95986938
-387.36608887
-436.06759644
-478.69329834
-456.30621338
-428.52819824
-471.15219116
-492.41912842
-450.90167236
-489.49731445
-523.25952148
-491.88000488
-499.45440674
-496.78027344
-486.33102417
-475.86804199
-489.01126099
-492.63897705
-496.11785889
-500.77209473
-482.09548950
-492.43145752
-479.32595825
-496.76260376
-514.34124756
-451.64651489
-451.56399536
-456.81390381
-470.55072021
-471.78948975
-458.06896973
-415.99340820
-443.08694458
-432.26504517
-405.41207886
-463.39599609
-431.02923584
-484.33453369
-415.61004639
-432.47412109
-508.42483521
-476.41336060
-478.88635254
-467.59884644
-479.68164062
-437.58203125
-457.08911133
-471.29034424
-471.34368896
-482.47583008
-492.81295776
-476.55358887
-469.48452759
-511.30996704
-521.12249756
-499.91931152
-478.04241943
-535.01409912
-508.44821167
-466.85968018
-460.11520386
-448.40362549
-448.13208008
-470.17333984
-454.54101562
-444.69287109
-467.55804443
-487.19143677
-451.94171143
-444.24234009
-472.38116455
-430.68176270
-469.57949829
-441.26110840
-416.22052002
-330.03604126
-411.37609863
-432.04855347
-422.75402832
-409.94433594
-435.14758301
-408.17044067
-437.51409912
-417.75204468
-410.56036377
-465.30676270
-494.08673096
-494.96508789
-420.26336670
-502.46240234
-481.55123901
-458.45129395
-503.65469360
-463.18301392
-513.85968018
-437.53411865
-454.72903442
-488.55062866
-525.50512695
-519.16833496
-519.14440918
-512.39385986
-507.04589844
-495.60345459
-520.42517090
-483.56036377
-530.14068604
-484.65411377
-478.80615234
-494.47982788
-484.12860107
-506.25421143
-489.98748779
-446.47817993
-471.09722900
-432.95388794
-441.91156006
-477.73168945
-427.41180420
-445.16461182
-493.72833252
-452.83908081
-473.11566162
-445.26263428
-442.16271973
-461.52682495
-460.26281738
-497.83612061
-485.00753784
-452.69747925
-448.05227661
-439.71063232
-456.33209229
-441.93542480
-417.68017578
-425.26867676
-538.90905762
-491.64154053
-513.28796387
-495.31646729
-531.37487793
-512.19689941
-537.90234375
-518.15264893
-493.39215088
-526.77917480
-467.30535889
-521.64807129
-512.63024902
-427.90533447
-411.98034668
-460.84381104
-511.01083374
-467.10610962
-508.85449219
-535.76074219
-460.93316650
-525.74896240
-436.52423096
-513.88391113
-468.05374146
-495.59967041
-510.55593872
-517.07421875
-531.98620605
-479.83862305
-504.49017334
-449.17944336
-531.84643555
-555.95831299
-529.58099365
-615.16888428
-547.08654785
-626.77685547
-530.65100098
-559.56860352
-556.87304688
-530.79943848
-492.93182373
-474.10525513
-452.25439453
-470.08685303
-487.60546875
-488.36218262
-518.91284180
-549.13037109
-465.56353760
-498.19525146
-624.10412598
-562.30163574
-501.48062134
-489.55084229
-530.16229248
-504.83441162
-480.98236084
-484.86572266
-469.89648438
-499.23242188
-462.75787354
-449.11175537
-491.37414551
-519.79089355
-481.20056152
-477.91207886
-485.81832886
-491.07403564
-502.95083618
-509.44342041
-475.27905273
-559.21655273
-515.22131348
-524.47167969
-511.05261230
-543.35400391
-487.87347412
-541.29052734
-498.37484741
-454.83593750
-461.70114136
-462.57110596
-440.36569214
-459.38790894
-470.31777954
-532.13195801
-439.57879639
-534.15747070
-540.30187988
-548.17279053
-588.81958008
-500.81784058
-562.99859619
-506.05065918
-532.32812500
-514.88659668
-486.04122925
-435.95397949
-517.80908203
-491.67614746
-534.50646973
-558.46154785
-531.89282227
-547.09936523
-570.92260742
-568.93237305
-553.47302246
-613.29742432
-664.73779297
-625.53192139
-626.39343262
-650.80078125
-625.40289307
-617.07214355
-582.42163086
-556.28350830
-618.23858643
-593.44873047
-597.50054932
-608.59655762
-586.34924316
-564.60278320
-586.41979980
-547.99072266
-570.13000488
-488.42504883
-463.89935303
-411.93496704
-494.64514160
-529.95123291
-533.79290771
-502.36761475
-544.44128418
-548.70336914
-518.78161621
-531.39611816
-566.75756836
-542.52209473
-558.11749268
-532.27575684
-502.79180908
-498.78753662
-546.60266113
-557.53332520
-567.63671875
-524.90954590
-448.86688232
-508.43051147
-498.02062988
-480.54223633
-505.31665039
-468.34906006
-475.82720947
-463.38208008
-514.81994629
-463.26254272
-481.06591797
-463.61944580
-465.50482178
-488.90609741
-511.81576538
-505.71472168
-531.42236328
-670.23907471
-662.96862793
-647.72595215
-626.03417969
-666.20263672
-661.43096924
-664.14135742
-656.64916992
-691.55255127
-677.64953613
-649.91638184
-610.67565918
-648.93127441
-672.09484863
-597.64807129
-663.33654785
-659.18505859
-646.05517578
-666.69726562
-581.75732422
-573.50042725
-649.45825195
-589.93725586
-612.82482910
-632.24975586
-576.34069824
-585.03710938
-616.89190674
-593.46545410
-606.11328125
-547.99468994
-640.07501221
-582.81542969
-641.94812012
-584.02490234
-590.67016602
-537.38317871
-522.04125977
-462.92407227
-485.59008789
-483.72180176
-542.64526367
-434.55773926
-530.64306641
-556.02105713
-576.87487793
-551.70458984
-569.37194824
-573.42700195
-526.86767578
-553.33325195
-571.71551514
-598.19598389
-604.26477051
-506.82629395
-571.42187500
-580.03027344
-655.87896729
-630.76873779
-631.61108398
-673.79833984
-650.58862305
-676.52404785
-699.54992676
-680.33142090
-681.07879639
-725.27862549
-692.20996094
-664.39990234
-709.24945068
-689.37658691
-681.66192627
-650.26208496
-666.90130615
-696.16436768
-681.31347656
-620.77941895
-644.40936279
-597.95678711
-663.07159424
-637.41729736
-658.87854004
-640.43426514
-635.32324219
-646.44891357
-670.66027832
-620.11621094
-601.58325195
-594.09924316
-620.36145020
-580.47509766
-631.92883301
-560.60791016
-590.86596680
-549.67510986
-488.40203857
-492.51919556
-493.76068115
-452.47583008
-465.53100586
-447.73715210
-460.26275635
-440.73526001
-371.69549561
-452.61120605
-389.55242920
-457.62683105
-442.77148438
-436.14837646
-411.20663452
-463.71807861
-458.89245605
-458.79492188
-659.16174316
-608.88684082
-591.49133301
-564.78985596
-596.89117432
-590.44989014
-508.22149658
-567.42663574
-584.71478271
-528.50677490
-539.46777344
-528.99658203
-605.17010498
-585.12756348
-565.55249023
-606.31323242
-616.55798340
-616.37048340
-599.23004150
-635.34411621
-657.40588379
-643.85778809
-554.98168945
-667.30072021
-616.47351074
-652.62963867
-594.29241943
-612.65472412
-638.11877441
-597.22705078
-590.30169678
-664.60107422
-689.59802246
-660.59509277
-626.86181641
-600.40814209
-633.34588623
-582.38226318
-603.21240234
-579.14367676
-640.12719727
-563.70434570
-543.98687744
-554.53967285
-513.53381348
-533.88055420
-524.46215820
-547.18273926
-522.10852051
-519.95971680
-505.36184692
-570.91467285
-540.08007812
-580.43566895
-542.59643555
-580.85748291
-598.98620605
-754.63452148
-762.76922607
-753.94311523
-767.75170898
-711.45086670
-720.08990479
-754.21978760
-769.32452393
-750.01123047
-798.05273438
-749.50622559
-774.64929199
-734.88885498
-721.82714844
-725.11584473
-654.03845215
-733.96295166
-734.25286865
-669.45068359
-497.23663330
-542.13378906
-538.58874512
-582.52087402
-597.51086426
-581.49639893
-533.92028809
-589.08984375
-590.36840820
-569.45214844
-519.79760742
-587.83593750
-577.06304932
-577.52026367
-600.35876465
-608.17333984
-537.91912842
-602.05371094
-718.80090332
-663.79003906
-669.46472168
-641.58618164
-652.99774170
-647.87976074
-607.71875000
-560.20397949
-551.99633789
-517.97564697
-629.04187012
-587.50726318
-565.56079102
-604.75506592
-586.00744629
-558.37976074
-594.42126465
-595.24957275
-643.41320801
-705.64294434
-724.06774902
-772.31994629
-703.43212891
-656.36547852
-698.15856934
-647.54797363
-687.22863770
-648.92773438
-644.62542725
-679.26086426
-610.62121582
-665.73266602
-632.85729980
-682.58673096
-667.72143555
-667.58483887
-634.95147705
-678.59881592
-683.17419434
-636.48083496
-673.64184570
-708.99456787
-687.42425537
-681.68835449
-676.83093262
-657.29620361
-669.49114990
-673.49682617
-698.23742676
-723.98791504
-674.42474365
-692.52185059
-676.94415283
-685.73809814
-633.50067139
-656.98962402
-698.14538574
-640.11053467
-577.37548828
-593.86364746
-523.51611328
-561.00256348
-574.18066406
-617.63305664
-603.38262939
-642.01708984
-697.87139893
-604.58538818
-627.80676270
-657.31359863
-620.32238770
-632.36273193
-600.39910889
-632.90942383
-627.47985840
-588.31372070
-573.57543945
-585.13452148
-570.07568359
-521.65649414
-560.25610352
-537.01153564
-612.26104736
-504.51736450
-571.53405762
-590.30688477
-645.13061523
-636.95214844
-621.44799805
-602.99267578
-579.46081543
-622.61730957
-569.57849121
-588.42675781
-636.19238281
-493.65130615
-537.76635742
-527.82354736
-522.36120605
-458.70300293
-524.83703613
-496.46737671
-558.79425049
-578.59960938
-575.92919922
-589.89038086
-573.35534668
-561.32714844
-571.16845703
-573.49438477
-600.34851074
-567.58245850
-612.67651367
-630.48474121
-657.51385498
-641.01098633
-655.09283447
-672.65148926
-627.29675293
-641.31640625
-629.18823242
-684.93664551
-638.11633301
-724.13720703
-684.16418457
-704.45507812
-735.96679688
-687.06842041
-685.55322266
-739.99731445
-716.01623535
-639.62646484
-576.96203613
-636.72662354
-645.20098877
-609.76617432
-556.61352539
-603.81506348
-580.28485107
-553.72668457
-598.23980713
-584.50244141
-577.62695312
-584.25024414
-632.80297852
-575.97650146
-592.96777344
-610.80572510
-628.07025146
-648.57324219
-572.35742188
-673.79541016
-605.76049805
-699.73059082
-676.52716064
-682.60009766
-605.84490967
-687.99169922
-562.02581787
-623.47497559
-633.25897217
-638.91394043
-693.89916992
-639.77062988
-669.43963623
-686.90832520
-686.71258545
-682.96557617
-686.37536621
-692.22192383
-711.73822021
-749.66052246
-781.52062988
-793.89367676
-767.78466797
-783.09350586
-794.93853760
-760.14501953
-716.46972656
-721.53088379
-715.72863770
-742.15356445
-707.24450684
-689.69366455
-724.83386230
-722.06378174
-698.40270996
-693.88916016
-726.12817383
-659.99963379
-733.33984375
-645.34600830
-675.38330078
-632.50207520
-671.60137939
-676.86822510
-742.99871826
-642.97552490
-666.33355713
-698.03369141
-619.35540771
-671.84228516
-685.13763428
-633.30627441
-637.54809570
-674.08142090
-680.52221680
-678.78607178
-692.21264648
-720.16760254
-645.41845703
-690.41564941
-664.94958496
-680.68017578
-730.91741943
-719.82629395
-638.35528564
-663.75177002
-606.27008057
-567.92156982
-607.82415771
-650.39837646
-592.85528564
-614.99853516
-595.21789551
-621.12969971
-595.97277832
-733.99121094
-706.79162598
-749.54614258
-726.47546387
-759.71697998
-723.02905273
-798.53112793
-721.59753418
-752.64245605
-760.52148438
-758.54345703
-715.63073730
-694.45764160
-771.10266113
-683.54187012
-666.90808105
-668.35400391
-701.03491211
-518.85467529
-526.58575439
-517.37316895
-490.00238037
-518.33947754
-531.50000000
-537.73156738
-494.64941406
-566.11663818
-569.08776855
-551.89978027
-577.09301758
-536.71325684
-560.04309082
-614.23614502
-586.27947998
-608.17456055
-625.01037598
-604.20532227
-713.62133789
-671.00500488
-657.47570801
-605.21960449
-697.26574707
-664.06768799
-630.43829346
-603.16339111
-619.33862305
-601.93133545
-626.69555664
-635.26562500
-616.56958008
-630.40576172
-647.18682861
-629.02148438
-658.03308105
-592.46508789
-600.83007812
-537.28137207
-621.06152344
-598.87072754
-575.44342041
-640.82104492
-643.00927734
-656.48651123
-585.35729980
-597.89355469
-611.99450684
-616.12194824
-651.00988770
-703.54876709
-706.64428711
-658.23315430
-642.56677246
-704.96582031
-658.87908936
-740.33605957
-774.86029053
-700.72680664
-795.16168213
-755.11425781
-815.13958740
-757.49682617
-691.40899658
-806.77691650
-684.34625244
-702.65765381
-752.33575439
-766.00170898
-756.89282227
-761.00805664
-728.44348145
-729.51904297
-741.24865723
-670.35754395
-769.69323730
-765.60815430
-790.92437744
-799.27111816
-812.58129883
-781.54724121
-778.00402832
-755.06060791
-731.16345215
-763.87304688
-757.42620850
-771.30688477
-681.92895508
-730.69555664
-709.70507812
-711.06506348
-689.73840332
-617.01623535
-734.60510254
-674.65905762
-660.32751465
-611.43615723
-621.53125000
-599.19250488
-693.54492188
-682.38848877
-742.43432617
-630.52404785
-661.40502930
-661.86315918
-657.49926758
-659.38525391
-630.70281982
-687.29785156
-640.05523682
-650.36413574
-659.66845703
-674.92272949
-774.25988770
-718.75488281
-683.79980469
-686.90954590
-638.73840332
-733.70172119
-664.99023438
-711.05401611
-667.39715576
-659.01599121
-654.06896973
-642.12597656
-687.05273438
-648.64654541
-667.20709229
-647.75396729
-621.74914551
-649.06726074
-644.63842773
-608.39459229
-568.45349121
-635.97875977
-598.37768555
-657.03002930
-626.53125000
-613.70007324
-668.38061523
-671.33178711
-647.27893066
-637.77368164
-643.92578125
-626.55090332
-647.68652344
-653.40100098
-709.99377441
-653.67907715
-629.48730469
-637.17089844
-659.59228516
-628.23297119
-618.28845215
-651.90740967
-638.55328369
-600.11108398
-707.01324463
-621.55712891
-621.00323486
-629.84649658
-672.61865234
-662.81964111
-656.20983887
-684.62597656
-654.19909668
-718.68261719
-663.27746582
-690.70587158
-682.56140137
-665.54980469
-738.45581055
-716.90026855
-738.15612793
-605.77124023
-725.27832031
-739.05932617
-708.03601074
-806.51843262
-743.79382324
-757.47595215
-747.94689941
-815.63348389
-775.14807129
-764.38562012
-794.91278076
-716.87396240
-733.92785645
-769.96850586
-691.79333496
-718.28936768
-661.88433838
-720.73254395
-646.83343506
-700.69500732
-692.29705811
-678.11608887
-654.26281738
-614.46923828
-643.63433838
-650.56170654
-620.27154541
-610.63635254
-692.34515381
-666.21160889
-716.28497314
-627.10186768
-642.75964355
-622.11291504
-697.66833496
-687.95269775
-712.41296387
-707.49041748
-765.17236328
-745.21118164
-735.66247559
-695.56542969
-754.58911133
-685.14453125
-692.76342773
-725.17681885
-719.80639648
-711.54760742
-697.04437256
-795.62567139
-821.13085938
-752.67279053
-914.21356201
-929.01184082
-849.06896973
-870.67181396
-809.79992676
-808.50402832
-829.52331543
-813.45178223
-848.47894287
-836.49169922
-825.97387695
-790.82836914
-821.22613525
-719.02441406
-786.96667480
-798.67883301
-795.06640625
-782.56677246
-836.00079346
-801.05651855
-802.01855469
-814.97131348
-807.95947266
-825.91552734
-816.35095215
-788.82604980
-820.77362061
-783.70947266
-813.47241211
-783.93701172
-823.01165771
-813.93585205
-817.95629883
-812.81457520
-864.06158447
-849.23144531
-844.18347168
-846.51721191
-797.86749268
-759.10961914
-779.10858154
-776.09570312
-843.50122070
-870.98272705
-767.40527344
-815.30053711
-829.51525879
-849.94531250
-884.75708008
-857.20532227
-906.38488770
-839.07824707
-898.44238281
-905.54211426
-868.68457031
-829.34912109
-759.39123535
-792.40576172
-770.66778564
-755.05780029
-744.67004395
-730.92980957
-667.71887207
-614.22875977
-681.45410156
-759.10046387
-762.48028564
-780.57006836
-723.00982666
-686.42443848
-727.16680908
-677.84375000
-842.19036865
-798.02331543
-740.93298340
-973.66223145
-995.34539795
-879.65869141
-888.40588379
-891.93457031
-910.32226562
-934.21466064
-849.21875000
-878.95385742
-879.39672852
-796.66345215
-870.50720215
-749.40362549
-805.54077148
-849.77532959
-789.69903564
-824.76184082
-846.80194092
-819.91784668
-868.62939453
-894.98181152
-912.18670654
-902.34368896
-993.32421875
-902.08837891
-922.50061035
-913.57519531
-851.46728516
-895.50030518
-946.46020508
-849.91149902
-884.98193359
-891.93078613
-850.76983643
-804.83154297
-806.15124512
-836.53686523
-894.92687988
-681.75756836
-757.43322754
-806.73840332
-780.01208496
-729.28271484
-797.48730469
-705.61297607
-875.46087646
-742.09143066
-752.04724121
-768.51568604
-805.08642578
-661.85266113
-784.47546387
-693.51232910
-768.66259766
-717.70111084
-786.82043457
-837.85803223
-707.77746582
-640.77899170
-652.07458496
-736.98754883
-651.37542725
-630.06402588
-708.79638672
-681.02679443
-654.13793945
-667.99011230
-710.02612305
-631.50701904
-665.92517090
-639.87762451
-622.56384277
-675.02575684
-641.68994141
-753.62133789
-746.12219238
-791.01019287
-782.79931641
-789.04687500
-797.20996094
-778.98608398
-820.09606934
-861.87597656
-833.49029541
-808.62084961
-838.85900879
-855.48620605
-802.71032715
-848.82073975
-852.37536621
-791.93286133
-791.82647705
-844.14538574
-795.23724365
-893.86560059
-910.69360352
-847.03228760
-786.57995605
-749.80621338
-738.72082520
-797.89892578
-830.89868164
-761.45782471
-776.46490479
-744.52423096
-697.94091797
-724.54797363
-625.23602295
-631.50305176
-660.47656250
-689.94696045
-753.23590088
-679.13067627
-737.41180420
-785.99865723
-847.13940430
-835.36297607
-798.46728516
-753.73217773
-736.51123047
-795.06231689
-796.95007324
-725.23193359
-780.37023926
-691.84661865
-667.62133789
-754.40246582
-695.05169678
-702.48559570
-742.78625488
-734.85107422
-765.51733398
-637.38049316
-717.24645996
-749.50354004
-850.12359619
-857.37194824
-720.61517334
-754.28381348
-758.89782715
-769.87280273
-790.68518066
-661.88751221
-669.59643555
-732.38006592
-670.78356934
-666.53857422
-768.28369141
-767.95971680
-624.33972168
-738.53997803
-884.61791992
-995.04754639
-1009.38970947
-982.16979980
-958.60845947
-951.49499512
-955.12866211
-982.68572998
-794.09161377
-899.37506104
-902.58605957
-913.63146973
-904.72021484
-835.87017822
-793.94323730
-798.61633301
-726.55883789
-843.68481445
-854.91638184
-607.80255127
-717.86553955
-637.94262695
-566.77490234
-620.09497070
-708.30511475
-580.15161133
-733.11145020
-736.32934570
-756.69122314
-817.32232666
-759.09606934
-693.67236328
-695.55487061
-765.27380371
-597.53833008
-671.17620850
-768.67358398
-648.57147217
-769.72998047
-754.37170410
-666.62786865
-653.65185547
-715.40246582
-692.19519043
-696.17163086
-746.96569824
-711.10888672
-860.40368652
-868.35137939
-827.19989014
-727.29937744
-825.08081055
-856.17333984
-929.48626709
-691.70361328
-887.24407959
-920.87182617
-974.50042725
-834.43560791
-859.51013184
-762.20837402
-853.42260742
-811.25122070
-925.91339111
-847.23022461
-938.29907227
-822.76965332
-884.33923340
-929.38415527
-784.22705078
-840.77191162
-831.96588135
-795.79156494
-748.91955566
-729.99407959
-681.31567383
-753.53295898
-726.18389893
-950.11462402
-892.53668213
-830.87048340
-815.63842773
-766.44134521
-753.55603027
-835.53430176
-807.15063477
-666.07037354
-735.84753418
-702.80358887
-757.24645996
-668.68389893
-716.01354980
-690.23352051
-759.37719727
-862.03271484
-817.30163574
-912.59722900
-947.04882812
-956.85778809
-884.94689941
-916.92163086
-814.33666992
-958.52514648
-944.44360352
-947.00640869
-1044.83459473
-920.78527832
-1071.74731445
-928.20239258
-998.96911621
-945.76483154
-992.38256836
-980.74523926
-802.75988770
-724.34967041
-829.90411377
-763.27923584
-909.25634766
-960.29260254
-946.48925781
-959.68701172
-779.72283936
-921.74432373
-843.73583984
-786.55627441
-918.51104736
-878.24572754
-808.13244629
-858.91595459
-932.95697021
-916.05773926
-985.81030273
-1001.72216797
-992.51953125
-904.63610840
-764.28125000
-796.93310547
-821.85095215
-813.26788330
-797.62915039
-819.32971191
-760.13189697
-833.09417725
-810.69982910
-844.30340576
-793.95861816
-767.29663086
-895.75122070
-861.38598633
-781.71496582
-831.81652832
-863.40991211
-902.91943359
-839.96295166
-866.65753174
-883.98706055
-924.82080078
-922.92187500
-934.14105225
-919.95581055
-1001.28710938
-837.17993164
-813.86199951
-959.65234375
-772.32470703
-821.00122070
-650.05773926
-809.48522949
-841.34948730
-959.44622803
-1062.45507812
-1015.60363770
-917.67504883
-911.35131836
-938.64508057
-919.78350830
-828.79101562
-763.88067627
-700.60974121
-839.29388428
-772.48596191
-872.87316895
-770.77221680
-757.43627930
-800.28662109
-808.33819580
-682.17340088
-652.06207275
-830.01818848
-899.89611816
-883.94018555
-918.80035400
-890.10656738
-956.29943848
-962.01513672
-948.91613770
-942.52722168
-978.43353271
-889.71362305
-872.11254883
-853.69494629
-774.04656982
-856.65753174
-868.45812988
-689.54235840
-786.32580566
-901.44909668
-746.26757812
-706.27954102
-673.60540771
-596.30999756
-570.68768311
-737.63140869
-786.85644531
-842.34295654
-794.98059082
-815.28497314
-806.99487305
-850.35327148
-841.58068848
-843.32525635
-930.41125488
-882.77905273
-941.00115967
-819.59283447
-838.44201660
-869.84967041
-653.02014160
-621.17736816
-702.40466309
-646.24560547
-715.04357910
-720.61383057
-694.61706543
-645.75085449
-641.17187500
-671.30029297
-788.27966309
-757.02758789
-755.29296875
-761.25659180
-782.94409180
-779.66357422
-792.87145996
-846.60583496
-1221.48986816
-1197.24633789
-1028.79553223
-1095.60864258
-1118.91552734
-1110.74047852
-1072.11096191
-1072.23181152
-982.18438721
-1108.97290039
-1048.05151367
-1129.05957031
-1069.51416016
-1086.41674805
-1152.26477051
-1181.01660156
-1092.14257812
-1092.90063477
-1257.39855957
-1310.81152344
-1299.10156250
-1345.38098145
-1170.62817383
-1266.23168945
-1309.25134277
-1203.40881348
-1193.67614746
-1206.46118164
-1156.03564453
-1118.85205078
-1092.38525391
-1220.60351562
-1195.79199219
-1156.98510742
-1084.48413086
-1098.84936523
-1053.26123047
-725.03887939
-821.38818359
-813.93627930
-773.32299805
-965.69079590
-910.02355957
-988.88293457
-953.23107910
-855.36523438
-854.69812012
-957.00073242
-843.93884277
-856.84906006
-918.28753662
-900.97857666
-857.62945557
-877.83917236
-908.13330078
-874.31250000
-892.55212402
-1004.44116211
-980.96508789
-907.93859863
-915.42156982
-863.60748291
-952.51208496
-872.38726807
-927.39538574
-965.30706787
-867.46032715
-985.28930664
-954.36901855
-853.24102783
-804.53222656
-883.26092529
-780.18762207
-847.69628906
-877.81616211
-866.93847656
-868.41088867
-860.63696289
-801.07604980
-716.85607910
-711.94293213
-733.55249023
-872.17968750
-878.37304688
-953.19396973
-882.81579590
-857.73693848
-799.23181152
-944.50183105
-929.30065918
-1000.42767334
-858.84899902
-883.95068359
-878.88665771
-918.36193848
-972.28771973
-1028.72705078
-1065.89453125
-1218.34265137
-1066.66149902
-1074.09814453
-1096.06542969
-984.92224121
-1069.58789062
-980.74804688
-1063.21862793
-1000.29382324
-1027.31774902
-913.95825195
-980.89202881
-1026.67041016
-898.05017090
-1052.72888184
-986.75909424
-1041.70507812
-1113.80249023
-1127.32312012
-1097.77392578
-1149.98193359
-1102.08422852
-1184.16589355
-1153.07275391
-1134.44067383
-1084.63574219
-1155.10253906
-1064.02050781
-1190.62805176
-1161.56176758
-1143.94030762
-1136.25195312
-1136.89831543
-1200.75964355
-1124.45324707
-1292.97180176
-1190.33032227
-1130.24536133
-1240.72875977
-1241.22314453
-1181.37585449
-1251.16943359
-1209.94299316
-1283.42163086
-1160.67016602
-1129.15966797
-1151.06848145
-1039.62048340
-952.63519287
-1051.10400391
-1098.52648926
-1019.20104980
-761.45581055
-837.45422363
-773.41394043
-828.69506836
-807.95556641
-955.86468506
-740.21044922
-849.15789795
-869.89526367
-796.75091553
-781.34997559
-793.79797363
-916.23645020
-866.18298340
-834.61804199
-857.87927246
-962.77935791
-884.94335938
-991.56518555
-906.25885010
-741.73992920
-870.51843262
-1128.32031250
-997.31805420
-1027.60046387
-1035.16198730
-1160.94616699
-1034.41784668
-1047.91674805
-1089.56408691
-1043.42846680
-1113.02917480
-1148.47143555
-993.11700439
-991.56250000
-965.97235107
-1039.82800293
-1020.18847656
-842.50280762
-734.17968750
-830.27239990
-1072.95629883
-1054.07946777
-989.09960938
-992.41357422
-942.57806396
-1075.45764160
-931.19036865
-806.01708984
-814.89770508
-1029.76501465
-1005.53710938
-1033.80419922
-1027.50781250
-1135.04638672
-1075.63769531
-911.26025391
-1151.56567383
-1039.52258301
-1153.62329102
-1123.86791992
-1188.96655273
-1190.05969238
-1014.85205078
-1035.64843750
-1025.78869629
-1082.29809570
-1124.10815430
-1070.22912598
-1052.94128418
-1166.07666016
-1000.29864502
-933.85168457
-1040.98950195
-1115.90405273
-957.53375244
-784.91113281
-681.68988037
-714.67785645
-707.03564453
-895.70202637
-856.49676514
-901.63916016
-846.20556641
-751.41003418
-770.31262207
-839.26239014
-919.20239258
-1008.94104004
-910.37377930
-988.05810547
-861.80395508
-823.75439453
-843.78466797
-928.14733887
-1205.57238770
-1130.26928711
-1076.02539062
-1248.15600586
-1121.21850586
-1187.73315430
-956.77087402
-811.73535156
-991.30340576
-1164.03662109
-1026.35986328
-1159.20458984
-1170.33276367
-1067.89941406
-1171.33471680
-1124.03906250
-1194.65588379
-989.51477051
-820.29052734
-776.59167480
-615.25170898
-810.04956055
-799.99462891
-822.48309326
-750.13250732
-1028.36218262
-759.47259521
-911.67797852
-811.01281738
-911.05340576
-898.43725586
-802.86535645
-956.16979980
-812.05395508
-917.58477783
-865.48681641
-891.85607910
-903.04431152
-795.75805664
-719.73321533
-772.64825439
-809.00793457
-969.52374268
-906.14654541
-913.70275879
-891.28942871
-771.59143066
-840.87139893
-858.90954590
-802.73028564
-817.61999512
-837.72778320
-956.87548828
-876.93652344
-926.30078125
-889.70483398
-1197.87512207
-1133.01586914
-1025.08154297
-1191.88574219
-1240.83337402
-1294.96142578
-1367.88842773
-1131.43249512
-1118.19750977
-1171.88269043
-982.82879639
-1114.14501953
-1034.72119141
-1017.05535889
-1063.23779297
-1028.44018555
-1131.48437500
-1052.99401855
-1009.76239014
-925.21490479
-1196.16723633
-1172.48291016
-1318.38085938
-1146.15930176
-1493.33251953
-1262.79870605
-1278.28027344
-1220.49011230
-1257.66162109
-1354.40283203
-1330.79980469
-1163.37792969
-1287.49462891
-1164.66870117
-1312.63549805
-1328.68957520
-1215.93823242
-1143.99780273
-963.61865234
-1188.94006348
-1165.16503906
-1273.85937500
-1099.47949219
-1357.55725098
-1304.13781738
-1222.40942383
-1100.20861816
-1177.65869141
-1435.92260742
-1093.97692871
-1217.29150391
-1215.65283203
-1215.86401367
-1276.98498535
-1285.17236328
-1271.06164551
-1302.68139648
-1507.66235352
-1466.56860352
-1411.84863281
-1555.99060059
-1399.49694824
-1424.86914062
-1345.50366211
-1366.42553711
-1459.78417969
-1241.25915527
-1252.22290039
-1183.37768555
-1306.05407715
-1256.31433105
-1339.85168457
-1292.54199219
-1282.22241211
-1250.26770020
-1188.23352051
-913.85308838
-1233.47338867
-1018.10198975
-1222.47338867
-988.42541504
-1040.46765137
-1080.07629395
-1155.81909180
-1012.43920898
-1027.30810547
-1070.71569824
-1106.32446289
-1140.41320801
-1083.60205078
-1142.95495605
-1232.99145508
-1225.16931152
-1315.08520508
-1492.84643555
-1591.24145508
-1534.72973633
-1302.41320801
-1386.78613281
-1390.71972656
-1357.01721191
-1226.42089844
-1302.50708008
-1331.23535156
-1302.18579102
-1349.09252930
-1492.66357422
-1298.08459473
-1390.43872070
-1421.88989258
-1431.06396484
-1456.99194336
-1259.55114746
-1527.70703125
-1438.70898438
-1407.10693359
-1335.62658691
-1028.37145996
-1275.98510742
-1400.83349609
-1234.27392578
-1179.31298828
-1131.02270508
-996.65661621
-1262.19702148
-1176.05346680
-1226.05029297
-1332.78308105
-1369.82434082
-1486.82849121
-1401.10070801
-1379.61865234
-1659.40942383
-1699.27917480
-1490.56408691
-1597.37121582
-1626.32885742
-1640.09692383
-1662.79919434
-1604.41918945
-1498.14135742
-1407.79003906
-1594.50122070
-1532.57434082
-1514.61853027
-1555.43334961
-1530.51562500
-1477.53417969
-1366.13085938
-1451.79870605
-1461.92016602
-1382.28588867
-1434.00305176
-1311.14135742
-1335.35742188
-1327.40820312
-1319.93676758
-1213.89355469
-1251.19470215
-1209.31689453
-1452.75146484
-1307.25317383
-1319.33508301
-1205.52990723
-1407.29772949
-1572.99047852
-1365.90710449
-1387.87805176
-1275.06677246
-1482.31921387
-1643.22485352
-1512.98925781
-1669.36730957
-1664.55529785
-1670.09741211
-1657.31408691
-1562.15747070
-1546.37731934
-1577.50720215
-1471.58837891
-1546.36096191
-1462.72949219
-1355.40869141
-1525.81066895
-1534.15771484
-1374.95788574
-1514.21838379
-1442.07287598
-1384.06518555
-1180.47802734
-1144.60156250
-1362.91894531
-1331.77917480
-1186.08007812
-1196.57031250
-1194.98913574
-1300.21508789
-1234.45007324
-1311.89794922
-1150.42529297
-1114.62341309
-1181.60205078
-1176.06408691
-1155.67968750
-1271.32788086
-1207.91357422
-1134.26611328
-1216.99829102
-1287.14709473
-1285.76635742
-1121.82250977
-1212.56481934
-1457.21887207
-1279.44262695
-1262.41247559
-1448.76245117
-1251.48791504
-1456.17407227
-1395.03833008
-1256.11401367
-1432.55529785
-1607.17639160
-1405.42211914
-1326.14697266
-1335.02392578
-1420.30395508
-1705.97607422
-1741.12927246
-1689.64196777
-1663.24072266
-1663.75280762
-1765.31127930
-1887.42407227
-1789.28271484
-1663.67346191
-1561.01232910
-1720.18530273
-1650.29077148
-1676.60546875
-1650.94970703
-1485.47302246
-1488.01708984
-1569.01855469
-1682.69726562
-1490.68212891
-1372.43579102
-1393.46875000
-1321.37548828
-1193.28723145
-1109.22338867
-1189.45812988
-1393.96728516
-1142.79956055
-1089.90832520
-1294.10009766
-1254.84155273
-1283.34375000
-1148.36328125
-1354.98669434
-1356.70019531
-1259.66125488
-1226.72045898
-1498.40673828
-1324.85095215
-1654.26684570
-1676.12194824
-1497.11791992
-1560.07678223
-1734.26257324
-1627.21411133
-1468.38745117
-1665.02905273
-1446.89624023
-1548.27612305
-1515.09497070
-1579.62182617
-1474.19287109
-1423.95153809
-1521.85156250
-1396.70361328
-1438.51220703
-1402.04516602
-1339.62487793
-953.72308350
-805.17785645
-982.43273926
-888.83312988
-1188.74475098
-1109.59777832
-1093.53735352
-1172.94177246
-1328.93408203
-1233.11840820
-1191.51696777
-1393.26831055
-1168.97680664
-1276.63256836
-1165.20544434
-1292.54199219
-1116.85559082
-1245.10058594
-1270.36987305
-1441.65515137
-1299.77148438
-1231.16345215
-1240.72241211
-1222.25268555
-1306.76391602
-1333.26831055
-1338.76513672
-1367.65673828
-1501.59399414
-1475.31384277
-1250.12182617
-1400.37927246
-1344.59289551
-1313.28881836
-1556.36206055
-1417.45117188
-1376.58386230
-1338.36840820
-1594.02465820
-1725.62268066
-1623.31835938
-1751.07788086
-1599.52954102
-1639.84851074
-1493.54858398
-1445.59301758
-1303.82470703
-1327.65771484
-1545.52270508
-1390.58923340
-1331.21655273
-1515.81811523
-1444.39648438
-1498.06347656
-1347.06872559
-1477.73437500
-1875.72094727
-1903.74401855
-1960.82727051
-1693.18798828
-1556.07690430
-1512.13110352
-1474.56396484
-1418.56713867
-1298.03173828
-1514.44897461
-1405.72302246
-1393.58081055
-1331.38330078
-1441.85107422
-1601.63830566
-1439.14904785
-1557.60900879
-1335.36669922
-1399.95727539
-1875.91003418
-1885.02392578
-1782.84692383
-1745.10156250
-1632.55957031
-1682.02172852
-1686.60229492
-1667.90039062
-1567.61560059
-1561.44726562
-1539.13647461
-1516.67431641
-1474.63061523
-1443.42687988
-1220.13562012
-1375.15124512
-1365.87670898
-1589.27905273
-1251.86560059
-1536.92590332
-1579.21630859
-1717.09265137
-1646.60314941
-1592.30310059
-1606.13098145
-1624.48364258
-1388.03454590
-1478.65747070
-1560.73791504
-1614.21191406
-1496.78393555
-1474.76000977
-1520.85864258
-1523.06738281
-1492.42102051
-1444.36621094
-1468.69409180
-1569.84008789
-1426.97485352
-1357.68676758
-1588.11523438
-1556.99316406
-1561.18933105
-1704.78637695
-1628.28430176
-1583.28015137
-1665.41528320
-1509.95996094
-1659.42675781
-1501.45288086
-1651.30285645
-1458.93164062
-1490.35961914
-1622.26586914
-1602.79296875
-1640.93823242
-1564.18896484
-1546.16174316
-1446.66577148
-1369.58569336
-1420.76831055
-1450.43920898
-1379.77368164
-1445.78771973
-1381.82031250
-1415.56921387
-1585.85766602
-1463.94665527
-1298.61767578
-1446.46557617
-1493.38549805
-1491.58862305
-1535.56787109
-1431.21960449
-1437.70214844
-1386.40759277
-1477.89990234
-1395.46069336
-1456.92529297
-1430.97290039
-1338.85424805
-1312.09020996
-1387.14355469
-1270.62390137
-1319.57409668
-1460.69458008
-1546.44921875
-1660.04663086
-1461.13012695
-1591.48193359
-1663.02880859
-1459.37988281
-1673.56823730
-1525.30712891
-1901.21154785
-1802.70922852
-1806.40551758
-1822.21386719
-1770.85986328
-1925.62963867
-1703.48596191
-1762.09521484
-1797.17114258
-1726.62194824
-1792.88574219
-1736.23999023
-1775.72460938
-1884.60620117
-1778.71533203
-1847.43334961
-1677.13745117
-1767.61950684
-1846.25878906
-1457.66235352
-1280.00854492
-1257.88696289
-1378.37524414
-1362.60461426
-1305.16101074
-1454.57128906
-1396.51416016
-1571.49682617
-1387.29370117
-1453.28479004
-1539.71069336
-1478.25976562
-1710.48364258
-1546.93603516
-1475.85498047
-1526.14013672
-1443.61425781
-1544.27832031
-1736.72656250
-1692.71948242
-1664.08215332
-1681.29150391
-1636.57995605
-1644.07873535
-1655.50732422
-1768.21850586
-1744.60656738
-1717.90100098
-1577.13623047
-1522.76147461
-1655.34790039
-1612.80297852
-1671.14208984
-1617.75000000
-1674.37304688
-1667.91625977
-1740.91906738
-2019.79614258
-1669.89550781
-1739.18151855
-1738.61328125
-1649.56774902
-1689.37792969
-1883.38549805
-1757.14343262
-1954.98730469
-1944.86108398
-1802.56176758
-1921.14331055
-1874.61145020
-1903.04553223
-1994.01342773
-1866.92370605
-1732.41284180
-1725.77954102
-1905.76220703
-1614.38024902
-1569.23852539
-1676.04772949
-1676.85461426
-1715.74621582
-1570.11462402
-1576.88256836
-1493.87609863
-1536.26257324
-1503.31103516
-1522.84643555
-1503.48657227
-1555.53076172
-1504.24060059
-1559.77514648
-1582.42565918
-1600.65441895
-1557.89526367
-1567.98730469
-1657.70190430
-1854.17175293
-1690.83447266
-1617.55322266
-1572.96179199
-1686.14257812
-1687.74377441
-1688.12011719
-1743.99475098
-1523.92675781
-1637.50903320
-1601.54589844
-1773.08215332
-1769.10937500
-1573.56054688
-1677.06689453
-1563.38720703
-1710.70996094
-2044.49023438
-1838.42944336
-1621.62890625
-1642.66235352
-1606.67395020
-1744.10034180
-1676.26147461
-1745.07690430
-1748.76538086
-1879.65222168
-1718.52661133
-1743.57177734
-1688.75976562
-1739.01232910
-1751.27954102
-1748.30957031
-1633.74267578
-1711.49145508
-1683.90917969
-1778.60009766
-1689.29272461
-1523.91967773
-1824.53735352
-1556.60961914
-1614.07275391
-1571.83227539
-1483.12988281
-1535.71899414
-1708.15991211
-1583.73034668
-1519.27392578
-1524.20117188
-1552.34643555
-1676.88452148
-1626.39611816
-1588.91870117
-1611.82983398
-1667.87353516
-1896.03417969
-1898.31958008
-1783.57739258
-1856.73913574
-1858.36010742
-1849.81469727
-1916.58679199
-1788.98779297
-1778.24682617
-1858.81518555
-1710.02075195
-1801.01892090
-1613.22607422
-1725.62573242
-1853.46252441
-1860.06713867
-1719.82299805
-1706.96655273
-1677.87548828
-1932.15698242
-1732.68188477
-1707.63830566
-1768.65454102
-1564.42016602
-1692.89831543
-1729.78198242
-1622.64416504
-1799.28491211
-1724.26196289
-1536.08898926
-1669.83666992
-1762.24560547
-1762.67553711
-1802.41552734
-1697.17443848
-1613.35144043
-1531.47314453
-1670.57629395
-1385.54418945
-1430.20422363
-1458.85241699
-1606.23303223
-1510.43286133
-1625.13745117
-1657.62597656
-1691.44250488
-1803.19311523
-1667.09667969
-1687.85046387
-1745.52172852
-1742.40673828
-1621.07641602
-1710.72290039
-1600.88793945
-1631.19189453
-1581.96484375
-1692.10717773
-1710.52856445
-1954.59143066
-1743.77087402
-1648.37524414
-1827.66540527
-1726.95446777
-1855.15893555
-1805.33984375
-1775.77661133
-1700.73425293
-1625.10351562
-1644.62207031
-1688.16674805
-1743.82495117
-1562.73339844
-1721.61120605
-1817.49291992
-1688.42016602
-1785.13110352
-2049.40258789
-2158.10620117
-2061.17895508
-2176.51904297
-1844.17407227
-1988.36853027
-1810.07751465
-1917.62072754
-1852.61108398
-1755.04321289
-1972.85400391
-1767.43737793
-1848.06982422
-1994.82348633
-1733.32299805
-1644.53466797
-1768.79321289
-1580.68786621
-1233.51293945
-1119.64868164
-1108.36047363
-1225.49243164
-1298.28283691
-1172.32482910
-1194.43408203
-1185.79113770
-1352.79418945
-1270.57299805
-1304.86328125
-1310.21337891
-1592.91467285
-1428.17407227
-1417.88427734
-1450.19750977
-1282.11291504
-1375.24938965
-1531.73461914
-1598.46826172
-1786.81176758
-1852.89648438
-1645.85095215
-1799.79357910
-1566.58374023
-1828.71240234
-1720.06323242
-1847.07934570
-1791.86499023
-1990.14123535
-1794.94042969
-1720.71960449
-1855.03076172
-1733.48071289
-1875.49890137
-1889.12390137
-1837.08911133
-1836.49047852
-1799.82043457
-1663.49462891
-1822.08593750
-1760.34643555
-2009.86083984
-1808.47021484
-1787.58215332
-1819.06042480
-1736.53906250
-2044.20385742
-1947.11889648
-1810.67565918
-1892.62316895
-1845.85815430
-1927.23803711
-1759.99890137
-1793.96252441
-1830.13720703
-1715.41625977
-1741.75415039
-1687.10229492
-1598.38500977
-1590.47595215
-1487.23986816
-1444.32739258
-1397.18261719
-1543.59082031
-1654.24377441
-1621.23522949
-1489.14685059
-1647.15649414
-1700.41113281
-1398.50939941
-1410.40563965
-1510.57470703
-1586.57348633
-1516.60937500
-1506.87158203
-1465.41967773
-1667.21789551
-1574.23266602
-1550.61962891
-1551.69433594
-1684.90771484
-1438.92272949
-1537.82373047
-1693.11474609
-1690.62451172
-1647.63232422
-1571.04211426
-1734.61279297
-1712.40063477
-1685.54382324
-1836.01440430
-1786.07666016
-1765.65734863
-1807.37255859
-1708.08166504
-1804.53417969
-1775.70104980
-1736.00537109
-1932.19775391
-2012.74914551
-1906.00927734
-1857.44458008
-1690.44726562
-1802.84765625
-1870.07446289
-1890.02148438
-1881.93249512
-1904.83691406
-1770.76464844
-1884.83618164
-1892.06933594
-1791.80444336
-1739.30932617
-1698.44189453
-1736.22753906
-1607.77355957
-1806.06640625
-1684.40795898
-1647.13549805
-1826.54882812
-1887.13330078
-1963.03662109
-1769.87988281
-1893.74853516
-1717.98925781
-1867.02294922
-1714.38305664
-1720.56738281
-1773.65405273
-1871.92333984
-1775.75134277
-1794.52502441
-1759.87475586
-1832.40417480
-1813.79309082
-1792.33801270
-1856.25341797
-1789.74926758
-1889.27856445
-1718.89697266
-1785.43872070
-1598.39648438
-1761.58679199
-1646.87524414
-1740.78613281
-1627.19946289
-1631.06225586
-1594.13867188
-1816.87719727
-1814.40087891
-1977.13110352
-1891.64965820
-2065.00292969
-1981.38488770
-2069.07983398
-1919.22460938
-1933.66320801
-2029.66955566
-1937.91687012
-1814.05419922
-1887.13793945
-1986.58715820
-1985.16040039
-1794.95605469
-1825.09118652
-1992.58227539
-1976.72912598
-1735.29138184
-1929.88745117
-1800.20239258
-1921.09008789
-1686.01623535
-1754.93518066
-1667.46972656
-1965.95080566
-1894.36853027
-1944.12329102
-1683.56616211
-1718.40893555
-1906.95092773
-1866.16308594
-1850.53930664
-1843.90502930
-1949.48388672
-1668.97607422
-1781.29846191
-1943.54516602
-1869.51843262
-1764.98693848
-1821.26464844
-1694.95092773
-1868.20336914
-1939.03295898
-1902.79174805
-1801.47021484
-1811.50463867
-1676.93164062
-1834.16113281
-1670.46142578
-1829.15795898
-1821.47265625
-1955.45458984
-1828.41430664
-1911.47363281
-1868.61376953
-1928.76635742
-1684.18969727
-1816.07275391
-1730.07910156
-1509.39013672
-1879.69067383
-1705.69909668
-1607.70593262
-1456.76635742
-1616.65771484
-1442.02343750
-1635.71386719
-1786.10058594
-1704.99865723
-1668.90063477
-1679.43603516
-1925.87524414
-1681.42431641
-1754.15466309
-1585.34887695
-1633.98889160
-1794.14477539
-1663.97229004
-1863.41381836
-1850.58215332
-1928.00537109
-1630.89160156
-1976.19201660
-1793.15795898
-1769.27612305
-1765.67529297
-1719.16259766
-1705.89440918
-1910.81274414
-1771.61132812
-1624.11669922
-1753.64697266
-1950.75732422
-1911.22705078
-1907.62915039
-2029.57128906
-1991.95483398
-2038.36279297
-1902.39013672
-2044.62426758
-2093.93847656
-2159.45654297
-2046.20690918
-2003.71838379
-2343.59448242
-2118.86987305
-2105.81591797
-2214.44042969
-2152.54443359
-2158.92431641
-2027.06396484
-2132.45410156
-2179.66748047
-1981.49462891
-2154.47216797
-2238.93969727
-2096.54003906
-2122.25561523
-2006.71789551
-2192.40112305
-2113.48754883
-2170.59619141
-1980.40051270
-2333.07080078
-1994.70214844
-2109.10107422
-2044.40185547
-2238.64135742
-2204.50463867
-1976.40600586
-2083.62841797
-1918.19274902
-1743.89636230
-1888.45361328
-1864.52929688
-1722.87231445
-1849.12329102
-2027.49829102
-2131.65917969
-2245.78613281
-1893.26977539
-1953.13476562
-1970.82263184
-1810.46362305
-2201.83056641
-1952.52465820
-1965.54919434
-1865.21093750
-1903.84216309
-1991.98352051
-2313.87426758
-2294.98535156
-1997.28125000
-2235.21386719
-2199.94018555
-2120.65966797
-1889.95092773
-2030.72583008
-2176.69189453
-2060.16357422
-2127.20434570
-2276.58886719
-1930.93627930
-2006.40588379
-1960.75817871
-2136.43261719
-2089.92260742
-2123.60278320
-1990.35571289
-2101.58837891
-1601.65222168
-1633.64233398
-1706.00170898
-1594.33422852
-1698.38391113
-1617.21972656
-1557.94079590
-1688.99780273
-1694.65856934
-1613.08081055
-1689.47851562
-1928.57263184
-1903.81311035
-1829.15112305
-2012.88439941
-1776.25097656
-1933.80249023
-1882.93334961
-1854.57983398
-1965.17102051
-2004.24597168
-2001.52062988
-1773.94360352
-1914.06738281
-2057.57836914
-2126.52978516
-2137.10400391
-2194.80664062
-1989.69262695
-2158.48730469
-2437.89233398
-2206.36157227
-2226.80664062
-2262.16406250
-2099.31884766
-2111.89404297
-2008.86303711
-1828.21386719
-1847.79602051
-1902.84704590
-1836.89794922
-2036.65795898
-2014.16259766
-1956.56201172
-2139.36718750
-1955.93115234
-2120.61474609
-1803.65295410
-1997.63342285
-1948.51440430
-1822.52661133
-1864.81591797
-2034.07299805
-2207.61425781
-2068.23681641
-2154.07617188
-2684.47167969
-2779.96484375
-2829.48510742
-2577.22900391
-2734.04003906
-2472.78100586
-2513.56933594
-2435.97045898
-2546.19091797
-2404.24169922
-2453.85229492
-2532.53125000
-2219.20654297
-2277.40820312
-2387.23681641
-2239.57861328
-2327.30566406
-2263.48901367
-2112.12597656
-1869.46582031
-1968.27050781
-2099.39306641
-2055.87353516
-2077.89526367
-1942.69677734
-1916.77954102
-1859.57263184
-1990.28320312
-1955.46289062
-2109.09130859
-1978.62341309
-2050.33764648
-1998.63842773
-2048.39990234
-1921.49072266
-2046.50830078
-2012.51416016
-2007.63354492
-2030.36840820
-2023.27246094
-2128.86206055
-2133.37695312
-2099.36279297
-2080.80957031
-2101.28955078
-2037.90563965
-2063.42382812
-2166.85742188
-2311.83471680
-2212.57812500
-2205.38916016
-2045.33886719
-2370.20385742
-1913.34106445
-2160.59033203
-1984.98950195
-2195.70605469
-1711.97595215
-1712.33886719
-1847.15686035
-1839.47143555
-2023.99890137
-1847.58642578
-2051.58105469
-1991.63049316
-1930.26123047
-1947.68530273
-1856.94421387
-1969.00610352
-1922.23291016
-1999.54968262
-2106.24218750
-2147.37353516
-2066.51318359
-2282.48193359
-2280.06738281
-2686.90966797
-2796.46484375
-2469.39526367
-2525.83398438
-2407.46435547
-2391.21630859
-2318.40722656
-2338.10473633
-2090.68334961
-2398.60620117
-2291.97998047
-2011.39819336
-2240.48144531
-2137.75048828
-2148.51831055
-2035.89245605
-2195.48510742
-2147.46972656
-2200.27343750
-1738.60083008
-1754.86584473
-1609.24169922
-1711.79443359
-1680.90087891
-1790.04089355
-1762.94836426
-1840.05224609
-1851.28161621
-1804.75524902
-1703.43261719
-1757.79687500
-1992.25683594
-1840.98986816
-1854.21240234
-1743.71362305
-1886.16564941
-1864.78881836
-1920.05468750
-2084.16772461
-2050.40527344
-1962.33959961
-2161.68017578
-1858.94421387
-2034.53027344
-2133.52539062
-2036.40942383
-2213.11743164
-2120.38671875
-2259.79394531
-2135.16992188
-2274.57324219
-2199.10620117
-2226.27880859
-2215.65283203
-2222.76171875
-2160.87768555
-2202.04809570
-2363.11425781
-2449.46826172
-2201.22460938
-2236.23925781
-2178.13842773
-2313.23461914
-2250.07934570
-2357.52392578
-2199.43359375
-2210.90454102
-2231.99047852
-2268.01416016
-2219.31079102
-2287.50732422
-2209.30126953
-2494.74707031
-2297.84033203
-2385.92382812
-2159.71557617
-2363.45312500
-2317.97583008
-2391.45703125
-2393.22583008
-2327.43652344
-2165.69482422
-2335.11328125
-2227.02343750
-2332.47729492
-2433.01562500
-2510.71411133
-2523.58154297
-2417.01757812
-2477.71630859
-2479.41992188
-2563.73388672
-2346.18090820
-2531.35986328
-2878.25561523
-2853.87402344
-2627.12182617
-2396.79516602
-2348.95458984
-2439.42041016
-2577.27441406
-2584.17163086
-2449.91406250
-2226.73876953
-2592.81103516
-2323.95361328
-2279.27880859
-2408.06005859
-2518.37915039
-2382.95117188
-2553.60546875
-2585.20532227
-2545.33520508
-2735.70190430
-2669.72949219
-2670.86181641
-2431.93701172
-2667.02343750
-2749.72241211
-2754.51586914
-2904.17285156
-2822.07617188
-2592.74877930
-2593.84936523
-2707.06054688
-2752.90869141
-2754.45361328
-2735.83715820
-2559.43652344
-2588.50000000
-2601.13330078
-2475.42651367
-1877.72119141
-2231.01904297
-2111.55249023
-2326.75537109
-2358.59765625
-2622.35839844
-2525.69726562
-2338.50781250
-2563.49682617
-2360.16357422
-2395.32202148
-2339.02270508
-2370.28271484
-2252.92382812
-2228.50878906
-2296.73583984
-2159.86181641
-2149.20703125
-2352.04638672
-2107.68994141
-2381.55639648
-2456.47753906
-2272.65527344
-2288.99560547
-2559.97583008
-2568.17578125
-2518.73925781
-2538.54833984
-2277.93505859
-2352.55151367
-2408.44970703
-2563.95727539
-2334.99340820
-2558.14843750
-2341.91406250
-2378.21533203
-2508.85546875
-1954.97473145
-2007.48767090
-2167.13964844
-1896.26757812
-1818.48339844
-2081.13232422
-2256.96606445
-2028.01330566
-2030.74243164
-1925.07128906
-2081.49462891
-2117.02441406
-2181.10229492
-1957.39599609
-2051.49755859
-2026.74169922
-2246.94482422
-2175.43725586
-2292.55981445
-2980.14599609
-2878.82055664
-2885.24145508
-2842.96655273
-3029.46313477
-2953.77099609
-2887.34179688
-2905.57958984
-2784.73950195
-3027.84497070
-2533.27636719
-2689.61474609
-2741.83740234
-2722.38476562
-2566.00439453
-2587.24633789
-2416.55468750
-2582.91015625
-2573.75292969
-2185.22583008
-2077.00708008
-2128.74560547
-2193.13500977
-2367.71972656
-2268.64453125
-2260.05346680
-2403.03759766
-2511.06640625
-2549.18408203
-2452.95141602
-2193.86132812
-2274.07617188
-2221.96923828
-2376.22167969
-2546.48632812
-2517.31005859
-2631.01269531
-2749.35986328
-2868.37963867
-2769.37109375
-2904.43090820
-3001.16503906
-2962.18798828
-2993.58056641
-2978.96313477
-2903.70166016
-2827.38134766
-2726.69897461
-2821.21484375
-2616.31372070
-2605.56323242
-2783.18676758
-2618.85107422
-2470.35473633
-2487.51611328
-2566.08203125
-2580.38964844
-2496.57519531
-2510.21801758
-2527.31835938
-2600.50488281
-2245.72363281
-2539.26171875
-2804.14672852
-2711.12011719
-2923.36254883
-2698.46704102
-2580.82031250
-2859.90454102
-2933.77172852
-2778.56225586
-2818.68237305
-2835.08203125
-2880.60986328
-2769.18481445
-3061.64233398
-2927.67041016
-2922.64794922
-2980.12646484
-2953.59472656
-3156.44238281
-3075.74560547
-3049.94335938
-3080.25244141
-2968.10424805
-2982.10083008
-2910.13769531
-2649.81591797
-2852.90356445
-2806.21972656
-2909.71069336
-2679.27343750
-2615.37304688
-2984.56323242
-3004.02539062
-3132.53393555
-2934.58129883
-3029.17529297
-2975.71508789
-2954.57153320
-2965.01464844
-2705.33203125
-2670.44140625
-2835.84790039
-3022.45410156
-3107.08447266
-2908.23754883
-3122.44873047
-2840.01025391
-3076.91503906
-3238.25268555
-2939.25756836
-3034.77636719
-3206.75732422
-3004.76708984
-2900.97851562
-2886.49169922
-2664.51513672
-2711.66845703
-2736.85351562
-2904.84521484
-2839.87060547
-2665.28320312
-2847.84448242
-2834.24072266
-2646.74047852
-2811.91601562
-2794.08105469
-2809.88769531
-2809.11962891
-2666.80468750
-2787.25830078
-2825.15454102
-2474.23828125
-2324.59350586
-2473.19726562
-2474.56250000
-2379.09472656
-2501.23095703
-2366.67358398
-2202.35327148
-2525.19189453
-2366.19140625
-2059.81152344
-2330.05517578
-2609.38916016
-2478.68359375
-2228.55541992
-2171.12158203
-2230.98754883
-2292.56787109
-2495.05834961
-2230.46728516
-2369.77856445
-2584.69873047
-2372.43750000
-2276.47485352
-2282.58740234
-2364.21777344
-2422.15283203
-2636.60400391
-2778.52172852
-2740.84301758
-2756.80712891
-2625.90307617
-2421.01367188
-2584.75073242
-2471.69165039
-2107.21630859
-2647.41259766
-2627.16552734
-2783.25805664
-2635.07910156
-2987.75976562
-2822.98681641
-2930.20996094
-2871.73339844
-2971.29980469
-2807.51367188
-2858.76855469
-2793.75683594
-2733.08032227
-2781.11767578
-2642.48559570
-2764.33447266
-2851.76416016
-2705.19189453
-2695.83789062
-2903.70312500
-2415.96875000
-2422.30761719
-2603.28662109
-2402.87304688
-2421.60253906
-2511.76806641
-2599.08203125
-2709.88037109
-2615.93872070
-2451.05664062
-2554.52294922
-2430.44116211
-2319.18212891
-2198.22558594
-2205.88305664
-2395.08935547
-2513.67651367
-2291.70898438
-2182.60937500
-2067.45556641
-2218.82153320
-2269.51269531
-2173.62597656
-2099.46899414
-2353.24609375
-2413.66552734
-2203.16235352
-2416.36230469
-2333.14550781
-2253.77441406
-2138.91064453
-2210.50146484
-2212.30468750
-2429.26757812
-2291.21972656
-2300.16601562
-2450.28979492
-2203.77685547
-2041.32263184
-2209.85791016
-2022.48303223
-2186.92724609
-2161.17211914
-2059.25000000
-2134.84960938
-2155.25000000
-2165.83471680
-2206.10253906
-2100.35449219
-2191.35449219
-2166.69042969
-2048.02685547
-2245.26855469
-2278.92822266
-2208.55029297
-2217.17919922
-1959.40270996
-2070.66259766
-1917.55114746
-2038.61901855
-2163.74023438
-2142.68945312
-2174.42578125
-2245.59765625
-2205.01635742
-2246.69726562
-2252.64306641
-2140.16113281
-2366.02441406
-2175.81054688
-2315.77880859
-2510.59155273
-2348.86230469
-2250.91674805
-2288.09985352
-2627.67846680
-2363.89868164
-2268.06982422
-2388.70922852
-2551.93408203
-2524.46459961
-2677.83227539
-2642.13964844
-2559.23022461
-2689.22851562
-2814.90722656
-2831.71826172
-2691.72802734
-2584.38549805
-2650.30859375
-2546.77514648
-2598.92358398
-2473.46875000
-2608.20605469
-2387.26074219
-2760.65551758
-2609.66210938
-2354.08837891
-2690.72949219
-2416.19580078
-2730.39501953
-2760.34863281
-2529.82373047
-2918.19238281
-2673.46972656
-2710.35791016
-2855.14550781
-2829.09130859
-2638.49145508
-2563.25781250
-2607.22802734
-2772.05249023
-2484.42578125
-2202.07031250
-2318.05712891
-2147.53710938
-2298.04418945
-2256.49218750
-2278.67358398
-2266.79101562
-2154.35986328
-2192.98706055
-2368.39404297
-2182.23388672
-2627.32324219
-2511.84619141
-2605.15258789
-2560.62915039
-2643.91650391
-2617.69921875
-2523.07055664
-2881.24658203
-2592.10644531
-2776.20703125
-2742.64062500
-3341.07910156
-2889.43359375
-2845.41870117
-3156.76000977
-2864.94604492
-2947.87353516
-2552.68896484
-2651.86254883
-2700.01855469
-2953.76098633
-2886.32836914
-2662.65771484
-2883.29833984
-2844.73901367
-2691.03271484
-2640.11132812
-2951.24609375
-2695.27734375
-2835.20312500
-2795.68652344
-3242.48046875
-3304.89257812
-3098.99438477
-3305.31762695
-2936.92871094
-2880.58886719
-3026.71582031
-2553.24121094
-2833.99902344
-3011.08666992
-3072.87377930
-2781.30151367
-2934.00390625
-2934.43530273
-3123.07617188
-2953.69384766
-3193.64721680
-2997.72167969
-2827.39208984
-2799.74609375
-2625.35693359
-2766.40966797
-2798.91430664
-2537.34033203
-2767.68115234
-2733.68017578
-2406.67285156
-2600.25439453
-2518.18798828
-2619.64355469
-2533.70410156
-2491.55371094
-2439.19775391
-3195.64453125
-3124.08642578
-3355.91601562
-3104.52392578
-3099.12988281
-2935.78613281
-2901.98046875
-3116.33935547
-2804.38085938
-3140.51367188
-2845.06054688
-2689.60302734
-2943.04760742
-2922.88085938
-3031.01171875
-2910.52832031
-2955.82861328
-2722.38378906
-2871.26953125
-2757.42285156
-2570.37792969
-2523.71899414
-2242.96630859
-2433.80664062
-2359.58837891
-2492.57812500
-2686.05957031
-2556.59814453
-2743.96679688
-2551.16284180
-2662.23730469
-2604.15380859
-2666.59570312
-2941.98925781
-2695.90893555
-2888.42626953
-2867.68066406
-2914.97558594
-2601.47460938
-2615.62451172
-2395.07812500
-2719.54589844
-2734.05468750
-2192.39257812
-2552.91943359
-2380.30419922
-2550.98413086
-2660.46899414
-3057.72363281
-2650.36474609
-2654.79370117
-2420.46386719
-2674.43286133
-2279.19921875
-2436.20556641
-2575.48046875
-2720.36401367
-2301.80566406
-1888.93530273
-2335.70288086
-2260.64941406
-2192.19897461
-2043.33227539
-1967.08447266
-2060.44873047
-2018.67395020
-2293.35205078
-2282.71093750
-2553.06689453
-2104.82031250
-2278.61376953
-2451.01416016
-2186.05957031
-2611.77246094
-2650.14453125
-2763.43310547
-2419.25732422
-2650.68872070
-2638.51953125
-2373.14331055
-2516.74462891
-2483.09912109
-2356.07421875
-2400.80249023
-2325.52050781
-2646.68481445
-2211.10058594
-2376.97436523
-2618.01196289
-2528.88452148
-2344.26318359
-2294.54101562
-2418.68725586
-2225.34912109
-2045.17919922
-2220.05249023
-2248.69531250
-2473.23339844
-2576.70751953
-2556.30322266
-2519.28540039
-2834.18701172
-2619.57470703
-2743.09912109
-2591.36669922
-2540.76171875
-2597.06542969
-2957.52636719
-2715.75634766
-2918.66503906
-2621.32666016
-2897.64697266
-2939.08642578
-3114.69042969
-2932.52929688
-3005.47558594
-3044.27050781
-2975.04736328
-3265.81567383
-3091.68505859
-3308.73217773
-2807.08203125
-2948.46875000
-2544.21826172
-2616.05664062
-2764.63378906
-2871.86669922
-2776.40502930
-2813.29101562
-2975.39160156
-2724.72778320
-2721.79150391
-2661.46093750
-2695.28076172
-2458.41210938
-2951.56201172
-2917.18798828
-2578.46801758
-3301.72583008
-2793.73828125
-3140.52441406
-3086.41406250
-2755.66674805
-2666.77685547
-2755.50390625
-2943.71728516
-2606.29638672
-2854.82958984
-2880.53247070
-2785.97802734
-2747.89379883
-1788.63452148
-1727.83300781
-1645.63061523
-1676.64978027
-1569.56665039
-1658.63220215
-1796.64965820
-1938.32739258
-2242.12207031
-2533.54833984
-2429.86865234
-2605.68896484
-2685.64379883
-2473.23510742
-2710.31054688
-2639.72192383
-2267.61816406
-2790.73144531
-2483.69775391
-3157.13671875
-3234.96142578
-2829.51562500
-2824.61206055
-2879.16650391
-2592.13378906
-2669.91796875
-2617.40087891
-2768.76879883
-2665.38940430
-2485.58349609
-2595.19921875
-2396.21142578
-2724.92187500
-3034.57714844
-2869.37695312
-2855.80810547
-3037.10302734
-4714.25439453
-4740.16748047
-4585.55810547
-4245.05712891
-4179.55175781
-3745.42651367
-3629.51416016
-3799.21313477
-3801.50878906
-3470.04077148
-3284.07763672
-3450.89111328
-3338.99658203
-3475.48779297
-3210.43945312
-3154.88916016
-3379.41284180
-3235.79638672
-3151.96191406
-3195.32470703
-2957.48437500
-2914.09643555
-2799.61816406
-2651.58325195
-2417.39941406
-2876.47436523
-2582.91943359
-2546.16479492
-2697.30664062
-2652.10449219
-2258.57055664
-2990.75830078
-2902.77856445
-2688.41601562
-2653.06689453
-2599.60961914
-2860.25634766
-2641.73876953
-3469.16455078
-3401.16992188
-3390.80859375
-3206.33398438
-3066.77001953
-3227.37988281
-3060.39746094
-2881.65405273
-2824.57714844
-2852.97314453
-2889.39062500
-2925.38940430
-2985.99755859
-2646.07666016
-2875.10156250
-2754.38549805
-2904.31787109
-3049.24145508
-3003.05712891
-3157.89892578
-3353.10595703
-3506.57250977
-3591.11718750
-3114.33422852
-3701.27978516
-3563.17529297
-3381.56176758
-3435.44873047
-3725.56445312
-3297.49194336
-3378.68261719
-2975.46972656
-3375.15625000
-3093.72949219
-3224.14916992
-3494.68872070
-3077.66674805
-3173.98706055
-2549.99316406
-2637.20239258
-2999.96972656
-3300.21630859
-3149.02246094
-2552.15283203
-2641.42626953
-2924.92822266
-2988.65332031
-3432.17675781
-3264.25244141
-2696.00537109
-3144.24414062
-3006.56591797
-2867.84375000
-2684.87573242
-3082.83056641
-3223.38647461
-3004.36425781
-3531.48437500
-3721.18090820
-3545.95312500
-3538.37695312
-3046.96191406
-3044.71386719
-3111.46826172
-3286.60302734
-3077.86352539
-3122.63867188
-3236.63183594
-3382.19873047
-3350.70849609
-3550.78857422
-3720.95654297
-3343.41015625
-3110.00146484
-3566.61621094
-3388.01269531
-2987.41259766
-3483.66259766
-2748.99365234
-3237.85302734
-3051.52319336
-3387.18530273
-3169.78613281
-3736.16162109
-3291.51708984
-3248.12500000
-3518.45605469
-3305.43164062
-3374.59375000
-3473.43945312
-3140.49853516
-3325.46679688
-3126.82812500
-2725.81396484
-2383.67773438
-2911.57666016
-2772.08593750
-2889.94531250
-2703.75781250
-2665.87841797
-2721.47045898
-2768.12329102
-2824.80957031
-2799.70922852
-3124.80322266
-3216.55322266
-2562.14672852
-3200.16308594
-3135.33593750
-2971.87988281
-2982.37475586
-3220.31201172
-3241.65771484
-3685.70483398
-3328.94482422
-3856.36865234
-3469.45654297
-3250.28906250
-3376.47143555
-2951.47558594
-3357.32617188
-3175.20458984
-3468.13037109
-3459.38623047
-3404.96289062
-3416.34912109
-3305.94824219
-3518.51123047
-3454.29101562
-3489.09643555
-3073.67333984
-3266.64672852
-3284.58691406
-3448.53466797
-3850.71997070
-3735.67773438
-3577.99902344
-3346.81494141
-3280.28051758
-3074.14819336
-3008.48388672
-3320.33642578
-3188.86254883
-3059.35058594
-3223.95263672
-3166.66552734
-3093.97143555
-3136.06835938
-3358.21313477
-3035.97265625
-3223.93457031
-3874.32470703
-3899.59545898
-3661.67041016
-3617.81933594
-3526.23632812
-3443.07690430
-3206.56298828
-3443.66259766
-3074.28808594
-3202.58520508
-3084.36108398
-2987.13378906
-2849.83837891
-3128.80395508
-3278.38085938
-2869.13354492
-3389.89892578
-3013.46826172
-3005.64550781
-3353.66162109
-3091.85815430
-2959.52197266
-2864.95849609
-2723.74414062
-3050.18212891
-2814.38720703
-3047.35766602
-2974.57299805
-3149.96923828
-2825.24121094
-3362.87304688
-3301.21166992
-3135.44775391
-3051.86645508
-3274.17993164
-2851.56201172
-3537.26953125
-3219.79492188
-2961.96337891
-3252.15014648
-3395.60668945
-2956.21826172
-2888.33471680
-2772.93603516
-2688.51562500
-2865.16699219
-3000.30419922
-3004.48486328
-3508.72485352
-2916.40380859
-2851.49951172
-3074.36962891
-3187.97363281
-3336.44482422
-2901.52343750
-2712.71533203
-2657.41943359
-2864.21289062
-2923.44921875
-2842.73657227
-2626.62353516
-3076.92602539
-2712.17724609
-2692.66259766
-3108.36889648
-2963.30126953
-2937.50976562
-2992.11206055
-3085.51855469
-3118.45263672
-2729.06787109
-3125.39746094
-3433.35205078
-3273.69946289
-2927.10644531
-3956.32275391
-3553.41796875
-3641.92089844
-3571.24072266
-3896.44140625
-3733.32421875
-3697.09106445
-3697.14428711
-3626.09643555
-3788.59375000
-3709.37207031
-3574.80590820
-3264.25683594
-3667.95996094
-3573.89501953
-3878.57958984
-3904.17773438
-3571.04516602
-3423.34960938
-3935.16064453
-3840.80102539
-3679.93725586
-3937.53515625
-4021.99658203
-3945.62695312
-3443.56054688
-3694.81713867
-3678.98632812
-3832.55078125
-3396.90869141
-3397.32104492
-3538.73583984
-3101.31274414
-3041.52514648
-3553.70458984
-3413.32348633
-3563.98803711
-3314.06420898
-3314.54980469
-2754.40332031
-3007.69384766
-3447.08349609
-3493.97558594
-3047.39208984
-3392.65722656
-3958.37158203
-3559.33227539
-3414.11914062
-3436.55859375
-3221.39599609
-3077.57470703
-3657.87988281
-3459.61914062
-3209.14111328
-3297.23266602
-2932.68164062
-3291.14721680
-2388.52783203
-2324.59594727
-2485.97338867
-2552.06201172
-2664.82373047
-2625.33813477
-2636.71362305
-2574.47436523
-2610.74047852
-2823.76416016
-2472.23535156
-2949.40039062
-2689.07910156
-2787.81494141
-2693.69677734
-2526.62719727
-2617.86547852
-2370.60644531
-2467.55371094
-1715.88854980
-1639.74804688
-2138.89453125
-2296.31152344
-2658.61914062
-2384.07739258
-2053.22558594
-2380.68701172
-2445.08496094
-2301.72900391
-2479.58740234
-2512.77294922
-2501.73730469
-2830.89526367
-2632.30712891
-2827.64916992
-2590.24365234
-2842.26367188
-2709.05859375
-3386.82055664
-3167.25683594
-3117.71264648
-3287.04907227
-3414.03320312
-3597.19287109
-3474.13574219
-3457.45190430
-3577.34716797
-3597.55078125
-3554.96093750
-3026.55371094
-3246.47729492
-3321.95654297
-3432.02221680
-3255.27441406
-3532.90771484
-3394.87231445
-3727.29223633
-4045.32006836
-4273.12500000
-4403.37988281
-4023.93798828
-3861.00683594
-3587.88305664
-3755.19335938
-3668.87109375
-3615.17041016
-3732.56347656
-3395.36767578
-3612.28393555
-3400.70898438
-3527.20263672
-3694.99438477
-3350.41796875
-3415.92724609
-3574.57299805
-3920.28662109
-3906.99121094
-4082.85351562
-4068.58789062
-3661.14477539
-3736.11352539
-3830.75903320
-3637.85546875
-3740.69189453
-3766.83496094
-3708.25317383
-3751.43090820
-3555.50683594
-3584.42968750
-3536.30712891
-3378.23632812
-3703.17578125
-3236.55664062
-3263.12109375
-3124.72460938
-3398.66015625
-3710.95751953
-3469.25292969
-3152.76367188
-3655.62500000
-3508.84277344
-3146.86328125
-3217.90307617
-3072.81640625
-3392.00708008
-3449.23291016
-3446.21923828
-3304.95654297
-3543.11718750
-3687.02490234
-3431.67553711
-3604.96337891
-3706.94775391
-3448.92431641
-2822.95507812
-3227.28710938
-3166.82080078
-3869.42358398
-3741.29956055
-2933.03100586
-3118.90869141
-3466.06518555
-3329.82861328
-3178.73706055
-2985.67187500
-2955.49291992
-2825.71899414
-2953.34716797
-3029.56274414
-2958.27563477
-2866.85986328
-3200.44091797
-3540.82568359
-3591.80078125
-3750.71142578
-3528.59326172
-3454.93359375
-3628.71459961
-3573.92968750
-3574.93286133
-3700.61474609
-3481.61718750
-3241.50952148
-3574.22070312
-3755.17138672
-2998.69848633
-3057.23828125
-3223.53662109
-3355.78442383
-2992.33789062
-3027.09960938
-2688.68945312
-2761.39648438
-2651.29931641
-3094.22949219
-3388.71752930
-3358.86865234
-3515.67358398
-3418.97851562
-3341.96240234
-3413.11767578
-3197.45703125
-3004.39526367
-2999.99755859
-3264.76025391
-3325.40454102
-3640.75097656
-3366.59985352
-3398.94873047
-4448.64892578
-4446.53808594
-4058.27441406
-4181.25000000
-4063.91455078
-3624.14648438
-3970.29663086
-4183.85937500
-4025.93334961
-3880.84423828
-4014.11425781
-3604.05078125
-3781.24658203
-4057.30761719
-3751.95458984
-3649.33642578
-3781.30346680
-3511.74853516
-3408.15063477
-2673.97363281
-2860.34912109
-2636.45751953
-2858.15991211
-3234.63720703
-3337.53930664
-3445.16943359
