-6.97021627
-7.15765858
-7.07061005
-6.89133310
-8.19961262
-8.37298584
-8.57443237
-9.53970814
-10.44886971
-11.64543724
-13.49815750
-13.55723667
-14.97072792
-15.01609898
-16.96985626
-17.97136688
-18.86272812
-19.97779465
-21.96825027
-23.06125069
-24.03126526
-25.26320648
-28.66503334
-27.52648354
-28.99953461
-33.97501755
-34.03414154
-29.47652817
-33.98212814
-30.96444130
-33.35208130
-34.71987152
-37.37977600
-40.82048035
-40.44691467
-42.51837158
-41.53930664
-44.26123428
-44.67429733
-49.83913803
-47.32420731
-50.93950653
-51.79239273
-53.22636414
-52.28715515
-56.20137787
-57.16646576
-55.51881409
-56.60588074
-55.34353638
-56.38108444
-60.28754807
-65.24855042
-61.40298080
-63.34552383
-66.64176941
-81.12346649
-79.82815552
-76.75829315
-78.13587189
-77.70004272
-83.09282684
-74.75424957
-75.66204834
-83.14685822
-86.39276886
-84.20108032
-86.13423157
-90.64545441
-91.01186371
-89.16709900
-91.63258362
-92.61779785
-95.96147156
-101.16868591
-107.39122009
-104.90480042
-111.81539154
-113.68768311
-111.79515839
-112.64466095
-112.18128967
-117.96948242
-112.26618958
-117.70817566
-116.10224152
-117.72419739
-117.91510773
-121.24635315
-122.00183105
-122.27978516
-126.99420929
-125.36660767
-123.50860596
-124.91160583
-128.22682190
-130.32092285
-129.16183472
-131.35565186
-133.88226318
-137.04443359
-135.88931274
-139.30418396
-142.36648560
-143.78515625
-148.74121094
-145.15640259
-145.27682495
-148.82881165
-150.93748474
-149.02105713
-154.97561646
-153.60844421
-149.35633850
-149.40466309
-142.77691650
-159.66601562
-144.74920654
-156.05990601
-154.48594666
-151.24212646
-151.72219849
-157.70370483
-155.11145020
-157.99162292
-152.69384766
-152.51091003
-157.77609253
-156.46151733
-153.93267822
-154.18304443
-151.84960938
-153.71331787
-161.94688416
-158.85974121
-159.49583435
-162.38607788
-172.25039673
-176.13882446
-172.84194946
-174.31654358
-175.73709106
-175.35661316
-173.69570923
-178.10797119
-173.86154175
-175.33026123
-177.74055481
-174.08132935
-174.49642944
-153.69885254
-165.03262329
-166.82977295
-164.50297546
-162.50982666
-173.67407227
-169.52175903
-170.76866150
-172.70256042
-173.75457764
-180.83053589
-186.58506775
-177.97222900
-176.67419434
-174.73173523
-181.87802124
-184.96484375
-183.15881348
-184.39323425
-193.61627197
-196.63256836
-188.73616028
-187.11952209
-192.61184692
-191.00291443
-201.42010498
-205.80287170
-200.41918945
-198.94970703
-208.84262085
-209.50787354
-211.55273438
-204.81304932
-215.63830566
-216.50665283
-216.40628052
-215.93167114
-205.37892151
-197.50543213
-208.95132446
-211.57565308
-208.58630371
-214.21434021
-214.90936279
-206.97509766
-208.71513367
-215.71015930
-222.18411255
-219.36160278
-225.54254150
-229.81341553
-232.06155396
-231.17266846
-231.81567383
-231.57781982
-234.98532104
-240.21749878
-244.54318237
-234.89962769
-240.86778259
-242.00956726
-248.37977600
-253.90637207
-251.85549927
-249.65588379
-247.62570190
-250.82037354
-241.72200012
-258.10922241
-246.88070679
-258.07254028
-244.83673096
-259.11334229
-251.92799377
-256.09179688
-267.49188232
-238.81268311
-249.14845276
-242.24053955
-252.61184692
-246.36730957
-249.80740356
-247.93034363
-254.26391602
-251.37541199
-257.38278198
-272.69842529
-277.86996460
-272.20364380
-277.48513794
-274.91638184
-266.91540527
-277.31814575
-267.82440186
-262.32519531
-268.43212891
-295.67581177
-275.01446533
-279.38049316
-271.92810059
-270.66357422
-285.48672485
-286.30908203
-284.03063965
-293.18933105
-295.50982666
-294.72119141
-287.09506226
-290.18667603
-299.51831055
-294.52191162
-301.20544434
-282.55221558
-282.02523804
-284.50128174
-271.20391846
-280.35681152
-287.68649292
-282.04217529
-276.47525024
-284.58901978
-290.57659912
-286.08486938
-288.84701538
-285.73364258
-283.23345947
-284.56027222
-288.60824585
-284.66616821
-293.52856445
-288.06829834
-290.37078857
-280.96978760
-286.07870483
-282.86239624
-284.83691406
-286.03936768
-291.29290771
-287.96862793
-286.83105469
-295.57891846
-295.36791992
-288.72424316
-292.11050415
-294.80902100
-295.28100586
-298.47863770
-296.99624634
-302.48727417
-295.03387451
-304.88238525
-317.61550903
-315.37402344
-319.99652100
-317.27841187
-315.33380127
-311.83502197
-309.60556030
-311.51281738
-314.50515747
-320.67367554
-323.33676147
-319.48077393
-318.76574707
-319.06854248
-322.65188599
-325.10845947
-327.17175293
-322.75265503
-320.56225586
-313.70986938
-320.79229736
-326.64892578
-328.49426270
-331.30447388
-326.12402344
-320.00619507
-329.30526733
-326.57147217
-327.16394043
-321.40496826
-323.29656982
-332.32867432
-338.60107422
-332.72119141
-328.87234497
-324.28222656
-336.19299316
-328.07867432
-334.24917603
-324.92434692
-330.74783325
-332.16210938
-326.26226807
-334.85107422
-331.94274902
-335.29895020
-335.13388062
-340.51428223
-338.90222168
-332.95697021
-339.55294800
-336.52539062
-337.97247314
-338.91033936
-342.38156128
-332.47357178
-356.94393921
-341.32476807
-338.31787109
-337.27075195
-337.77593994
-337.90463257
-345.41326904
-345.03881836
-339.98776245
-341.93872070
-344.29495239
-341.91744995
-351.66131592
-341.77783203
-347.42510986
-345.96453857
-345.78131104
-346.55065918
-351.51800537
-356.88781738
-359.10174561
-364.28152466
-361.25463867
-369.61926270
-364.28515625
-375.45031738
-365.49951172
-379.84570312
-366.00701904
-366.74771118
-371.80249023
-372.06094360
-382.74230957
-373.27502441
-379.67205811
-382.13900757
-378.17559814
-372.35913086
-363.84094238
-367.55084229
-365.63360596
-372.30139160
-369.33331299
-372.85363770
-377.94116211
-375.79895020
-381.49780273
-378.81204224
-374.86804199
-373.72879028
-378.33984375
-374.96591187
-377.17150879
-374.93103027
-375.11926270
-377.02816772
-376.18139648
-380.36291504
-381.82934570
-376.20825195
-392.40231323
-384.24179077
-384.06835938
-377.09240723
-382.65777588
-383.10995483
-378.45904541
-384.91900635
-388.17623901
-384.93249512
-389.80456543
-393.70745850
-389.51937866
-385.99060059
-395.60888672
-397.34771729
-391.82562256
-390.62939453
-387.57391357
-391.17816162
-388.34350586
-388.12145996
-384.99121094
-382.50451660
-388.23043823
-387.07522583
-388.96795654
-391.20968628
-387.44567871
-392.40002441
-386.25900269
-390.09661865
-393.33007812
-390.17639160
-388.82879639
-392.12142944
-395.54711914
-394.69180298
-396.06774902
-387.89822388
-391.60046387
-392.08148193
-397.91748047
-392.60400391
-396.43560791
-399.01657104
-400.55358887
-398.93322754
-397.51913452
-403.99731445
-403.91925049
-403.02935791
-401.47766113
-406.73773193
-401.66387939
-400.60260010
-405.04138184
-405.17706299
-403.31024170
-405.30560303
-406.19070435
-403.51135254
-403.82162476
-409.20297241
-405.30303955
-408.54141235
-409.27545166
-406.26129150
-410.82586670
-411.60565186
-408.52557373
-413.19787598
-407.78442383
-412.41937256
-414.10339355
-423.77697754
-410.64984131
-412.94427490
-411.07720947
-414.88803101
-417.45251465
-416.81353760
-417.73626709
-412.35864258
-417.92779541
-413.18200684
-413.63110352
-413.48071289
-415.36074829
-410.92922974
-420.80090332
-433.45880127
-411.23876953
-405.71929932
-412.37707520
-412.06536865
-409.92675781
-411.22906494
-420.12896729
-417.08938599
-420.87219238
-421.52355957
-412.06719971
-424.76370239
-419.15722656
-426.67761230
-429.58081055
-439.56878662
-427.74810791
-439.25332642
-443.40924072
-440.48403931
-448.40521240
-444.64459229
-439.56591797
-441.41412354
-448.79473877
-448.18566895
-452.15710449
-448.96401978
-445.36730957
-439.77325439
-435.63085938
-443.66821289
-448.31384277
-452.92022705
-442.76910400
-441.74819946
-446.43267822
-437.94818115
-431.08212280
-420.12707520
-445.09048462
-442.96063232
-438.15350342
-448.51693726
-442.72418213
-448.95440674
-451.66699219
-448.48568726
-444.18469238
-449.15646362
-454.55889893
-448.73733521
-450.13616943
-457.48507690
-447.01318359
-455.53128052
-462.76046753
-461.06042480
-464.29507446
-466.48278809
-464.50213623
-462.72283936
-462.44659424
-458.12313843
-467.96673584
-469.40609741
-465.40954590
-466.91223145
-462.61248779
-466.45312500
-466.77471924
-472.03671265
-470.19433594
-473.46429443
-462.70007324
-459.50408936
-448.86575317
-446.64099121
-449.31433105
-455.24078369
-460.07214355
-453.29003906
-439.63281250
-456.10034180
-455.07382202
-454.05346680
-457.77877808
-464.31536865
-461.18493652
-456.41387939
-460.08795166
-468.08245850
-455.80682373
-459.72674561
-458.61804199
-469.26217651
-455.82250977
-466.16186523
-461.90679932
-464.20742798
-456.28009033
-459.16653442
-459.78833008
-462.11676025
-462.32830811
-465.88293457
-464.61071777
-466.15985107
-470.04785156
-455.74331665
-468.64324951
-466.03347778
-463.98992920
-471.13287354
-477.39178467
-475.93795776
-480.53564453
-481.34146118
-476.24301147
-481.36322021
-484.50531006
-487.67602539
-487.49169922
-475.49423218
-483.70104980
-491.61712646
-486.98236084
-494.07913208
-476.26660156
-484.35891724
-488.36968994
-485.43899536
-484.06161499
-484.36093140
-472.97210693
-469.49224854
-481.66473389
-482.19497681
-474.95056152
-483.96002197
-488.03707886
-479.41772461
-477.73678589
-482.25982666
-485.84118652
-483.89459229
-493.33535767
-490.13537598
-491.45401001
-492.27026367
-488.32208252
-483.84234619
-495.25411987
-497.00469971
-491.94015503
-494.99038696
-501.40402222
-504.61837769
-501.21783447
-509.10659790
-521.86621094
-512.56372070
-520.96118164
-514.08569336
-510.63299561
-513.68139648
-515.17364502
-514.64837646
-517.28161621
-513.13403320
-513.90301514
-516.62432861
-510.63455200
-520.98999023
-502.22189331
-516.56738281
-516.54278564
-503.28729248
-513.38562012
-512.12805176
-511.67700195
-514.24121094
-516.34802246
-511.19537354
-512.71380615
-507.93096924
-518.51898193
-505.84948730
-503.21453857
-504.59783936
-502.30688477
-509.51483154
-502.07025146
-511.89331055
-512.22583008
-510.97567749
-520.13409424
-511.76312256
-522.75408936
-515.77453613
-523.48095703
-510.30529785
-519.17639160
-512.23498535
-515.41259766
-513.23089600
-521.30859375
-511.01147461
-505.98461914
-500.89291382
-510.63708496
-499.39050293
-502.70693970
-507.43252563
-511.99859619
-511.59011841
-516.24914551
-514.36639404
-520.18927002
-515.55664062
-514.15484619
-512.98718262
-513.66979980
-518.23950195
-522.88354492
-509.64459229
-519.93420410
-525.15014648
-528.12548828
-514.08697510
-513.48455811
-519.91229248
-508.38372803
-511.78875732
-514.17883301
-517.72802734
-513.43414307
-511.64663696
-494.60244751
-499.62725830
-517.11108398
-504.99078369
-510.09243774
-502.56604004
-481.55459595
-489.49966431
-496.96917725
-483.77343750
-491.97238159
-501.46160889
-503.40359497
-495.02911377
-494.09844971
-494.58959961
-495.88745117
-496.48754883
-488.62792969
-493.83599854
-494.08450317
-498.19482422
-497.61126709
-502.98016357
-507.40051270
-511.17373657
-505.45275879
-512.56701660
-506.46182251
-519.52490234
-514.83007812
-501.85693359
-515.55480957
-508.64474487
-511.93746948
-509.08856201
-523.32238770
-515.46093750
-521.15020752
-515.18090820
-515.49829102
-517.96185303
-512.67572021
-510.93399048
-515.73162842
-501.51129150
-504.94201660
-507.54983521
-513.72924805
-503.13861084
-516.77288818
-514.96722412
-520.66040039
-507.77474976
-523.18298340
-514.56964111
-521.36645508
-525.18859863
-523.02734375
-519.63775635
-523.57739258
-525.85180664
-520.99920654
-518.36193848
-517.64703369
-522.04010010
-523.77093506
-525.20697021
-527.99548340
-532.65051270
-533.61523438
-528.28533936
-535.26483154
-531.91955566
-533.49218750
-531.95678711
-535.91003418
-537.26440430
-532.78076172
-532.34838867
-537.26562500
-535.63061523
-529.46740723
-524.95324707
-533.56744385
-522.85937500
-535.26391602
-536.02734375
-533.94152832
-540.56213379
-535.47558594
-534.52459717
-549.96875000
-542.53204346
-538.09924316
-537.13598633
-542.75494385
-537.96472168
-546.45874023
-547.10510254
-542.44787598
-540.04138184
-544.41040039
-544.27935791
-548.59802246
-547.52398682
-541.18640137
-531.67022705
-541.24310303
-530.09716797
-537.85217285
-539.00109863
-541.33099365
-531.36480713
-538.77502441
-534.37670898
-543.50097656
-536.30334473
-529.04577637
-512.08520508
-516.26403809
-521.37255859
-525.50732422
-533.61749268
-532.44396973
-540.26062012
-552.91839600
-536.07128906
-548.49938965
-544.19262695
-547.73022461
-548.14233398
-552.97534180
-555.84100342
-546.96337891
-549.79589844
-560.50549316
-553.31311035
-581.77734375
-569.86181641
-566.40441895
-578.92004395
-563.04406738
-561.81481934
-563.29974365
-555.37976074
-560.11767578
-557.30242920
-565.26568604
-560.66381836
-560.57031250
-559.52551270
-557.17858887
-564.17388916
-554.86779785
-570.33966064
-559.00378418
-531.58911133
-558.02435303
-573.41137695
-563.65234375
-565.15258789
-560.01525879
-566.03430176
-563.93762207
-563.33642578
-558.47857666
-556.07556152
-560.29791260
-556.73425293
-566.71289062
-564.28637695
-555.38879395
-557.71807861
-557.66113281
-556.86804199
-557.13696289
-554.24829102
-552.26574707
-554.74389648
-548.42199707
-561.56188965
-564.90356445
-566.40289307
-558.76721191
-562.98413086
-563.27899170
-561.78460693
-565.35968018
-557.38348389
-560.87402344
-559.75689697
-563.13696289
-554.84716797
-566.42395020
-563.22723389
-566.32885742
-572.22692871
-571.61840820
-568.61706543
-560.99285889
-567.40081787
-576.33862305
-569.16687012
-559.83837891
-573.62756348
-568.90100098
-565.57556152
-565.91455078
-565.47460938
-571.05261230
-576.05865479
-566.52807617
-573.14074707
-555.64367676
-557.87719727
-560.12530518
-571.32257080
-563.58197021
-566.59484863
-571.20111084
-571.90814209
-577.03784180
-563.92559814
-571.01879883
-569.51733398
-569.54803467
-567.38006592
-574.59045410
-569.54162598
-570.74755859
-578.71704102
-583.07214355
-571.44128418
-565.34167480
-564.02673340
-554.86901855
-560.79284668
-567.94506836
-558.39508057
-561.46679688
-567.76330566
-566.72241211
-564.86560059
-565.13720703
-557.64367676
-569.09960938
-568.49926758
-560.81396484
-578.80120850
-570.39648438
-575.79028320
-580.47326660
-574.05737305
-565.86523438
-570.27160645
-568.19586182
-563.23730469
-567.33007812
-565.05822754
-573.36065674
-564.51245117
-567.03173828
-572.30517578
-566.48376465
-562.43041992
-569.39953613
-566.71899414
-576.47644043
-575.67071533
-587.40594482
-580.61700439
-568.54248047
-562.93383789
-570.80517578
-568.53491211
-572.52148438
-574.50189209
-573.08862305
-579.17297363
-579.35321045
-574.40289307
-570.14184570
-581.39929199
-597.57250977
-579.42327881
-579.52917480
-576.07617188
-578.62097168
-583.78643799
-588.41937256
-580.66333008
-590.88989258
-595.02160645
-591.19934082
-580.94866943
-582.00628662
-579.50830078
-577.92498779
-589.63311768
-591.06042480
-595.93115234
-599.05566406
-596.13360596
-596.28479004
-601.64733887
-584.94042969
-596.18798828
-594.77111816
-596.65307617
-593.14276123
-590.95483398
-595.51348877
-594.36352539
-588.68457031
-594.27130127
-592.36322021
-583.71923828
-593.83752441
-594.33825684
-592.32196045
-593.63500977
-596.89227295
-590.39807129
-590.10766602
-593.24047852
-602.63244629
-597.17010498
-587.20654297
-587.12756348
-591.42236328
-588.19360352
-572.16082764
-585.11492920
-586.20239258
-590.19287109
-573.82287598
-579.80627441
-587.81384277
-576.32690430
-581.98779297
-583.81683350
-577.27624512
-586.35803223
-582.50451660
-601.57574463
-599.36907959
-597.84729004
-599.17376709
-600.71533203
-597.05822754
-606.65905762
-604.88610840
-609.47314453
-606.63708496
-603.57257080
-613.52563477
-604.88531494
-607.67016602
-614.44384766
-607.41296387
-607.10485840
-604.46813965
-606.92980957
-588.25695801
-578.24255371
-587.27001953
-585.56811523
-573.76611328
-583.34265137
-584.36413574
-586.76098633
-581.93078613
-609.12792969
-598.11840820
-583.97778320
-598.73864746
-571.02014160
-588.99108887
-589.00292969
-593.41455078
-594.32714844
-581.01184082
-581.17071533
-582.51898193
-588.16149902
-595.24774170
-594.41931152
-595.59625244
-605.26098633
-605.04772949
-593.48034668
-606.56433105
-611.14697266
-600.19555664
-604.37017822
-594.29827881
-601.51721191
-603.26019287
-607.66967773
-596.29541016
-590.34631348
-583.61071777
-590.58581543
-599.14587402
-593.56518555
-599.56994629
-601.63928223
-604.89514160
-614.00219727
-606.15057373
-605.80053711
-611.47772217
-619.32092285
-616.37017822
-614.03540039
-611.34478760
-619.00671387
-603.15795898
-612.61547852
-611.88574219
-602.29272461
-598.28643799
-608.14654541
-603.13891602
-598.51104736
-608.37902832
-616.12768555
-594.99169922
-622.02374268
-597.54217529
-600.90734863
-621.88806152
-611.70898438
-625.56042480
-614.50238037
-615.47387695
-618.53619385
-605.21923828
-620.70135498
-628.98364258
-623.36083984
-634.00476074
-628.30389404
-632.42492676
-627.04785156
-619.88696289
-617.99255371
-624.29663086
-613.57385254
-607.19592285
-618.80383301
-621.39410400
-605.74462891
-617.45324707
-624.41308594
-614.07446289
-619.33361816
-612.32684326
-606.24499512
-608.59777832
-615.11785889
-605.69189453
-612.00451660
-609.57739258
-608.92633057
-626.18383789
-617.15173340
-623.40270996
-621.76611328
-628.19372559
-629.80920410
-637.94689941
-616.31616211
-619.32379150
-622.78741455
-623.03198242
-637.86743164
-624.88342285
-624.45684814
-621.09478760
-639.63745117
-640.64562988
-639.06292725
-637.83331299
-641.51037598
-645.92083740
-653.24383545
-645.62896729
-647.65356445
-649.51806641
-645.12622070
-653.11328125
-635.34252930
-651.91638184
-647.64501953
-644.12579346
-642.85540771
-629.33264160
-650.17333984
-644.00915527
-652.66149902
-643.62481689
-631.28619385
-657.13604736
-633.68664551
-636.87719727
-628.65600586
-649.99377441
-640.29473877
-640.55767822
-638.38488770
-641.02911377
-648.55389404
-636.87756348
-637.22644043
-622.94006348
-626.41314697
-632.58612061
-645.17633057
-631.72204590
-633.73535156
-625.15191650
-618.88159180
-622.87707520
-624.67565918
-609.99365234
-621.92968750
-624.00756836
-627.42016602
-630.48376465
-619.87036133
-617.03240967
-627.77746582
-640.18334961
-639.57214355
-645.60681152
-633.76666260
-633.63439941
-625.01928711
-632.63555908
-628.04919434
-625.25756836
-636.58813477
-626.59533691
-619.69738770
-631.88830566
-627.00732422
-642.77416992
-632.04882812
-642.30804443
-632.58337402
-632.66168213
-648.44012451
-638.41516113
-617.66052246
-632.31042480
-642.70568848
-623.64172363
-624.04736328
-610.10906982
-619.23083496
-614.67004395
-608.94641113
-602.76135254
-613.93066406
-601.29870605
-599.27539062
-595.94879150
-622.19580078
-615.14172363
-616.78674316
-625.66503906
-611.23120117
-627.53210449
-603.43188477
-618.88854980
-614.16796875
-605.79107666
-611.03833008
-623.66912842
-621.94207764
-625.45953369
-629.28015137
-622.03344727
-627.70190430
-631.48406982
-632.44085693
-636.15698242
-631.89282227
-642.74194336
-628.39898682
-616.52612305
-642.74578857
-635.28906250
-640.93249512
-630.30072021
-622.00000000
-608.67486572
-621.99816895
-603.42761230
-626.59259033
-633.72814941
-636.46252441
-632.61145020
-634.27600098
-630.63403320
-632.00079346
-637.66955566
-664.36273193
-654.62963867
-667.61755371
-647.40832520
-645.88531494
-645.08020020
-635.20471191
-645.73107910
-633.98681641
-643.26220703
-647.67761230
-637.78894043
-636.59173584
-640.99633789
-636.16497803
-629.74755859
-645.54064941
-629.90344238
-641.35119629
-630.05139160
-606.73718262
-589.04705811
-624.36022949
-631.17926025
-629.64501953
-622.76501465
-637.25494385
-647.96533203
-630.98303223
-626.75292969
-632.69580078
-631.12707520
-645.93646240
-641.40905762
-636.80737305
-647.18957520
-649.30053711
-636.18591309
-622.52746582
-619.44964600
-625.92895508
-641.88861084
-634.34875488
-636.95898438
-637.24560547
-629.46014404
-649.83300781
-637.81506348
-622.38183594
-627.68566895
-611.64111328
-637.45104980
-646.41790771
-628.79870605
-627.31072998
-632.90209961
-646.38769531
-618.12182617
-639.35900879
-647.37561035
-649.79650879
-633.76867676
-633.42315674
-629.37951660
-634.47985840
-638.79144287
-630.60253906
-636.29949951
-636.81250000
-643.26733398
-632.17565918
-643.06225586
-622.15551758
-634.56292725
-632.76599121
-598.06701660
-631.47045898
-608.13610840
-639.22277832
-630.46044922
-650.06774902
-650.90087891
-611.11676025
-640.54016113
-607.72009277
-612.29711914
-641.26306152
-640.32324219
-633.86975098
-646.69567871
-639.57299805
-606.89562988
-612.31597900
-625.84069824
-622.62976074
-634.78588867
-642.94958496
-634.97674561
-629.81524658
-637.57104492
-640.78479004
-654.07763672
-659.87121582
-664.86242676
-658.64404297
-657.06860352
-666.25555420
-660.82775879
-667.93963623
-646.97607422
-655.52038574
-637.56066895
-667.95080566
-645.94476318
-637.78009033
-637.99414062
-626.61492920
-628.40832520
-635.19421387
-634.74890137
-620.38885498
-650.06176758
-622.93139648
-620.70440674
-630.66241455
-659.82983398
-635.45214844
-640.32873535
-621.21661377
-633.05651855
-631.38317871
-642.14306641
-627.59069824
-633.37536621
-631.43389893
-666.47253418
-627.11108398
-666.72082520
-679.80993652
-692.49536133
-672.26708984
-647.80847168
-656.93164062
-675.67590332
-680.14050293
-681.66546631
-695.65362549
-673.13745117
-653.96740723
-655.05126953
-677.22875977
-651.62976074
-646.87945557
-662.87414551
-656.93969727
-655.03906250
-657.37255859
-620.66271973
-636.84277344
-606.02514648
-636.04284668
-623.76434326
-636.72210693
-659.57189941
-653.40661621
-629.31579590
-651.30462646
-655.02954102
-648.45147705
-649.77716064
-671.32171631
-672.43115234
-656.35656738
-645.32183838
-641.63769531
-647.48522949
-665.20874023
-636.82238770
-637.81848145
-653.51550293
-644.14868164
-644.45483398
-652.27795410
-632.81567383
-674.26708984
-647.29339600
-642.75341797
-642.65515137
-664.14343262
-672.51721191
-696.09143066
-686.90917969
-677.30334473
-670.84545898
-667.13818359
-680.96826172
-685.30297852
-684.62945557
-699.84411621
-679.96362305
-654.97296143
-672.52783203
-683.05969238
-666.43640137
-666.89257812
-668.39794922
-685.22247314
-671.19909668
-646.16900635
-662.93139648
-664.55395508
-680.60766602
-643.66961670
-672.05078125
-654.56353760
-676.55389404
-684.96197510
-693.53771973
-664.91760254
-679.07006836
-674.88073730
-665.43188477
-677.14746094
-681.61596680
-679.59088135
-681.60144043
-671.90704346
-644.99102783
-698.45385742
-666.97802734
-679.95703125
-671.98651123
-677.37255859
-658.81848145
-655.82141113
-651.55029297
-674.49322510
-672.12365723
-680.50939941
-680.94445801
-673.37664795
-657.69982910
-659.79748535
-669.01330566
-669.43151855
-630.32684326
-623.81176758
-613.99822998
-637.47216797
-638.03540039
-646.14111328
-631.17480469
-642.54211426
-643.06597900
-653.45678711
-663.66821289
-648.83477783
-650.71954346
-676.27722168
-678.58386230
-673.44116211
-680.84326172
-667.85540771
-678.23669434
-672.66241455
-655.57269287
-645.09539795
-647.02593994
-663.79376221
-661.93347168
-669.03424072
-655.98822021
-645.30285645
-635.23370361
-661.31542969
-639.79669189
-627.97814941
-633.32763672
-644.62561035
-659.81726074
-666.76879883
-672.57910156
-639.86035156
-695.36621094
-706.89117432
-655.37182617
-658.91931152
-684.06628418
-687.16601562
-642.43969727
-697.15643311
-702.58752441
-676.12493896
-677.12438965
-671.33825684
-662.32238770
-656.07812500
-685.20007324
-680.90515137
-685.47686768
-693.92456055
-674.95367432
-714.22656250
-718.24176025
-711.71838379
-727.38452148
-703.97985840
-714.86688232
-710.21826172
-713.95690918
-663.52661133
-698.25097656
-676.77990723
-700.12322998
-711.54113770
-718.73004150
-670.89892578
-694.09057617
-688.84338379
-693.50408936
-711.37207031
-688.68756104
-676.92883301
-690.07556152
-678.39941406
-684.71759033
-681.95800781
-693.17425537
-696.87908936
-671.45263672
-683.22534180
-678.20812988
-660.94207764
-684.77770996
-667.61962891
-692.33184814
-689.49133301
-680.11132812
-683.37585449
-695.41094971
-690.61938477
-698.08325195
-678.93481445
-672.48767090
-693.96038818
-686.36804199
-688.76794434
-693.65197754
-697.82177734
-698.04150391
-694.04956055
-683.21936035
-692.01940918
-690.42456055
-693.63281250
-698.00927734
-672.20886230
-700.43695068
-700.63665771
-688.01062012
-716.36584473
-703.72143555
-687.35217285
-696.66802979
-710.54699707
-655.82684326
-678.24316406
-660.53601074
-676.86138916
-657.88439941
-678.61279297
-673.94543457
-674.84020996
-681.18365479
-661.79907227
-686.04980469
-690.88989258
-659.14196777
-701.14477539
-669.29370117
-689.45300293
-689.94531250
-703.86456299
-717.71569824
-690.45080566
-715.44567871
-692.34539795
-685.16723633
-705.86157227
-704.74279785
-727.81848145
-691.53601074
-697.21856689
-698.29364014
-679.81762695
-682.70849609
-648.89270020
-647.52545166
-633.84875488
-616.49316406
-657.85144043
-647.73077393
-659.37377930
-625.14233398
-606.91528320
-616.67138672
-642.83068848
-649.80603027
-655.16052246
-635.16735840
-610.19305420
-662.93469238
-645.59527588
-658.24639893
-673.41027832
-688.01281738
-696.74560547
-696.58453369
-689.37268066
-662.70538330
-685.86059570
-675.18115234
-713.83215332
-681.09460449
-704.14239502
-712.61193848
-685.72644043
-688.08734131
-670.29016113
-680.88476562
-671.62402344
-661.35717773
-666.90570068
-657.68621826
-626.35327148
-617.23474121
-639.03997803
-650.49530029
-635.68109131
-660.92956543
-651.62927246
-663.23944092
-694.44787598
-680.70495605
-655.26983643
-678.74133301
-667.38696289
-656.03491211
-668.29504395
-680.30548096
-688.92687988
-673.98883057
-660.60620117
-682.87805176
-656.44952393
-677.33044434
-685.80078125
-660.08660889
-654.51159668
-665.39001465
-689.45935059
-675.29522705
-664.32580566
-689.25317383
-680.00207520
-679.58520508
-716.30938721
-706.67626953
-694.79162598
-666.41162109
-702.26806641
-705.30645752
-716.02941895
-706.70471191
-701.92736816
-714.51953125
-710.55883789
-721.00280762
-722.31628418
-700.53076172
-733.05749512
-734.57415771
-723.28125000
-705.42822266
-694.66223145
-671.12823486
-695.30169678
-665.10656738
-678.15539551
-701.79119873
-671.31805420
-649.18591309
-641.80072021
-642.44616699
-659.13964844
-692.05664062
-644.68286133
-672.23510742
-665.99127197
-654.95031738
-683.33203125
-676.21777344
-667.11047363
-669.76507568
-688.36090088
-684.99267578
-691.66033936
-656.47082520
-657.46325684
-697.33917236
-669.16467285
-666.27148438
-697.67614746
-719.06530762
-686.86853027
-680.15826416
-704.92456055
-680.79199219
-671.15698242
-689.23645020
-664.66912842
-673.54223633
-657.57470703
-683.29260254
-655.10327148
-674.75744629
-653.02490234
-672.84906006
-634.72717285
-657.92205811
-670.64929199
-665.38183594
-670.23583984
-656.14404297
-654.46118164
-674.13677979
-685.53771973
-649.79321289
-663.62567139
-672.79992676
-661.61633301
-695.11517334
-672.09619141
-676.35461426
-674.13842773
-673.86883545
-681.53430176
-742.01123047
-735.81988525
-744.31005859
-730.17700195
-750.35552979
-743.06384277
-756.78094482
-756.67407227
-753.64721680
-766.51068115
-753.75756836
-759.89379883
-755.80566406
-743.91888428
-736.94494629
-740.83544922
-750.01715088
-745.17993164
-728.74127197
-704.53393555
-681.20922852
-709.45178223
-709.01757812
-705.03887939
-703.52490234
-717.72808838
-732.64105225
-727.28704834
-674.04675293
-697.89898682
-701.69195557
-718.34844971
-747.30444336
-687.11914062
-726.55322266
-721.11767578
-748.57904053
-768.63049316
-734.91320801
-718.88159180
-718.06958008
-676.53021240
-692.89270020
-705.36157227
-676.15490723
-667.44683838
-724.87121582
-687.45281982
-669.57684326
-684.13916016
-685.84497070
-686.49554443
-690.02819824
-726.87463379
-708.31616211
-678.14898682
-668.90692139
-692.97509766
-721.23754883
-698.97100830
-700.51782227
-709.07495117
-708.38891602
-699.81469727
-716.18408203
-670.02374268
-667.05944824
-711.44989014
-697.87310791
-697.83386230
-706.87072754
-710.63024902
-721.65734863
-695.84851074
-695.37438965
-733.18969727
-742.63323975
-727.64147949
-735.44091797
-738.50915527
-734.80114746
-719.68054199
-693.15850830
-694.40625000
-685.68688965
-702.83740234
-714.91229248
-698.90203857
-705.35217285
-708.30200195
-684.64337158
-701.23284912
-693.41461182
-708.04583740
-738.03991699
-713.87493896
-745.27465820
-746.71026611
-726.17492676
-718.31555176
-720.48358154
-726.92602539
-664.04223633
-703.27191162
-709.48632812
-676.98840332
-689.57006836
-673.93499756
-696.35534668
-673.83819580
-688.91656494
-650.91662598
-692.46777344
-742.79711914
-744.55877686
-702.63122559
-708.51025391
-702.59667969
-722.55310059
-730.85742188
-743.64459229
-728.76208496
-713.54467773
-695.42657471
-691.35339355
-689.17614746
-692.86608887
-707.78295898
-719.90454102
-693.92797852
-716.33349609
-718.01080322
-747.52001953
-743.32104492
-702.87927246
-709.48010254
-695.51696777
-690.44305420
-704.84777832
-731.13214111
-710.46203613
-744.63439941
-737.57531738
-708.76477051
-741.45520020
-728.62884521
-747.69506836
-696.38116455
-756.89245605
-713.06481934
-725.93768311
-751.02752686
-735.90533447
-713.69006348
-733.42687988
-723.47552490
-697.04028320
-683.43823242
-678.64916992
-662.84436035
-670.66320801
-683.50708008
-679.73498535
-666.95410156
-704.39904785
-684.34118652
-675.71124268
-692.85467529
-707.85827637
-728.66601562
-734.23815918
-680.95959473
-688.07629395
-690.28845215
-693.38879395
-634.94372559
-658.45989990
-701.08117676
-680.00476074
-678.22326660
-676.13739014
-665.70556641
-702.64904785
-665.83264160
-682.11871338
-718.55151367
-687.55474854
-671.01892090
-688.47943115
-691.08129883
-716.46923828
-705.63189697
-695.05761719
-740.20458984
-710.13018799
-742.84582520
-748.93487549
-754.91546631
-743.37835693
-789.86828613
-737.96618652
-752.51702881
-736.53173828
-736.66876221
-756.33276367
-726.69427490
-714.22967529
-619.98608398
-612.17639160
-621.99566650
-622.45568848
-581.69122314
-630.44403076
-601.32617188
-645.66345215
-618.24615479
-618.52233887
-660.42736816
-647.35571289
-666.45147705
-684.74218750
-646.86950684
-681.38403320
-659.74542236
-650.92761230
-679.69305420
-743.40869141
-752.21392822
-742.78375244
-746.87145996
-730.01257324
-702.99176025
-695.37487793
-710.17816162
-694.30023193
-712.30145264
-704.25103760
-731.76354980
-719.05554199
-717.11968994
-721.87432861
-726.15026855
-748.59057617
-737.86584473
-728.38781738
-782.59625244
-794.42797852
-767.15618896
-749.13415527
-761.77612305
-773.14904785
-736.33752441
-744.63696289
-704.08172607
-745.12048340
-718.00073242
-758.05548096
-746.82891846
-766.90704346
-737.64941406
-767.72680664
-722.71453857
-768.97351074
-756.74365234
-760.95367432
-741.46203613
-768.36779785
-788.44299316
-795.39746094
-791.68225098
-785.37451172
-771.74859619
-790.47497559
-756.45849609
-773.72308350
-765.35241699
-740.16473389
-737.79473877
-727.26580811
-733.63171387
-735.40942383
-743.72100830
-698.72149658
-703.13952637
-699.97534180
-683.91687012
-678.87097168
-681.86120605
-690.76428223
-718.23889160
-705.78552246
-684.91369629
-718.39550781
-713.03796387
-726.43688965
-740.99798584
-708.43957520
-741.78613281
-710.90039062
-718.89599609
-700.04302979
-713.65051270
-720.15917969
-706.77636719
-695.29168701
-684.19970703
-693.94665527
-687.17535400
-686.13244629
-708.39587402
-684.66784668
-694.13793945
-712.96997070
-712.83837891
-686.37780762
-679.79748535
-665.11169434
-703.53295898
-698.24865723
-669.13659668
-634.13073730
-675.28051758
-662.06262207
-733.06127930
-691.60736084
-709.35839844
-691.74517822
-716.93750000
-711.52044678
-702.71020508
-705.41412354
-728.15570068
-702.75329590
-702.43212891
-680.33789062
-704.20605469
-675.67926025
-728.76843262
-681.85668945
-623.63964844
-623.17913818
-632.73803711
-650.90637207
-670.68280029
-679.05261230
-684.74511719
-713.06738281
-702.32971191
-728.68383789
-726.81384277
-692.07550049
-702.66387939
-737.03173828
-686.64868164
-686.05505371
-696.51153564
-731.90893555
-734.83996582
-689.69885254
-650.05035400
-633.81823730
-654.42553711
-685.67889404
-647.08044434
-678.11242676
-664.06219482
-694.67126465
-605.16943359
-675.23583984
-693.00048828
-678.64373779
-678.73071289
-649.42272949
-690.07983398
-693.07318115
-709.51245117
-668.47875977
-657.98229980
-632.96777344
-678.18762207
-667.73876953
-679.11474609
-682.84094238
-665.72082520
-666.60943604
-672.13940430
-737.23419189
-667.76586914
-703.52581787
-690.93756104
-700.04577637
-712.79754639
-692.38122559
-707.18206787
-709.77563477
-780.08355713
-715.03259277
-771.82354736
-750.80151367
-729.74749756
-746.77868652
-770.35754395
-744.31823730
-782.96960449
-748.65979004
-726.28326416
-753.00653076
-738.94799805
-707.84838867
-734.80114746
-744.05096436
-752.57519531
-750.91003418
-758.69390869
-846.30255127
-823.80920410
-767.57348633
-785.60217285
-825.82678223
-793.92968750
-767.91687012
-830.61669922
-796.42456055
-772.51190186
-751.62622070
-762.05828857
-753.21917725
-771.63769531
-725.80200195
-739.58673096
-761.27020264
-723.10021973
-732.81274414
-668.14514160
-684.06756592
-722.70532227
-625.99517822
-661.50677490
-665.43261719
-677.53930664
-690.80725098
-667.86511230
-682.79827881
-714.09100342
-659.47375488
-707.38696289
-683.50073242
-713.50469971
-735.38366699
-734.65234375
-724.83880615
-701.02093506
-709.37890625
-650.61450195
-706.03393555
-718.22204590
-694.65063477
-708.41656494
-704.58337402
-754.64526367
-738.67608643
-722.03668213
-741.30603027
-743.70507812
-729.04010010
-728.72027588
-731.39184570
-751.51098633
-729.93402100
-736.17486572
-736.90527344
-614.11743164
-672.61981201
-621.02288818
-634.81970215
-610.05938721
-668.11987305
-620.91674805
-616.45532227
-641.53234863
-681.13238525
-732.30957031
-728.42272949
-690.67785645
-723.09753418
-701.06933594
-713.09173584
-665.13281250
-675.24987793
-716.81872559
-682.40625000
-652.88397217
-685.84350586
-682.63366699
-701.61230469
-711.36889648
-704.00610352
-706.96539307
-710.23400879
-692.88500977
-701.50061035
-693.85595703
-717.93182373
-715.28417969
-699.89208984
-687.14916992
-747.99633789
-700.99047852
-716.46325684
-712.19427490
-743.41528320
-737.49249268
-691.09979248
-743.70983887
-729.81152344
-751.84863281
-740.83563232
-719.42077637
-688.24963379
-695.34002686
-690.36120605
-710.80780029
-663.47857666
-652.88940430
-673.60998535
-696.01116943
-669.30590820
-626.82946777
-638.66094971
-633.31427002
-681.67700195
-718.47241211
-674.57537842
-721.68713379
-715.75561523
-689.46435547
-700.50463867
-715.99389648
-741.20581055
-702.80407715
-725.33312988
-731.48583984
-776.97644043
-743.27539062
-731.10272217
-736.49291992
-777.93273926
-760.76385498
-759.92480469
-712.74511719
-685.00439453
-744.39538574
-703.67974854
-719.43981934
-678.85589600
-690.69244385
-691.78912354
-677.57116699
-649.63360596
-648.21636963
-684.84667969
-702.61871338
-651.80841064
-673.72149658
-728.77319336
-812.11511230
-769.77203369
-747.11987305
-769.03613281
-735.75048828
-737.35461426
-723.52661133
-714.76330566
-730.09899902
-755.13256836
-712.57727051
-691.77734375
-749.04211426
-687.15930176
-685.34338379
-697.52209473
-685.08032227
-694.24346924
-663.64581299
-625.98205566
-612.20593262
-606.19104004
-599.75451660
-583.00866699
-615.15026855
-568.51501465
-587.35327148
-622.03771973
-633.93579102
-631.44091797
-666.12963867
-644.65521240
-641.99432373
-624.90118408
-642.31640625
-620.94317627
-650.06689453
-658.42370605
-665.26373291
-673.57385254
-677.78869629
-650.62390137
-673.02124023
-666.35595703
-632.41815186
-661.47863770
-654.43676758
-636.28619385
-682.01940918
-630.82714844
-646.88293457
-711.62854004
-683.03479004
-702.69403076
-673.69360352
-664.29827881
-685.41717529
-742.02941895
-698.93969727
-728.48010254
-704.83020020
-699.55541992
-654.92034912
-719.28063965
-682.73461914
-703.18884277
-718.56158447
-671.85748291
-688.70031738
-707.71716309
-708.82574463
-707.72155762
-678.88812256
-706.07885742
-696.13287354
-712.06909180
-716.76843262
-785.60919189
-750.29528809
-729.24133301
-756.89929199
-763.38568115
-760.79028320
-676.65539551
-719.87658691
-764.40380859
-722.04553223
-713.99383545
-703.78991699
-717.10388184
-685.69525146
-708.12286377
-717.83996582
-718.67480469
-715.15319824
-683.54046631
-640.09338379
-653.22900391
-664.89501953
-654.45507812
-678.57360840
-648.57202148
-675.74072266
-682.93707275
-706.48107910
-670.90856934
-723.49035645
-681.07226562
-686.19702148
-690.21337891
-680.08471680
-723.12170410
-755.43572998
-800.04064941
-781.09722900
-716.34533691
-735.77032471
-677.58166504
-647.45800781
-648.41778564
-676.49487305
-644.15722656
-686.09411621
-719.63464355
-682.01593018
-641.31781006
-658.29656982
-621.53723145
-708.10559082
-643.20074463
-662.47802734
-702.25891113
-663.79034424
-658.37658691
-679.89172363
-690.29907227
-707.48596191
-683.25927734
-695.77252197
-659.61474609
-687.47106934
-681.34014893
-682.12603760
-691.45751953
-686.21984863
-655.70770264
-686.34167480
-667.81640625
-678.34686279
-651.39331055
-666.46673584
-673.36914062
-690.33941650
-739.30993652
-692.82775879
-694.66455078
-748.50958252
-721.98455811
-716.33068848
-745.33966064
-741.20422363
-769.18078613
-727.84497070
-715.34826660
-702.18457031
-727.42498779
-714.31811523
-734.20745850
-718.59771729
-729.13146973
-711.02960205
-694.27825928
-687.47900391
-748.23352051
-712.04895020
-716.78295898
-696.32592773
-664.75683594
-728.63110352
-697.36730957
-690.80993652
-725.11041260
-676.08325195
-673.73034668
-680.12292480
-696.72167969
-685.28967285
-706.79052734
-677.90319824
-647.36779785
-622.53833008
-654.41162109
-658.74987793
-684.78820801
-637.67279053
-647.85021973
-633.13708496
-692.42761230
-633.53027344
-655.68865967
-669.49603271
-701.50927734
-730.16094971
-665.62609863
-634.68041992
-661.55773926
-719.46545410
-736.01940918
-754.47546387
-690.56591797
-705.28491211
-747.86383057
-715.49157715
-660.14843750
-724.69628906
-658.23565674
-651.86608887
-673.95642090
-704.39440918
-669.86816406
-758.94665527
-669.27978516
-681.03619385
-692.74041748
-718.99841309
-698.75561523
-711.28112793
-632.82971191
-631.75872803
-622.75793457
-624.66821289
-648.85369873
-688.15563965
-722.18493652
-787.01721191
-682.43139648
-740.05853271
-718.54431152
-736.40100098
-682.20678711
-733.74176025
-739.34924316
-737.11444092
-693.03082275
-730.44873047
-607.23748779
-650.48596191
-617.17443848
-618.88269043
-581.84375000
-634.52154541
-627.70861816
-617.33337402
-609.53588867
-586.33972168
-662.86871338
-658.39062500
-667.87451172
-655.27947998
-606.20898438
-671.49255371
-567.29827881
-684.52355957
-660.37603760
-647.41436768
-633.99841309
-586.00598145
-588.94433594
-633.71148682
-610.70886230
-612.31335449
-589.72418213
-624.15069580
-618.35687256
-602.05541992
-631.70275879
-613.42791748
-632.90209961
-624.34283447
-641.28601074
-627.44079590
-650.65966797
-677.91650391
-715.61999512
-738.44738770
-716.60894775
-698.19226074
-693.42352295
-676.95019531
-713.43475342
-740.80505371
-689.00933838
-736.34289551
-685.36462402
-693.80895996
-736.00476074
-713.38085938
-700.07580566
-682.29467773
-657.65679932
-664.11157227
-675.21276855
-618.68066406
-605.58544922
-588.53100586
-625.28112793
-648.43090820
-643.99243164
-649.24462891
-649.62231445
-660.80175781
-640.24731445
-643.86767578
-670.27532959
-641.76910400
-643.38415527
-619.12670898
-608.49981689
-647.63140869
-667.77990723
-684.65515137
-660.07812500
-611.61779785
-646.95751953
-697.02142334
-682.06774902
-646.96801758
-684.91809082
-669.92944336
-682.16809082
-687.66040039
-688.20001221
-676.41564941
-645.55102539
-700.84924316
-651.06103516
-684.88977051
-660.68554688
-674.43017578
-682.01684570
-670.94830322
-680.77465820
-681.03399658
-679.63360596
-693.88763428
-678.74017334
-687.43371582
-677.97106934
-676.87084961
-665.13635254
-683.86578369
-645.38067627
-688.06890869
-638.77087402
-698.80981445
-666.89050293
-699.20520020
-671.62780762
-646.97595215
-699.43603516
-671.25842285
-655.28741455
-679.47875977
-693.32189941
-674.70458984
-696.79443359
-651.77380371
-686.90966797
-635.47808838
-700.07086182
-714.89105225
-650.49847412
-647.68029785
-666.17858887
-674.01763916
-684.19451904
-630.61059570
-598.53869629
-597.76745605
-639.87628174
-662.09344482
-689.19970703
-653.61291504
-669.81829834
-721.12841797
-690.59783936
-686.52856445
-654.21362305
-685.71038818
-704.59545898
-679.81530762
-690.86407471
-715.63549805
-694.19116211
-703.07098389
-700.99829102
-685.96716309
-625.80297852
-665.26721191
-644.68072510
-679.36511230
-693.97521973
-698.28356934
-731.46093750
-694.47314453
-678.85467529
-730.14739990
-700.73175049
-692.68872070
-675.99353027
-702.38708496
-728.03424072
-676.38909912
-697.34368896
-707.41265869
-677.10729980
-719.70446777
-691.60717773
-693.00402832
-674.58831787
-730.20849609
-676.99902344
-748.19543457
-704.15246582
-680.95159912
-689.34320068
-683.54162598
-647.83673096
-660.83642578
-636.89343262
-652.32055664
-668.05895996
-626.83154297
-652.68469238
-695.15136719
-673.98669434
-665.54693604
-680.03234863
-707.58532715
-663.07092285
-694.73083496
-658.10827637
-699.51757812
-657.87786865
-675.02117920
-709.52246094
-643.31567383
-669.50555420
-641.36730957
-653.46545410
-651.97802734
-632.87567139
-565.67199707
-631.51977539
-633.51770020
-623.62341309
-620.65576172
-651.59381104
-603.78558350
-577.30944824
-627.94122314
-665.42456055
-602.37304688
-643.49957275
-629.30432129
-657.52270508
-635.29101562
-581.81677246
-581.48010254
-577.85375977
-653.23480225
-622.29962158
-619.07116699
-613.80773926
-621.78735352
-632.90643311
-654.42279053
-666.56359863
-700.49737549
-663.91802979
-681.35186768
-674.94714355
-679.89361572
-662.44152832
-667.94616699
-713.41467285
-696.74536133
-682.77917480
-701.02563477
-676.18957520
-742.74694824
-732.39465332
-768.50024414
-735.57354736
-767.58648682
-731.68627930
-757.95373535
-736.83129883
-684.04852295
-679.37780762
-735.67919922
-739.70721436
-747.91772461
-704.81365967
-753.60369873
-723.83142090
-688.34844971
-741.18975830
-737.42456055
-744.84710693
-775.21630859
-760.59332275
-807.28234863
-790.48602295
-760.78210449
-696.16528320
-683.42297363
-687.01116943
-666.73565674
-677.48413086
-669.74658203
-701.92095947
-695.22198486
-647.14459229
-700.47613525
-692.10369873
-684.53106689
-615.17773438
-611.64086914
-591.72497559
-625.98754883
-657.22851562
-654.08752441
-675.73828125
-607.90509033
-703.75097656
-626.18280029
-654.83032227
-632.62988281
-615.50842285
-669.52282715
-665.10034180
-656.90991211
-653.74682617
-636.83819580
-666.84368896
-686.50311279
-806.10876465
-750.22418213
-716.74383545
-750.91479492
-763.02099609
-725.52075195
-760.67401123
-776.89196777
-774.66931152
-746.23712158
-740.40283203
-713.74987793
-741.82720947
-744.73583984
-760.07824707
-720.74487305
-705.00231934
-752.64270020
-704.29357910
-684.12976074
-790.89935303
-809.36669922
-764.07019043
-685.91625977
-754.88806152
-752.63513184
-736.63476562
-692.23608398
-759.70397949
-732.21337891
-672.87469482
-721.33435059
-694.23059082
-704.74816895
-704.56201172
-713.53063965
-751.20593262
-764.98779297
-706.80651855
-717.18823242
-673.19384766
-661.67993164
-682.51770020
-728.96527100
-679.39935303
-656.52642822
-684.72277832
-684.49548340
-618.42712402
-666.73559570
-652.57702637
-651.63952637
-639.99377441
-638.86059570
-620.18853760
-674.93127441
-646.53155518
-599.07977295
-645.29003906
-618.37780762
-692.72155762
-712.26165771
-657.85430908
-667.43695068
-689.07055664
-721.95361328
-659.42675781
-713.71032715
-725.23785400
-742.12933350
-684.85815430
-627.36883545
-729.23767090
-720.09973145
-704.66320801
-723.30627441
-686.11462402
-692.54125977
-694.31036377
-674.94226074
-709.84240723
-687.39636230
-650.50952148
-637.48486328
-617.78607178
-628.84143066
-581.46398926
-642.15429688
-599.83435059
-634.80084229
-639.23297119
-643.18469238
-535.74493408
-607.28747559
-538.58740234
-554.51318359
-615.81298828
-558.78588867
-615.40332031
-638.81103516
-631.36798096
-662.63671875
-639.45544434
-640.53540039
-657.07983398
-680.77239990
-661.81420898
-673.63989258
-691.90429688
-695.71130371
-690.59332275
-655.70996094
-638.37280273
-734.12548828
-726.09197998
-718.78167725
-717.67376709
-692.03454590
-622.02172852
-614.68591309
-672.82507324
-693.61413574
-645.89257812
-616.58953857
-688.77380371
-637.20123291
-649.70831299
-688.00585938
-630.69030762
-693.51446533
-670.29357910
-577.43896484
-565.27697754
-571.76873779
-558.52453613
-554.79370117
-613.10522461
-573.22167969
-589.20947266
-601.03057861
-602.07873535
-537.13134766
-625.45214844
-650.62426758
-608.81640625
-581.19805908
-611.93664551
-597.10681152
-603.38513184
-644.58581543
-574.28137207
-580.79125977
-550.49963379
-623.94421387
-638.15002441
-625.29681396
-605.88885498
-608.46130371
-602.57214355
-654.55432129
-638.44604492
-627.89477539
-609.84283447
-629.69665527
-685.56018066
-648.92834473
-601.73681641
-673.76916504
-629.04498291
-644.19366455
-638.89776611
-656.07739258
-679.15673828
-719.49401855
-741.79681396
-667.15039062
-691.08599854
-672.34252930
-696.77832031
-673.23620605
-666.47021484
-657.34222412
-694.50573730
-647.31896973
-655.41650391
-611.30871582
-621.77526855
-694.67871094
-652.27410889
-658.39184570
-662.58886719
-662.88244629
-649.82110596
-637.12475586
-681.31530762
-645.02423096
-646.43292236
-630.34454346
-662.48974609
-669.54022217
-646.77941895
-607.74896240
-608.71020508
-590.66040039
-633.91528320
-630.88018799
-675.00195312
-796.46966553
-739.51367188
-723.67596436
-708.91448975
-645.38488770
-650.95715332
-648.40222168
-652.56274414
-665.93188477
-646.88568115
-701.26586914
-662.93804932
-619.77362061
-638.27893066
-642.95477295
-636.22497559
-622.61950684
-612.11401367
-615.64611816
-538.13348389
-540.98852539
-567.46911621
-643.51599121
-531.53875732
-531.24365234
-553.93182373
-527.60131836
-612.40039062
-552.64080811
-566.87463379
-602.54522705
-544.09069824
-537.35638428
-550.63458252
-604.08343506
-589.53125000
-563.54901123
-584.09362793
-567.24853516
-607.16662598
-614.58959961
-609.45367432
-626.00207520
-608.16137695
-611.03015137
-588.07104492
-638.50347900
-646.48889160
-648.35424805
-657.43554688
-611.40441895
-663.14038086
-663.95581055
-678.63031006
-648.56005859
-699.95544434
-802.04602051
-784.52624512
-775.11401367
-744.59912109
-691.42254639
-707.71124268
-692.29235840
-653.24298096
-709.14526367
-737.12048340
-738.51104736
-686.17956543
-714.52868652
-713.77465820
-751.69262695
-768.23107910
-741.94744873
-700.19775391
-719.66009521
-635.71173096
-682.15057373
-621.98699951
-671.60363770
-614.09893799
-648.12255859
-661.71350098
-692.74871826
-677.87762451
-673.88934326
-643.39648438
-679.55383301
-648.07397461
-699.13220215
-656.06622314
-667.79296875
-672.08496094
-641.29516602
-661.59881592
-644.70245361
-670.95306396
-651.97113037
-630.62365723
-619.43176270
-564.85339355
-611.42193604
-596.17724609
-544.30017090
-596.46313477
-599.33496094
-567.99005127
-575.94995117
-583.34527588
-566.94335938
-596.01232910
-595.31103516
-615.37451172
-587.80798340
-589.32568359
-643.95007324
-646.46472168
-608.01470947
-612.06030273
-570.47143555
-642.09631348
-599.11834717
-621.78027344
-642.48327637
-630.96948242
-575.53491211
-595.85839844
-596.37573242
-605.50634766
-587.65661621
-647.11279297
-600.86785889
-580.09655762
-637.67828369
-643.46569824
-647.59478760
-655.14331055
-682.97583008
-669.25872803
-635.42291260
-693.46710205
-620.98608398
-666.79577637
-670.43835449
-730.80908203
-695.36309814
-696.34582520
-711.89624023
-706.49536133
-689.17700195
-693.15551758
-690.35357666
-665.55700684
-672.88189697
-697.06066895
-707.59826660
-714.29077148
-672.59680176
-669.86669922
-696.73596191
-649.69042969
-672.36035156
-700.77221680
-680.36993408
-677.20831299
-699.74145508
-698.04223633
-730.03875732
-728.24731445
-725.27099609
-737.74615479
-747.93341064
-771.98962402
-718.59313965
-756.78942871
-771.62097168
-705.15765381
-713.35577393
-739.68273926
-689.26629639
-717.92236328
-676.30120850
-710.60064697
-695.22589111
-683.26721191
-709.64337158
-683.31689453
-682.22155762
-661.84899902
-686.03442383
-675.51721191
-672.02978516
-669.43774414
-667.37390137
-660.33325195
-648.43078613
-649.85711670
-683.27020264
-694.72509766
-664.66656494
-684.64587402
-690.85400391
-681.16430664
-637.04553223
-661.37670898
-628.51074219
-606.74877930
-657.15734863
-556.39526367
-576.66223145
-582.73303223
-611.95043945
-567.39660645
-655.22448730
-631.65356445
-609.56939697
-621.83630371
-643.73718262
-625.28845215
-624.86859131
-646.55651855
-625.57495117
-628.32189941
-633.55151367
-632.72155762
-637.78875732
-649.28637695
-687.05053711
-612.28796387
-660.09301758
-662.61779785
-697.24951172
-692.52117920
-658.89953613
-703.40808105
-691.25964355
-720.37219238
-743.33465576
-675.78894043
-684.56225586
-679.33642578
-686.53564453
-684.93457031
-697.40344238
-709.41381836
-691.83520508
-725.06396484
-689.95904541
-708.04925537
-688.44519043
-681.13244629
-686.35461426
-712.63391113
-722.62945557
-724.89404297
-717.77941895
-735.51916504
-719.00787354
-695.49768066
-714.75366211
-708.70684814
-673.58947754
-691.50073242
-712.66210938
-687.04589844
-637.07409668
-670.74816895
-655.91479492
-699.95776367
-671.76208496
-672.02770996
-676.52600098
-658.93127441
-644.02343750
-659.72253418
-657.14147949
-667.79296875
-681.22814941
-678.43231201
-674.21936035
-659.02087402
-683.77807617
-672.75622559
-668.12420654
-694.82482910
-664.23718262
-684.21643066
-687.55480957
-681.08874512
-673.72534180
-669.08789062
-662.31250000
-672.99194336
-682.88696289
-665.45208740
-637.30285645
-623.52429199
-641.36157227
-637.87426758
-657.24896240
-664.67675781
-656.40869141
-701.10699463
-685.00646973
-689.11987305
-680.40270996
-649.47399902
-654.60009766
-659.22296143
-634.07739258
-654.01062012
-633.77539062
-661.38562012
-611.68029785
-612.50524902
-638.04217529
-621.36993408
-643.95153809
-611.25646973
-616.47717285
-629.21862793
-642.44335938
-617.22326660
-630.45544434
-626.23382568
-643.52093506
-657.78924561
-646.77355957
-652.23254395
-663.94201660
-648.43096924
-662.62896729
-651.32153320
-650.92529297
-664.37756348
-650.82794189
-639.14434814
-655.48004150
-648.89654541
-654.98901367
-652.26538086
-676.54638672
-657.59143066
-653.32934570
-674.14575195
-675.17352295
-645.46917725
-646.57281494
-654.80224609
-640.90399170
-654.20593262
-631.56481934
-619.53393555
-628.97045898
-615.25378418
-626.63085938
-629.89678955
-657.36352539
-637.11376953
-660.93310547
-661.09381104
-678.22460938
-674.18615723
-675.78381348
-662.14855957
-653.97821045
-665.84265137
-664.74896240
-670.59643555
-663.54711914
-664.58178711
-669.98046875
-671.30065918
-669.19165039
-652.68347168
-654.98162842
-671.97241211
-656.19128418
-635.13543701
-650.29553223
-637.81488037
-652.30175781
-651.20520020
-636.29284668
-635.45935059
-661.41040039
-660.06695557
-659.58319092
-669.19561768
-678.78094482
-663.81958008
-665.20654297
-679.85900879
-653.61566162
-656.58502197
-673.39636230
-650.76348877
-641.20025635
-638.91601562
-648.10913086
-634.77673340
-634.30841064
-634.58923340
-639.35290527
-648.73522949
-645.56420898
-647.09320068
-636.67919922
-661.11248779
-652.31549072
-653.48278809
-661.66943359
-652.85864258
-657.59033203
-657.32067871
-667.59100342
-671.67706299
-685.46234131
-659.92352295
-664.66619873
-648.72747803
-671.89160156
-690.08471680
-690.27044678
-679.17541504
-677.84313965
-674.03540039
-671.41497803
-669.19006348
-678.22448730
-681.29516602
-674.50286865
-668.01373291
-665.71984863
-634.30816650
-643.16424561
-633.87573242
-636.94128418
-628.78784180
-618.55450439
-612.94982910
-634.06005859
-619.84875488
-632.12622070
-614.74884033
-613.53881836
-615.31115723
-617.69580078
-614.08886719
-633.45697021
-636.31494141
-623.30676270
-610.48944092
-668.37622070
-653.46862793
-663.54425049
-682.64416504
-664.96691895
-661.05419922
-656.45092773
-643.40136719
-642.34155273
-652.67480469
-637.88098145
-660.69970703
-668.17980957
-663.07678223
-653.95874023
-647.62524414
-660.09838867
-653.99584961
-650.12316895
-646.98156738
-649.98828125
-645.99554443
-638.52874756
-622.52514648
-635.56335449
-654.78161621
-626.44097900
-621.37915039
-639.42358398
-644.56024170
-632.88421631
-622.57177734
-621.61523438
-616.37030029
-636.01214600
-632.26525879
-623.96533203
-655.77996826
-646.54260254
-666.98419189
-669.12457275
-658.89312744
-659.52844238
-678.03161621
-662.25408936
-674.51422119
-664.81494141
-677.30480957
-661.12524414
-672.19335938
-672.23803711
-682.28161621
-683.91943359
-691.50341797
-677.98321533
-677.97723389
-657.81018066
-695.26690674
-684.71551514
-653.23352051
-679.25982666
-671.48785400
-669.69836426
-662.62365723
-659.77972412
-681.19567871
-664.08258057
-650.56024170
-669.23559570
-673.31982422
-681.63305664
-670.64892578
-659.12695312
-677.15930176
-674.58599854
-669.65966797
-677.96209717
-673.34851074
-679.15515137
-665.63391113
-653.80627441
-666.70312500
-667.20788574
-674.43548584
-670.73657227
-656.61816406
-655.54412842
-681.06994629
-666.88470459
-670.04034424
-676.95471191
-665.94427490
-668.92376709
-673.52636719
-654.54132080
-656.33544922
-668.92041016
-660.85961914
-652.04431152
-665.33843994
-662.03143311
-652.84820557
-656.42224121
-663.66113281
-650.86547852
-654.89959717
-654.17266846
-669.00097656
-667.75445557
-660.32611084
-662.34149170
-666.29229736
-651.09558105
-652.48437500
-675.82348633
-648.59240723
-666.41564941
-683.18701172
-674.82739258
-668.76293945
-664.69537354
-657.95568848
-665.26751709
-680.52294922
-676.13641357
-681.98303223
-652.06793213
-670.92279053
-673.82531738
-674.07745361
-681.42797852
-657.64660645
-656.66809082
-636.93725586
-654.60583496
-643.29553223
-644.96325684
-655.76831055
-649.56018066
-632.31915283
-654.97363281
-658.13079834
-642.55383301
-643.74145508
-657.88983154
-651.92486572
-648.61944580
-652.76867676
-648.53802490
-651.36499023
-658.65887451
-674.95910645
-671.15814209
-675.63562012
-682.61462402
-668.31927490
-675.96093750
-662.47363281
-675.78479004
-668.17248535
-679.18383789
-682.84008789
-672.35772705
-674.56536865
-656.98242188
-676.36401367
-668.89727783
-676.97186279
-671.95446777
-673.93756104
-638.70233154
-649.55383301
-626.45593262
-624.51959229
-649.44567871
-639.04437256
-647.46966553
-638.41931152
-648.01434326
-668.62164307
-663.43054199
-664.13781738
-655.47875977
-654.27789307
-649.29412842
-649.32128906
-644.14312744
-666.30889893
-649.98693848
-650.19427490
-647.14678955
-651.94104004
-659.66180420
-664.03308105
-673.84399414
-668.31188965
-668.01867676
-679.90795898
-672.00476074
-676.36694336
-678.21289062
-669.62341309
-664.34252930
-666.36926270
-649.70904541
-676.34997559
-663.40942383
-650.60870361
-660.38854980
-646.95922852
-654.29180908
-652.18041992
-659.90692139
-662.15124512
-662.62091064
-657.89025879
-652.55810547
-657.15093994
-669.88092041
-668.08862305
-666.31500244
-661.80773926
-657.68676758
-676.58911133
-659.88995361
-663.16308594
-650.03411865
-653.09973145
-635.03308105
-631.73681641
-636.82263184
-623.86846924
-636.39099121
-637.57965088
-653.45135498
-642.56439209
-657.90087891
-675.71228027
-654.40673828
-657.32617188
-663.28375244
-681.03442383
-657.94097900
-652.65313721
-671.85571289
-675.27850342
-677.39233398
-647.08892822
-663.32470703
-654.85693359
-683.20837402
-666.42016602
-673.00653076
-669.66339111
-653.13623047
-678.81762695
-668.94927979
-661.49902344
-659.12329102
-666.64654541
-678.88879395
-676.33245850
-669.18017578
-660.51373291
-694.25964355
-702.14984131
-694.11700439
-695.66009521
-685.21649170
-687.37805176
-696.23815918
-688.90063477
-688.01397705
-670.10040283
-684.58166504
-693.26867676
-691.38977051
-684.77502441
-680.01391602
-696.75854492
-680.31823730
-685.96289062
-690.52801514
-656.51300049
-671.64709473
-667.21252441
-673.81188965
-677.43591309
-657.69732666
-664.76422119
-664.46997070
-653.70916748
-666.11633301
-649.25732422
-664.63354492
-663.74829102
-665.82446289
-651.78424072
-658.24804688
-658.92395020
-654.77056885
-653.27008057
-653.44891357
-657.39770508
-635.26855469
-644.35211182
-654.64916992
-651.94165039
-665.21496582
-655.92663574
-663.42730713
-661.86956787
-660.47271729
-675.68328857
-664.88592529
-671.27441406
-668.49291992
-671.34771729
-671.02081299
-663.81756592
-673.62646484
-667.14855957
-684.50292969
-675.41192627
-674.85424805
-668.37780762
-676.29016113
-665.26489258
-658.51879883
-672.49743652
-655.44702148
-651.16088867
-660.43933105
-660.95178223
-669.02166748
-652.28015137
-655.72290039
-666.85583496
-659.74676514
-659.06066895
-667.82861328
-671.54174805
-655.93530273
-670.46392822
-677.11187744
-671.41638184
-653.53906250
-655.78393555
-659.74780273
-652.32086182
-656.09320068
-643.37707520
-660.11352539
-652.41760254
-653.82812500
-661.66589355
-653.30810547
-646.60595703
-666.37744141
-679.38854980
-666.40240479
-680.65380859
-677.40649414
-674.46710205
-678.49957275
-679.33172607
-676.96673584
-672.93438721
-662.00952148
-671.68890381
-667.46032715
-676.57202148
-681.87506104
-665.10272217
-669.06640625
-663.09484863
-672.22631836
-668.23333740
-669.07397461
-668.41540527
-671.95269775
-667.33819580
-660.63055420
-659.27111816
-662.56481934
-673.81353760
-669.44934082
-665.57202148
-668.48260498
-665.86602783
-664.68054199
-665.90631104
-673.45092773
-669.38879395
-669.36914062
-675.79663086
-679.69378662
-680.20733643
-683.27514648
-674.79107666
-671.87878418
-670.31170654
-671.41308594
-669.57714844
-661.94458008
-672.49444580
-680.88134766
-671.56475830
-667.62060547
-675.79504395
-670.46545410
-663.51574707
-673.50109863
-678.22277832
-656.27758789
-676.50897217
-670.12152100
-675.96856689
-673.00982666
-670.06610107
-670.85107422
-671.12854004
-673.53936768
-668.62414551
-680.87829590
-676.83105469
-679.75384521
-677.80676270
-686.94683838
-679.18957520
-680.82055664
-676.80786133
-684.82507324
-687.36090088
-678.44677734
-677.73840332
-683.59899902
-682.75384521
-680.64855957
-681.98626709
-677.01647949
-675.81115723
-667.42004395
-667.12597656
-677.99401855
-686.64154053
-676.12707520
-673.59075928
-666.47045898
-674.06518555
-681.58856201
-665.26373291
-665.52032471
-667.45806885
-666.21667480
-670.53173828
-665.63433838
-676.16162109
-672.44860840
-672.89184570
-668.86962891
-678.58850098
-673.44909668
-676.57824707
-676.26782227
-671.23571777
-671.18347168
-675.17187500
-679.26770020
-671.40026855
-671.95019531
-678.77825928
-674.03277588
-680.82238770
-666.69006348
-678.44146729
-657.95031738
-668.21899414
-677.15502930
-685.65417480
-669.63952637
-665.46105957
-666.74584961
-680.01470947
-676.76245117
-670.93249512
-674.69042969
-674.32293701
-671.79052734
-673.15026855
-680.84558105
-677.77050781
-681.68249512
-678.39904785
-676.88903809
-678.54699707
-674.90863037
-676.64611816
-678.98583984
-677.30895996
-672.20556641
-681.02087402
-680.76208496
-688.93481445
-685.40496826
-684.39379883
-683.47406006
-679.26269531
-677.62377930
-669.66162109
-675.53161621
-677.09118652
-666.09558105
-671.62835693
-670.30279541
-670.61267090
-678.18347168
-676.15985107
-669.24688721
-676.42626953
-668.84887695
-672.41546631
-674.34838867
-669.52136230
-668.18725586
-674.66137695
-671.04913330
-673.58532715
-680.00457764
-681.15747070
-679.82067871
-677.14013672
-671.62316895
-674.94628906
-680.37805176
-674.14453125
-667.76245117
-678.37274170
-679.41040039
-680.26947021
-678.97344971
-670.93127441
-677.66687012
-680.04638672
-679.06591797
-672.19421387
-670.19555664
-665.42675781
-659.73022461
-652.10150146
-653.41235352
-661.67926025
-649.62463379
-664.25695801
-654.55377197
-667.10913086
-669.04974365
-668.62951660
-665.60974121
-670.80981445
-659.53930664
-665.08007812
-663.35894775
-668.78375244
-670.46667480
-684.77722168
-680.44372559
-681.95526123
-682.99902344
-683.15502930
-683.01184082
-680.85607910
-684.21990967
-677.48364258
-669.55029297
-682.16644287
-682.66510010
-678.12805176
-676.74401855
-675.45214844
-668.21038818
-667.32995605
-666.44531250
-673.29534912
-654.56835938
-653.48352051
-650.16656494
-648.32568359
-667.71960449
-675.72131348
-664.61798096
-673.84338379
-668.58331299
-676.73999023
-665.95922852
-674.20257568
-656.75659180
-669.51361084
-659.21875000
-655.33972168
-659.23754883
-673.53625488
-669.47613525
-687.33740234
-686.62316895
-690.62548828
-691.73718262
-686.13635254
-691.14068604
-685.86999512
-681.86767578
-686.27600098
-688.63647461
-687.22937012
-686.57458496
-688.62689209
-688.84753418
-692.96435547
-680.99316406
-685.21252441
-685.46020508
-694.96447754
-682.22821045
-688.58636475
-680.51617432
-666.66070557
-667.19152832
-674.05389404
-673.73059082
-678.62573242
-675.50842285
-668.91717529
-677.83721924
-673.84582520
-676.19628906
-674.53503418
-679.26586914
-676.13305664
-680.08923340
-670.88006592
-669.71520996
-666.85192871
-655.31427002
-668.70892334
-686.35913086
-680.24536133
-688.17138672
-688.53344727
-691.91802979
-696.98266602
-684.55285645
-689.25628662
-696.08172607
-694.86474609
-686.62219238
-685.39538574
-692.03234863
-696.92791748
-705.32116699
-692.92376709
-707.23510742
-697.06860352
-685.55633545
-686.84960938
-672.33612061
-681.09973145
-667.25109863
-671.27270508
-662.62524414
-668.33148193
-670.06225586
-674.91113281
-652.63146973
-668.10644531
-667.98913574
-662.63513184
-668.64624023
-672.49285889
-677.08020020
-675.58880615
-685.95196533
-690.89752197
-672.36389160
-685.00933838
-695.32495117
-681.16876221
-685.59582520
-686.09283447
-682.37567139
-673.31530762
-688.64086914
-692.23370361
-695.50994873
-689.24230957
-689.64312744
-683.58264160
-689.20239258
-705.04815674
-705.03906250
-697.37402344
-703.48669434
-699.59570312
-700.11572266
-703.69982910
-691.96246338
-692.88293457
-689.82861328
-689.25268555
-695.51513672
-682.28100586
-685.48681641
-676.55700684
-692.84265137
-691.95037842
-688.08038330
-674.78125000
-647.92553711
-651.49957275
-666.78778076
-664.59716797
-661.45465088
-663.51391602
-664.58666992
-674.11083984
-669.60937500
-671.20147705
-663.04315186
-668.67016602
-661.34252930
-662.15399170
-660.92657471
-656.18298340
-652.92071533
-665.69635010
-665.13037109
-678.19970703
-673.63928223
-666.38183594
-662.76922607
-665.97003174
-668.27746582
-664.10644531
-649.43151855
-652.59362793
-655.20550537
-669.16064453
-652.09625244
-652.42144775
-657.33483887
-664.14257812
-655.17785645
-657.30230713
-655.46911621
-666.28417969
-684.91601562
-669.86535645
-672.14465332
-686.93646240
-679.83178711
-681.21813965
-661.62469482
-664.13793945
-679.44506836
-656.93249512
-675.78204346
-686.88659668
-669.35797119
-675.65625000
-679.31799316
-674.62396240
-663.63427734
-674.23327637
-675.04858398
-661.89093018
-672.28149414
-672.95794678
-664.04638672
-666.02355957
-660.93646240
-652.73773193
-665.89221191
-670.37109375
-652.62011719
-668.16174316
-667.75695801
-653.90124512
-662.24377441
-673.12524414
-660.58691406
-671.91894531
-661.77697754
-660.95043945
-681.81274414
-677.33093262
-680.99487305
-678.62921143
-694.53527832
-680.03863525
-674.79895020
-663.12054443
-677.82177734
-668.46679688
-669.66467285
-666.48394775
-672.86743164
-665.37084961
-668.03106689
-671.10650635
-679.33923340
-677.99206543
-674.32666016
-674.42102051
-672.15447998
-670.81939697
-678.22131348
-683.40985107
-674.10308838
-672.48059082
-679.32800293
-669.69165039
-685.38677979
-680.77014160
-684.66619873
-677.73168945
-669.94207764
-675.92858887
-679.51568604
-680.51733398
-680.61425781
-689.88635254
-688.29272461
-683.13110352
-683.99725342
-678.42199707
-682.43041992
-684.28149414
-680.51025391
-682.55450439
-673.41314697
-671.91662598
-678.92712402
-682.98608398
-675.01892090
-679.10974121
-681.24548340
-679.54803467
-684.54431152
-677.12615967
-684.09448242
-679.80847168
-686.77337646
-684.83630371
-687.15966797
-685.89257812
-688.12646484
-687.46142578
-692.52905273
-687.43304443
-689.67071533
-680.30462646
-684.30236816
-685.62957764
-682.01501465
-688.32873535
-681.99560547
-679.15948486
-684.94421387
-697.71704102
-688.73370361
-694.68444824
-696.77893066
-687.59185791
-692.62512207
-680.95599365
-676.88146973
-683.08898926
-691.01660156
-688.81829834
-688.63433838
-685.65997314
-689.33215332
-686.86132812
-691.55383301
-691.04260254
-684.86120605
-695.99530029
-669.73937988
-670.29357910
-670.67517090
-668.11175537
-668.32263184
-673.51330566
-679.48242188
-675.48974609
-679.64404297
-685.97167969
-678.74731445
-684.24792480
-687.29449463
-675.92138672
-683.15368652
-678.64318848
-677.34222412
-672.10028076
-675.04516602
-680.69909668
-679.00665283
-673.56201172
-673.51177979
-675.90502930
-689.26293945
-678.93359375
-674.13354492
-684.66186523
-683.27838135
-691.23205566
-682.53808594
-689.22271729
-682.79943848
-680.20385742
-669.78198242
-681.72009277
-692.00292969
-684.30383301
-679.02636719
-688.98571777
-682.37951660
-687.54724121
-687.80773926
-690.31597900
-689.61614990
-681.48706055
-673.49182129
-660.84277344
-667.59912109
-665.22930908
-665.69226074
-665.19000244
-665.79931641
-673.60876465
-667.04882812
-677.95837402
-685.67211914
-688.57482910
-682.89825439
-674.55450439
-673.16900635
-677.07836914
-678.26049805
-673.11639404
-669.42480469
-672.23052979
-664.67089844
-653.28302002
-652.48999023
-648.53259277
-656.38409424
-661.41375732
-658.27661133
-658.65118408
-672.48913574
-680.75103760
-685.60632324
-686.88366699
-678.07739258
-673.20416260
-673.09729004
-682.38989258
-677.57055664
-685.46875000
-681.74884033
-685.23822021
-690.64672852
-687.83374023
-686.73107910
-691.86938477
-691.24218750
-688.12854004
-684.21777344
-686.18908691
-682.51538086
-698.17309570
-680.48474121
-688.87841797
-690.36022949
-689.74658203
-682.66711426
-687.51062012
-683.79174805
-682.93579102
-692.23205566
-688.24182129
-695.75976562
-691.73217773
-695.30822754
-694.01739502
-682.63330078
-688.34692383
-685.68627930
-681.47735596
-677.42987061
-682.61669922
-673.66577148
-674.78332520
-664.06372070
-670.51226807
-673.29156494
-666.73901367
-670.78771973
-677.48297119
-670.51782227
-671.03131104
-674.89953613
-670.60742188
-673.84020996
-669.11511230
-674.55426025
-677.45648193
-688.54785156
-693.63677979
-694.62280273
-689.82519531
-689.58428955
-691.68737793
-681.54260254
-685.83300781
-675.76330566
-674.24603271
-684.55969238
-682.19152832
-691.04626465
-685.99804688
-683.92114258
-683.52600098
-688.99560547
-691.82324219
-681.97082520
-692.26800537
-695.13330078
-687.33581543
-690.47790527
-693.34460449
-688.26867676
-690.47015381
-687.60571289
-684.87878418
-695.29718018
-687.70007324
-682.55273438
-688.88195801
-685.17590332
-681.72399902
-692.08056641
-694.70104980
-686.80877686
-682.02746582
-664.27868652
-665.84033203
-678.76263428
-670.45642090
-654.17907715
-664.40209961
-662.57800293
-655.76586914
-653.23742676
-657.83044434
-648.92346191
-646.08703613
-660.06646729
-657.83593750
-655.91845703
-674.33752441
-675.10009766
-666.16052246
-692.07116699
-681.71350098
-677.56677246
-679.84814453
-692.67578125
-685.04321289
-685.68933105
-675.18664551
-673.54064941
-672.51892090
-678.78979492
-681.32141113
-668.55090332
-673.10705566
-665.48400879
-676.14892578
-672.49511719
-665.07580566
-671.09387207
-675.18420410
-675.76306152
-672.92333984
-679.67150879
-679.53625488
-682.00103760
-683.16986084
-684.44055176
-680.05596924
-678.08001709
-677.04217529
-678.78588867
-668.92077637
-671.40917969
-681.49877930
-682.54174805
-671.29736328
-672.31793213
-680.27905273
-684.50421143
-686.32910156
-677.68554688
-676.17114258
-669.24475098
-671.97662354
-668.09594727
-679.18988037
-686.80383301
-684.54675293
-676.17272949
-671.93505859
-681.73406982
-679.65948486
-673.71240234
-664.78118896
-672.37609863
-665.53790283
-669.95605469
-651.41754150
-661.70989990
-656.88549805
-660.55932617
-655.28094482
-659.24298096
-662.95843506
-660.41796875
-663.71594238
-659.67413330
-658.12640381
-663.90734863
-666.50054932
-673.75561523
-666.74707031
-653.85534668
-675.62561035
-669.47351074
-657.78369141
-696.21557617
-673.23864746
-681.69012451
-681.13830566
-676.63208008
-672.09344482
-681.04797363
-670.89178467
-677.93139648
-680.48120117
-677.97851562
-674.11541748
-680.75048828
-663.44384766
-669.69525146
-661.95928955
-659.50549316
-657.31359863
-647.65283203
-644.31811523
-648.33538818
-657.23590088
-658.41021729
-663.10998535
-653.87475586
-649.96875000
-654.11065674
-642.98059082
-648.04931641
-645.46398926
-651.30944824
-650.89062500
-656.88867188
-660.43756104
-669.73205566
-658.84118652
-654.24987793
-681.26538086
-678.01025391
-691.86242676
-686.93945312
-690.47760010
-692.26696777
-693.82452393
-694.88159180
-686.68518066
-677.94006348
-681.65563965
-682.87457275
-682.76013184
-674.06896973
-671.24401855
-665.09802246
-676.01428223
-677.63293457
-680.11511230
-651.57635498
-640.21801758
-659.90234375
-652.10736084
-648.31030273
-648.89764404
-662.85168457
-664.18872070
-661.90039062
-659.70782471
-663.08557129
-669.02355957
-661.89733887
-671.40002441
-664.83496094
-659.49353027
-650.75024414
-659.61376953
-665.84948730
-665.23120117
-649.95886230
-647.39398193
-668.01208496
-669.58642578
-677.17810059
-664.13818359
-677.63549805
-660.55554199
-675.68957520
-666.81542969
-666.51696777
-669.53186035
-663.77441406
-677.68103027
-660.18444824
-669.10321045
-674.93054199
-667.40905762
-687.61260986
-684.96264648
-684.92993164
-672.57910156
-672.58435059
-686.89239502
-663.86041260
-678.39819336
-668.55712891
-673.44757080
-667.32171631
-668.48205566
-668.36663818
-672.49853516
-663.06213379
-672.80322266
-680.13952637
-688.33081055
-672.24438477
-681.21350098
-686.91210938
-692.87329102
-691.48327637
-688.36108398
-694.25366211
-688.42004395
-689.22747803
-690.58129883
-701.93518066
-695.08422852
-704.13464355
-686.40875244
-691.69348145
-692.26068115
-685.28015137
-693.24548340
-691.23675537
-693.40747070
-686.59509277
-692.00640869
-692.65960693
-691.29992676
-693.42474365
-696.06939697
-677.33789062
-686.30810547
-685.75579834
-676.83679199
-694.55554199
-675.11199951
-673.23840332
-690.34777832
-671.05395508
-680.78222656
-683.74401855
-683.05236816
-686.49572754
-684.81848145
-688.60473633
-692.00988770
-688.17877197
-689.54626465
-690.68432617
-686.27465820
-688.43920898
-688.54833984
-687.07257080
-682.59155273
-681.98968506
-689.45672607
-683.54956055
-685.29296875
-681.19934082
-681.11376953
-683.78222656
-658.98925781
-679.92419434
-668.91430664
-666.94567871
-660.83410645
-678.46948242
-681.19049072
