-6.97905827
-7.56625557
-7.88130379
-8.29217911
-7.88524437
-9.25078964
-10.07897568
-10.67119217
-11.64584923
-14.04135990
-13.15042877
-13.22216034
-15.29500198
-15.96896267
-17.79117203
-18.05187225
-20.59330750
-21.43670273
-20.03028488
-20.18680191
-19.36201286
-25.51937103
-26.30833435
-28.30990982
-28.50831032
-30.56254387
-30.57878113
-32.91505432
-35.02612305
-36.22454834
-39.37208176
-36.59537506
-36.39313507
-40.47958755
-44.03836060
-40.95085907
-40.47660065
-52.06646347
-51.08525848
-49.86172485
-52.64161301
-55.35306931
-59.45993042
-59.29445267
-56.35939026
-59.02419281
-63.91956329
-63.53983307
-67.74093628
-66.27876282
-72.85614014
-61.77709198
-66.13395691
-66.51016998
-70.30439758
-70.11567688
-67.29913330
-71.17016602
-72.41426849
-68.69993591
-74.14704895
-77.50241089
-77.20275116
-81.12586212
-80.46104431
-76.83026886
-87.67835999
-79.66680145
-83.68498993
-82.31954956
-84.51910400
-83.84741211
-84.10233307
-94.49489594
-90.10887909
-88.07148743
-88.78833008
-89.36990356
-89.20555878
-93.90874481
-93.22798157
-96.20120239
-92.37701416
-94.02002716
-94.93302155
-97.61676025
-93.77493286
-99.25686646
-102.31774902
-96.05340576
-92.21901703
-103.47401428
-97.86970520
-103.08561707
-97.31838989
-92.30748749
-99.65139771
-94.16606140
-94.73542786
-96.56817627
-104.85223389
-99.15970612
-102.22351837
-99.80705261
-99.95146179
-102.99583435
-107.18048859
-108.14027405
-106.82328796
-113.95759583
-105.28532410
-113.14985657
-114.77533722
-133.07533264
-131.18453979
-132.03823853
-130.06970215
-132.03948975
-137.66464233
-127.80418396
-139.45887756
-141.04165649
-143.11782837
-137.00883484
-143.75256348
-141.01025391
-137.38371277
-146.40884399
-136.20840454
-143.98178101
-145.03942871
-149.79461670
-143.18875122
-147.25991821
-146.56930542
-146.20733643
-144.73573303
-151.85249329
-148.93838501
-145.39108276
-151.44136047
-144.04638672
-154.48730469
-152.67332458
-150.60554504
-144.57498169
-152.01617432
-144.56167603
-150.48248291
-150.88864136
-130.30166626
-134.39454651
-134.27377319
-138.67817688
-140.75497437
-139.83419800
-135.15348816
-144.63342285
-143.10617065
-137.05557251
-143.23065186
-138.49201965
-138.43478394
-144.43461609
-134.81887817
-144.89955139
-141.48330688
-147.48992920
-148.31344604
-150.23048401
-149.34753418
-152.94216919
-152.61550903
-149.41516113
-153.38128662
-152.54537964
-150.04158020
-146.17039490
-140.24411011
-152.21430969
-149.38861084
-151.14321899
-149.02308655
-150.19804382
-157.18121338
-155.10841370
-163.02186584
-164.10906982
-168.47138977
-167.77174377
-166.63905334
-164.96455383
-164.74092102
-166.58737183
-165.48141479
-167.45837402
-163.31042480
-166.82409668
-161.43045044
-167.37017822
-163.84274292
-171.43298340
-169.40283203
-168.86392212
-167.73376465
-166.21267700
-163.41595459
-149.74536133
-146.35327148
-152.66122437
-155.00175476
-156.73733521
-163.48294067
-159.63287354
-166.26699829
-166.44918823
-160.30169678
-157.86581421
-160.23999023
-158.36614990
-168.63836670
-162.56442261
-164.90386963
-169.15386963
-174.96105957
-174.52688599
-178.15487671
-178.71443176
-167.69906616
-165.70272827
-176.01763916
-168.87440491
-168.44418335
-177.84066772
-163.19929504
-168.75775146
-151.70330811
-158.26583862
-166.84173584
-166.51397705
-164.25521851
-156.86927795
-165.48835754
-166.06579590
-174.51713562
-166.66937256
-173.82806396
-172.23120117
-162.51770020
-160.83393860
-176.78529358
-164.94886780
-165.51077271
-152.88992310
-157.06976318
-158.94171143
-159.37834167
-158.66212463
-151.67955017
-164.51817322
-161.91052246
-151.15538025
-155.67111206
-171.57080078
-165.83694458
-163.66000366
-154.10339355
-157.95341492
-159.42047119
-145.18054199
-144.93986511
-154.44503784
-154.45083618
-155.80546570
-173.79028320
-157.11515808
-153.43759155
-166.80627441
-160.25068665
-149.59364319
-142.79519653
-156.41830444
-139.67568970
-160.05369568
-169.78601074
-159.62532043
-171.66812134
-164.99462891
-151.14334106
-159.13426208
-167.32324219
-152.85607910
-163.58030701
-166.22323608
-159.33598328
-156.22824097
-163.78247070
-166.10678101
-166.27284241
-176.38360596
-164.65036011
-170.13720703
-175.42234802
-170.33758545
-176.34332275
-169.38061523
-172.05572510
-158.65246582
-163.60528564
-167.99476624
-153.77574158
-157.50013733
-164.05917358
-159.07827759
-159.32812500
-149.72848511
-157.32252502
-152.55914307
-157.23443604
-163.13464355
-154.04199219
-154.27708435
-158.54092407
-161.75433350
-165.46325684
-172.11801147
-173.50765991
-161.93890381
-166.99133301
-165.98294067
-151.05667114
-153.41488647
-152.01322937
-158.54394531
-152.35824585
-151.66503906
-144.11558533
-154.92387390
-144.71456909
-133.09997559
-127.88722229
-137.75674438
-132.14642334
-121.21179199
-124.44758606
-128.35679626
-146.24836731
-136.06611633
-137.35165405
-139.21238708
-145.05458069
-136.24906921
-147.26957703
-139.77665710
-153.22363281
-153.73291016
-146.17271423
-150.69961548
-162.29083252
-169.46279907
-191.21313477
-187.70336914
-167.27221680
-167.25891113
-181.49281311
-174.18750000
-160.62884521
-170.63803101
-170.73397827
-165.97671509
-170.38705444
-167.33885193
-170.37957764
-182.77909851
-183.15698242
-164.14505005
-151.00889587
-166.69816589
-164.24563599
-157.76791382
-180.03184509
-188.82406616
-154.17835999
-151.46041870
-164.96475220
-161.35348511
-150.29951477
-147.94160461
-145.42816162
-181.88711548
-161.59443665
-141.93116760
-150.16644287
-160.45254517
-151.80030823
-131.50733948
-137.12104797
-124.62960815
-139.61526489
-150.89358521
-156.02365112
-150.01025391
-122.98005676
-150.80151367
-131.44744873
-141.44137573
-139.69007874
-146.99493408
-136.25213623
-150.80151367
-144.54296875
-129.03393555
-132.48739624
-146.90933228
-103.87046814
-149.93862915
-140.88694763
-166.83938599
-158.56082153
-186.71368408
-167.06047058
-161.53321838
-189.71838379
-151.26126099
-175.73428345
-163.18130493
-153.34884644
-171.16394043
-157.74468994
-156.17510986
-152.85040283
-186.90255737
-195.33334351
-146.04579163
-148.87684631
-143.78221130
-150.76776123
-144.30331421
-141.39231873
-170.78036499
-143.90180969
-152.49771118
-148.21781921
-164.71852112
-156.34422302
-159.47171021
-150.55462646
-148.17340088
-146.34365845
-148.31301880
-147.52423096
-144.01171875
-98.84245300
-115.11643219
-115.84584045
-114.58201599
-104.27043152
-104.42605591
-124.38741302
-110.16499329
-109.74137878
-110.83875275
-116.17321014
-105.98832703
-117.97685242
-110.24228668
-132.94294739
-111.12687683
-118.65388489
-104.32743835
-114.25859833
-118.86885834
-139.25366211
-151.67037964
-157.09069824
-143.14288330
-127.30183411
-124.31764221
-134.22581482
-133.78665161
-147.11753845
-138.49710083
-145.02749634
-120.81709290
-145.40277100
-133.54460144
-128.78842163
-130.45222473
-146.57626343
-142.93545532
-140.19927979
-148.98489380
-163.26666260
-156.40103149
-147.44795227
-156.61639404
-130.99259949
-169.16717529
-150.49160767
-135.46777344
-162.73806763
-163.84432983
-147.59957886
-157.98687744
-151.57380676
-154.92263794
-168.36999512
-136.05163574
-140.27853394
-136.37280273
-154.10321045
-148.40556335
-141.76568604
-143.27459717
-141.96882629
-145.84466553
-122.31546021
-137.41748047
-148.16149902
-147.36161804
-142.74986267
-144.95545959
-155.13195801
-139.71014404
-151.46957397
-164.93682861
-142.90577698
-117.51463318
-129.75610352
-108.31185913
-123.75717163
-117.52676392
-117.97811890
-119.29858398
-138.86511230
-129.51867676
-148.30781555
-129.37811279
-139.65083313
-150.31913757
-128.78567505
-121.86553192
-137.56057739
-138.49806213
-138.21218872
-136.39480591
-115.08012390
-132.19586182
-137.59541321
-119.96919250
-139.61898804
-182.14407349
-140.86764526
-142.66049194
-161.18560791
-152.87763977
-146.49533081
-150.51428223
-159.71328735
-156.22241211
-175.00822449
-140.37585449
-143.69364929
-146.25910950
-156.77877808
-157.19281006
-149.97752380
-170.38525391
-174.51515198
-168.59313965
-145.22442627
-142.15591431
-167.07093811
-148.60591125
-157.89410400
-150.38862610
-149.33703613
-136.63650513
-145.85334778
-152.18350220
-148.47294617
-140.74057007
-131.71548462
-147.61056519
-102.79734802
-100.39262390
-110.68866730
-102.31802368
-104.30842590
-107.72137451
-120.61077118
-102.34822845
-104.94836426
-99.92549896
-102.74814606
-120.56488037
-125.70379639
-102.24382019
-114.50311279
-119.30484009
-106.35959625
-107.79000092
-102.02693939
-113.21022797
-106.16107178
-111.34526062
-91.45503998
-99.18049622
-102.46162415
-95.06150818
-85.11491394
-103.12123108
-90.73300171
-93.90519714
-93.31199646
-88.22666931
-88.73522949
-99.20520020
-94.80305481
-88.46445465
-82.39820099
-98.15594482
-88.43582153
-81.69969177
-87.04753876
-91.33940125
-85.00277710
-96.17405701
-102.87935638
-94.71455383
-111.11600494
-91.29954529
-113.18802643
-90.21530914
-112.53472900
-127.89584351
-118.73303986
-104.82388306
-90.98347473
-108.16894531
-93.59896851
-111.30957031
-101.06213379
-111.42982483
-103.81291962
-100.29969025
-84.92070770
-94.98487854
-91.32215118
-105.13887787
-116.59190369
-93.72739410
-105.91897583
-90.45214844
-112.85250854
-106.67416382
-91.16579437
-91.08674622
-76.32635498
-89.77995300
-93.24356079
-85.05272675
-94.74293518
-80.74122620
-78.65093994
-78.42924500
-87.23762512
-79.34056091
-81.89892578
-82.70195007
-80.51161957
-81.52281952
-83.15222168
-90.66992188
-73.62567139
-73.17369080
-71.36231995
-79.70005798
-73.00183105
-80.67213440
-76.90991211
-81.24961090
-82.66728210
-66.32585144
-78.56800079
-79.03482819
-80.23520660
-79.21260071
-73.95233154
-76.28511810
-84.39436340
-79.82864380
-72.55803680
-89.37176514
-85.54266357
-71.97523499
-78.61229706
-92.88879395
-103.34849548
-96.74284363
-96.82618713
-79.11145020
-82.48881531
-87.56213379
-86.41813660
-81.29202271
-87.76720428
-74.88684082
-80.98894501
-68.60658264
-78.96923065
-84.70007324
-80.70561218
-78.86650848
-80.85787964
-72.50343323
-74.98874664
-77.59429169
-79.60531616
-68.42863464
-77.89595032
-69.55084229
-69.34210205
-67.65292358
-80.64268494
-69.01855469
-82.45829773
-69.73076630
-85.86595917
-76.50193787
-80.29055786
-79.65567017
-89.16574097
-87.82786560
-98.46331787
-120.80655670
-90.27319336
-80.57338715
-104.37796783
-93.26591492
-88.76980591
-77.30786133
-81.45593262
-92.31621552
-73.44821930
-96.53103638
-92.09300232
-91.90852356
-83.74057770
-94.78777313
-92.00872040
-78.04019928
-89.98204041
-96.42716217
-96.06422424
-83.72645569
-83.24073792
-72.59761047
-72.09273529
-81.39306641
-75.16600037
-65.97563934
-73.91049194
-85.34928131
-64.21250916
-83.70071411
-76.14588928
-79.80165100
-70.08204651
-92.03875732
-71.28686523
-76.18560791
-103.80010986
-87.72129822
-82.18261719
-110.37724304
-74.38140869
-91.35264587
-100.86424255
-95.53797913
-91.63954163
-84.39672852
-95.56939697
-86.19004822
-79.83779144
-74.06747437
-87.23757935
-91.28267670
-86.37640381
-81.64260101
-79.87102509
-65.21163940
-63.04458618
-68.39085388
-58.08548737
-69.87037659
-60.07851410
-61.18407059
-69.04794312
-63.49766922
-66.69232178
-81.48329163
-74.24669647
-64.14262390
-74.84510040
-66.63868713
-68.98129272
-69.33892822
-72.88856506
-68.25211334
-77.58620453
-79.41822815
-77.60276794
-80.26782227
-84.52093506
-90.65599060
-98.74749756
-85.82327271
-86.46652985
-85.21965027
-95.30021667
-96.98408508
-98.14963531
-97.14118958
-79.93236542
-86.96816254
-80.50895691
-103.97126007
-81.55652618
-79.29391479
-91.32017517
-72.79775238
-75.28686523
-73.90911865
-80.46430969
-72.24705505
-78.11773682
-76.34210205
-85.00711060
-84.97080231
-78.58297729
-97.82763672
-66.89882660
-72.17639923
-94.05162811
-81.40278625
-77.00186157
-77.48255157
-101.28531647
-85.37304688
-72.31520081
-75.94261169
-82.19934082
-82.16820526
-80.11411285
-84.68644714
-86.22817230
-87.53535461
-83.68115997
-88.15436554
-82.42172241
-79.69723511
-69.84965515
-84.05127716
-78.89427185
-76.98408508
-49.82219696
-67.08917236
-65.17073059
-66.53282166
-64.18141174
-67.52368164
-68.00022125
-61.84214401
-65.82330322
-73.73323059
-74.42683411
-66.12574768
-65.22180176
-75.15872192
-65.41087341
-83.52390289
-73.97116089
-64.19395447
-63.53035736
-54.40187073
-64.29013824
-53.26401520
-55.20961761
-51.96405792
-62.16827774
-63.42530823
-72.97900391
-59.22365570
-62.72055054
-54.17959595
-72.97294617
-51.28608704
-51.97111511
-59.68714905
-68.29368591
-64.70841217
-52.40879059
-55.18312454
-63.51081467
-49.26096344
-51.37467957
-56.76405334
-50.66559601
-63.03484726
-65.17506409
-51.60400391
-63.85522842
-60.79593277
-57.36049652
-80.15008545
-55.02584076
-53.88625336
-56.44870377
-74.05279541
-61.91324234
-62.92585754
-72.48144531
-86.44737244
-60.86299896
-77.19067383
-77.37887573
-65.26141357
-77.05211639
-66.43832397
-63.20849609
-65.46256256
-58.58014297
-65.31958771
-59.53234100
-70.22499847
-59.00084686
-72.79888153
-68.77613831
-61.03733826
-53.84185028
-66.91889954
-58.96945953
-60.65636444
-66.02750397
-70.25777435
-76.17320251
-70.20046997
-62.12326431
-72.24856567
-71.76638794
-62.54306030
-64.01110077
-59.35301208
-69.36248779
-65.94139099
-64.78273773
-52.76536179
-88.80502319
-69.00834656
-83.15596771
-113.32209778
-129.71623230
-123.62773895
-123.14996338
-114.93601990
-95.31636047
-105.75949097
-89.81306458
-113.11575317
-97.34695435
-98.23963928
-81.41551208
-102.37995911
-93.57398987
-70.73181152
-85.33424377
-91.28824615
-81.69241333
-81.35462952
-69.71112061
-78.46310425
-59.09929657
-73.99977112
-53.23314667
-68.11048126
-65.42243958
-67.05379486
-79.22779846
-70.30056763
-60.95369720
-64.96726990
-70.78360748
-67.02574158
-58.58464432
-67.21842194
-70.26824188
-57.06089020
-60.06915665
-47.76639557
-40.32096481
-56.01227951
-57.42489624
-82.20050049
-49.15259552
-71.39099121
-54.21478271
-59.44238281
-60.60302734
-53.09321594
-66.83419037
-60.94058228
-63.60755539
-65.00785828
-74.46643829
-69.83702850
-77.36784363
-48.95512390
-66.15951538
-78.82980347
-50.05614471
-71.51353455
-63.32792664
-72.51417542
-70.42276001
-58.66133499
-74.07008362
-76.06343079
-69.13397217
-55.35670471
-64.05146790
-41.45974731
-62.93141937
-57.30904388
-54.18455887
-66.18743896
-43.66276932
-38.00556183
-44.12804031
-36.27967834
-39.83813858
-39.71847534
-35.00141144
-48.69470596
-36.23828125
-63.91882324
-57.94536972
-70.68572998
-49.29868317
-68.35551453
-70.35809326
-64.91864014
-81.13391876
-67.18295288
-51.94569016
-52.68249512
-39.68692017
-50.21928406
-42.38452530
-59.21733856
-60.08132172
-53.98788071
-46.63937378
-47.59968567
-50.41053772
-61.93803024
-44.40243530
-67.24863434
-64.61391449
-70.06278229
-57.63930130
-62.77038193
-55.19897461
-47.75238800
-73.41870117
-60.62863159
-58.45439148
-63.86941147
-81.63006592
-47.58394623
-67.44145203
-50.96851730
-82.05528259
-51.77972794
-49.67350769
-71.01031494
-49.38273621
-50.22216034
-62.42813110
-44.66169739
-42.03161621
-64.90602112
-53.70941925
-33.63424683
-45.80601883
-66.25532532
-53.99921417
-50.71921158
-34.59368896
-44.43266296
-56.92643738
-47.79135895
-48.31513977
-44.33316803
-50.79917145
-49.29839706
-55.10372162
-60.66949081
-43.13467407
-44.61766434
-65.95227051
-39.18494034
-41.66167068
-59.81437683
-60.65741730
-67.61280060
-66.76217651
-59.67881393
-60.86074448
-66.43112183
-54.23846817
-51.95253754
-66.32899475
-57.92080688
-66.86877441
-87.51164246
-75.68235016
-76.04920197
-54.05010605
-55.71961975
-63.33462524
-42.56307602
-44.72734070
-58.35447311
-36.05784988
-67.10855865
-43.72651291
-71.28549194
-42.19320679
-59.47711563
-61.42189407
-51.31585693
-56.54508972
-61.91234589
-42.93779755
-44.87879944
-62.99259949
-64.27350616
-52.85198212
-42.66558075
-51.31328964
-53.28791809
-50.69437408
-52.25320435
-68.48658752
-48.17271423
-64.42411041
-51.52124405
-57.86596680
-49.90179443
-61.90528870
-63.63713455
-59.34400177
-67.73279572
-78.00712585
-55.60495758
-47.22850037
-59.31143951
-52.61744690
-61.81052399
-84.31811523
-68.93988037
-58.84629059
-56.13284683
-68.60064697
-55.08000946
-51.40019989
-53.23169708
-79.56038666
-45.27121735
-66.78060913
-50.34793854
-52.69988251
-50.83988953
-67.64581299
-65.71339417
-48.77980804
-49.49317932
-44.42627716
-56.03064346
-44.80236435
-46.64639282
-57.84613800
-57.98390198
-53.44271851
-64.36236572
-51.83693695
-58.75609589
-72.07723999
-70.27039337
-74.15155029
-49.40415955
-80.27120209
-73.73252869
-60.69397736
-65.02067566
-119.39637756
-107.71049500
-97.07389832
-94.07207489
-85.57416534
-108.75968933
-80.01307678
-58.69458008
-77.07545471
-65.55302429
-69.20650482
-62.94969940
-76.69298553
-75.30596161
-70.91793060
-65.15776825
-77.05189514
-78.44783020
-59.77761078
-65.51213074
-62.83574677
-50.81368256
-57.98812866
-61.87225342
-46.49794006
-62.94812775
-39.19667053
-50.14477539
-64.10530090
-55.45944977
-56.16289520
-61.88787079
-68.61462402
-75.65977478
-54.71710587
-73.41719055
-73.50750732
-64.17376709
-62.45175934
-65.28939819
-62.88819504
-64.09750366
-66.23904419
-77.25642395
-75.81687164
-64.88540649
-75.35747528
-65.93768311
-77.12467957
-74.40750122
-92.57106781
-61.78256989
-93.07175446
-63.94200134
-77.45967102
-72.13374329
-67.14360809
-77.95188904
-80.20419312
-84.19277954
-88.79658508
-82.61698914
-75.81998444
-89.08271027
-110.21562195
-102.51477051
-85.93586731
-85.76644135
-84.83230591
-114.43669128
-87.55233002
-100.76904297
-86.11434174
-102.28656769
-113.37355042
-98.98681641
-76.13177490
-121.11390686
-102.08336639
-114.16326141
-97.12747192
-90.35035706
-81.42473602
-108.90100098
-94.63003540
-118.37045288
-112.97268677
-94.29354858
-79.75936890
-112.95018768
-87.43277740
-92.37215424
-96.19518280
-111.28453827
-112.66271210
-83.99208832
-79.02221680
-71.29149628
-116.46277618
-116.94055176
-110.15821838
-80.82316589
-129.35406494
-106.84875488
-156.78717041
-120.62087250
-110.45097351
-124.83409882
-144.75859070
-140.42872620
-123.13851929
-137.69711304
-118.38861084
-105.26542664
-141.57655334
-124.06979370
-145.96768188
-121.17575073
-89.90138245
-150.70013428
-138.15940857
-118.89286804
-116.53905487
-131.39935303
-152.77618408
-137.84017944
-141.55220032
-158.17213440
-132.47050476
-119.11618805
-106.11025238
-101.98623657
-122.71224976
-110.81525421
-134.07662964
-145.58078003
-133.57107544
-142.76408386
-112.15936279
-135.05648804
-138.57630920
-138.51651001
-155.58004761
-119.23829651
-126.07900238
-117.05480957
-128.10739136
-128.90425110
-164.40763855
-116.95407104
-79.04653931
-104.75199890
-104.51356506
-111.60890198
-118.74742126
-126.91830444
-121.62555695
-104.37382507
-114.39981842
-132.15275574
-153.89184570
-134.92950439
-142.32009888
-157.17971802
-156.88310242
-173.72695923
-128.51710510
-147.00640869
-142.74942017
-152.32794189
-147.67541504
-170.20098877
-147.12066650
-138.02844238
-134.62582397
-157.21734619
-147.71688843
-168.95938110
-160.63519287
-139.19383240
-179.79066467
-158.05233765
-158.40275574
-149.55348206
-174.65943909
-153.42793274
-152.86444092
-161.67218018
-152.12008667
-134.79048157
-145.44590759
-160.19915771
-155.29275513
-190.67240906
-191.40051270
-177.11129761
-192.73252869
-144.28311157
-175.44499207
-180.02326965
-220.59634399
-185.01620483
-184.09234619
-219.44197083
-156.23094177
-192.91601562
-188.97274780
-237.11523438
-191.63494873
-211.36608887
-166.58850098
-250.84188843
-215.43954468
-231.44110107
-189.67756653
-198.56042480
-200.05908203
-151.07766724
-203.02947998
-208.67288208
-172.94735718
-200.83059692
-215.04812622
-288.08666992
-230.72117615
-277.83227539
-418.16503906
-322.37030029
-336.89352417
-336.23541260
-398.72589111
-403.53057861
-379.10229492
-357.98748779
-378.17935181
-338.74694824
-384.45285034
-338.35641479
-334.78506470
-316.56008911
-317.62915039
-416.82748413
-416.91421509
-336.08624268
-466.63269043
-326.12005615
-259.22088623
-333.45642090
-417.86163330
-386.59417725
-327.85400391
-483.42587280
-400.78204346
-471.44412231
-414.88568115
-384.25823975
-325.69677734
-410.78652954
-404.25994873
-509.54647827
-405.55303955
-334.07336426
-443.59222412
-445.44949341
-396.37945557
-463.38543701
-423.40744019
-453.67785645
-474.46078491
-394.44821167
-398.64709473
-342.48840332
-390.77282715
-381.75177002
-373.39730835
-438.20831299
-442.20434570
-378.18310547
-412.35726929
-368.82064819
-531.71313477
-566.26550293
-358.65771484
-461.08718872
-553.40051270
-460.99417114
-451.77990723
-524.70562744
-494.47991943
-546.60418701
-436.80291748
-538.13598633
-534.52111816
-683.85620117
-429.88110352
-467.39141846
-479.60601807
-532.20788574
-551.02441406
-639.66229248
-450.92187500
-521.87817383
-546.18945312
-559.71374512
-477.54928589
-597.95129395
-558.14935303
-492.39114380
-579.62597656
-702.55688477
-638.41119385
-545.34191895
-674.20697021
-624.94140625
-690.15777588
-644.09326172
-627.76208496
-614.16650391
-610.55541992
-620.20556641
-380.15447998
-404.35961914
-449.45941162
-443.07196045
-517.59204102
-415.24496460
-422.02630615
-530.16467285
-459.36694336
-458.20642090
-487.90258789
-444.20581055
-480.61071777
-520.64990234
-486.75555420
-561.05328369
-504.28112793
-478.49267578
-524.73449707
-601.39080811
-478.14489746
-605.69696045
-526.79101562
-540.87524414
-539.66876221
-665.62994385
-543.08312988
-526.22229004
-622.21008301
-607.81195068
-607.15814209
-534.61511230
-597.82238770
-597.03167725
-639.15380859
-599.13818359
-675.94537354
-659.97009277
-641.53637695
-776.35400391
-707.41650391
-558.19750977
-619.83325195
-647.42236328
-641.45043945
-544.28845215
-651.70715332
-652.10864258
-588.24139404
-568.61474609
-551.96411133
-589.23754883
-682.99865723
-676.28332520
-695.47552490
-578.50292969
-850.09191895
-697.54162598
-655.69787598
-749.34222412
-722.95544434
-722.83599854
-802.00976562
-832.26141357
-820.20324707
-842.38775635
-656.09771729
-698.79205322
-845.02282715
-806.03234863
-756.62060547
-617.77130127
-947.55084229
-675.15270996
-735.17468262
-906.79235840
-955.17102051
-954.12072754
-1075.59741211
-1040.44067383
-1042.77734375
-1149.43261719
-968.26446533
-968.97717285
-1079.71862793
-1077.36767578
-1009.73968506
-952.17980957
-1087.23559570
-1177.61315918
-1234.28173828
-1114.45361328
-992.61694336
-1065.41113281
-939.05535889
-713.30810547
-1211.63232422
-900.37915039
-931.52612305
-1419.75268555
-1250.37304688
-998.69726562
-1095.85412598
-1025.17187500
-1036.05578613
-1307.21289062
-1475.92773438
-1206.18090820
-1245.65222168
-1353.55700684
-1187.64526367
-1198.34521484
-1414.46459961
-1291.46936035
-1080.46032715
-1072.92761230
-1230.08471680
-1388.86865234
-1159.83239746
-1267.84008789
-1107.30297852
-1229.63342285
-1119.40966797
-1274.42712402
-1284.73205566
-1131.45434570
-1164.59851074
-1225.44470215
-1742.07861328
-1577.59301758
-1459.86596680
-1155.24316406
-1446.41772461
-1819.05249023
-2139.54150391
-1837.65039062
-2241.66821289
-1971.73876953
-1410.07104492
-1743.10888672
-1348.38061523
-1499.16967773
-1570.45190430
-1762.30468750
-1593.71508789
-1429.53759766
-1749.62084961
-1538.12817383
-2546.44873047
-1815.49267578
-1639.55126953
-1446.16235352
-1427.53198242
-1511.99584961
-1562.52734375
-1530.45117188
-1360.68164062
-1582.28698730
-1582.88891602
-1340.93798828
-1443.91967773
-1326.10522461
-1380.09082031
-1413.84594727
-1454.37353516
-1488.89819336
-1365.07739258
-1325.09667969
-1282.94531250
-1463.63256836
-1200.98864746
-1708.46325684
-1157.07739258
-1244.85742188
-1171.52636719
-1290.03991699
-1430.10559082
-1256.93041992
-1191.42248535
-1325.33312988
-1308.42797852
-1194.43359375
-1229.88745117
-1365.25708008
-1232.36206055
-1332.97192383
-1545.65466309
-1342.29296875
-1235.08984375
-1264.22656250
-1317.16894531
-1490.63085938
-1384.82922363
-1406.32128906
-1342.82739258
-1485.92626953
-1438.77099609
-1323.51293945
-1424.89221191
-1405.27062988
-1534.47680664
-1523.10583496
-1825.46069336
-1567.88745117
-1578.25292969
-1636.11279297
-1629.26647949
-2118.12622070
-1940.56787109
-1643.20849609
-1705.19250488
-1848.49218750
-1887.14404297
-1615.60998535
-1587.05310059
-1819.10070801
-1631.54174805
-1629.84008789
-1667.81933594
-1944.67822266
-1554.83325195
-1713.83557129
-1770.48291016
-1792.39721680
-1724.37927246
-1650.45434570
-1653.13037109
-1546.27868652
-1813.77441406
-2133.39306641
-2164.43652344
-2062.37109375
-2325.95751953
-2142.83740234
-1667.98217773
-2720.59277344
-2513.19897461
-1924.66809082
-2404.17822266
-2359.85327148
-1892.75244141
-2105.42382812
-3436.66625977
-2309.02539062
-2464.00341797
-1843.56298828
-1865.62231445
-2071.44018555
-1521.41528320
-1539.49023438
-1791.24621582
-1474.48962402
-1664.75451660
-2096.91503906
-1494.38586426
-1689.01159668
-1811.54248047
-1694.64257812
-1606.83190918
-1821.53686523
-1498.00463867
-1970.76843262
-1860.14501953
-1544.28076172
-2413.00537109
-2543.60644531
-2545.84521484
-2630.46386719
-2445.24096680
-2376.55541992
-2789.34277344
-2983.06494141
-2805.16796875
-2514.75170898
-2298.51489258
-2593.24511719
-2089.01806641
-3026.06787109
-2936.36767578
-2293.75708008
-3884.63623047
-2645.58666992
-2631.97070312
-1881.14587402
-1920.58154297
-1632.07934570
-1723.24829102
-2052.85644531
-1888.40502930
-3409.88232422
-2100.22192383
-2717.68457031
-3563.70288086
-2603.10888672
-1999.61743164
-2859.36914062
-2806.84667969
-4106.73437500
-2462.00634766
-3649.49902344
-2446.39086914
-2772.30957031
-3509.30883789
-2746.71386719
-2949.92382812
-2491.14501953
-3049.35205078
-2903.23388672
-2619.82128906
-2555.63037109
-2737.02319336
-3300.62695312
-2640.72021484
-2437.94653320
-2742.32910156
-2847.43554688
-2696.45605469
-3162.95190430
-3167.59545898
-3795.26757812
-2629.81298828
-2287.76440430
-2775.95971680
-2459.92578125
-2674.74096680
-2313.28100586
-2181.97216797
-1912.68188477
-1931.43078613
-2246.79589844
-2628.61767578
-2540.54785156
-1954.07226562
-1986.32031250
-1737.79968262
-2308.36230469
-1836.29614258
-1906.71020508
-2299.82421875
-1461.61523438
-1997.63208008
-1804.21533203
-1644.53613281
-1553.64758301
-2152.97509766
-1749.74926758
-2507.74218750
-2690.23828125
-1969.99511719
-2578.86425781
-1926.79785156
-2105.16088867
-1680.25231934
-2285.45507812
-1694.81176758
-1682.90380859
-2247.04760742
-2474.15502930
-2281.32446289
-2141.99609375
-2199.08496094
-2083.54663086
-2409.47314453
-2396.78466797
-1998.38623047
-2155.36987305
-2566.78540039
-2500.74804688
-2142.26269531
-2493.91308594
-2962.73144531
-2258.82763672
-2231.33984375
-2056.35131836
-2518.27685547
-2718.80566406
-1978.87255859
-3401.22558594
-2754.14941406
-2762.09277344
-2504.51025391
-2742.37304688
-2707.89843750
-2674.06884766
-3077.28906250
-2679.09033203
-3446.72412109
-2585.64941406
-3229.88745117
-2630.45239258
-2288.12792969
-2680.19628906
-2716.19848633
-3151.19531250
-2475.72119141
-2740.32983398
-4282.33105469
-2814.61865234
-2622.03173828
-3119.53369141
-2728.63476562
-3041.38745117
-3196.72460938
-3801.32006836
-3566.62988281
-2868.51391602
-4572.39453125
-3825.05151367
-3509.08593750
-2991.02392578
-3703.58349609
-3311.01367188
-3367.29101562
-3465.22363281
-1948.77648926
-1959.30273438
-2028.50854492
-1778.01672363
-1921.37768555
-1843.33715820
-2209.94189453
-2459.94189453
-2011.81591797
-1957.00537109
-1862.61621094
-1777.75561523
-1826.99023438
-1607.10363770
-2075.98950195
-1945.76855469
-1743.68640137
-1340.33862305
-1528.90673828
-2096.33984375
-1876.19274902
-1568.99804688
-1365.23339844
-2244.42041016
-3687.12939453
-1659.07690430
-2448.54150391
-1985.48547363
-2011.98803711
-2171.28295898
-1716.80322266
-2564.51367188
-1601.47570801
-1655.24084473
-1391.31469727
-1659.64709473
-1568.46362305
-2430.24316406
-2209.34765625
-2358.37500000
-2553.86718750
-3505.21386719
-2559.61230469
-1762.18884277
-1696.38403320
-1958.60693359
-2244.41357422
-1633.95190430
-1930.91906738
-2698.29345703
-2859.37597656
-2240.50512695
-2175.91748047
-2062.49877930
-2493.83276367
-3322.72851562
-2002.91943359
-2634.62329102
-1985.30224609
-3515.52929688
-3386.65258789
-2265.95166016
-2844.47167969
-3419.18530273
-2741.82763672
-3032.97583008
-2513.31298828
-3035.34643555
-3123.35156250
-2508.62207031
-2975.30834961
-1850.78161621
-2734.23022461
-3519.58862305
-2055.99169922
-3092.56787109
-2146.34985352
-1999.56726074
-2135.64721680
-1987.85876465
-1455.47570801
-1592.03125000
-2351.32739258
-2556.27441406
-1674.87036133
-1739.30615234
-1749.11730957
-2490.20214844
-2083.98193359
-1713.35546875
-1565.65869141
-1799.48388672
-2119.16088867
-2164.41748047
-2856.05712891
-2865.74365234
-3460.80761719
-2903.66210938
-2648.42431641
-2633.71484375
-3447.83642578
-3938.28491211
-3005.73876953
-3399.09863281
-3980.57397461
-5759.34814453
-5280.44189453
-3447.39453125
-5262.98779297
-3096.70678711
-4627.62939453
-4575.10546875
-4939.26074219
-6037.72167969
-2821.78857422
-4064.90722656
-3134.41943359
-3073.59130859
-4335.27441406
-4424.19140625
-3310.73657227
-3975.51123047
-2963.03222656
-5885.16210938
-4761.97460938
-2166.41992188
-4796.06640625
-3116.24487305
-3218.66284180
-3415.37890625
-2871.72680664
-4535.88574219
-3396.01733398
-3341.72924805
-3171.33813477
-3146.24853516
-3492.03955078
-2801.12377930
-1377.20593262
-2223.66430664
-3566.12084961
-1931.44799805
-4280.88720703
-2630.05664062
-3674.06665039
-3676.11572266
-3093.21875000
-2048.72265625
-3579.79516602
-3755.68945312
-4779.86523438
-2641.99267578
-4169.30712891
-3709.28369141
-2417.27343750
-2462.71093750
-3934.81567383
-3248.60083008
-4084.84350586
-4112.92138672
-2948.60229492
-2864.72998047
-2871.62939453
-3862.37207031
-3548.48828125
-4109.14599609
-3590.00292969
-3666.14013672
-4479.12158203
-4746.65625000
-6739.79492188
-6412.99902344
-5496.06835938
-4094.39819336
-4937.63085938
-3081.58007812
-3862.36743164
-4776.75292969
-4293.86621094
-3470.92333984
-4612.25390625
-4561.16259766
-4814.54150391
-4740.85791016
-4241.19970703
-4257.74804688
-3794.37280273
-3660.95996094
-3778.07006836
-3458.36303711
-3649.69287109
-2107.72949219
-3259.90307617
-2384.36401367
-2285.68310547
-3421.17700195
-3168.27197266
-3123.40454102
-6032.25097656
-4028.73168945
-5381.14013672
-5750.35449219
-3131.57641602
-3382.65820312
-2745.24047852
-3141.16064453
-1981.36938477
-5055.15039062
-3785.51049805
-2332.91650391
-2628.13574219
-2743.03442383
-2285.35961914
-1506.70019531
-1417.23583984
-1621.92663574
-1369.69592285
-2159.18701172
-2455.68798828
-1439.31323242
-2161.29492188
-1422.30883789
-1796.83239746
-1305.12719727
-1311.43774414
-1699.73608398
-1901.49011230
-4071.94433594
-2539.37255859
-2373.20214844
-3180.16821289
-2092.53125000
-1863.33251953
-4914.27148438
-2114.79833984
-2022.59692383
-2500.26855469
-5129.68798828
-3224.48828125
-4110.22705078
-4287.04882812
-4779.98437500
-4018.82250977
-3956.41992188
-2976.60058594
-3955.05468750
-3489.64697266
-2908.00756836
-2551.46313477
-3624.35522461
-3474.90429688
-4675.19775391
-4065.68286133
-1891.51782227
-6101.04101562
-2887.23730469
-3641.87304688
-3417.65185547
-3735.61694336
-4241.98681641
-2809.86303711
-4290.38330078
-3224.69311523
-1845.58398438
-1575.63867188
-1339.09045410
-1412.55737305
-1259.05444336
-2027.32080078
-1830.81176758
-1443.34692383
-1555.77685547
-1108.74731445
-1419.49743652
-1544.01757812
-1510.69140625
-1202.85375977
-1657.59155273
-2109.42529297
-2905.48608398
-3130.27050781
-2603.22338867
-2567.90844727
-3640.23779297
-3086.74047852
-4077.22192383
-3818.82348633
-5730.79589844
-7441.11181641
-6868.31933594
-9704.03125000
-6533.74707031
-5870.35546875
-6574.52246094
-7526.09570312
-4965.70800781
-6760.44531250
-8727.21972656
-5044.72265625
-7909.20117188
-6065.74609375
-5832.43017578
-2303.20019531
-2468.76293945
-2398.31933594
-1946.82141113
-2556.05419922
-2005.63562012
-3280.56835938
-2760.31689453
-2894.01562500
-3525.65966797
-3893.51831055
-3137.39624023
-2032.67944336
-4059.11083984
-2704.59472656
-3540.20166016
-4766.94628906
-5231.31152344
-3048.14208984
-9284.25195312
-6786.31396484
-5567.00048828
-7068.19873047
-5107.87158203
-4097.19238281
-3639.78759766
-4436.78613281
-4384.20507812
-4399.00097656
-5298.73632812
-4229.04980469
-4434.00976562
-5415.36230469
-5664.87304688
-10806.08398438
-4757.04931641
-4714.35253906
-4688.18847656
-4731.69824219
-3926.51977539
-3130.88012695
-2835.49560547
-2812.89941406
-4773.53076172
-2646.91455078
-3935.67480469
-4015.25244141
-6104.99511719
-4701.71923828
-2763.81689453
-2172.52343750
-4178.56640625
-3142.21044922
-2341.36547852
-4387.35937500
-2378.72729492
-2675.88598633
-1723.73046875
-1299.67529297
-2026.84020996
-1397.38183594
-1801.36938477
-2824.87133789
-2023.48852539
-1886.58325195
-2356.66015625
-2738.75048828
-3018.43408203
-3166.92187500
-2593.58520508
-2835.62255859
-2530.09472656
-3018.79833984
-2250.16918945
-2284.84082031
-3571.79833984
-4471.42724609
-3535.34814453
-3864.23632812
-3551.70581055
-6201.76074219
-2776.66772461
-2403.45947266
-3195.13452148
-5007.76904297
-4521.20751953
-3923.95581055
-3792.32128906
-4819.45703125
-3487.15087891
-6908.20800781
-4567.82031250
-4439.60302734
-5603.07714844
-4903.78662109
-4013.75976562
-3108.40820312
-3205.31225586
-3596.78466797
-2834.13256836
-2729.54345703
-2417.16259766
-4046.21899414
-2533.69677734
-3696.45849609
-6047.06738281
-5585.92480469
-4244.02099609
-4033.22265625
-4132.70556641
-3248.46337891
-4752.88134766
-3054.14404297
-4450.98681641
-5188.89453125
-2754.62548828
-4680.75390625
-3978.83398438
-2218.66699219
-3992.88378906
-2971.76123047
-3047.22436523
-3710.02685547
-3448.69726562
-3204.57934570
-3016.56542969
-2792.06738281
-3669.37402344
-3121.72363281
-2119.49218750
-3221.28710938
-3653.67578125
-1025.64709473
-1422.44567871
-1719.85742188
-2494.72949219
-952.65100098
-948.77825928
-1192.59387207
-1598.18469238
-1132.36547852
-1231.70227051
-2989.53027344
-1413.97460938
-1547.39489746
-1359.89978027
-2007.93432617
-1296.64331055
-1029.27026367
-3713.47656250
-2682.08154297
-988.12005615
-5124.99365234
-2258.16943359
-2612.04980469
-3257.84570312
-6411.03613281
-2969.13574219
-4354.90332031
-4587.22412109
-4559.05468750
-5943.73876953
-5500.22314453
-5447.59863281
-5602.54980469
-6328.03222656
-5269.11816406
-4580.23925781
-3284.42041016
-6508.69726562
-2362.17626953
-3180.23876953
-1581.54077148
-2078.56713867
-2662.57714844
-3496.36206055
-2698.86059570
-1818.10180664
-4718.65966797
-5788.85351562
-6668.07031250
-3418.70996094
-5532.23632812
-2106.91748047
-4156.40283203
-4524.37451172
-4102.44873047
-6180.30517578
-3714.31689453
-2635.95312500
-2694.29589844
-3951.31542969
-2647.36206055
-2357.05688477
-2913.63134766
-3621.52514648
-2414.60229492
-2174.09326172
-5585.42187500
-3918.95385742
-2939.83154297
-3490.25976562
-2608.66357422
-1397.52172852
-3480.05517578
-2533.80737305
-3373.10620117
-3197.88012695
-4353.61865234
-5167.46679688
-3643.20019531
-2328.80297852
-7505.28466797
-8359.13671875
-9272.76953125
-9696.17578125
-4437.70507812
-5972.44921875
-4554.43798828
-4051.66406250
-4790.29003906
-3093.19921875
-4194.08398438
-8484.06054688
-3303.06835938
-3802.20849609
-915.97637939
-1096.95849609
-1537.42614746
-1112.32189941
-1710.52905273
-2763.82421875
-2410.80102539
-2024.19409180
-2709.55786133
-2672.67724609
-2476.51293945
-3920.42041016
-4664.57470703
-3947.57641602
-3951.44726562
-4249.59228516
-6011.50195312
-4616.49902344
-4583.38378906
-2282.77148438
-2867.55029297
-4074.54150391
-3325.42285156
-2521.67919922
-3299.89355469
-3080.11718750
-2688.54760742
-2173.33007812
-2622.57104492
-2430.93798828
-2673.51635742
-3184.20751953
-2969.26757812
-2926.83032227
-3930.47656250
-3721.05566406
-6302.54248047
-3396.44604492
-2229.84179688
-2815.92187500
-1994.60437012
-937.01977539
-2572.36401367
-1446.20617676
-3837.85644531
-2941.01245117
-2704.74560547
-1362.29968262
-2458.90576172
-1392.74755859
-4630.32031250
-1951.83618164
-2402.31298828
-4786.44531250
-4434.48242188
-3017.65576172
-1932.85888672
-5169.66064453
-4316.46679688
-2741.02587891
-3657.96362305
-3048.94433594
-3983.30224609
-2792.90502930
-2007.55725098
-2957.30810547
-1907.50317383
-2536.22631836
-1988.66052246
-4187.38183594
-2005.79541016
-2624.08154297
-3616.13232422
-3039.09326172
-3622.10400391
-1212.19384766
-3302.70996094
-1578.14929199
-1745.94702148
-4932.13232422
-2003.15527344
-5923.57714844
-3204.75732422
-3318.64233398
-2763.61279297
-4271.56445312
-3929.84033203
-5949.55175781
-4986.74218750
-3765.13354492
-3088.22314453
-4920.61132812
-6034.82421875
-4724.73046875
-10157.48046875
-7378.53662109
-6401.20361328
-5612.43310547
-5355.17578125
-2809.05761719
-6513.14208984
-5618.28857422
-9503.92578125
-8384.57519531
-5380.36035156
-7138.31640625
-4121.91992188
-6730.34619141
-4612.74218750
-7146.32470703
-5218.49511719
-6731.60986328
-5219.38671875
-6396.12646484
-8133.67041016
-6315.31152344
-6197.39648438
-9333.63085938
-14256.25781250
-7078.66552734
-11353.11230469
-7536.47900391
-6725.26171875
-7747.59375000
-7320.24218750
-5076.25390625
-5169.00390625
-7959.83984375
-5843.22851562
-4398.23242188
-6174.68945312
-6535.78222656
-947.95129395
-2069.27343750
-4740.37304688
-2533.06396484
-5558.11523438
-8337.18359375
-3778.99511719
-3718.78393555
-5445.87011719
-4449.22265625
-7646.20117188
-9318.43164062
-5211.55859375
-4406.92773438
-9469.32421875
-3275.42309570
-6025.33398438
-6860.77441406
-6776.45605469
-7605.96875000
-3273.43115234
-6635.77441406
-4105.81542969
-7736.17187500
-7552.68066406
-10409.56445312
-13110.84375000
-6458.12792969
-6463.27539062
-5079.12402344
-6064.49023438
-4148.03369141
-5877.07666016
-6084.83251953
-7996.67871094
-3711.58740234
-7065.62646484
-3296.64404297
-858.16101074
-1238.47412109
-1021.53747559
-1173.19836426
-1454.35363770
-1413.82714844
-1448.00512695
-2416.51123047
-3990.85937500
-2847.81738281
-2845.27734375
-5134.81933594
-6887.64648438
-3301.24414062
-2400.48095703
-5484.51416016
-3449.26464844
-5018.27539062
-1687.76391602
-1466.61791992
-3564.36938477
-2715.17651367
-1974.08630371
-1658.16406250
-4223.21533203
-3160.34741211
-4849.10839844
-2984.65161133
-6110.72167969
-3681.91699219
-4101.85546875
-3798.06005859
-3046.45727539
-3490.70800781
-5148.72705078
-5303.40234375
-5128.59472656
-6517.94628906
-4985.37792969
-5825.35595703
-6075.17578125
-4451.35693359
-4606.55175781
-4778.31542969
-5369.05224609
-7381.54882812
-6947.53564453
-4427.96240234
-3093.32812500
-6565.48291016
-3549.40380859
-3772.77099609
-3789.75585938
-4106.92822266
-3615.53002930
-5509.91650391
-1342.49560547
-2436.12841797
-2441.26416016
-1805.59875488
-1731.00976562
-1535.58300781
-1318.21398926
-1369.62658691
-1709.02758789
-2223.11816406
-3359.42382812
-2531.80126953
-3415.77124023
-4789.29394531
-2068.14794922
-3689.05029297
-4107.15722656
-3465.66333008
-5108.81445312
-3377.21777344
-4515.33593750
-3928.49658203
-7560.71337891
-3814.34790039
-6812.32324219
-4257.00146484
-3232.67651367
-2082.09179688
-6560.02929688
-4736.17382812
-6874.58056641
-7438.87353516
-5599.80566406
-5513.49609375
-7497.32128906
-8611.19531250
-9898.48632812
-3817.80419922
-6536.81738281
-8896.33593750
-7095.41992188
-4712.08984375
-7418.50097656
-6776.10498047
-7857.46044922
-5024.83154297
-5900.30224609
-4886.56542969
-5775.98632812
-3176.85937500
-7057.40625000
-4702.34423828
-4931.41845703
-5141.68554688
-7401.02978516
-7382.84326172
-6317.62109375
-10312.34375000
-13206.44140625
-10839.97460938
-11925.38085938
-11714.07031250
-10257.62500000
-10240.12890625
-8305.82031250
-6329.16796875
-8963.05957031
-9925.70312500
-8623.72949219
-5847.79296875
-7482.50000000
-6304.67382812
-9475.89257812
-7869.74267578
-8008.74218750
-10829.00195312
-12303.03515625
-8434.22851562
-8884.57519531
-8922.78710938
-3911.56054688
-7262.00976562
-7255.38964844
-10306.87207031
-8871.55371094
-6576.33349609
-6448.75585938
-5888.28125000
-6793.92138672
-4278.77587891
-7225.27148438
-4993.62744141
-6597.48730469
-7641.00097656
-3201.44116211
-2570.87622070
-8381.90917969
-7816.77392578
-11893.66992188
-8229.71875000
-12808.05273438
-13179.61816406
-10365.81640625
-6302.89111328
-6516.24414062
-6848.08203125
-6860.24462891
-5115.05859375
-7548.88769531
-8183.44140625
-4948.38085938
-5287.02832031
-6788.76757812
-2685.87939453
-3486.46215820
-2948.52856445
-2405.57275391
-2097.57763672
-4668.57617188
-2965.30761719
-4446.47167969
-4660.93896484
-3895.95166016
-3748.63061523
-4268.18652344
-3685.76367188
-2933.72656250
-1457.15771484
-2725.10546875
-5793.17285156
-7068.85546875
-3274.72216797
-5634.93066406
-4796.64941406
-7766.08398438
-7470.45019531
-7745.31738281
-9812.72851562
-6192.06445312
-6908.98583984
-7963.97265625
-5226.20312500
-7346.23730469
-7879.02734375
-8167.92285156
-7016.73437500
-6398.66308594
-4401.47509766
-5458.81835938
-6128.89843750
-6131.42626953
-7653.75537109
-6822.95898438
-10070.95507812
-6992.02685547
-6406.90820312
-6157.26562500
-7767.40039062
-6257.81298828
-9413.02246094
-7134.38769531
-4213.35693359
-10379.03125000
-5988.25195312
-3800.45654297
-4070.21655273
-7176.38867188
-9337.67089844
-5248.29980469
-5098.31982422
-7048.79296875
-4766.87695312
-6551.75195312
-6179.97167969
-5560.23535156
-13902.29394531
-7000.47460938
-6690.77636719
-12589.57812500
-9091.51757812
-3298.50244141
-8575.99804688
-4708.36035156
-5513.82226562
-2632.30468750
-5502.81689453
-5536.09960938
-5193.34863281
-8106.35205078
-15303.21289062
-8468.66992188
-4938.86230469
-8066.41308594
-9497.25000000
-10446.54687500
-16052.76562500
-9861.47070312
-9702.89257812
-16196.30859375
-19798.65625000
-12477.44335938
-11356.33984375
-16005.93847656
-8491.17675781
-16534.30468750
-12321.37109375
-9518.15917969
-10813.64160156
-5741.39550781
-6393.90869141
-2594.60009766
-5555.83300781
-5028.54443359
-4945.57714844
-4992.31396484
-3545.15283203
-4703.86181641
-4976.90722656
-6868.33496094
-7619.82226562
-11046.37109375
-6604.86230469
-4198.94824219
-7030.21777344
-8739.45312500
-3475.30615234
-3106.68017578
-2652.54882812
-4085.16845703
-2938.54882812
-3146.45605469
-3237.77587891
-3541.33056641
-2607.44628906
-3904.18603516
-3873.61962891
-3518.81982422
-2410.68115234
-3447.30761719
-3063.16406250
-2080.68701172
-3960.04492188
-6309.75292969
-2949.03857422
-4651.28613281
-11021.51757812
-15196.56152344
-17468.35156250
-16499.85156250
-19725.52539062
-13801.09765625
-14075.13085938
-15849.64062500
-11302.19824219
-21075.85546875
-15646.56054688
-21157.09570312
-13904.65820312
-15524.01562500
-17417.80859375
-14568.71191406
-15279.95410156
-16750.76757812
-15538.84179688
-9144.18066406
-5410.55664062
-8128.96386719
-8336.56640625
-9988.67968750
-16270.46484375
-8738.32617188
-12285.96191406
-9309.66210938
-13664.36328125
-15794.11132812
-11272.17968750
-14861.43359375
-13019.45214844
-13840.03222656
-17820.35937500
-11672.00585938
-9591.27734375
-6463.36816406
-9743.57031250
-20090.49218750
-8980.41503906
-8739.53125000
-5428.27832031
-12724.70410156
-5529.01611328
-9263.45800781
-6260.94824219
-4190.30664062
-11403.19921875
-9363.61132812
-4907.08007812
-4252.83349609
-2246.05664062
-3370.68359375
-3675.83056641
-6120.73925781
-4335.69726562
-9297.46875000
-12866.44531250
-19152.60742188
-15543.00976562
-12305.96679688
-15398.34960938
-21506.85156250
-24385.44531250
-19124.06640625
-18279.67773438
-18475.47265625
-18198.88281250
-13811.12207031
-7246.30419922
-20039.62500000
-10619.98632812
-17568.88085938
-18849.29492188
-16630.14062500
-24909.67187500
-35937.44140625
-19439.69921875
-33008.91796875
-28939.63476562
-33445.90234375
-22372.29882812
-25636.01562500
-22107.02734375
-17621.61718750
-25220.31250000
-21518.87109375
-18179.77734375
-17188.99218750
-23528.25000000
-20041.04882812
-18977.99804688
-20955.90234375
-16519.84375000
-8650.17285156
-16650.80664062
-13139.16406250
-6991.54736328
-7249.07031250
-6367.76757812
-11204.94921875
-10645.26367188
-7491.95117188
-11923.08593750
-13626.77539062
-11151.98144531
-18026.88671875
-10359.23144531
-11625.71679688
-12907.29589844
-10008.69726562
-16139.18359375
-15349.79980469
-14708.78125000
-11267.45312500
-8987.56250000
-8327.44921875
-12849.67285156
-11515.79882812
-15836.39550781
-22046.95703125
-20331.57812500
-17690.32031250
-19075.26171875
-13190.17187500
-28644.49609375
-24732.43164062
-13743.98828125
-20205.54101562
-24699.36718750
-32875.55078125
-16541.83984375
-7815.78125000
-24260.34765625
-22880.38671875
-16225.97265625
-24943.27343750
-12632.70507812
-15713.52734375
-15151.10937500
-8468.81250000
-16694.89453125
-13882.82714844
-15455.67675781
-17769.98437500
-16546.87500000
-20247.88281250
-11146.04980469
-13285.35546875
-14823.16210938
-2380.78100586
-1997.78637695
-4843.99218750
-5537.50976562
-3199.27124023
-1805.34350586
-2073.23925781
-2527.92797852
-3084.28710938
-2025.68481445
-7413.69824219
-1911.74060059
-5452.71142578
-2512.71093750
-2277.17089844
-11363.34179688
-7422.42529297
-4434.96728516
-6002.93994141
-12954.14550781
-8218.47851562
-4832.37304688
-12213.82714844
-14009.95019531
-11133.01171875
-17082.38867188
-14834.13671875
-10822.37890625
-14566.45117188
-10974.65429688
-17755.22851562
-24256.72070312
-14481.58496094
-12426.75976562
-12511.74414062
-9418.52148438
-8628.45214844
-7629.48730469
-3145.76806641
-2716.98437500
-2562.63867188
-3859.77319336
-3744.45117188
-3529.20556641
-4544.27685547
-20502.69140625
-4110.65429688
-7152.45458984
-6928.92968750
-12043.43750000
-8633.83789062
-4619.77832031
-5714.45996094
-6017.26416016
-18500.12890625
-5916.86083984
-5180.99316406
-12999.53515625
-12312.03906250
-10658.28125000
-7953.55175781
-12163.26562500
-11362.70214844
-16349.24804688
-28200.78906250
-15125.17675781
-20505.42968750
-17589.12109375
-19985.69921875
-31229.93554688
-25617.38281250
-19278.11914062
-11653.34570312
-18487.39453125
-25047.71289062
-19277.86132812
-17329.89257812
-15290.74609375
-15297.53808594
-18571.02734375
-7530.25439453
-15727.86328125
-9944.16210938
-11924.04785156
-18584.28515625
-12398.67187500
-10493.75585938
-18881.83984375
-11257.38281250
-11003.92578125
-13612.42089844
-12137.93359375
-13412.77539062
-13395.19531250
-16722.65625000
-17391.89843750
-15959.25292969
-17118.44726562
-12293.30078125
-22055.50390625
-20846.67382812
-17539.48437500
-21778.51171875
-22934.11523438
-24243.47656250
-32043.23046875
-15349.38867188
-21770.78320312
-28623.32421875
-19551.66406250
-32773.92968750
-18444.07226562
-22311.71679688
-36897.29687500
-37967.41406250
-32551.75976562
-23758.51367188
-20212.19921875
-18219.34765625
-15279.93066406
-30756.33789062
-23979.68359375
-26459.12500000
-15491.78125000
-26120.44140625
-19356.58593750
-27171.37695312
-15956.95703125
-16125.27148438
-32642.15039062
-22112.75390625
-34347.40234375
-18987.47265625
-14414.66992188
-19310.71289062
-21992.37500000
-21156.71484375
-28609.68750000
-15468.99414062
-26763.43945312
-16386.66796875
-17393.12304688
-17544.99218750
-14894.76269531
-23724.53710938
-17733.55664062
-22947.60742188
-13370.67578125
-14933.00000000
-14425.53710938
-13326.54687500
-5413.76220703
-7866.03173828
-5557.75976562
-6562.93554688
-6351.68945312
-9560.88476562
-11061.55859375
-20301.42187500
-7514.32910156
-8049.31640625
-10808.92578125
-8877.01171875
-10371.41210938
-12531.24414062
-13002.70117188
-8445.95507812
-10143.43554688
-6297.83886719
-8794.24511719
-10776.22460938
-8266.20605469
-10705.26953125
-6027.79101562
-4827.94433594
-8604.00390625
-6006.61523438
-6691.64892578
-12922.71484375
-4788.20361328
-9313.18554688
-5192.97216797
-6221.99902344
-9922.09765625
-7100.65087891
-8799.52929688
-9232.67578125
-6942.89892578
-21829.27734375
-16689.26171875
-11951.19042969
-16015.52050781
-13103.46484375
-12953.98046875
-11072.76171875
-10952.56640625
-8728.20312500
-11326.78515625
-13418.68750000
-10118.34765625
-9265.27148438
-12105.50488281
-11562.12304688
-11647.55566406
-11381.51367188
-9665.71484375
-8227.66406250
-5614.35839844
-7545.45898438
-5880.93164062
-10707.04687500
-13931.88671875
-22115.32226562
-13160.61035156
-10517.55175781
-12448.15625000
-12754.49023438
-8909.77148438
-28492.52539062
-8034.14306641
-10267.07031250
-15088.73046875
-9751.59667969
-11176.81250000
-15222.08789062
-28189.59765625
-65826.98437500
-39091.16406250
-56883.94531250
-51428.44921875
-41078.03125000
-41420.48437500
-36986.37109375
-43182.39843750
-30055.88281250
-37510.77343750
-28114.93750000
-50142.83984375
-41830.44140625
-26321.23632812
-13298.72460938
-24767.72265625
-21102.25781250
-37338.16406250
-18513.88281250
-3638.73876953
-9047.33886719
-14789.09179688
-16041.45507812
-16426.10546875
-16106.08789062
-16071.97167969
-12198.64257812
-11343.26367188
-15889.51171875
-20957.58203125
-15327.67089844
-27007.74414062
-11328.87304688
-16629.28710938
-14470.74902344
-21525.89648438
-12912.15820312
-16476.25976562
-11058.30468750
-17288.89257812
-20490.96484375
-18913.95703125
-22996.75390625
-19008.30078125
-18386.49218750
-18434.79296875
-20528.87500000
-16562.39648438
-16823.92578125
-15688.81250000
-14747.98437500
-18359.67968750
-18374.95117188
-13708.65527344
-14791.15039062
-12110.35839844
-15786.07324219
-5672.98925781
-7247.07763672
-8559.09570312
-11502.29492188
-14228.78906250
-7589.65332031
-8492.30175781
-8587.97851562
-14341.94433594
-11882.28906250
-11273.76562500
-11463.19042969
-13765.21679688
-16942.96484375
-15860.47558594
-11907.52148438
-14293.38183594
-15168.20312500
-32786.96875000
-32845.25781250
-31199.46484375
-30042.19140625
-30823.65625000
-28585.89257812
-26464.32812500
-32335.99414062
-35183.71875000
-36102.75390625
-27935.83593750
-29166.68750000
-28486.35156250
-22436.74023438
-23782.52734375
-21052.10156250
-29915.64062500
-25244.74218750
-29433.51562500
-17075.89062500
-15384.53222656
-13795.30859375
-9756.45507812
-12396.50585938
-9445.54980469
-12998.71289062
-10257.58984375
-11038.87011719
-15697.99804688
-14486.00390625
-13899.86523438
-11577.79589844
-17845.20703125
-17770.65429688
-23866.35742188
-20741.34765625
-11058.19531250
-15173.90234375
-18222.23242188
-21541.22070312
-28929.97265625
-27132.86328125
-25953.36914062
-22215.45312500
-26215.50390625
-19692.36328125
-26673.75000000
-30322.17968750
-20895.35156250
-20089.85351562
-18812.35546875
-22862.10546875
-30617.29296875
-23759.61718750
-21735.82617188
-26607.82812500
-12863.90429688
-11234.83593750
-15001.47070312
-7268.25683594
-15814.71191406
-11903.10937500
-13598.24902344
-17444.00000000
-16809.52929688
-12305.04589844
-6635.19970703
-20843.80468750
-6104.32324219
-11127.66406250
-26775.39257812
-12033.34375000
-12706.91796875
-25079.52148438
-16723.23046875
-19358.11523438
-15244.60351562
-20429.91210938
-17900.89453125
-10574.32226562
-19092.46289062
-18149.13281250
-18061.59375000
-18621.67187500
-18873.65820312
-14803.73437500
-18166.71875000
-19233.87890625
-24931.42578125
-19853.72460938
-19702.03515625
-28501.87695312
-22746.49218750
-24447.16406250
-15053.36523438
-40618.34375000
-32738.20703125
-29423.00976562
-35453.11718750
-30239.16601562
-24870.00195312
-30762.14843750
-34071.11718750
-20929.42578125
-20618.41015625
-26673.70898438
-15239.53027344
-20280.33593750
-26707.84375000
-32600.85351562
-31925.18554688
-38352.89843750
-23677.36914062
-35889.98437500
-71399.95312500
-47664.49218750
-63325.90234375
-52072.71875000
-56749.74609375
-63846.03906250
-45409.44140625
-38779.06640625
-31934.91601562
-28333.80468750
-60902.55468750
-38534.82812500
-49343.86718750
-47526.62500000
-58545.96875000
-49934.68750000
-36353.56250000
-60404.85546875
-20958.80468750
-17121.64062500
-30043.25195312
-14741.21093750
-11890.02929688
-18102.56640625
-18264.53906250
-9881.11035156
-18282.03515625
-18463.74609375
-9310.16210938
-14092.15429688
-12863.98828125
-12815.35156250
-16005.32421875
-23201.76953125
-19427.69726562
-19925.92382812
-13836.08593750
-35105.64062500
-37574.50000000
-41314.18750000
-27142.60742188
-35140.94531250
-28834.85937500
-32372.20312500
-26877.70117188
-21385.42187500
-19945.25390625
-27223.32812500
-13983.32421875
-17311.25781250
-15422.49609375
-27714.15234375
-13285.33007812
-28002.21484375
-36954.73828125
-20434.61132812
-19400.03710938
-38337.00000000
-5693.20898438
-18979.26562500
-18825.60742188
-28199.98437500
-43165.80468750
-72376.21875000
-41245.90234375
-45759.40625000
-67674.71875000
-23322.67968750
-36982.67187500
-51755.31250000
-30274.98437500
-30363.47656250
-20477.09765625
-19869.17187500
-28869.03906250
-20580.44921875
-34313.26953125
-23447.73437500
-27927.50585938
-27541.07812500
-13670.74414062
-27429.31445312
-17720.28515625
-24255.56250000
-31254.55664062
-29072.88867188
-35269.12500000
-25174.39062500
-56754.32031250
-21875.58984375
-14896.12207031
-22792.08203125
-76642.00000000
-23589.55273438
-28898.77539062
-31652.08203125
-17991.90039062
-16751.54296875
-21064.35742188
-24067.33984375
-33082.63281250
-12799.96484375
-29246.82812500
-19291.83593750
-17205.14062500
-28476.73046875
-75152.04687500
-42041.78125000
-21994.94531250
-24999.29296875
-18998.08203125
-20933.70703125
-13438.86816406
-28251.47656250
-24630.25976562
-15121.15332031
-22205.27539062
-72752.64843750
-40585.76562500
-92250.45312500
-33305.55859375
-91282.31250000
-64045.70703125
-23973.12500000
-23209.07421875
-74853.23437500
-36945.79687500
-56889.81250000
-30408.38281250
-52720.93750000
-31266.51953125
-38059.14453125
-41245.27343750
-30183.27148438
-34774.85156250
-17255.13281250
-118333.57812500
-92251.25000000
-106582.18750000
-93022.79687500
-50484.98046875
-60654.69140625
-74685.75781250
-131165.70312500
-149213.81250000
-139661.14062500
-67219.92968750
-90574.07031250
-103784.07812500
-123967.42187500
-227699.21875000
-186738.00000000
-251876.68750000
-145549.81250000
-168115.01562500
-204983.82812500
-208579.75000000
-170862.12500000
-237345.73437500
-132848.68750000
-181030.89062500
-143907.78125000
-166244.39062500
-161884.71875000
-172320.85937500
-121151.39062500
-155294.06250000
-188026.45312500
-156072.03125000
-54445.60156250
-20307.72656250
-47966.48437500
-40358.04296875
-49912.93750000
-46524.48046875
-36341.40625000
-49110.64843750
-20538.43750000
-45894.78515625
-29536.21093750
-34541.68359375
-28264.04687500
-31691.12304688
-54093.03515625
-37448.17187500
-34766.26562500
-49929.82812500
-59710.90625000
-30326.92578125
-63424.38281250
-88549.90625000
-72442.52343750
-99450.70312500
-98307.54687500
-67338.40625000
-67039.36718750
-62907.15625000
-80281.07031250
-78945.71093750
-74242.98437500
-66550.07031250
-50663.81250000
-81938.71875000
-46627.41796875
-45919.19531250
-90833.92968750
-51917.52343750
-39706.45703125
-29235.55078125
-74044.11718750
-73746.10156250
-34758.01953125
-92195.12500000
-38262.46875000
-46242.35546875
-27209.74609375
-46016.10937500
-35379.96093750
-46659.94531250
-26834.30859375
-46568.34375000
-32252.25390625
-52148.76562500
-29912.30664062
-33049.02343750
-32679.26562500
-27278.76757812
-26845.96875000
-32052.26953125
-21326.07812500
-33989.39843750
-25131.83007812
-26558.74609375
-39619.38281250
-22130.97070312
-26587.17382812
-23606.41015625
-46810.03515625
-47777.14843750
-23036.02734375
-23621.18554688
-24317.36718750
-36472.02734375
-26943.01171875
-36569.10937500
-44913.26953125
-38742.16796875
-48759.80468750
-20879.55859375
-37028.59375000
-30632.50390625
-35008.75000000
-48922.82031250
-55578.41796875
-45864.81640625
-39400.31250000
-43403.93750000
-26605.00000000
-42917.44531250
-49687.16015625
-21783.60937500
-56786.70312500
-58606.84765625
-36744.28125000
-39938.55859375
-89287.11718750
-61362.96875000
-39342.03515625
-28912.79687500
-53264.97656250
-25276.76953125
-47710.80468750
-44299.58593750
-27722.13671875
-30414.28710938
-15338.44433594
-41664.04687500
-23835.21093750
-53416.23828125
-18887.18554688
-32268.25390625
-25559.38085938
-14036.80175781
-35174.96484375
-31279.92187500
-31535.11718750
-10968.67871094
-15678.90820312
-23694.10546875
-12632.89062500
-10738.90722656
-9205.88085938
-11165.11914062
-20196.87500000
-12458.63574219
-12035.13867188
-16837.10546875
-20237.07421875
-16775.04687500
-14913.37988281
-28323.08593750
-32038.90625000
-44335.93750000
-24013.86328125
-33711.32812500
-26700.58984375
-44893.50000000
-28153.91015625
-33064.00781250
-28419.26953125
-27516.99218750
-27863.60351562
-41221.52343750
-41788.01953125
-37519.67187500
-39576.11718750
-42128.67968750
-43745.50000000
-40343.48828125
-42110.22656250
-75331.07812500
-60724.22656250
-57835.10156250
-60063.28906250
-58318.35156250
-39556.55468750
-50036.67187500
-47004.56640625
-56900.15625000
-37094.32421875
-34208.65234375
-45422.49218750
-35587.93750000
-45828.30468750
-35668.51562500
-44752.28125000
-48748.53125000
-55511.40625000
-28832.09765625
-24600.07617188
-30488.14843750
-37519.90234375
-31049.75390625
-33944.95312500
-24245.91210938
-27008.48046875
-21444.18359375
-33483.92578125
-21015.46875000
-26700.94921875
-23553.28906250
-27853.49609375
-21989.70898438
-32518.19140625
-41053.10156250
-37719.10156250
-24257.91406250
-24483.26757812
-22138.23437500
-17445.85156250
-12792.82714844
-20693.26953125
-20009.60351562
-18465.65429688
-12901.66796875
-19226.07031250
-19359.29687500
-19380.78515625
-16717.97460938
-17316.31250000
-23224.59765625
-17663.16015625
-27871.92187500
-29445.56445312
-32339.78515625
-34362.20703125
-24121.09570312
-24890.23437500
-20650.20312500
-27444.14648438
-13263.47265625
-28522.96093750
-24761.90234375
-20705.64453125
-30558.77539062
-45185.36328125
-33192.75000000
-27156.61718750
-21356.28906250
-26169.91796875
-23048.34375000
-21032.97656250
-18832.84375000
-25990.74218750
-31050.23046875
-15222.52050781
-17211.44921875
-14284.41796875
-18376.63671875
-18490.72656250
-19783.43750000
-27956.47851562
-21406.91796875
-24682.47070312
-15886.13671875
-19465.21093750
-27933.71484375
-25269.29882812
-26354.77343750
-21407.50781250
-28672.43554688
-25759.50390625
-28361.06054688
-28827.73046875
-32039.17578125
-19591.29882812
-22949.52148438
-21955.59765625
-25656.91015625
-26385.19140625
-24770.91796875
-31332.48437500
-30154.91406250
-27284.75781250
-24960.06835938
-29544.97851562
-24663.61914062
-25184.25781250
-25434.71289062
-28510.36718750
-34079.03906250
-31741.62500000
-33043.70312500
-18583.33007812
-13700.66601562
-13016.01757812
-12591.92773438
-9456.00000000
-11099.42578125
-24023.67968750
-12436.19921875
-15524.56542969
-13040.82617188
-25677.06640625
-36014.89843750
-21682.64062500
-16770.97265625
-15624.32226562
-23528.58593750
-24664.06835938
-24825.55273438
-18858.35546875
-11844.90917969
-11065.62304688
-12141.89648438
-13054.42382812
-20298.41015625
-21662.54101562
-24888.69531250
-28848.60546875
-23777.66796875
-20915.26953125
-21293.47851562
-16130.33398438
-17179.56640625
-17894.41601562
-15715.64062500
-23121.18554688
-18061.43164062
-25355.44140625
-17016.74609375
-21290.98437500
-26468.28515625
-34656.54296875
-29929.20898438
-25917.25781250
-16965.76171875
-13636.82812500
-19622.51757812
-27593.01562500
-23985.17578125
-15103.21093750
-16765.72265625
-15232.01953125
-28380.23437500
-29624.42578125
-17407.91796875
-15411.26171875
-15067.07519531
-22858.79687500
-27176.27734375
-21901.23046875
-18857.27539062
-12651.46289062
-21037.66406250
-19184.46093750
-26426.83203125
-26219.57226562
-19941.88867188
-18520.42187500
-19918.22265625
-19308.93359375
-30913.30468750
-35045.49609375
-31421.85351562
-15580.18457031
-22278.89062500
-15717.34765625
-8651.63867188
-16213.56835938
-9012.53027344
-11261.49609375
-9381.85351562
-17205.00390625
-12092.32226562
-19871.53906250
-14095.25976562
-14013.30664062
-14919.81445312
-11604.70703125
-14379.01953125
-19308.48046875
-22299.91601562
-18502.42773438
-22164.59179688
-18516.49218750
-16302.61132812
-34842.42187500
-13327.89746094
-44897.06250000
-31894.45703125
-36659.81250000
-48449.83984375
-36990.91406250
-19664.83203125
-20763.34570312
-29735.27343750
-27977.34179688
-16655.45507812
-45699.88281250
-18542.50000000
-26745.92968750
-25693.86718750
-63155.06250000
-31753.67578125
-19406.10156250
-6388.86279297
-7596.65380859
-14411.14941406
-8591.65625000
-8401.68066406
-7933.51660156
-14082.63769531
-7925.55810547
-9628.08593750
-10813.44531250
-9288.29785156
-7336.83056641
-13172.98925781
-12113.24804688
-9533.70703125
-18594.29492188
-15125.77636719
-16585.24414062
-9313.71582031
-21057.51953125
-14896.24609375
-22597.64062500
-16155.90234375
-21969.25390625
-12950.23046875
-23040.76367188
-16200.55566406
-20312.29101562
-12905.50976562
-12126.67968750
-9616.13183594
-13956.11718750
-11590.15136719
-14212.77734375
-11540.21972656
-15221.26464844
-15388.08300781
-12484.38574219
-16503.82031250
-26109.15039062
-26147.66406250
-23730.52734375
-21036.48437500
-34074.21875000
-12986.28515625
-19236.56250000
-17506.43750000
-22144.40039062
-20638.36132812
-30738.98046875
-15939.49609375
-28621.53515625
-25730.59179688
-24320.88867188
-39516.00390625
-29120.62890625
-24356.18554688
-21862.42187500
-27908.10937500
-16016.80761719
-16971.32226562
-26105.68164062
-16152.62890625
-20892.11718750
-13370.12109375
-31293.72265625
-16184.81250000
-12229.54785156
-15303.30761719
-21196.17968750
-11672.26757812
-11744.10253906
-19966.38085938
-11224.40234375
-19421.85546875
-7809.42773438
-8519.45800781
-6611.52539062
-8329.52148438
-11574.41992188
-12269.90527344
-12825.71484375
-15732.86523438
-15234.93750000
-16109.05859375
-13494.66406250
-17810.56640625
-17499.16210938
-18134.86914062
-16282.52539062
-16899.58007812
-19877.79492188
-18593.59570312
-18165.29687500
-22866.46093750
-23164.69921875
-23131.70312500
-24620.01171875
-27272.91992188
-26880.13085938
-20232.36718750
-28620.26367188
-29622.90625000
-28522.20312500
-20481.02148438
-25944.72851562
-15902.08886719
-19841.44531250
-21311.49218750
-30900.07812500
-15121.92871094
-16331.99414062
-20681.87109375
-11070.18750000
-9921.18457031
-11197.20410156
-14148.98144531
-5868.54931641
-8605.52246094
-8318.98632812
-9030.10644531
-30989.81835938
-8242.97656250
-10122.29296875
-19481.96484375
-21196.06250000
-23622.99414062
-8126.95898438
-8587.04492188
-14816.12597656
-28557.07617188
-9921.40527344
-5339.33105469
-6545.42871094
-4330.09033203
-4783.46484375
-8570.97460938
-22785.24023438
-6811.59667969
-7511.12988281
-6264.51708984
-5954.56982422
-7396.86132812
-5412.49414062
-8032.88183594
-9893.06152344
-8731.28320312
-9122.98144531
-5593.34619141
-8141.17773438
-9502.95019531
-15026.49511719
-14026.17382812
-7437.39746094
-9238.54785156
-7631.54833984
-8128.62841797
-7925.15185547
-8027.98339844
-15333.90332031
-21685.10156250
-11019.53906250
-20358.21093750
-15211.24804688
-11515.87792969
-14180.30078125
-14018.61718750
-7683.12255859
-10644.15625000
-15381.45214844
-5469.13476562
-9142.99511719
-9209.46679688
-11096.67968750
-7574.48046875
-14137.31250000
-7586.55761719
-15027.39062500
-23134.99218750
-16915.27148438
-20796.10156250
-14024.45703125
-13058.90234375
-27406.27734375
-25678.79101562
-20181.41601562
-27472.85546875
-14970.55468750
-32366.33984375
-28014.06640625
-28206.93945312
-27607.55078125
-23346.04296875
-25976.90234375
-25083.17578125
-25470.33007812
-22511.99218750
-19797.27734375
-13086.96484375
-18879.63085938
-24394.12109375
-22585.87304688
-30384.46093750
-24095.94335938
-19707.40039062
-21176.84375000
-13397.48925781
-6083.84375000
-8017.89941406
-11009.87695312
-7375.94091797
-14748.15722656
-16072.04394531
-15901.41503906
-10999.24804688
-19052.49609375
-13969.42480469
-16986.32226562
-9206.42773438
-21981.20703125
-13745.96191406
-10322.74218750
-16757.23828125
-18970.12500000
-22443.05078125
-17313.28515625
-26910.57031250
-23290.48632812
-32886.74218750
-34228.14062500
-31968.72656250
-23094.90234375
-28251.74023438
-19175.61328125
-26755.11132812
-20371.03906250
-25625.71484375
-27668.12109375
-26379.15625000
-27268.45312500
-28552.27343750
-36095.54687500
-30110.88867188
-31785.96875000
-18898.63281250
-18900.26171875
-17609.88671875
-19291.15820312
-38748.29687500
-36506.32812500
-11142.05078125
-45154.10937500
-46679.86718750
-48597.47656250
-55036.29296875
-40806.58593750
-14549.64648438
-18321.27343750
-17805.66406250
-23159.98437500
-19527.73437500
-29941.39062500
-39515.23828125
-34175.81250000
-22652.91992188
-19825.74023438
-12502.19335938
-9657.16796875
-15499.53710938
-17795.68750000
-11463.98242188
-9848.71289062
-13614.23535156
-17947.55468750
-19384.88085938
-24107.07031250
-15328.22851562
-22245.71093750
-14665.42382812
-16672.99218750
-17905.53906250
-8873.22460938
-14190.15234375
-23161.20507812
-26235.41210938
-15140.84765625
-13138.03125000
-23668.52734375
-17770.58203125
-36954.91406250
-21076.11328125
-16668.62695312
-16015.52343750
-21136.66015625
-18231.64843750
-14134.41796875
-44351.78125000
-28494.32421875
-21853.17968750
-12189.91406250
-23685.26367188
-19004.86328125
-19477.14257812
-13775.59375000
-20145.34375000
-13013.96093750
-14419.29687500
-17330.80468750
-11594.36425781
-13758.01855469
-9278.67187500
-7026.60546875
-6486.82128906
-14373.39355469
-13148.68359375
-9563.16113281
-24698.20507812
-8898.00976562
-7803.98535156
-11336.04296875
-22375.88281250
-16848.00585938
-20398.71484375
-19130.56054688
-36164.17578125
-28972.93554688
-25321.86328125
-40286.97656250
-26069.35937500
-29818.79687500
-22195.94921875
-23492.40039062
-27580.29687500
-22856.89062500
-22359.74023438
-19949.36328125
-14462.03515625
-19861.00781250
-19102.10156250
-14712.87109375
-16196.28710938
-12621.10253906
-19165.35742188
-16578.52734375
-15734.97167969
-20598.83203125
-35220.36718750
-14199.54785156
-18339.33593750
-15392.85546875
-30529.08593750
-14152.29492188
-11858.90332031
-10604.81640625
-17457.23437500
-12771.86718750
-20998.02148438
-10332.57128906
-4827.42187500
-4425.49121094
-6013.99804688
-9695.56640625
-3974.34814453
-5260.31396484
-12297.35156250
-10449.72070312
-13617.61816406
-22344.14062500
-8300.88476562
-13041.06250000
-38153.02343750
-21043.27343750
-21451.43164062
-10018.91015625
-59869.13671875
-18613.71093750
-19866.23046875
-22521.35742188
-18225.08789062
-18550.26367188
-34749.06250000
-36612.47265625
-48022.55468750
-34430.71875000
-29531.36718750
-24703.22656250
-66921.67968750
-32555.18750000
-35264.96484375
-37264.02343750
-37925.57421875
-34237.89062500
-28495.38867188
-19363.64453125
-30041.34765625
-24897.35546875
-4237.55908203
-6313.64550781
-18105.97460938
-17036.29296875
-12312.81347656
-18460.72656250
-16934.22265625
-14078.10351562
-14793.55957031
-16331.83691406
-19214.61718750
-11340.60546875
-12742.50585938
-22469.90234375
-15782.45214844
-13138.04980469
-9989.78027344
-14636.57421875
-19525.35156250
-6544.96875000
-10831.09960938
-5819.18261719
-7182.77832031
-5106.17871094
-5480.28808594
-6499.11523438
-9177.36132812
-12303.85449219
-8328.75195312
-14449.30371094
-21418.67187500
-11909.13281250
-15782.60937500
-12799.06152344
-15838.22070312
-15954.51660156
-16644.03125000
-7964.86669922
-8687.03515625
-8337.12890625
-8029.92529297
-9468.69921875
-7616.27001953
-11021.25390625
-10405.40429688
-6479.20751953
-12717.03417969
-6133.90136719
-7597.77832031
-12238.26953125
-7927.87646484
-8605.11230469
-11089.26562500
-7455.09277344
-16348.87500000
-16540.47070312
-29989.98046875
-60169.99218750
-28942.56250000
-25013.20312500
-43806.19531250
-36793.83593750
-34501.25000000
-57371.08203125
-47827.60937500
-54440.81250000
-112351.25000000
-62210.69531250
-44689.25390625
-28124.82421875
-62149.98828125
-48336.94531250
-24043.14062500
-40744.04687500
-19805.37695312
-18344.45312500
-35186.35156250
-26013.81250000
-45547.79687500
-81074.98437500
-28934.78710938
-33404.42578125
-53748.86718750
-32589.17968750
-24486.82812500
-43063.22265625
-25319.99218750
-32343.90625000
-50664.33593750
-38731.95703125
-19758.92968750
-29562.10546875
-29472.41406250
-21914.10546875
-12605.61718750
-10944.05273438
-14616.05664062
-12568.10742188
-26782.44140625
-10466.78613281
-11331.40820312
-14441.95507812
-17765.00390625
-10977.91796875
-8929.16992188
-45847.14453125
-19345.39062500
-14418.07617188
-35511.39062500
-17905.25585938
-22981.04687500
-27179.51953125
-28189.49218750
-28284.82031250
-40357.69531250
-30106.18945312
-21215.46875000
-41962.92578125
-25138.83593750
-28584.38476562
-28956.41992188
-30067.41796875
-25289.20703125
-33686.58203125
-31877.13085938
-33438.17187500
-42196.47656250
-26865.51953125
-33524.14062500
-34993.60156250
-24524.42968750
-22000.27148438
-14424.94042969
-14132.99609375
-14170.21386719
-17132.93750000
-13076.71875000
-15180.20019531
-12456.77441406
-17317.57031250
-28022.71679688
-16606.18359375
-22649.08984375
-29027.71875000
-15900.70800781
-27333.45898438
-31954.17968750
-22283.90234375
-20139.60546875
-29507.13281250
-42886.77343750
-40756.27343750
-71985.17187500
-66736.92968750
-58178.95703125
-40967.10156250
-34283.07031250
-53684.02734375
-36433.73437500
-44679.41406250
-34529.05468750
-45758.32421875
-31101.23046875
-37922.68750000
-33353.66406250
-30954.30078125
-39711.35156250
-28849.41406250
-31571.83984375
-14764.22949219
-14398.76171875
-13068.82812500
-14564.85156250
-13568.00585938
-13293.71582031
-10440.59375000
-24865.43554688
-21076.19531250
-26704.87109375
-21497.29296875
-19957.09765625
-28811.01953125
-37111.39453125
-33048.51953125
-26279.28125000
-31116.49414062
-25043.60937500
-30072.44921875
-8501.37402344
-8727.43457031
-10193.61718750
-8320.16796875
-22835.24609375
-18273.41015625
-26256.87695312
-20802.97656250
-20247.14843750
-20450.56640625
-14020.84960938
-14306.07812500
-29101.28515625
-17566.76953125
-47430.61328125
-21874.59570312
-29442.68359375
-28321.74218750
-21161.55468750
-40772.55468750
-30116.18554688
-27787.23046875
-11772.84375000
-11325.76367188
-12454.20800781
-14545.05273438
-12710.18847656
-14366.04003906
-34183.39062500
-19118.97265625
-16693.16015625
-16243.89062500
-25799.33789062
-44367.48828125
-36999.02734375
-35452.02343750
-45348.71093750
-34399.73046875
-80026.71093750
-65244.57031250
-41194.26562500
-55963.18750000
-107883.04687500
-60965.06250000
-61390.82812500
-67471.87500000
-64405.62500000
-66144.12500000
-37180.16796875
-44494.71093750
-37678.82031250
-45604.34375000
-30437.93164062
-65340.89843750
-51068.64843750
-33204.62890625
-38484.86718750
-19561.60156250
-13701.03515625
-12748.60546875
-12882.48242188
-13576.11035156
-13636.24218750
-13374.66992188
-16701.83789062
-14994.38183594
-16671.95898438
-28272.60742188
-37060.51562500
-22609.49023438
-23533.52734375
-24999.33203125
-25245.53906250
-22876.96289062
-28827.06835938
-18480.39843750
-14866.04785156
-14993.06835938
-15157.08886719
-15558.58300781
-15531.07812500
-24188.22656250
-25473.81250000
-30088.62109375
-28435.39453125
-43008.76171875
-45841.76953125
-20606.58984375
-31953.58203125
-32018.38281250
-35268.68750000
-19486.84765625
-26817.25585938
-28511.48046875
-54455.46875000
-46822.90234375
-48033.04687500
-40576.86718750
-44345.99218750
-63841.82812500
-48930.92187500
-46082.74218750
-54850.82031250
-45198.17968750
-54004.30859375
-52098.25000000
-67411.40625000
-44460.22656250
-50277.26562500
-35188.59765625
-39487.53125000
-34051.73828125
-45408.81250000
-24122.89453125
-34053.84375000
-20574.09765625
-15158.50585938
-23245.32031250
-17976.77734375
-20964.27148438
-15606.33593750
-21389.75976562
-15290.14453125
-21734.86132812
-24366.15625000
-25228.05859375
-11313.67187500
-12578.12304688
-14441.06054688
-10872.28710938
-14995.10644531
-13668.43457031
-10850.56445312
-9209.47460938
-10951.47167969
-9201.24023438
-10633.35351562
-9691.38378906
-14669.10351562
-9397.91796875
-13879.20312500
-17376.14257812
-27009.93554688
-29236.27343750
-19476.58789062
-17970.49023438
-37884.21875000
-22086.58984375
-19374.17187500
-42569.26953125
-39162.07031250
-65062.09375000
-43383.12500000
-55115.66796875
-30388.17187500
-40523.60546875
-52545.89062500
-48450.15234375
-33569.47656250
-43219.23437500
-30943.13867188
-39435.16406250
-57458.05859375
-27227.16015625
-49618.16796875
-39627.63281250
-40410.36328125
-77989.98437500
-30300.20507812
-25426.06250000
-29988.42187500
-25877.29101562
-43114.83593750
-45496.03125000
-37146.73437500
-55166.83984375
-37198.97656250
-73074.07031250
-55705.60937500
-47872.95703125
-38566.66796875
-26248.41406250
-39347.71875000
-49038.44531250
-41634.55468750
-29201.21093750
-31246.09375000
-46124.00781250
-29461.30859375
-19286.50195312
-9184.95898438
-8749.50585938
-8577.82226562
-7567.01562500
-9277.26171875
-10202.35644531
-12449.46582031
-13066.02050781
-25206.61523438
-26728.31640625
-18882.54296875
-18415.84375000
-15859.10156250
-21573.86328125
-15428.42382812
-29108.89453125
-19559.50390625
-8264.88476562
-9278.29003906
-10501.57226562
-10647.22851562
-8173.09570312
-34475.29296875
-51791.17187500
-34689.43750000
-39091.14062500
-38220.52734375
-31306.68359375
-44683.75781250
-32552.21679688
-37652.30078125
-46225.18359375
-20976.71289062
-43694.25781250
-36353.26171875
-42130.58593750
-60676.96484375
-73446.03125000
-83784.00000000
-67203.64062500
-88276.37500000
-57501.80078125
-50259.58203125
-64586.04687500
-73240.10156250
-39716.01953125
-43183.96093750
-65370.85156250
-55521.26171875
-58155.07031250
-26226.42187500
-45352.01953125
-55209.38281250
-45423.59375000
-56161.34375000
-20352.61914062
-9502.45898438
-11578.88281250
-18759.05859375
-10721.48437500
-11215.22851562
-12209.19628906
-11942.61914062
-31968.31640625
-30455.71484375
-24301.97265625
-15261.32226562
-16488.05859375
-23138.03320312
-22408.01171875
-24263.13476562
-23897.23437500
-22615.67968750
-20178.96484375
-10893.66406250
-12348.38378906
-14768.50390625
-11371.33398438
-19776.01562500
-11704.61914062
-11558.16992188
-20407.73828125
-36479.79687500
-21526.38476562
-12418.34765625
-22529.93945312
-11540.05859375
-12773.05273438
-13339.68847656
-12460.46093750
-12876.94433594
-12069.25390625
-30940.17187500
-12348.66894531
-12218.27636719
-11774.48925781
-11785.59375000
-12579.80273438
-12249.27343750
-12681.49218750
-31261.42187500
-35002.23437500
-42953.21093750
-20613.80468750
-27605.43554688
-27694.64062500
-40482.21093750
-43273.33593750
-21288.99023438
-19950.95898438
-29669.45312500
-36573.08593750
-13940.86523438
-13345.95800781
-11017.40820312
-10656.81738281
-10488.49023438
-11083.95703125
-40683.69531250
-34682.64453125
-57730.48046875
-49526.80468750
-72042.71875000
-44366.85546875
-55067.60937500
-44623.23046875
-56187.30078125
-35357.53125000
-38487.34765625
-28753.25585938
-56802.44140625
-46579.50390625
-31100.48046875
-32760.03710938
-22883.37890625
-27672.63867188
-30260.17773438
-26445.14453125
-16377.21386719
-31886.46093750
-16523.08593750
-31345.74609375
-12532.18554688
-30404.26757812
-15529.95410156
-35426.14062500
-20250.41406250
-35412.01562500
-30445.06250000
-62133.41406250
-76885.60937500
-74415.26562500
-58354.04687500
-121968.20312500
-108256.37500000
-82675.19531250
-94525.75000000
-47170.69921875
-69679.45312500
-43629.37500000
-79342.98437500
-50403.78125000
-49653.85937500
-51609.10156250
-47613.39062500
-31081.87890625
-61415.65625000
-41133.86718750
-10031.05273438
-9979.87695312
-10907.19921875
-10016.71484375
-15479.22851562
-10354.26464844
-9980.93750000
