-7.25004864
-7.63961697
-7.90273952
-7.82597733
-8.96304989
-7.97783756
-9.82888794
-10.88299084
-11.82678413
-12.90158558
-13.28652763
-14.03438187
-15.14844418
-16.75566101
-17.29477501
-20.75877571
-20.74523163
-21.02974701
-23.67504120
-23.62166214
-24.80701447
-28.27133751
-30.91801071
-30.40390015
-30.84871674
-31.57949638
-34.65547943
-34.42480850
-37.23777771
-36.28775024
-35.93323517
-39.28679657
-41.76934814
-39.69231033
-44.17714691
-42.87420654
-47.66925812
-47.50220490
-46.99784851
-47.59180450
-54.06151581
-51.25390625
-53.00085449
-52.63351059
-56.16839218
-50.37010574
-56.48051834
-60.41808319
-59.81675720
-61.05910873
-65.98353577
-58.10348892
-64.63091278
-63.61435699
-66.67370605
-71.52520752
-71.60937500
-70.10144806
-75.28171539
-76.53695679
-77.62394714
-81.16983032
-78.48304749
-84.82234192
-84.85009766
-87.84022522
-84.60246277
-85.72500610
-87.38513184
-93.22563171
-94.06669617
-93.32015228
-90.92618561
-94.45476532
-96.89173126
-96.78051758
-100.12924194
-99.81962585
-103.78528595
-99.08804321
-102.34516907
-110.85847473
-109.81816101
-113.53894806
-111.96835327
-111.61994934
-117.70697021
-111.49570465
-115.87971497
-119.13368225
-120.55460358
-121.45436096
-124.76589203
-119.88941193
-118.29301453
-122.88351440
-127.44479370
-127.42658997
-123.48129272
-129.37750244
-129.36773682
-123.75950623
-127.21002960
-127.99400330
-131.05218506
-131.37387085
-133.54769897
-135.56491089
-131.46739197
-136.44250488
-133.66665649
-139.31646729
-140.29861450
-135.58483887
-137.23159790
-138.15351868
-148.65763855
-144.93814087
-146.48460388
-139.11610413
-147.97625732
-151.33935547
-151.20211792
-156.16065979
-159.47335815
-161.70812988
-165.42382812
-159.07727051
-161.11898804
-158.58923340
-165.35350037
-167.57357788
-173.07049561
-168.51631165
-170.45472717
-170.11761475
-175.86659241
-168.12089539
-177.45101929
-174.60513306
-177.89050293
-182.92974854
-182.22761536
-181.67068481
-188.26391602
-178.50308228
-190.23661804
-190.87170410
-186.62344360
-190.98104858
-193.58251953
-198.59426880
-203.84036255
-198.69268799
-196.68367004
-196.00927734
-197.19172668
-202.38812256
-204.20004272
-202.63735962
-205.67462158
-206.36703491
-200.12091064
-206.59512329
-208.98219299
-210.68701172
-206.99151611
-212.06529236
-204.98651123
-208.61486816
-209.12742615
-214.49497986
-217.57180786
-211.72627258
-218.58557129
-216.66915894
-221.82751465
-230.65356445
-219.87307739
-225.59791565
-224.26113892
-224.57643127
-226.17822266
-229.02030945
-229.85153198
-228.86248779
-226.02662659
-228.34590149
-236.98703003
-234.47460938
-233.80056763
-233.05462646
-234.28674316
-235.02867126
-234.69033813
-236.22070312
-238.27282715
-237.00222778
-243.27243042
-233.32095337
-245.46804810
-237.81521606
-244.50448608
-230.54357910
-234.70916748
-238.45288086
-243.34341431
-236.45837402
-240.92510986
-241.28929138
-238.69967651
-244.17269897
-252.47192383
-250.38632202
-250.69961548
-249.44918823
-246.80038452
-253.06478882
-249.52734375
-246.70230103
-247.78952026
-251.56303406
-259.16616821
-252.00317383
-258.05651855
-260.90487671
-271.71539307
-279.27734375
-274.02972412
-283.72607422
-279.00427246
-278.63073730
-281.27008057
-286.48745728
-284.14810181
-272.62805176
-279.16571045
-280.11257935
-280.87045288
-283.74813843
-276.22247314
-279.36920166
-283.27709961
-278.32958984
-270.82824707
-277.05661011
-273.08663940
-272.67047119
-280.80953979
-269.82244873
-276.46899414
-272.29754639
-273.92810059
-277.30090332
-278.29711914
-279.86785889
-280.39154053
-291.16113281
-283.79290771
-284.67538452
-287.88092041
-272.69296265
-287.19720459
-291.64859009
-291.84179688
-303.42626953
-303.21423340
-298.82015991
-309.08694458
-303.71890259
-308.45379639
-298.20166016
-301.39758301
-319.97705078
-320.39971924
-321.40744019
-321.81457520
-321.59777832
-313.46917725
-325.54003906
-320.58187866
-332.27545166
-332.10540771
-327.37213135
-317.46279907
-323.79818726
-323.35015869
-327.51672363
-318.93145752
-321.14401245
-319.22851562
-322.69393921
-322.91278076
-329.37203979
-337.59307861
-325.76293945
-335.76422119
-329.02621460
-327.38006592
-316.18450928
-321.35296631
-297.74475098
-306.02944946
-322.12371826
-328.34259033
-333.06256104
-332.16525269
-318.43432617
-331.37292480
-335.84619141
-342.12744141
-346.88433838
-353.59097290
-343.98837280
-343.64953613
-348.87341309
-346.22958374
-347.52423096
-350.23654175
-347.37792969
-340.22009277
-319.06936646
-327.69885254
-340.59603882
-343.07598877
-355.71429443
-349.35494995
-355.52822876
-358.58938599
-356.29910278
-356.67248535
-364.81481934
-367.10839844
-351.91204834
-367.11761475
-370.16485596
-371.46392822
-361.62582397
-369.76885986
-357.07205200
-350.82250977
-351.94158936
-356.87432861
-357.43411255
-348.67492676
-353.11566162
-360.96527100
-363.23028564
-359.96258545
-346.08642578
-349.79196167
-344.46160889
-356.39318848
-356.89129639
-347.96707153
-354.37377930
-343.59902954
-342.89489746
-322.32855225
-322.42614746
-340.73007202
-348.83737183
-358.05960083
-349.69915771
-356.62762451
-350.52508545
-345.67980957
-345.08789062
-340.88464355
-361.98547363
-347.54492188
-335.73358154
-342.74197388
-340.69491577
-343.85894775
-374.01287842
-372.73782349
-376.35232544
-378.96289062
-391.70867920
-383.04067993
-390.56799316
-397.45117188
-384.21652222
-382.37759399
-388.26879883
-390.80831909
-385.82199097
-375.07809448
-379.53912354
-390.83282471
-372.20086670
-389.77825928
-378.09875488
-400.44088745
-365.84567261
-381.46459961
-380.33633423
-410.70599365
-394.09564209
-395.75085449
-401.21289062
-383.33804321
-403.69775391
-415.99359131
-417.48876953
-405.64932251
-413.90151978
-427.69317627
-408.01522827
-433.61981201
-419.48052979
-414.76876831
-422.60620117
-435.27490234
-434.24871826
-439.28610229
-412.49240112
-433.69677734
-417.17440796
-427.34588623
-422.72735596
-417.83578491
-411.13186646
-419.94445801
-400.96740723
-416.91845703
-434.18524170
-424.21783447
-429.83959961
-431.95520020
-430.48043823
-428.01867676
-444.39190674
-444.48480225
-452.63415527
-449.17111206
-430.67141724
-436.64407349
-432.20745850
-436.15557861
-438.40573120
-431.58581543
-423.84777832
-435.18063354
-436.91949463
-428.98248291
-431.61413574
-434.89208984
-424.87939453
-426.36871338
-433.63604736
-399.09912109
-409.71142578
-411.00878906
-408.58551025
-394.61700439
-405.64208984
-406.89831543
-396.67218018
-411.95462036
-414.88116455
-422.84326172
-434.73580933
-401.68395996
-424.57855225
-416.20626831
-419.81579590
-442.21264648
-430.57415771
-425.21130371
-454.53182983
-458.73803711
-447.34701538
-428.73565674
-440.93969727
-443.63250732
-440.39990234
-443.23150635
-425.95013428
-416.96133423
-426.69140625
-433.38867188
-409.90966797
-452.99765015
-425.48367310
-429.92651367
-442.78240967
-436.33325195
-410.94641113
-415.89797974
-420.78851318
-426.84649658
-420.21527100
-447.31060791
-453.78546143
-436.18334961
-435.73446655
-449.94171143
-456.35556030
-461.45285034
-451.38287354
-476.12164307
-458.47448730
-443.91711426
-460.96054077
-458.64639282
-460.53668213
-443.44125366
-436.28552246
-427.01824951
-445.60861206
-440.12847900
-457.82507324
-457.79852295
-464.34170532
-471.66162109
-455.52264404
-453.62304688
-459.02252197
-458.69680786
-449.85375977
-458.06732178
-446.36013794
-455.09707642
-445.96844482
-448.52996826
-415.15893555
-406.37438965
-392.52844238
-416.77532959
-410.05963135
-418.05346680
-402.66729736
-424.00244141
-440.18746948
-441.54531860
-441.82666016
-416.48181152
-448.81060791
-437.46136475
-431.13293457
-440.49194336
-431.67367554
-434.52719116
-444.85406494
-463.86926270
-436.82489014
-458.17449951
-462.46832275
-448.55419922
-456.09188843
-461.86447144
-470.95040894
-476.52432251
-477.84619141
-473.00970459
-474.98931885
-485.38873291
-481.43704224
-474.58117676
-491.52307129
-471.57025146
-472.08941650
-484.76568604
-443.34240723
-425.21014404
-441.07092285
-445.95858765
-454.44891357
-461.53369141
-471.83856201
-476.98327637
-470.77642822
-473.02868652
-491.28143311
-490.49990845
-475.91955566
-464.20797729
-484.70077515
-470.86029053
-493.82266235
-482.56256104
-482.28485107
-471.06604004
-461.05682373
-445.59619141
-457.34240723
-446.25991821
-471.88995361
-456.56130981
-477.31268311
-459.73278809
-471.31304932
-472.01733398
-460.58117676
-473.46636963
-465.35183716
-474.64117432
-474.91354370
-464.61575317
-469.30218506
-462.51391602
-483.42758179
-471.10858154
-468.10565186
-481.10144043
-487.94659424
-500.34454346
-467.32391357
-497.62567139
-463.80261230
-488.00073242
-447.53903198
-456.01773071
-452.19586182
-447.76907349
-454.96252441
-471.90798950
-472.31054688
-451.37725830
-486.25427246
-518.74322510
-489.36819458
-509.78100586
-511.48928833
-488.40136719
-497.30645752
-508.69461060
-475.90063477
-500.61514282
-493.09625244
-493.83035278
-480.83969116
-478.94836426
-486.18212891
-495.98693848
-502.32312012
-496.05285645
-518.17437744
-522.45056152
-507.11297607
-514.03393555
-516.18530273
-503.34497070
-500.43923950
-511.22970581
-518.73107910
-534.01159668
-530.69818115
-524.54449463
-511.18109131
-529.62768555
-512.27410889
-519.58410645
-520.42700195
-518.94738770
-518.35833740
-512.33782959
-445.41680908
-443.42175293
-455.03616333
-444.33398438
-453.60360718
-467.39611816
-445.96179199
-462.84954834
-482.07186890
-483.27386475
-493.23992920
-501.91949463
-497.11108398
-506.06951904
-505.98278809
-507.70578003
-510.81958008
-474.08435059
-500.10217285
-527.35034180
-501.68505859
-488.03347778
-513.59106445
-503.04296875
-486.59710693
-496.13281250
-518.81964111
-502.06600952
-519.06750488
-518.53710938
-516.97509766
-521.80871582
-508.04217529
-497.65313721
-512.11383057
-508.51293945
-523.60485840
-517.82861328
-520.62011719
-519.70056152
-491.75161743
-503.09063721
-477.43023682
-472.78558350
-482.40640259
-484.44903564
-483.49832153
-495.22164917
-534.77307129
-499.38906860
-513.01531982
-531.23913574
-513.57293701
-511.28137207
-518.70019531
-511.12884521
-515.05853271
-548.41094971
-548.93542480
-567.41101074
-564.32049561
-568.45812988
-559.61413574
-526.63983154
-525.70062256
-527.92248535
-532.34179688
-551.43762207
-526.42346191
-524.69427490
-547.59423828
-540.14904785
-532.42150879
-547.34765625
-534.94006348
-528.11566162
-519.15136719
-526.13330078
-532.67187500
-531.90332031
-521.29687500
-534.73767090
-541.56640625
-553.86248779
-526.63085938
-533.24481201
-520.48974609
-536.80743408
-537.51477051
-546.29724121
-527.62451172
-533.89941406
-515.87023926
-555.06787109
-535.75976562
-547.95520020
-554.50372314
-541.87841797
-518.76995850
-537.62243652
-545.81799316
-544.61340332
-550.21423340
-541.27807617
-528.45776367
-531.28308105
-522.53912354
-544.92236328
-545.70080566
-539.94494629
-554.47875977
-544.18469238
-549.78375244
-606.47692871
-616.21453857
-579.76409912
-598.97595215
-597.38537598
-587.96899414
-569.69305420
-575.34466553
-565.90209961
-554.06414795
-566.84094238
-567.37371826
-564.43200684
-552.27465820
-567.12347412
-551.09497070
-580.72985840
-551.28894043
-564.53381348
-526.60156250
-491.39538574
-534.29565430
-485.61422729
-492.14361572
-517.33435059
-543.78631592
-535.83081055
-549.10742188
-525.68945312
-515.77917480
-567.77990723
-530.37377930
-529.87005615
-578.44946289
-538.85449219
-499.12615967
-527.07843018
-529.45440674
-515.06549072
-503.48995972
-531.52923584
-542.48083496
-554.65722656
-554.17352295
-543.82098389
-560.11791992
-586.42187500
-554.38903809
-537.75781250
-548.62182617
-576.56530762
-574.54235840
-564.90686035
-562.76623535
-584.31915283
-551.36761475
-561.87268066
-478.87033081
-519.00219727
-520.81195068
-509.09432983
-524.99890137
-544.89648438
-547.40905762
-494.29489136
-533.53802490
-544.91198730
-524.56042480
-541.11120605
-530.74975586
-529.28601074
-557.58819580
-572.51013184
-545.27288818
-579.11358643
-625.20251465
-636.45172119
-602.11108398
-617.08721924
-595.34594727
-603.26336670
-621.67700195
-627.61334229
-604.95690918
-622.50976562
-606.62500000
-612.26538086
-605.91674805
-605.26110840
-608.41589355
-602.03277588
-598.34979248
-570.04199219
-597.28454590
-595.84295654
-559.36267090
-553.42785645
-571.54187012
-548.81396484
-566.53601074
-563.24743652
-575.39636230
-567.40808105
-551.62030029
-552.86859131
-572.54888916
-571.47485352
-602.64709473
-598.27435303
-598.43005371
-576.79040527
-593.69238281
-586.94604492
-636.95874023
-603.65716553
-614.11425781
-594.83923340
-615.20373535
-615.10900879
-588.73730469
-588.20501709
-594.89941406
-607.37255859
-598.25921631
-594.17968750
-588.18859863
-606.07727051
-576.77355957
-614.78411865
-607.78686523
-589.27874756
-578.02398682
-591.65563965
-567.84606934
-537.93713379
-558.86676025
-571.25665283
-571.93261719
-565.58416748
-563.03564453
-552.08428955
-546.03881836
-575.50622559
-577.77630615
-580.81872559
-582.57910156
-596.61773682
-615.59106445
-571.28625488
-582.59558105
-573.23645020
-581.50103760
-548.09216309
-553.70129395
-593.55352783
-603.47497559
-576.91809082
-599.07983398
-588.82952881
-552.87194824
-591.67248535
-569.71588135
-556.95019531
-567.79254150
-584.33715820
-534.01623535
-550.50903320
-547.19372559
-581.06115723
-560.35528564
-559.34857178
-533.28479004
-521.17089844
-499.58749390
-500.70367432
-509.19750977
-508.21264648
-505.87335205
-506.33972168
-525.84655762
-527.95556641
-518.48144531
-530.86505127
-513.07519531
-567.25659180
-532.17816162
-530.02783203
-555.91528320
-527.09948730
-587.83959961
-617.45520020
-632.00311279
-562.47113037
-564.48577881
-562.02758789
-585.89678955
-581.63586426
-550.01086426
-562.30688477
-572.50793457
-538.57604980
-563.63488770
-562.08703613
-541.92224121
-567.77886963
-568.48535156
-530.68457031
-506.25036621
-553.13793945
-539.96142578
-520.93823242
-565.79559326
-546.58398438
-526.60668945
-549.10229492
-535.47686768
-552.39489746
-541.94348145
-554.90222168
-548.27343750
-569.44982910
-567.99853516
-563.18054199
-587.41711426
-581.70324707
-551.37976074
-612.59167480
-644.15905762
-640.89636230
-656.73608398
-637.57037354
-649.40472412
-627.09118652
-621.98791504
-609.41558838
-601.42797852
-582.09411621
-609.17858887
-578.91595459
-623.94140625
-565.99151611
-580.59350586
-569.11120605
-584.42913818
-564.05871582
-555.69171143
-588.46520996
-611.44427490
-562.35839844
-584.55792236
-609.37573242
-588.72216797
-585.96142578
-552.19799805
-556.79846191
-603.90594482
-590.72436523
-581.35253906
-557.42633057
-566.80792236
-568.01965332
-582.43255615
-568.45416260
-590.32580566
-672.56365967
-641.67144775
-605.00317383
-617.63476562
-600.23059082
-622.01086426
-604.13488770
-578.79711914
-599.30065918
-584.73864746
-560.44049072
-587.35955811
-596.74475098
-580.22607422
-610.49029541
-603.56329346
-583.50842285
-561.22882080
-581.09387207
-601.49169922
-606.18560791
-595.83288574
-617.35754395
-594.54833984
-596.90148926
-573.04870605
-572.44323730
-609.16052246
-568.02612305
-614.71606445
-603.51416016
-600.53997803
-594.34191895
-613.04931641
-579.09204102
-587.08715820
-593.18304443
-619.82128906
-642.62536621
-644.37139893
-603.53857422
-638.15814209
-616.63354492
-642.04650879
-640.53698730
-599.43713379
-630.24835205
-616.94342041
-603.24609375
-609.65917969
-630.58911133
-639.60742188
-610.48553467
-630.51519775
-660.94592285
-626.91577148
-616.54437256
-659.53790283
-622.49853516
-641.05047607
-608.51678467
-630.78869629
-626.43841553
-624.09436035
-627.40533447
-609.37170410
-617.74084473
-618.08880615
-631.44018555
-639.88690186
-618.35900879
-610.01379395
-633.37347412
-596.80456543
-616.43029785
-581.20605469
-592.60333252
-588.44573975
-581.99584961
-599.86987305
-587.87719727
-591.04235840
-610.20141602
-609.27313232
-579.53118896
-573.79040527
-575.92041016
-593.29077148
-590.64196777
-594.23107910
-582.26574707
-585.48474121
-595.52697754
-600.58593750
-648.54687500
-623.33081055
-644.25500488
-657.45751953
-607.86596680
-628.06201172
-640.08978271
-651.26031494
-617.42065430
-628.62023926
-637.97070312
-622.77612305
-633.13928223
-633.53930664
-641.32019043
-635.76916504
-640.40197754
-653.88598633
-656.80694580
-649.36560059
-665.65289307
-656.97204590
-668.61285400
-648.07153320
-666.44122314
-676.86120605
-632.33105469
-657.35168457
-644.86450195
-627.56933594
-660.47113037
-659.83416748
-660.88903809
-671.24554443
-672.54321289
-657.69830322
-656.25207520
-667.67303467
-685.43750000
-690.86523438
-669.65399170
-652.41003418
-651.99615479
-679.42822266
-671.14471436
-651.51208496
-647.61413574
-640.25048828
-645.05529785
-642.99389648
-613.83215332
-608.82965088
-617.08825684
-617.93750000
-644.13696289
-633.68151855
-662.22796631
-621.68322754
-643.56091309
-610.63806152
-604.33703613
-611.22418213
-620.62390137
-600.76745605
-593.92376709
-605.36523438
-613.58923340
-606.59161377
-598.48608398
-599.73522949
-610.05712891
-623.05627441
-585.73822021
-597.81097412
-610.86450195
-587.02648926
-612.77856445
-605.36871338
-605.43518066
-636.13305664
-614.88623047
-614.80175781
-624.30786133
-592.08972168
-625.60052490
-644.84545898
-625.16662598
-635.86340332
-644.37817383
-634.48260498
-631.09094238
-616.45446777
-623.19598389
-618.25585938
-652.37567139
-637.70141602
-659.78430176
-682.67889404
-674.33142090
-673.75793457
-652.13232422
-641.50964355
-622.56579590
-638.12237549
-656.60522461
-651.99804688
-643.30285645
-635.79919434
-638.26141357
-631.09826660
-627.52862549
-648.18762207
-631.13391113
-634.86285400
-633.32696533
-665.12896729
-669.80493164
-635.71679688
-632.67718506
-661.77514648
-638.02331543
-638.43762207
-623.00207520
-637.63476562
-658.80676270
-636.02062988
-652.37097168
-636.00512695
-647.02685547
-638.16876221
-639.12316895
-648.55596924
-591.90032959
-590.45550537
-610.37298584
-618.57312012
-622.82208252
-631.76818848
-631.77258301
-648.11804199
-650.19238281
-637.96166992
-632.05957031
-625.38732910
-644.11297607
-627.98071289
-652.39831543
-632.27996826
-636.08911133
-642.59729004
-645.06896973
-625.11889648
-614.84143066
-620.99591064
-650.87316895
-646.12670898
-649.77612305
-647.20971680
-650.60083008
-675.48498535
-639.91540527
-644.28552246
-656.57104492
-668.03918457
-645.94738770
-623.57141113
-620.41210938
-618.58172607
-639.71423340
-629.72637939
-587.00195312
-581.16943359
-579.07739258
-580.41278076
-624.50152588
-624.44958496
-635.09069824
-656.12359619
-653.88903809
-638.38867188
-647.68908691
-656.14019775
-659.75073242
-660.62860107
-627.39190674
-637.53393555
-635.15661621
-625.46142578
-628.82629395
-571.05749512
-551.53857422
-563.91558838
-580.80834961
-597.93426514
-587.87158203
-586.39056396
-590.94952393
-592.70550537
-610.74694824
-619.34014893
-618.52374268
-617.70288086
-594.62121582
-644.08666992
-634.16485596
-646.93798828
-596.96484375
-616.62536621
-589.00976562
-588.15087891
-609.56524658
-597.13983154
-603.48901367
-608.21520996
-612.64172363
-641.64135742
-629.30993652
-635.10290527
-625.57958984
-605.54455566
-622.49682617
-602.73382568
-654.51910400
-629.94555664
-610.87597656
-623.01086426
-612.09405518
-625.57177734
-632.24291992
-608.14941406
-633.59893799
-607.80920410
-611.02069092
-619.22583008
-585.04046631
-609.28619385
-611.96270752
-615.75134277
-592.88854980
-596.69323730
-626.31329346
-613.06414795
-624.96661377
-586.40191650
-599.39648438
-631.12670898
-599.28540039
-602.37274170
-605.65777588
-590.71899414
-598.80297852
-574.35681152
-590.04956055
-583.06463623
-585.64532471
-581.55242920
-586.51635742
-600.21984863
-595.74237061
-601.08349609
-617.16595459
-615.81671143
-622.10729980
-615.68328857
-701.16259766
-686.71905518
-666.21197510
-655.36450195
-679.09008789
-641.10681152
-654.33087158
-636.43286133
-622.18774414
-636.71276855
-644.00067139
-647.62988281
-660.68463135
-640.23693848
-628.20440674
-631.89556885
-645.04968262
-628.71551514
-596.24804688
-558.43041992
-560.95843506
-605.70288086
-584.52337646
-587.60089111
-591.76440430
-591.10009766
-619.86035156
-635.52246094
-607.58361816
-622.61022949
-605.66821289
-616.70654297
-636.40502930
-618.94665527
-629.85632324
-641.96600342
-618.57385254
-627.36553955
-621.34484863
-632.30023193
-637.43310547
-628.48437500
-627.40679932
-615.72875977
-638.92614746
-620.22094727
-604.33605957
-619.05029297
-622.25897217
-643.29815674
-602.75091553
-616.64343262
-618.14385986
-632.47094727
-639.11645508
-615.69042969
-630.64733887
-655.16107178
-658.71838379
-617.69177246
-638.98254395
-635.29589844
-626.92407227
-635.49279785
-647.75396729
-612.30096436
-599.65612793
-631.36486816
-604.68041992
-601.84277344
-627.86645508
-619.50903320
-615.48406982
-595.46325684
-616.26611328
-608.44030762
-616.42541504
-593.24780273
-624.52770996
-616.09686279
-640.11425781
-617.80401611
-634.32159424
-601.38677979
-598.56176758
-589.58007812
-605.09790039
-612.21997070
-590.78631592
-620.31481934
-606.64050293
-619.52410889
-625.48529053
-589.08117676
-648.45544434
-652.53063965
-660.23046875
-666.89135742
-658.78863525
-626.85290527
-620.53643799
-613.86364746
-604.71264648
-615.61090088
-647.43341064
-612.15002441
-596.76220703
-622.54217529
-603.63500977
-626.61846924
-617.15618896
-612.26403809
-617.06359863
-641.88464355
-651.47143555
-642.26824951
-612.74188232
-629.73754883
-637.57238770
-656.95031738
-636.30603027
-622.97851562
-645.45001221
-630.48022461
-629.16564941
-628.42260742
-650.81164551
-656.23608398
-646.74572754
-641.26391602
-663.68139648
-653.93029785
-699.95678711
-691.78466797
-685.27697754
-701.86242676
-717.27294922
-707.34844971
-699.75158691
-707.41235352
-703.44183350
-685.06250000
-684.80670166
-655.85510254
-692.49182129
-675.19494629
-655.05377197
-690.29559326
-662.66186523
-663.38684082
-653.38946533
-646.52557373
-639.13012695
-653.24981689
-629.32830811
-628.13110352
-629.97967529
-609.64556885
-613.56298828
-619.55944824
-647.16320801
-639.66522217
-623.95196533
-615.00830078
-599.42358398
-606.44396973
-623.10253906
-591.21496582
-598.92535400
-605.06970215
-570.88397217
-571.64727783
-593.88024902
-600.35607910
-580.82373047
-603.38049316
-580.14916992
-595.37280273
-571.67919922
-610.71716309
-583.03686523
-610.21276855
-624.50805664
-596.18750000
-589.32775879
-572.92962646
-618.36535645
-608.32250977
-624.51434326
-646.67059326
-655.13012695
-632.73620605
-653.02502441
-669.67297363
-663.28277588
-645.38854980
-665.32318115
-663.31274414
-643.88183594
-664.62219238
-649.05639648
-685.46557617
-651.19653320
-667.65661621
-691.52465820
-684.80395508
-660.47064209
-694.86694336
-694.02746582
-680.33593750
-686.20544434
-694.53442383
-699.74737549
-709.79699707
-705.76208496
-687.81719971
-693.89770508
-688.01159668
-690.78027344
-698.08972168
-680.44445801
-696.85290527
-682.75506592
-658.97338867
-643.94238281
-654.66131592
-616.33972168
-619.83850098
-638.71929932
-645.96813965
-639.92468262
-636.74536133
-670.81152344
-655.91430664
-666.45776367
-673.57873535
-647.48852539
-669.52709961
-657.54748535
-666.87915039
-680.22912598
-677.63519287
-667.09619141
-668.91821289
-682.65307617
-696.43542480
-656.93218994
-647.60803223
-646.44964600
-603.77941895
-635.40588379
-673.42669678
-638.69836426
-638.77557373
-617.15795898
-634.53381348
-614.07092285
-636.60852051
-616.53747559
-633.18518066
-672.35052490
-641.20642090
-631.75097656
-631.00109863
-682.59027100
-716.91235352
-703.98449707
-670.41204834
-664.26281738
-660.02520752
-715.91625977
-700.51892090
-683.21777344
-696.71166992
-698.73022461
-676.28186035
-692.97247314
-697.45373535
-684.05212402
-684.90338135
-678.54968262
-700.31353760
-697.15063477
-690.70019531
-686.32055664
-682.34326172
-685.37426758
-654.11218262
-672.01165771
-671.69934082
-641.95129395
-677.62683105
-648.64416504
-671.03131104
-648.48364258
-652.18273926
-646.21496582
-652.44885254
-644.87408447
-658.11627197
-637.32672119
-643.38342285
-643.66265869
-648.31274414
-662.41882324
-661.37066650
-663.62561035
-650.24957275
-657.33020020
-651.02508545
-650.69439697
-643.26403809
-644.05310059
-635.02661133
-674.51403809
-672.52960205
-661.07519531
-666.82653809
-652.47546387
-638.46948242
-674.59759521
-642.20928955
-616.62054443
-655.79553223
-626.10119629
-628.43560791
-623.68542480
-637.30230713
-614.35937500
-651.99658203
-604.87841797
-648.19689941
-632.41662598
-651.27929688
-635.34118652
-625.75659180
-658.01281738
-640.38049316
-669.83599854
-624.01525879
-639.50335693
-673.96459961
-658.74957275
-623.97399902
-626.27551270
-634.89062500
-621.92669678
-636.67651367
-612.82836914
-634.29730225
-623.45886230
-623.81164551
-615.69952393
-613.30859375
-624.08587646
-599.32360840
-617.23547363
-639.00048828
-678.93945312
-687.42614746
-680.84442139
-671.21221924
-697.83642578
-699.77026367
-700.58850098
-675.72540283
-688.38110352
-691.87402344
-665.08648682
-661.65405273
-638.02349854
-643.77673340
-644.56250000
-659.68218994
-672.04040527
-651.90930176
-638.18017578
-663.41833496
-665.38964844
-642.61950684
-653.53704834
-672.44049072
-670.86126709
-676.45043945
-653.33190918
-645.06683350
-642.25195312
-638.84509277
-649.74078369
-668.37902832
-651.04791260
-668.21331787
-654.26367188
-695.64080811
-672.34326172
-663.44738770
-685.12780762
-702.05743408
-678.77099609
-686.64379883
-658.51330566
-675.25030518
-671.29333496
-698.76379395
-668.35742188
-678.42230225
-681.07098389
-658.80163574
-672.38580322
-697.89471436
-702.32543945
-694.06616211
-699.29632568
-698.22357178
-723.78472900
-738.47216797
-709.78845215
-715.63574219
-706.60522461
-702.41613770
-709.06933594
-692.17437744
-707.47998047
-690.98596191
-684.54028320
-672.91925049
-690.02996826
-686.16760254
-691.12304688
-693.58142090
-693.34210205
-662.26159668
-684.79089355
-666.14196777
-645.94616699
-657.94989014
-649.65960693
-670.27575684
-649.26708984
-657.58972168
-666.05279541
-665.38482666
-649.49169922
-674.05560303
-667.40478516
-639.56463623
-652.04248047
-647.11169434
-636.79992676
-649.43981934
-651.03527832
-669.83361816
-706.15655518
-702.37084961
-682.99804688
-683.09075928
-698.59979248
-687.68298340
-679.60021973
-694.69738770
-663.29650879
-672.87707520
-702.04736328
-671.10406494
-684.28637695
-645.20788574
-679.46356201
-682.40661621
-686.19256592
-674.50274658
-684.95788574
-705.11901855
-686.22210693
-689.47839355
-710.38500977
-681.60131836
-696.19360352
-684.97625732
-698.75506592
-694.21118164
-693.05944824
-694.53118896
-720.29003906
-712.75415039
-699.87365723
-699.55444336
-689.20501709
-689.20318604
-681.19970703
-695.54760742
-706.02673340
-659.00268555
-693.72631836
-663.91162109
-660.64227295
-656.66265869
-659.61102295
-649.11328125
-641.52838135
-623.14117432
-642.13037109
-637.10205078
-637.25793457
-635.08776855
-628.95104980
-655.94769287
-653.25164795
-626.80041504
-639.38195801
-671.81640625
-656.98876953
-681.86682129
-660.14495850
-681.43182373
-674.88299561
-636.73040771
-676.41186523
-651.36871338
-665.92700195
-680.03851318
-672.82690430
-653.20483398
-662.56713867
-679.00299072
-685.63763428
-655.73730469
-686.63372803
-673.81268311
-708.85119629
-712.62036133
-700.83190918
-700.08068848
-710.73168945
-703.30761719
-713.31494141
-689.13165283
-690.24896240
-711.92089844
-682.36596680
-707.48242188
-694.12561035
-697.56530762
-702.94598389
-692.18585205
-708.20471191
-692.72521973
-697.40393066
-675.77038574
-675.32800293
-669.76806641
-673.96618652
-662.51037598
-659.28686523
-662.86877441
-682.23492432
-692.78210449
-691.58599854
-675.56243896
-679.68078613
-686.61914062
-668.57580566
-670.79418945
-688.16711426
-670.84851074
-664.72137451
-638.84326172
-652.29162598
-653.42980957
-650.91021729
-669.81158447
-673.62817383
-667.21246338
-667.04187012
-662.64508057
-663.30999756
-656.21728516
-685.03826904
-682.91516113
-661.70764160
-654.20178223
-663.79113770
-654.45751953
-678.23760986
-660.48651123
-699.97949219
-683.35827637
-697.66210938
-687.24584961
-683.11102295
-675.28106689
-659.52947998
-684.07708740
-660.24060059
-682.55566406
-683.03454590
-674.18017578
-682.67443848
-688.41052246
-685.87390137
-686.26324463
-681.35302734
-668.14562988
-688.90393066
-690.30718994
-715.20239258
-708.44964600
-704.27362061
-719.79949951
-710.19201660
-707.96081543
-728.28637695
-725.64660645
-716.47680664
-727.57208252
-710.92077637
-717.32702637
-722.82885742
-722.07440186
-731.90478516
-693.17492676
-719.40991211
-722.43341064
-727.44549561
-672.38513184
-685.22607422
-702.06402588
-693.08245850
-693.18420410
-693.56787109
-669.45483398
-693.07611084
-673.87536621
-686.93420410
-686.13256836
-687.79162598
-678.24029541
-673.70751953
-678.01208496
-669.07800293
-674.25854492
-676.82922363
-658.93652344
-674.02142334
-683.77697754
-674.24658203
-680.87145996
-683.62622070
-696.28820801
-686.20477295
-675.40612793
-697.11810303
-690.77221680
-712.53051758
-718.02941895
-697.28417969
-693.37658691
-701.55883789
-711.93847656
-698.55456543
-686.12268066
-665.88616943
-657.40344238
-676.09790039
-665.26293945
-669.29565430
-677.27258301
-678.68188477
-681.91870117
-665.46691895
-669.24816895
-669.61151123
-671.04565430
-688.44110107
-679.76812744
-677.93841553
-701.88482666
-678.24096680
-683.28582764
-695.11657715
-705.22741699
-698.22497559
-703.64257812
-687.02001953
-695.96997070
-694.60339355
-687.89636230
-704.03015137
-676.93664551
-699.35253906
-693.43701172
-710.97888184
-707.82470703
-680.21484375
-700.55493164
-695.65051270
-717.42535400
-712.54858398
-692.60333252
-690.87316895
-698.86846924
-697.19250488
-687.00756836
-699.07324219
-709.82092285
-706.84332275
-702.34197998
-690.73175049
-689.95281982
-691.70025635
-695.42358398
-708.66845703
-703.17449951
-704.48364258
-703.06311035
-689.68078613
-707.07250977
-688.06030273
-690.98852539
-689.23266602
-680.35137939
-676.37573242
-686.04547119
-681.44989014
-669.06628418
-676.73901367
-673.91400146
-680.05786133
-670.97521973
-659.41845703
-665.85424805
-682.57366943
-679.92187500
-677.81286621
-660.27246094
-687.18621826
-723.18115234
-698.45721436
-691.02575684
-697.73925781
-704.89440918
-693.76269531
-686.15338135
-688.66687012
-668.84533691
-672.73449707
-680.26269531
-660.67578125
-672.32421875
-672.31335449
-652.96820068
-661.67352295
-643.48706055
-673.05389404
-667.17565918
-713.91833496
-699.31823730
-685.30072021
-674.64770508
-688.59362793
-668.70812988
-678.88635254
-676.63439941
-682.65942383
-679.10656738
-684.30462646
-694.50628662
-692.09313965
-694.60540771
-690.42321777
-681.88317871
-701.35382080
-683.64276123
-711.10980225
-705.68005371
-719.33117676
-725.81726074
-726.30181885
-725.00402832
-723.96447754
-711.29040527
-712.17541504
-725.33459473
-701.58520508
-725.21301270
-690.07373047
-714.59881592
-709.83392334
-707.54479980
-712.65539551
-711.08551025
-715.77703857
-699.99377441
-685.52459717
-669.29663086
-669.47106934
-661.27258301
-682.33935547
-673.29614258
-680.45068359
-683.81286621
-699.26708984
-701.85644531
-693.19287109
-673.05157471
-692.46594238
-677.71899414
-694.70208740
-690.04010010
-683.34197998
-694.45166016
-679.24023438
-695.19616699
-702.94482422
-707.10314941
-704.90222168
-717.29931641
-724.05871582
-710.49450684
-725.40917969
-722.13806152
-709.62426758
-714.90771484
-700.20025635
-688.25518799
-709.70892334
-695.57604980
-689.75891113
-688.82135010
-694.56378174
-693.94720459
-709.09594727
-682.95800781
-709.61517334
-694.52233887
-679.25518799
-701.31433105
-700.80133057
-681.47009277
-715.62115479
-681.93212891
-661.09436035
-670.42651367
-674.69140625
-670.72485352
-664.81878662
-696.20556641
-681.64160156
-670.33569336
-678.46844482
-687.46997070
-666.16064453
-687.91821289
-679.91760254
-695.59497070
-698.84515381
-691.01220703
-697.18078613
-695.61755371
-722.67150879
-724.12896729
-699.30236816
-712.60485840
-710.99322510
-714.08251953
-713.09289551
-712.98913574
-714.53625488
-720.31384277
-726.72863770
-709.20532227
-690.13745117
-698.16308594
-690.57293701
-706.48309326
-709.88757324
-698.01879883
-693.00183105
-691.35308838
-694.84075928
-706.95947266
-695.26739502
-696.12890625
-696.05212402
-688.34106445
-701.89147949
-703.93566895
-728.29174805
-731.01513672
-736.66235352
-746.40417480
-748.90649414
-729.85168457
-713.36987305
-712.12506104
-731.42071533
-706.82019043
-701.99365234
-674.40747070
-705.64642334
-689.87646484
-682.80554199
-691.71850586
-702.22460938
-694.89135742
-677.62475586
-679.22399902
-676.48687744
-649.55090332
-667.67864990
-677.65478516
-692.99475098
-687.35217285
-700.84118652
-676.87646484
-712.96081543
-694.67773438
-695.33636475
-675.93298340
-688.82104492
-707.01013184
-684.34088135
-682.68731689
-688.35913086
-728.82275391
-712.35821533
-699.15332031
-685.65167236
-679.49530029
-673.95483398
-688.97680664
-697.13879395
-676.42236328
-709.01397705
-690.07336426
-697.78820801
-672.34680176
-695.42749023
-711.12292480
-691.08374023
-667.81359863
-689.40344238
-685.56018066
-686.30975342
-700.22888184
-675.21337891
-685.49609375
-694.12353516
-691.36816406
-696.01062012
-703.82385254
-680.04705811
-707.49121094
-693.05212402
-697.75842285
-690.80438232
-694.81323242
-651.17114258
-674.21331787
-686.04321289
-663.13281250
-663.48449707
-616.79333496
-624.75170898
-653.90240479
-651.30737305
-653.60833740
-635.30468750
-678.07000732
-658.19506836
-683.94592285
-683.65179443
-644.44042969
-635.65386963
-685.56420898
-678.02038574
-676.17590332
-682.75842285
-700.11999512
-689.97729492
-686.18920898
-688.77026367
-688.85528564
-688.76452637
-698.45983887
-701.20104980
-684.97473145
-711.01953125
-681.82409668
-709.91235352
-675.81011963
-675.01898193
-677.75128174
-707.45471191
-677.60650635
-674.46179199
-703.78808594
-699.92565918
-694.24114990
-700.59576416
-729.74829102
-706.23657227
-700.38879395
-728.50335693
-739.76379395
-731.66717529
-717.29089355
-737.19836426
-728.55633545
-700.20947266
-687.77441406
-710.09387207
-712.28259277
-705.40588379
-701.17224121
-711.58416748
-712.72772217
-693.74786377
-712.72326660
-707.26501465
-684.79174805
-698.73718262
-715.68145752
-699.61450195
-716.79107666
-708.15051270
-736.99853516
-711.94323730
-730.86425781
-740.72088623
-709.18408203
-722.62170410
-707.51672363
-704.81103516
-711.65093994
-731.09484863
-719.36401367
-730.59887695
-709.74975586
-724.00183105
-707.82507324
-707.60583496
-729.84558105
-732.72705078
-718.86047363
-730.81091309
-728.25866699
-716.35229492
-715.79693604
-720.16833496
-692.18048096
-724.61273193
-744.31921387
-720.43615723
-724.75634766
-732.54748535
-749.05126953
-766.01818848
-769.60717773
-763.75311279
-760.17742920
-759.38409424
-749.16015625
-739.46496582
-746.01385498
-736.79968262
-739.64392090
-730.73022461
-716.58239746
-735.98046875
-744.70532227
-737.14697266
-743.52819824
-734.64855957
-742.38244629
-732.20324707
-722.46594238
-769.02191162
-727.75317383
-749.34216309
-741.30529785
-732.98937988
-723.65136719
-735.25720215
-733.28405762
-731.90820312
-730.98797607
-722.79345703
-742.92736816
-719.42425537
-727.40087891
-724.82348633
-726.57519531
-743.68231201
-758.78741455
-767.65576172
-746.46752930
-765.77862549
-760.11853027
-735.22021484
-757.28399658
-761.85925293
-757.30529785
-749.98693848
-747.61975098
-738.61669922
-738.55090332
-719.03100586
-737.00714111
-738.15148926
-735.43432617
-750.09533691
-731.95642090
-751.10461426
-715.51000977
-730.08947754
-732.37823486
-723.86145020
-710.85192871
-737.51715088
-734.21557617
-720.79022217
-737.87255859
-713.12811279
-725.29455566
-739.38110352
-735.27978516
-740.79638672
-720.49279785
-729.66906738
-726.77929688
-720.12347412
-664.15246582
-659.39074707
-660.47570801
-658.14587402
-668.89929199
-694.58325195
-709.58221436
-676.70703125
-703.76623535
-690.43322754
-712.23364258
-676.72076416
-707.39752197
-690.40167236
-704.13494873
-711.18054199
-722.80895996
-702.04553223
-719.68792725
-678.96179199
-723.81445312
-716.76135254
-711.31262207
-698.65258789
-699.32958984
-712.27502441
-695.71166992
-721.64318848
-701.25915527
-721.05004883
-725.44329834
-730.51245117
-737.29022217
-718.85729980
-742.49182129
-744.06842041
-732.18273926
-751.43981934
-758.06457520
-754.38836670
-737.74676514
-749.27703857
-746.26867676
-725.35797119
-727.19091797
-718.49145508
-729.55834961
-718.64135742
-735.24743652
-736.31414795
-732.48559570
-738.94958496
-746.04260254
-742.99792480
-738.48828125
-747.88562012
-767.39306641
-758.88311768
-767.59204102
-769.52520752
-761.21429443
-757.04260254
-748.65344238
-741.43487549
-744.78442383
-750.48986816
-752.13342285
-736.46905518
-747.17926025
-736.20214844
-741.51452637
-746.02172852
-720.16387939
-739.28198242
-718.32373047
-690.90112305
-697.86285400
-699.48419189
-703.84851074
-721.36181641
-722.03808594
-732.18872070
-727.99621582
-729.22393799
-730.02136230
-734.57604980
-729.99853516
-716.22973633
-726.38427734
-719.50006104
-738.01696777
-734.87536621
-739.42187500
-727.47283936
-721.08251953
-725.27069092
-736.58605957
-706.75708008
-701.62139893
-705.76885986
-710.28485107
-720.56921387
-704.81359863
-717.83013916
-709.07629395
-732.90112305
-731.61853027
-717.15704346
-714.23144531
-748.07983398
-734.61083984
-740.12707520
-740.11712646
-744.58398438
-754.72039795
-754.02697754
-729.55615234
-725.62695312
-746.72399902
-739.21655273
-752.35272217
-731.36352539
-767.40856934
-760.35961914
-738.88781738
-747.97607422
-748.51538086
-731.30175781
-725.92919922
-746.23388672
-748.16223145
-742.68225098
-693.94067383
-707.06768799
-701.84429932
-695.24426270
-700.19714355
-723.17932129
-708.85693359
-724.55895996
-712.13391113
-707.42718506
-710.81414795
-715.39691162
-709.50640869
-723.65344238
-722.27941895
-715.79003906
-746.02917480
-737.17565918
-760.74401855
-764.89587402
-769.96386719
-778.05450439
-736.86352539
-765.97033691
-742.97509766
-749.35015869
-755.82562256
-770.92626953
-741.84478760
-732.45037842
-742.93682861
-745.89111328
-740.29138184
-748.20458984
-744.31884766
-750.92193604
-754.72680664
-719.15051270
-702.81976318
-736.06970215
-730.02697754
-715.25817871
-712.18304443
-712.22271729
-721.11010742
-733.62561035
-715.57177734
-731.85559082
-744.74755859
-720.29821777
-721.62841797
-714.32312012
-742.49365234
-720.85559082
-709.30200195
-694.55609131
-691.16815186
-699.13916016
-694.44519043
-693.23791504
-695.56469727
-680.53863525
-705.02111816
-692.71191406
-700.89038086
-715.31091309
-705.40112305
-713.71203613
-709.43121338
-714.63903809
-738.32470703
-729.18859863
-709.96289062
-706.25769043
-721.40637207
-726.14184570
-711.81567383
-695.39337158
-712.37091064
-692.01800537
-696.95721436
-711.01342773
-704.41442871
-702.15509033
-710.31805420
-699.40557861
-706.33032227
-702.28137207
-696.33093262
-702.92846680
-706.53656006
-681.38732910
-716.57965088
-703.53808594
-685.26135254
-680.50000000
-698.40264893
-699.63537598
-706.48107910
-711.42059326
-706.61401367
-706.23168945
-703.48333740
-717.62365723
-729.26318359
-718.80725098
-706.06677246
-719.97497559
-704.79101562
-711.30187988
-700.24011230
-715.75775146
-717.77087402
-692.16137695
-699.50622559
-718.13256836
-718.74987793
-716.32458496
-717.83770752
-721.03173828
-726.86950684
-727.70721436
-735.52307129
-723.54052734
-718.44238281
-710.12902832
-719.51611328
-734.17468262
-714.64367676
-723.48004150
-740.66662598
-735.46917725
-742.52081299
-742.10235596
-729.24090576
-727.86645508
-719.46307373
-698.03985596
-731.13043213
-731.01336670
-709.84277344
-721.49475098
-721.27813721
-720.20544434
-737.32458496
-739.41223145
-718.90661621
-719.02783203
-725.94592285
-718.96594238
-726.40673828
-715.42492676
-752.18981934
-778.16479492
-759.49542236
-779.74035645
-773.34478760
-782.36499023
-761.21606445
-764.14703369
-749.22833252
-732.55578613
-760.60876465
-754.75427246
-758.49530029
-722.73669434
-755.04339600
-741.51513672
-764.71325684
-729.29711914
-727.25860596
-749.25939941
-756.82666016
-761.71423340
-734.06152344
-762.67272949
-740.41046143
-756.64526367
-737.84875488
-748.98516846
-743.75024414
-727.63220215
-757.49060059
-747.81372070
-747.41564941
-733.97625732
-741.20080566
-724.64147949
-719.61877441
-723.66308594
-728.07739258
-718.70886230
-706.52789307
-715.15173340
-739.08630371
-732.94921875
-745.17163086
-738.66296387
-735.00592041
-718.36529541
-742.10473633
-730.00500488
-746.93090820
-744.34069824
-744.26684570
-741.28625488
-744.96520996
-768.49670410
-753.41986084
-762.37707520
-772.98754883
-756.19360352
-771.31628418
-736.55163574
-762.91748047
-773.05596924
-766.21081543
-756.48309326
-758.32373047
-767.95617676
-754.81811523
-756.35327148
-758.63061523
-754.11547852
-737.97790527
-748.47778320
-721.73229980
-722.64660645
-732.06591797
-729.16711426
-737.35321045
-745.18389893
-743.37066650
-741.90869141
-741.20910645
-747.66320801
-760.36315918
-746.16784668
-737.49542236
-733.98327637
-740.00994873
-741.35205078
-739.17553711
-749.10656738
-741.34600830
-705.22479248
-689.65661621
-685.92199707
-706.19091797
-710.69281006
-715.22436523
-706.56481934
-724.24536133
-703.88836670
-721.29437256
-700.02355957
-720.82220459
-718.47741699
-723.52050781
-733.85998535
-713.38873291
-719.26000977
-719.81774902
-745.94128418
-743.83666992
-738.50561523
-742.87963867
-750.95996094
-737.83038330
-735.67785645
-739.14337158
-739.55670166
-746.14099121
-747.63574219
-749.70568848
-738.74743652
-744.54675293
-744.65332031
-744.79479980
-735.33618164
-746.74694824
-745.87121582
-733.14208984
-712.46435547
-726.20404053
-743.90802002
-710.65093994
-724.35449219
-729.22589111
-731.01550293
-743.80560303
-754.27478027
-744.99505615
-740.31689453
-745.06494141
-725.30059814
-727.81256104
-732.05902100
-729.52178955
-717.78564453
-722.78161621
-719.69879150
-697.58197021
-696.85467529
-692.90881348
-723.92517090
-720.90844727
-713.97668457
-737.13458252
-742.20770264
-719.78466797
-733.96618652
-729.16241455
-717.49255371
-728.47412109
-721.60028076
-733.91833496
-734.91601562
-727.91650391
-730.90838623
-742.88177490
-724.70703125
-726.60205078
-734.28314209
-727.11853027
-748.66113281
-741.38031006
-726.91998291
-749.32409668
-750.35992432
-719.44573975
-715.76745605
-719.27508545
-737.57934570
-740.43713379
-740.70007324
-733.77038574
-725.50402832
-738.05615234
-723.17114258
-731.90686035
-720.99829102
-724.26025391
-741.03631592
-729.55627441
-728.41601562
-726.07153320
-718.71582031
-713.60284424
-717.34655762
-722.34680176
-712.86523438
-720.84362793
-720.15844727
-735.25537109
-748.73352051
-742.92687988
-728.64941406
-773.81890869
-776.18298340
-769.17596436
-769.36865234
-764.09790039
-785.77478027
-775.20690918
-771.29290771
-765.29870605
-765.74145508
-762.44519043
-762.52661133
-762.01098633
-743.07641602
-742.92565918
-765.37219238
-746.77404785
-757.43652344
-753.99566650
-750.97253418
-778.74700928
-772.63159180
-771.84594727
-729.65643311
-720.90020752
-742.16857910
-748.76184082
-726.48901367
-724.46960449
-747.17059326
-721.27026367
-734.46142578
-734.48376465
-716.65722656
-725.33709717
-732.11883545
-738.24523926
-742.65759277
-719.75488281
-743.34216309
-760.97290039
-765.17626953
-786.21954346
-769.75769043
-772.64379883
-784.80566406
-741.46606445
-747.92816162
-743.61889648
-752.58935547
-751.71984863
-758.08148193
-761.00445557
-757.60705566
-777.34997559
-756.88702393
-763.33764648
-762.26770020
-770.58886719
-778.15612793
-742.01300049
-761.56646729
-764.66064453
-748.95874023
-765.97125244
-748.27148438
-734.82666016
-742.84887695
-750.60235596
-739.20275879
-755.08142090
-762.50805664
-754.10955811
-744.97363281
-769.74743652
-782.22326660
-775.04370117
-771.46221924
-759.87609863
-767.90618896
-768.83349609
-755.06207275
-751.49035645
-729.04174805
-724.31982422
-736.31652832
-697.73663330
-706.37933350
-699.17083740
-707.98034668
-675.40417480
-721.60565186
-704.35858154
-730.28057861
-717.88995361
-694.85174561
-721.79357910
-740.38232422
-742.92834473
-718.51770020
-728.45306396
-723.43432617
-723.97009277
-735.48693848
-735.46459961
-722.40844727
-744.64123535
-735.20703125
-715.06341553
-748.63757324
-711.90679932
-738.51879883
-746.40429688
-725.15478516
-736.01922607
-743.33251953
-720.66845703
-727.06658936
-696.41082764
-718.24682617
-731.01220703
-729.27484131
-716.74517822
-722.39147949
-720.43103027
-727.59948730
-723.05139160
-739.32708740
-698.26831055
-723.68444824
-725.98901367
-758.74743652
-743.88031006
-747.88824463
-736.91125488
-736.89892578
-741.03576660
-743.46545410
-742.99017334
-759.97509766
-758.79919434
-749.38262939
-761.15209961
-756.43798828
-761.42297363
-749.45422363
-776.70898438
-776.48242188
-763.17163086
-771.24853516
-771.54327393
-773.17749023
-780.68762207
-774.69921875
-745.60205078
-785.72521973
-765.84838867
-765.65014648
-773.17767334
-742.82116699
-758.12329102
-766.85766602
-742.50927734
-734.64392090
-766.49462891
-758.99896240
-743.00683594
-734.29870605
-761.43908691
-740.07604980
-740.75225830
-734.45556641
-719.83807373
-751.59802246
-732.21301270
-735.12866211
-726.82397461
-722.61193848
-730.49920654
-718.53515625
-740.20074463
-733.08123779
-725.53405762
-740.24462891
-734.05560303
-737.29107666
-721.37548828
-732.30761719
-775.41406250
-749.87036133
-757.43865967
-774.04797363
-776.36340332
-766.70092773
-765.76788330
-769.45532227
-769.06506348
-763.37280273
-762.20666504
-738.03674316
-732.32934570
-755.65942383
-749.04577637
-748.84509277
-725.93017578
-755.81835938
-735.15667725
-728.01367188
-753.21185303
-751.37304688
-729.75146484
-720.50305176
-719.66625977
-732.95977783
-727.11712646
-727.41687012
-744.20019531
-741.78424072
-732.59643555
-729.06372070
-728.71636963
-747.45434570
-735.08935547
-733.09558105
-747.15808105
-737.85644531
-788.25396729
-790.26605225
-780.61212158
-800.03698730
-745.19873047
-747.73962402
-760.38513184
-770.11083984
-771.12554932
-756.26843262
-778.51696777
-757.50244141
-740.34289551
-763.52331543
-729.44677734
-754.42297363
-745.22399902
-737.31481934
-751.63378906
-716.73278809
-706.40625000
-722.47186279
-737.84143066
-729.94281006
-730.00500488
-738.93713379
-736.88256836
-732.04357910
-743.47290039
-738.55761719
-742.25573730
-747.39318848
-748.44445801
-758.34814453
-738.52148438
-743.63909912
-737.03985596
-740.81579590
-742.27124023
-734.84417725
-735.29205322
-738.78039551
-741.20910645
-736.95031738
-751.87518311
-763.84240723
-746.91223145
-723.68420410
-734.22882080
-734.11328125
-723.36029053
-738.69738770
-730.47436523
-739.65246582
-738.61315918
-736.87145996
-707.37487793
-698.80261230
-710.34082031
-686.86547852
-724.01397705
-715.97668457
-724.92614746
-722.78051758
-733.68786621
-735.55474854
-720.47351074
-726.55261230
-742.26269531
-739.98358154
-740.40167236
-753.49462891
-750.98876953
-747.82952881
-737.23193359
-751.30938721
-744.66735840
-769.41058350
-763.09033203
-743.84863281
-756.43078613
-763.88964844
-745.09948730
-747.34997559
-733.58837891
-752.34777832
-747.34851074
-749.79327393
-749.97637939
-771.48718262
-760.16668701
-754.20019531
-746.40380859
-736.58715820
-757.70703125
-771.22869873
-737.35449219
-761.85742188
-766.64721680
-741.29327393
-758.20166016
-749.34100342
-760.05603027
-763.53491211
-775.73291016
-736.21020508
-768.34112549
-772.46911621
-753.80627441
-751.72351074
-784.09204102
-800.42822266
-782.85021973
-802.96020508
-832.04284668
-813.41253662
-807.63415527
-796.35394287
-816.07031250
-802.09167480
-786.91058350
-795.93865967
-787.02270508
-763.97222900
-776.70373535
-781.78894043
-784.49194336
-776.87194824
-767.03137207
-759.90454102
-775.36596680
-774.94494629
-698.22900391
-733.79418945
-738.01928711
-736.68957520
-755.89868164
-736.52868652
-736.00036621
-735.32116699
-744.94677734
-736.63122559
-730.37182617
-765.36193848
-763.86700439
-757.24975586
-752.75939941
-757.93688965
-760.14648438
-733.64270020
-729.87597656
-721.33166504
-700.68676758
-711.90313721
-707.35064697
-716.15124512
-695.84899902
-721.44555664
-733.92919922
-750.73883057
-740.54742432
-724.91467285
-745.41748047
-716.68395996
-739.45416260
-717.54345703
-718.14141846
-737.60809326
-735.70422363
-725.30999756
-722.13372803
-729.21655273
-730.58331299
-713.77734375
-715.61279297
-726.10015869
-712.25665283
-721.40167236
-726.99584961
-726.11975098
-727.30151367
-728.32489014
-719.01574707
-740.45477295
-735.48352051
-747.92553711
-731.51989746
-720.26898193
-750.00537109
-781.09509277
-787.99761963
-777.76147461
-782.42749023
-784.97058105
-797.75207520
-785.02221680
-781.68054199
-783.67547607
-791.91595459
-801.90606689
-798.93658447
-784.87908936
-778.41662598
-764.22314453
-772.87658691
-792.85968018
-767.55322266
-680.97070312
-708.04504395
-698.69348145
-715.22753906
-701.00073242
-721.95837402
-720.81658936
-708.10400391
-705.41479492
-718.58544922
-721.85327148
-687.78857422
-712.52642822
-717.61437988
-706.84027100
-699.21203613
-727.24951172
-723.55438232
-723.94476318
-784.23327637
-789.60339355
-778.86645508
-782.75390625
-768.83972168
-764.15515137
-774.25909424
-784.68859863
-791.64501953
-778.10437012
-783.97631836
-761.83105469
-806.16497803
-773.15393066
-784.60028076
-765.72515869
-788.02856445
-748.89855957
-776.95196533
-790.31481934
-778.00280762
-760.85339355
-778.26049805
-756.58996582
-752.67297363
-736.87426758
-764.31823730
-762.59765625
-753.70288086
-738.10485840
-748.00036621
-749.50341797
-767.51855469
-746.21142578
-786.31152344
-776.47607422
-784.29034424
-760.04406738
-791.03833008
-809.90844727
-809.54370117
-803.25256348
-787.03881836
-790.01098633
-774.94995117
-796.66662598
-786.73815918
-780.09210205
-762.08795166
-761.16485596
-769.46142578
-781.41601562
-790.19934082
-783.48919678
-774.79309082
-771.49499512
-805.58728027
-792.17376709
-800.21582031
-785.33935547
-797.25958252
-796.11523438
-777.36260986
-790.62390137
-776.49835205
-774.72424316
-760.14074707
-761.39868164
-763.40502930
-755.36523438
-770.82507324
-778.17504883
-743.98944092
-769.97662354
-770.71350098
-785.80895996
-794.44763184
-787.45947266
-779.05462646
-776.52478027
-779.98419189
-773.83178711
-777.01507568
-777.62683105
-778.42065430
-775.27868652
-766.23156738
-762.89245605
-749.73858643
-749.93743896
-755.03527832
-767.32324219
-769.32421875
-776.17639160
-799.54479980
-789.28002930
-796.89660645
-804.98687744
-804.66564941
-811.30615234
-800.78930664
-805.00866699
-788.30200195
-781.92193604
-775.93701172
-798.95117188
-788.20385742
-793.08233643
-787.38354492
-779.11486816
-791.29919434
-789.63366699
-785.22637939
-784.94274902
-778.33843994
-764.20361328
-774.11059570
-771.92956543
-767.85479736
-773.66156006
-762.12902832
-776.68261719
-777.35321045
-784.72827148
-784.46557617
-794.26165771
-790.76947021
-794.66064453
-758.57189941
-782.74816895
-776.40161133
-783.55834961
-731.21777344
-743.43994141
-719.61047363
-756.62683105
-714.91979980
-740.56414795
-745.56518555
-744.54687500
-722.68261719
-700.78924561
-732.05468750
-728.11730957
-732.19879150
-738.98242188
-750.96960449
-763.29418945
-736.20996094
-744.64752197
-740.09930420
-692.41461182
-701.98095703
-704.57293701
-702.14086914
-715.04437256
-741.09375000
-728.87951660
-695.64642334
-718.43676758
-746.35778809
-734.94897461
-744.44775391
-751.91070557
-745.87677002
-746.21636963
-749.45336914
-745.64007568
-743.96905518
-782.63055420
-764.87829590
-742.29785156
-758.91064453
-760.23522949
-742.60852051
-758.61071777
-739.42346191
-760.28234863
-766.62939453
-788.59637451
-749.61804199
-756.67993164
-762.51019287
-778.53936768
-776.69512939
-768.41613770
-761.92272949
-798.84948730
-840.86853027
-822.42272949
-834.01037598
-825.44470215
-824.14233398
-811.92602539
-809.69775391
-801.69567871
-799.96673584
-777.67492676
-813.40362549
-806.72412109
-798.53955078
-804.26177979
-792.99719238
-782.82653809
-797.35156250
-794.31677246
-803.39843750
-781.62512207
-796.40472412
-784.55975342
-777.30895996
-751.07019043
-768.96203613
-781.03369141
-786.81726074
-798.98577881
-798.72131348
-817.05407715
-787.14068604
-788.23901367
-774.34503174
-769.33593750
-783.51867676
-787.07403564
-774.48754883
-783.23760986
-799.89050293
-780.24621582
-769.92065430
-776.23223877
-782.62152100
-785.05804443
-798.80187988
-782.47888184
-776.13122559
-779.41058350
-774.01049805
-750.89733887
-761.99011230
-749.50061035
-766.68896484
-741.91662598
-779.50402832
-739.62487793
-754.71313477
-711.24694824
-740.55859375
-745.14221191
-725.51409912
-754.81896973
-747.71765137
-727.77038574
-743.65063477
-754.80761719
-770.65008545
-757.13031006
-747.73107910
-744.30297852
-734.72381592
-768.87805176
-768.08404541
-771.40771484
-771.90673828
-774.09619141
-833.67541504
-821.72290039
-830.68481445
-812.65350342
-829.09997559
-836.99414062
-817.70159912
-802.49206543
-803.09985352
-815.11907959
-800.62249756
-783.76818848
-815.88647461
-806.80084229
-807.17041016
-808.60876465
-789.80749512
-760.00872803
-810.52319336
-770.43981934
-743.99511719
-749.75848389
-742.28930664
-761.34448242
-767.72192383
-785.65954590
-768.99133301
-769.50860596
-766.48181152
-788.32171631
-762.50604248
-783.61590576
-794.73181152
-811.48400879
-807.92749023
-820.17248535
-789.79040527
-816.12274170
-811.23852539
-833.72961426
-846.21716309
-814.33996582
-846.95135498
-852.13751221
-858.75311279
-820.51916504
-856.16235352
-822.66137695
-828.81634521
-812.83361816
-844.83093262
-825.94769287
-848.37011719
-839.83319092
-832.73925781
-830.95654297
-798.17932129
-826.04199219
-820.28247070
-854.69860840
-837.78723145
-863.29449463
-850.15710449
-840.62603760
-872.10803223
-848.74041748
-875.63037109
-866.61572266
-843.38806152
-874.02545166
-850.71142578
-870.01635742
-855.65527344
-851.16595459
-873.61975098
-847.62414551
-857.00775146
-829.72808838
-824.36285400
-852.36041260
-842.52667236
-830.36328125
-845.41955566
-789.30303955
-831.58856201
-830.08349609
-847.92742920
-814.25000000
-857.34576416
-813.51007080
-826.12353516
-837.59790039
-814.04992676
-831.06280518
-872.95617676
-862.88549805
-844.93981934
-879.62030029
-846.64868164
-835.99371338
-849.19128418
-877.86480713
-838.83972168
-858.13946533
-861.49041748
-821.53027344
-855.27514648
-869.70812988
-841.21771240
-872.10925293
-847.91601562
-852.72143555
-886.92407227
-822.45880127
-806.15917969
-798.68041992
-794.84881592
-821.24542236
-814.23376465
-796.22094727
-790.10504150
-832.45782471
-833.87207031
-823.41119385
-825.95635986
-812.54162598
-810.91888428
-838.13989258
-848.01013184
-844.75732422
-803.82641602
-846.38952637
-891.75292969
-827.51171875
-843.97125244
-863.33581543
-822.27581787
-796.36138916
-815.96234131
-805.19726562
-804.46105957
-812.22192383
-848.90258789
-836.97143555
-835.22967529
-881.08557129
-829.26159668
-853.03125000
-858.76550293
-850.10559082
-832.63061523
-800.76965332
-838.40612793
-845.14428711
-825.31384277
-822.14593506
-818.72570801
-824.93457031
-840.03375244
-831.66955566
-819.94628906
-827.20581055
-814.35644531
-834.80468750
-823.00030518
-838.15612793
-822.58654785
-814.41729736
-857.70275879
-856.82049561
-862.98522949
-899.24682617
-845.19299316
-891.63543701
-867.53662109
-856.44018555
-853.68536377
-869.85510254
-888.22070312
-879.98461914
-850.33612061
-887.36608887
-895.92993164
-880.91162109
-889.20239258
-873.87445068
-881.93499756
-868.65228271
-900.52825928
-891.30633545
-894.10467529
-867.02355957
-863.48693848
-885.76330566
-861.35095215
-851.55273438
-850.13293457
-835.77899170
-846.59014893
-846.57421875
-841.44622803
-836.94860840
-821.84051514
-812.42663574
-839.90441895
-839.90014648
-843.33935547
-897.14697266
-908.98602295
-914.16662598
-916.04541016
-923.44006348
-941.92877197
-881.21191406
-890.51397705
-918.95080566
-934.94891357
-920.85034180
-932.28778076
-921.74829102
-910.11285400
-927.96887207
-946.93341064
-921.18176270
-917.97583008
-914.89501953
-866.33319092
-847.04534912
-842.79968262
-836.21093750
-847.90490723
-842.61132812
-835.93457031
-853.92114258
-875.72229004
-840.36352539
-845.80517578
-895.76019287
-884.37536621
-871.00622559
-869.66845703
-892.23895264
-858.12847900
-863.11022949
-875.82299805
-898.95501709
-891.29040527
-855.36596680
-856.76037598
-848.36767578
-830.67871094
-858.84820557
-811.56604004
-840.76696777
-821.90771484
-862.85424805
-886.39550781
-860.76196289
-875.45666504
-892.51104736
-888.93347168
-887.85949707
-860.31640625
-833.65734863
-860.26794434
-856.66943359
-804.82690430
-831.18774414
-798.74682617
-837.63128662
-825.97937012
-827.69409180
-811.86608887
-802.26672363
-772.24896240
-808.87884521
-801.24768066
-808.18286133
-819.52416992
-787.49951172
-808.74511719
-782.51336670
-828.36889648
-865.31835938
-839.06018066
-831.29956055
-843.78381348
-856.44677734
-844.47497559
-898.05462646
-889.71282959
-893.16650391
-886.50909424
-916.83264160
-869.45880127
-882.17559814
-868.81848145
-911.15625000
-870.70153809
-888.85461426
-893.35272217
-855.02624512
-863.35052490
-843.53845215
-858.37573242
-857.86688232
-849.59692383
-835.33032227
-886.38647461
-850.90313721
-863.07879639
-856.75415039
-863.27502441
-855.13220215
-867.66503906
-890.20947266
-870.31896973
-887.55773926
-890.27978516
-882.78173828
-870.56976318
-902.01440430
-848.09741211
-886.77337646
-839.68414307
-848.07409668
-826.90356445
-855.62249756
-837.06982422
-842.93713379
-836.62860107
-861.95483398
-848.11419678
-877.99902344
-861.34698486
-849.61950684
-833.26477051
-829.15771484
-826.03015137
-765.01678467
-760.93322754
-761.88952637
-808.82244873
-823.27978516
-795.69567871
-814.05139160
-876.64569092
-862.51770020
-906.60784912
-887.88775635
-878.44427490
-855.70935059
-884.24670410
-865.63134766
-891.81933594
-892.26684570
-884.82073975
-876.15118408
-899.98547363
-960.39440918
-916.08782959
-930.75866699
-942.81408691
-902.73797607
-927.97106934
-951.29541016
-911.32897949
-874.96020508
-896.25170898
-891.74804688
-890.17028809
-941.17376709
-897.46679688
-941.30322266
-898.13671875
-928.46307373
-858.98394775
-877.76245117
-873.50305176
-822.37573242
-883.25347900
-874.05383301
-838.27490234
-915.32330322
-902.33648682
-888.10095215
-879.59265137
-874.91400146
-859.45703125
-865.44812012
-894.04614258
-908.95605469
-892.14514160
-849.84790039
-846.30841064
-851.85949707
-823.59570312
-837.84716797
-835.06518555
-864.08923340
-917.08056641
-895.54150391
-874.77819824
-866.39727783
-861.70434570
-899.53399658
-863.44738770
-879.24377441
-879.50476074
-901.69799805
-885.00952148
-924.80694580
-882.53637695
-911.18176270
-879.99255371
-877.11505127
-937.30773926
-903.08251953
-909.82385254
-927.13067627
-961.94824219
-915.98144531
-930.73486328
-914.92687988
-922.85089111
-941.99011230
-925.03924561
-905.18127441
-919.56713867
-912.70422363
-932.50952148
-917.55657959
-940.74230957
-1022.30908203
-960.83068848
-925.10192871
-936.39685059
-900.24774170
-953.46655273
-937.78369141
-922.62298584
-919.31994629
-930.71264648
-926.10974121
-946.67871094
-976.17938232
-912.64782715
-923.63708496
-937.11914062
-960.77331543
-943.21899414
-953.49468994
-931.93719482
-950.97338867
-926.63226318
-903.15966797
-918.30725098
-904.80944824
-935.72192383
-894.50720215
-896.31335449
-917.02490234
-871.29205322
-872.69024658
-887.63360596
-931.41894531
-895.68847656
-901.63110352
-901.08007812
-903.15411377
-865.54718018
-975.00329590
-948.43719482
-920.36602783
-944.90301514
-928.81787109
-968.55175781
-972.05957031
-933.51977539
-1000.46655273
-975.18170166
-950.92309570
-943.06500244
-939.15008545
-944.28320312
-1003.37011719
-947.96820068
-961.12799072
-970.11346436
-941.07141113
-942.07196045
-927.99902344
-930.07592773
-914.82305908
-930.16540527
-964.43096924
-916.92443848
-974.21008301
-913.52636719
-933.29913330
-956.97644043
-928.40930176
-938.39404297
-973.97265625
-908.33935547
-944.31860352
-951.18334961
-891.07049561
-912.71063232
-899.61108398
-864.78393555
-940.25457764
-921.48760986
-926.71948242
-904.94250488
-868.40283203
-923.66351318
-944.03649902
-891.75683594
-925.35937500
-964.44567871
-904.22290039
-971.18347168
-905.46551514
-974.88323975
-925.87872314
-953.76068115
-1003.25708008
-1016.50292969
-1060.58056641
-1081.55358887
-1009.36395264
-1009.29992676
-1028.65380859
-1051.14318848
-1021.57019043
-1023.63531494
-1017.39587402
-1001.30749512
-967.27911377
-941.06951904
-924.64691162
-955.27368164
-912.23449707
-941.38433838
-913.67828369
-830.44042969
-834.05664062
-823.93627930
-870.44335938
-840.80963135
-860.77600098
-873.75854492
-885.71020508
-878.30993652
-854.51330566
-869.61743164
-872.70227051
-848.04315186
-878.34643555
-860.58374023
-881.28363037
-863.51477051
-877.73236084
-871.52795410
-956.83203125
-908.13427734
-927.67327881
-913.50610352
-883.33624268
-902.21295166
-907.28302002
-884.71813965
-882.53540039
-913.64483643
-894.11877441
-924.07318115
-931.55419922
-900.30981445
-899.53161621
-871.35906982
-903.33013916
-897.45520020
-890.85070801
-875.73339844
-875.80383301
-879.18115234
-882.88958740
-873.42517090
-885.83801270
-923.09216309
-941.24047852
-963.56835938
-961.91864014
-960.33038330
-930.17797852
-983.27929688
-955.64605713
-991.87445068
-1004.14038086
-976.68145752
-922.99548340
-963.93176270
-1021.58251953
-965.96502686
-926.33258057
-966.47558594
-987.09082031
-988.83013916
-978.86718750
-998.64947510
-956.72442627
-954.72167969
-950.55175781
-937.59393311
-980.74377441
-948.22344971
-916.36914062
-950.64129639
-1003.39733887
-988.17437744
-959.49230957
-924.32269287
-917.38500977
-899.40502930
-880.84472656
-875.49218750
-917.88977051
-939.32330322
-918.76794434
-893.09741211
-899.34973145
-935.14141846
-899.63977051
-910.63232422
-880.20062256
-895.79510498
-915.70239258
-899.26910400
-905.91015625
-948.14526367
-900.43261719
-885.09484863
-941.21203613
-913.76434326
-907.67736816
-923.29772949
-954.60180664
-947.68737793
-942.15423584
-928.40478516
-965.03515625
-975.58703613
-931.47680664
-965.46655273
-975.73394775
-976.64575195
-960.68176270
-962.63446045
-903.88879395
-913.14398193
-910.62329102
-900.42529297
-910.39965820
-905.59216309
-908.04895020
-911.20581055
-891.79748535
-944.47412109
-900.26287842
-942.81140137
-964.84826660
-914.88793945
-935.34417725
-953.64355469
-955.60186768
-941.24963379
-952.71514893
-1019.73016357
-1003.34338379
-1042.94165039
-1012.50073242
-998.11407471
-1035.51660156
-1008.92822266
-1003.24029541
-970.18518066
-943.97418213
-970.01568604
-1007.93035889
-973.08923340
-1006.47167969
-1015.61541748
-1012.23413086
-1023.42114258
-1003.87487793
-987.63562012
-935.04125977
-953.22595215
-963.18127441
-969.51007080
-977.41198730
-982.83166504
-1053.17346191
-1044.29052734
-951.76617432
-944.53417969
-959.80761719
-1031.43286133
-968.71417236
-1002.04223633
-982.88916016
-969.55151367
-1009.69799805
-1058.70690918
-975.90179443
-1026.61425781
-996.95037842
-1028.11352539
-976.00219727
-974.91436768
-947.18762207
-1027.70593262
-991.78637695
-1007.71606445
-1013.00195312
-998.16851807
-967.37438965
-981.39965820
-1000.65447998
-948.52233887
-997.49060059
-978.65197754
-935.26745605
-995.03533936
-964.84735107
-933.87402344
-930.22015381
-988.76867676
-936.08489990
-931.11547852
-909.06311035
-905.69799805
-935.83654785
-921.09704590
-907.44433594
-928.72070312
-986.00622559
-932.21813965
-945.95678711
-917.54870605
-989.62469482
-926.17474365
-1032.22534180
-1047.96545410
-1062.71850586
-1066.87390137
-1028.21350098
-1084.16625977
-1038.01330566
-1054.89038086
-955.53894043
-1050.83178711
-986.96948242
-1021.12481689
-1017.65002441
-1024.59655762
-1018.42358398
-974.41406250
-1064.22607422
-1027.91381836
-1056.93212891
-1071.48522949
-1051.49804688
-1086.52197266
-1139.17395020
-1087.55541992
-1043.58691406
-1078.70227051
-1042.11462402
-1045.85571289
-1030.47143555
-1023.68304443
-1054.24682617
-1105.96057129
-1021.18627930
-1053.07104492
-1007.11791992
-1038.07617188
-1046.04699707
-1058.17163086
-1076.14343262
-979.75482178
-1086.43261719
-1054.44726562
-1043.52392578
-1080.67602539
-1051.46887207
-1061.55847168
-1087.57153320
-1069.08825684
-1076.44445801
-1114.02038574
-1121.89074707
-1056.78845215
-1040.70983887
-1084.01489258
-1110.57055664
-1056.89599609
-1045.47680664
-1017.57556152
-1025.99768066
-1137.28454590
-1139.08129883
-1135.70068359
-1144.01367188
-1055.71679688
-1029.56909180
-1032.20336914
-1017.97253418
-1095.96508789
-1039.45068359
-1024.55517578
-1081.07421875
-1029.11718750
-1075.72473145
-1033.87805176
-1029.17333984
-1040.75549316
-970.25451660
-920.31866455
-1015.59191895
-983.93103027
-1028.03735352
-996.45098877
-1042.46240234
-1017.90148926
-989.97998047
-1011.79333496
-998.32763672
-1030.92126465
-992.67297363
-1037.92333984
-950.72607422
-955.18090820
-979.35217285
-1012.92150879
-1003.50341797
-917.71777344
-1041.86474609
-1086.60986328
-1022.56024170
-1045.95153809
-1052.05566406
-1040.01953125
-1036.65429688
-1102.89916992
-1055.56298828
-1037.21533203
-1112.43823242
-1102.28833008
-1088.80798340
-1084.00024414
-1085.21423340
-1038.27929688
-1115.58203125
-1067.71765137
-1200.91223145
-1205.86950684
-1163.80419922
-1102.17138672
-1047.79467773
-1080.01708984
-1050.57128906
-1079.90966797
-1063.56176758
-1099.75805664
-1070.58618164
-1077.43750000
-1148.13867188
-1121.36157227
-1144.26623535
-1124.59936523
-1115.96643066
-1099.97595215
-1135.62463379
-1093.63916016
-1064.00866699
-1094.82214355
-1035.06274414
-1038.33679199
-1018.83142090
-1070.06445312
-980.59460449
-1030.17382812
-983.50292969
-993.42565918
-1012.23492432
-1002.31909180
-1049.37719727
-1034.13012695
-1013.56500244
-1053.70849609
-1023.72302246
-1126.55480957
-1190.75244141
-1172.46325684
-1238.47021484
-1240.13305664
-1202.73498535
-1097.21752930
-1214.27966309
-1142.63024902
-1136.29089355
-1137.17321777
-1167.20239258
-1112.59899902
-1074.86926270
-1040.12744141
-1055.72900391
-1069.72558594
-1113.23217773
-1072.75683594
-1110.18164062
-1020.37316895
-1040.21289062
-1052.91772461
-1037.02880859
-1043.38916016
-1028.31518555
-1021.72290039
-1074.63012695
-1044.78979492
-1071.16198730
-1020.51385498
-1033.22363281
-1029.52929688
-1032.64208984
-1041.11840820
-1072.77221680
-1044.67651367
-1024.99523926
-1024.08642578
-1088.59887695
-1071.25476074
-1072.67919922
-1008.15173340
-1015.21759033
-999.77392578
-993.10778809
-1024.83544922
-1053.30468750
-1065.69836426
-1028.35961914
-1126.80908203
-981.01019287
-1009.60095215
-1027.55615234
-1027.73620605
-1047.87194824
-1017.40301514
-914.52221680
-958.66882324
-1043.58813477
-1014.40917969
-1019.78863525
-1054.77661133
-1059.07995605
-1020.39569092
-1055.65222168
-1046.06762695
-1004.22851562
-1017.66333008
-1065.41760254
-1022.51947021
-1077.64721680
-1030.03625488
-1063.84960938
-1080.79296875
-1053.91320801
-1071.29284668
-1078.77746582
-1027.39624023
-1104.81909180
-1086.87353516
-1081.53283691
-1024.15588379
-1054.70410156
-1025.92602539
-1051.10546875
-996.92456055
-1057.44067383
-1082.37438965
-1086.32202148
-1066.65454102
-1055.97656250
-1050.70739746
-1000.03308105
-985.23864746
-957.65087891
-974.91870117
-958.27246094
-955.64239502
-971.96752930
-1044.64868164
-1028.69226074
-1086.28881836
-1106.27429199
-1097.43286133
-1090.01354980
-1140.76757812
-1126.49523926
-1180.63232422
-1096.14428711
-1126.25305176
-1147.63793945
-1046.94897461
-979.91918945
-975.82153320
-1000.46081543
-1010.89208984
-1022.03027344
-1030.36193848
-1034.30407715
-1069.70373535
-1034.34631348
-1102.77905273
-1108.58825684
-1069.72863770
-1091.80700684
-1073.27319336
-1073.39147949
-1073.65734863
-1099.07946777
-1046.89404297
-1074.86657715
-1081.37207031
-1006.92285156
-1026.59387207
-1032.98571777
-1110.08227539
-1090.07653809
-1052.09484863
-1134.45043945
-1197.29150391
-1142.54077148
-1152.23632812
-1140.44641113
-1082.15625000
-1078.18652344
-1070.82116699
-1078.45605469
-1118.10571289
-1120.51391602
-1094.74841309
-1026.46411133
-1044.04931641
-987.72241211
-1002.90319824
-1005.52978516
-1076.91064453
-1053.99780273
-1044.57348633
-1093.66711426
-1098.00903320
-1031.25488281
-1025.54809570
-1081.28100586
-1099.22387695
-1062.08508301
-1063.09643555
-1129.41821289
-1110.24182129
-1104.33618164
-1084.72973633
-1076.53051758
-1051.30932617
-1056.64013672
-1061.72668457
-1053.97900391
-1040.36706543
-1043.99145508
-1001.16662598
-1020.79797363
-1061.16821289
-1112.63061523
-1061.75122070
-1066.09094238
-1101.36755371
-1006.01715088
-1071.23632812
-1019.74218750
-1073.96704102
-1014.65771484
-1119.55957031
-1109.79101562
-1044.30139160
-1146.44445801
-1043.52734375
-1046.42724609
-966.38000488
-1053.12353516
-1010.47338867
-1046.01708984
-1047.89453125
-1022.23437500
-1028.16381836
-1025.55603027
-999.89587402
-1043.25830078
-1073.66491699
-1234.30053711
-1225.14892578
-1146.64208984
-1081.16381836
-1218.66992188
-1242.28125000
-1154.16088867
-1203.00781250
-1239.08935547
-1104.34985352
-1040.18591309
-1107.75048828
-1073.29858398
-1037.89013672
-1143.81445312
-1122.44140625
-1000.29394531
-990.80786133
-1056.22583008
-997.42102051
-1022.19268799
-986.38378906
-1086.03662109
-1092.35717773
-988.11090088
-979.20745850
-1016.20343018
-1006.76300049
-1091.99951172
-1087.29296875
-1075.05712891
-1193.69689941
-1126.34619141
-1071.78637695
-1103.93420410
-1081.86315918
-1170.01928711
-1149.37951660
-1051.17041016
-1070.46826172
-1024.77380371
-1023.32452393
-1069.52111816
-1034.95190430
-1072.29125977
-1057.37182617
-1095.11816406
-1026.55639648
-994.60241699
-979.50183105
-1027.43457031
-982.98205566
-1044.01904297
-1028.23583984
-1038.40344238
-1056.63806152
-1049.94177246
-1025.52246094
-1006.50292969
-1126.75537109
-1085.85644531
-1061.98876953
-1117.18505859
-1050.39428711
-1156.73339844
-1150.92700195
-1035.92382812
-1072.49670410
-1084.86914062
-1073.89086914
-1077.07275391
-1076.92675781
-1177.92724609
-1033.54064941
-1139.96020508
-1141.71850586
-1345.76000977
-1273.70971680
-1196.33886719
-1243.53173828
-1241.81909180
-1277.02026367
-1251.97290039
-1214.00024414
-1189.31860352
-1169.54687500
-1181.10900879
-1171.22216797
-1277.96166992
-1253.91503906
-1199.27197266
-1185.23754883
-1235.66577148
-1149.13818359
-1136.50231934
-1152.77197266
-1044.37976074
-1106.88818359
-1142.68408203
-1136.10180664
-1234.36987305
-1209.09851074
-1264.25744629
-1182.99340820
-1246.20043945
-1197.43261719
-1267.50939941
-1270.72766113
-1279.27856445
-1331.12890625
-1338.57458496
-1301.98620605
-1360.67370605
-1329.72314453
-1550.90356445
-1399.81518555
-1413.05700684
-1322.77429199
-1380.13671875
-1246.14404297
-1366.71130371
-1246.60827637
-1266.45336914
-1284.56518555
-1214.22436523
-1230.73815918
-1188.06042480
-1276.10021973
-1228.40991211
-1162.12707520
-1162.28930664
-1191.22412109
-1254.92846680
-1129.52856445
-1204.32543945
-1200.20239258
-1207.71435547
-1232.28698730
-1164.90722656
-1152.03588867
-1167.10498047
-1231.39562988
-1160.97424316
-1243.05395508
-1236.81176758
-1221.66601562
-1169.38085938
-1214.93469238
-1190.03381348
-1209.82409668
-1167.76123047
-1060.69030762
-1097.83740234
-1167.59228516
-1244.93505859
-1279.80346680
-1314.44335938
-1273.65478516
