-7.44636679
-7.29922199
-7.70144892
-7.72312498
-8.17363358
-9.20551491
-10.01231766
-10.50361538
-12.20036888
-12.55920601
-13.72151566
-13.40264034
-16.18639374
-17.54241371
-17.50182343
-20.16216660
-19.01530457
-21.79193306
-21.35330963
-24.70709229
-24.19598770
-25.70739365
-28.37225723
-27.95864105
-30.48609924
-32.49221802
-35.86290359
-34.75767899
-34.05852890
-37.80112839
-41.46800995
-36.20220566
-42.47291565
-44.63069153
-45.38534927
-42.79044342
-46.44976044
-41.17713928
-45.35853577
-47.71725845
-48.52287292
-47.55982971
-46.74407196
-49.56906509
-49.89807129
-53.17112732
-51.01150513
-55.35743713
-53.70449829
-58.39857864
-58.66923141
-66.92225647
-67.52230835
-64.80625916
-59.23190308
-64.89565277
-71.43309021
-69.85705566
-68.05613708
-75.42207336
-74.53781128
-74.16012573
-75.66801453
-77.58139038
-82.65738678
-83.75227356
-82.22370911
-85.53443146
-87.36908722
-86.58068848
-83.84703064
-90.79325104
-91.51726532
-94.49818420
-89.21977234
-88.49084473
-98.99841309
-97.71168518
-101.78353882
-106.03839111
-103.24934387
-102.35643005
-103.64404297
-99.16690063
-107.94241333
-105.32243347
-107.09407043
-104.83172607
-106.78380585
-118.23876953
-105.34377289
-110.83699036
-106.60197449
-108.42842865
-103.16110229
-105.08238220
-102.46017456
-106.34765625
-106.90584564
-113.21032715
-112.44998169
-105.18919373
-112.45526123
-118.75997925
-112.05274963
-112.55960846
-110.21350098
-114.83212280
-120.13607788
-110.65544128
-120.95550537
-118.81030273
-118.87987518
-102.66082764
-113.22719574
-106.96768188
-114.61991119
-119.38927460
-118.39707947
-107.85609436
-122.91014099
-124.27043915
-120.05736542
-117.50765991
-122.68630981
-113.54519653
-125.59922028
-123.26749420
-132.66447449
-131.30468750
-126.69554138
-135.23861694
-127.91677856
-135.52932739
-133.51574707
-136.37329102
-129.04592896
-127.42202759
-125.28100586
-140.86978149
-133.76773071
-133.49157715
-143.82960510
-139.76033020
-147.10995483
-139.61169434
-142.34347534
-144.24896240
-150.98880005
-139.54650879
-148.16110229
-140.96377563
-141.01055908
-153.54568481
-153.56130981
-154.84303284
-159.56936646
-152.67399597
-150.16958618
-153.03442383
-150.67257690
-150.26524353
-155.67427063
-149.44284058
-154.01475525
-151.65676880
-153.04956055
-153.22927856
-151.74362183
-144.77416992
-140.19337463
-140.16879272
-149.54483032
-147.98272705
-155.39471436
-151.28158569
-154.32569885
-155.25022888
-150.73915100
-141.23004150
-147.21699524
-144.72412109
-148.11880493
-151.28222656
-142.16552734
-147.90931702
-138.46536255
-153.36044312
-149.54223633
-158.11981201
-144.71623230
-171.68957520
-171.06292725
-160.77947998
-164.42071533
-152.50521851
-177.01878357
-165.77526855
-173.73477173
-179.33761597
-155.16430664
-160.45455933
-177.78311157
-162.25148010
-153.37399292
-160.69851685
-169.92129517
-110.74534607
-113.15286255
-129.79869080
-129.93429565
-134.68263245
-138.46745300
-132.16127014
-157.13717651
-141.50807190
-142.52310181
-156.09422302
-133.58982849
-149.50576782
-141.43350220
-137.95039368
-144.55148315
-162.47428894
-152.27478027
-140.54580688
-153.27874756
-153.64784241
-154.72454834
-170.31188965
-168.22235107
-162.08810425
-149.39154053
-165.26968384
-136.71704102
-166.23233032
-148.42515564
-149.70468140
-140.04858398
-127.87440491
-162.19860840
-125.01455688
-132.50808716
-142.85763550
-115.39927673
-118.22549438
-124.67889404
-126.82395935
-111.88420868
-116.44229126
-133.54946899
-123.39208984
-110.01287842
-130.28005981
-111.06601715
-130.00091553
-120.37323761
-116.81671143
-121.95221710
-132.60984802
-112.76790619
-120.67609406
-138.99089050
-134.49871826
-133.50280762
-141.70111084
-169.55285645
-127.58280182
-148.54794312
-159.81137085
-143.72369385
-162.20050049
-165.62710571
-140.79724121
-143.20750427
-136.33129883
-159.74530029
-147.70822144
-134.23933411
-183.71771240
-171.83676147
-154.06579590
-149.02951050
-146.90585327
-151.77085876
-149.34712219
-158.18743896
-151.10591125
-152.70498657
-147.10357666
-124.62715149
-142.48724365
-152.84243774
-115.43885040
-125.93125916
-135.34226990
-122.11103821
-172.71917725
-148.73211670
-150.18740845
-143.87489319
-180.03756714
-181.07000732
-172.26620483
-179.80726624
-170.94552612
-147.96954346
-179.01225281
-182.69871521
-133.72447205
-157.03654480
-149.82867432
-123.38768768
-144.66329956
-141.85379028
-127.77211761
-117.41452026
-153.01502991
-113.21456909
-127.06874847
-88.29921722
-80.68950653
-81.17514801
-85.11824036
-82.24641418
-72.14910889
-78.53692627
-79.41801453
-73.32477570
-101.60237122
-80.70239258
-101.45715332
-84.35268402
-80.89727783
-113.51802063
-103.95018768
-123.83290100
-89.26831818
-110.81084442
-141.70234680
-151.18507385
-137.33126831
-147.40969849
-136.43475342
-141.38470459
-125.81674957
-122.85409546
-103.53915405
-110.22479248
-117.01414490
-131.36167908
-120.61364746
-108.02281189
-113.21479797
-123.98835754
-112.68730164
-115.71331024
-140.91305542
-86.29008484
-93.60455322
-91.78300476
-91.91217041
-76.21662140
-97.90560913
-84.56753540
-92.92048645
-90.04659271
-110.45074463
-70.34317017
-83.10993958
-97.51741028
-102.34417725
-61.24662399
-89.76229858
-91.13298035
-88.86343384
-81.79582977
-54.79235458
-106.99198914
-67.65328217
-96.15691376
-97.49270630
-69.33834076
-62.35608673
-95.43211365
-83.51036072
-70.87236786
-70.26665497
-77.14630127
-65.80329895
-80.30113220
-61.43592072
-59.42841339
-77.32533264
-78.94256592
-64.66163635
-90.55150604
-71.38578033
-81.19082642
-103.83884430
-79.60479736
-105.63130951
-85.24757385
-110.53598022
-85.40771484
-76.03795624
-58.72855377
-72.76702881
-89.02291107
-77.24890137
-97.35663605
-92.50347900
-72.57318115
-77.65773773
-125.16887665
-124.43061829
-118.61145782
-93.93741608
-97.95103455
-81.29158020
-100.18222046
-114.24643707
-111.06243134
-91.11004639
-85.64754486
-70.93923187
-102.91123962
-78.88957214
-61.18030167
-84.10083008
-94.50984192
-86.72689056
-99.03659058
-57.38810730
-72.99818420
-71.57202148
-74.33749390
-51.27296448
-57.96103668
-55.16120529
-50.95262909
-79.25139618
-60.17029572
-60.53270721
-62.98610687
-58.73026276
-63.27144623
-72.89546204
-70.35993195
-72.27435303
-69.29801178
-66.58150482
-91.94125366
-81.50236511
-63.45549774
-88.05720520
-72.11972809
-80.75128174
-84.77027130
-65.33750916
-68.24626160
-52.91456604
-73.54626465
-82.39078522
-84.45610046
-67.07360840
-86.73205566
-64.44525146
-82.80941010
-82.42342377
-45.62602615
-49.90914536
-71.01974487
-64.07326508
-80.57192993
-68.00417328
-86.23432922
-87.78031921
-72.79844666
-74.41477203
-65.26283264
-79.14179993
-75.66031647
-91.11485291
-90.44743347
-76.30773926
-51.29021454
-80.79634094
-90.03175354
-54.65224457
-48.90614700
-54.86735153
-54.34428406
-58.68291855
-70.89576721
-75.85160828
-84.64803314
-67.59771729
-98.16309357
-73.71864319
-58.44061279
-56.06716537
-58.72940826
-90.11700439
-78.34278870
-61.07854080
-66.47196960
-60.80988312
-35.85276794
-55.27235031
-45.57438660
-46.65083313
-70.91621399
-67.75593567
-61.84416962
-86.83547974
-66.89552307
-76.99369049
-79.65014648
-68.26278687
-40.22173309
-75.27448273
-69.41462708
-93.14588165
-68.20562744
-92.23286438
-115.71255493
-68.12390137
-50.25394440
-65.77767944
-70.26167297
-60.89011383
-70.63352966
-82.26499939
-89.74455261
-105.55453491
-74.33741760
-85.17070007
-111.86242676
-98.40836334
-104.93766022
-90.74465179
-64.43511963
-92.34580231
-68.17403412
-63.07518768
-55.45185089
-39.38217545
-66.41513062
-50.22933960
-45.43006897
-55.13003540
-38.93328094
-41.05558777
-52.18798447
-46.15979004
-39.36177063
-38.93111801
-53.82015610
-44.97135162
-58.95663834
-45.96493149
-59.78149414
-87.96842957
-69.68108368
-80.46954346
-81.73566437
-67.59036255
-80.11691284
-59.18554688
-75.36691284
-76.58958435
-96.91727448
-60.26515961
-90.56491852
-59.23313522
-75.98522186
-57.49599838
-68.28321838
-58.40436554
-60.19786072
-78.19651031
-61.76816559
-53.63486481
-53.03392410
-54.87848282
-74.44633484
-79.78770447
-60.99656677
-33.37477875
-47.22499847
-37.25879669
-68.29012299
-54.57721710
-63.45106125
-51.01780701
-86.17904663
-60.87168884
-50.05855942
-39.33169556
-48.09876633
-54.83383179
-59.03237152
-49.06522369
-34.65045166
-47.88232803
-64.11860657
-28.29382706
-37.67365265
-34.34536362
-40.39680481
-35.02369690
-35.37849426
-40.98310471
-40.70719147
-45.65369034
-47.14990234
-49.62872314
-43.95785522
-50.36758423
-54.01800537
-38.66002655
-85.47878265
-41.68446350
-60.31685257
-45.70063782
-53.70650101
-50.87757111
-41.78458786
-58.69284821
-46.04746246
-58.61453247
-48.36107635
-36.00871658
-53.83294678
-47.91141510
-54.98521423
-48.53827667
-49.60973740
-59.83909607
-84.09700012
-64.58079529
-47.68872070
-25.05029678
-79.98203278
-52.97906113
-36.77113342
-45.81843185
-39.51148224
-46.43346024
-48.46449280
-51.58523560
-62.73497009
-36.82585907
-81.17905426
-43.23436356
-84.41305542
-50.18114471
-75.58355713
-69.56323242
-60.62538147
-55.21038818
-44.51136780
-52.54701233
-53.32110596
-37.57537842
-39.26375961
-41.44306946
-57.36871719
-78.82609558
-52.03414154
-37.40842056
-39.41268921
-52.56044388
-66.07834625
-53.16115189
-58.89364243
-49.27531433
-27.81782150
-33.31452179
-41.90651703
-30.71833992
-42.35024261
-35.25522614
-42.60129929
-62.02854919
-42.62950134
-51.73761749
-47.42018509
-47.95099640
-46.40406799
-53.78665924
-37.01841736
-47.09033203
-48.90888214
-58.17423248
-46.99121094
-22.67106628
-28.41626167
-23.94691467
-31.02814674
-37.53052521
-31.39800644
-29.79726601
-33.89537048
-35.19577026
-27.50911713
-33.24407578
-27.03790855
-35.67457581
-38.20772171
-26.14204788
-23.87349129
-46.11050034
-39.41959000
-33.97745514
-27.75905037
-31.19821930
-31.63768768
-29.83695602
-31.29867935
-37.06811523
-44.49174500
-32.48631668
-40.69896317
-36.99729919
-45.55602264
-36.55177307
-23.76051521
-36.72784424
-36.43650436
-33.85747147
-34.15248108
-24.29931450
-24.90217590
-34.82370377
-25.74730873
-51.01895142
-38.82666779
-36.82891846
-36.27233124
-35.01469803
-42.63789368
-39.00379944
-27.88077927
-61.92932129
-41.23979568
-24.07605743
-39.04108047
-44.44010162
-42.84924316
-51.12997818
-61.99204254
-44.22460938
-60.10139084
-71.94631195
-37.56625748
-43.55978775
-52.48097610
-88.71166992
-53.22315979
-61.33937073
-46.59577942
-39.57810211
-41.03694153
-34.36824799
-36.88810730
-50.03532791
-56.08966827
-35.89662933
-35.70370483
-26.51918983
-23.83904648
-31.20907021
-33.58225250
-38.65504456
-28.68570328
-26.37463951
-25.94384766
-28.21518517
-29.74125671
-21.52662277
-41.55699539
-51.27075195
-40.98410416
-30.72944069
-27.05958557
-43.00677872
-21.75254059
-33.84851456
-31.13476562
-35.46253586
-34.97232437
-40.94549561
-24.92073250
-28.20143890
-50.98191071
-22.80651474
-30.86662483
-40.57653046
-41.33201599
-39.38558960
-48.78757858
-43.71281052
-43.85778046
-34.69169235
-35.36341095
-36.45610428
-35.30764771
-41.44736099
-38.57354736
-75.74523163
-68.38381958
-88.27652740
-56.28833008
-44.11155319
-28.08636665
-31.31448936
-43.80846405
-37.18477631
-41.63583374
-44.92835999
-42.23937225
-48.79995346
-57.71530914
-58.86094666
-40.36911011
-73.21726990
-63.91967392
-40.09127808
-34.68263245
-42.72029877
-47.03476715
-51.53929901
-28.50145531
-40.72694778
-59.39289093
-42.21079636
-40.03049850
-62.30686188
-60.18687820
-72.47217560
-66.91181183
-53.86103058
-43.68559265
-72.14120483
-51.70299911
-38.84743881
-53.28652573
-71.43621826
-61.72305679
-52.26000977
-45.92419434
-36.67812729
-47.89920807
-69.80448151
-38.76426315
-40.44440079
-28.53176689
-39.66238403
-45.96533966
-54.29074097
-32.10645294
-43.30963135
-26.66672897
-36.89739990
-45.76117325
-53.45096970
-47.38662720
-33.69909668
-57.39450073
-48.67607117
-41.56779480
-29.11420631
-21.19916534
-25.70803070
-30.08149529
-29.68328667
-37.10929108
-28.35583305
-39.14533997
-37.00991821
-36.40392685
-24.85046768
-25.40354156
-15.04274750
-31.74207687
-28.01285172
-16.39517593
-33.64843750
-25.89104843
-24.73648453
-43.51818848
-26.71608925
-37.84611511
-29.60829926
-20.36617661
-40.20420456
-31.45819664
-32.03284836
-30.98341370
-34.48874664
-23.02318954
-35.81674194
-29.30747223
-33.53207779
-41.07809448
-43.78171539
-33.42506027
-42.81774521
-32.91854095
-16.60627365
-19.63918495
-29.21633148
-23.93189240
-29.40690231
-38.76686096
-44.37519073
-34.92565918
-36.45453262
-28.92563248
-33.63127136
-43.11517334
-37.20528793
-28.90195465
-27.30889893
-37.30118561
-28.90230942
-51.45687103
-21.76929855
-27.66640091
-35.08246994
-27.15997887
-45.79648590
-27.99213791
-30.52661896
-15.60045052
-24.72377396
-28.15925217
-23.60571861
-28.44443893
-26.04233170
-21.03205872
-30.02037811
-37.06396484
-18.10830498
-17.40755272
-33.47392273
-30.27655029
-37.62129593
-19.48557472
-34.82758331
-41.17137909
-32.95971680
-21.71024895
-21.37851334
-30.88627052
-28.81125259
-36.94749451
-26.37831497
-30.32514572
-21.21133041
-23.39945030
-28.74086571
-28.08347702
-29.97630882
-16.99663544
-40.96208191
-24.02147484
-38.91824341
-37.19565201
-25.88521194
-29.98716736
-25.74020004
-28.86725807
-24.79752350
-20.90574646
-27.66903496
-33.31269073
-32.48985291
-27.02717209
-36.84805679
-33.50541306
-34.43669128
-42.04016876
-29.21960068
-34.62737274
-48.53113556
-20.13437653
-39.00434113
-24.42298126
-35.50984192
-46.00350571
-36.49236298
-69.61610413
-46.94042969
-47.62373352
-69.72180176
-99.29816437
-111.49865723
-89.93037415
-71.71718597
-70.26275635
-66.57279968
-77.38960266
-53.97447586
-68.38227844
-51.28793335
-45.04631042
-62.60269928
-64.21514893
-61.22304916
-67.65573120
-49.62886810
-59.14634705
-32.30192566
-53.62805939
-15.55971050
-16.10081291
-9.72122002
-26.53754616
-33.27778625
-15.15348911
-26.18181992
-27.02265549
-22.44018173
-15.92233849
-31.53110695
-16.33819771
-37.59310150
-11.14823151
-45.36924744
-20.87746048
-19.78299332
-25.70901108
-26.33932877
-23.28705978
-16.25014496
-35.60382462
-32.71024323
-20.26527405
-32.89153290
-27.03119087
-33.97213745
-28.46870804
-38.34664154
-16.47446632
-28.76020432
-19.32554817
-29.11488724
-36.19462204
-38.03928757
-28.05998993
-18.11351204
-22.15608597
-39.16667938
-26.32754517
-35.78636169
-19.54162979
-28.62823486
-15.40998840
-29.32580185
-16.27226639
-41.68404388
-26.56673813
-23.15513992
-30.20847321
-22.30601501
-14.56655502
-34.31427383
-32.63052368
-28.29880714
-20.88549423
-26.85781860
-33.20335388
-26.82026100
-29.06502533
-16.90221024
-35.48277664
-42.71292114
-29.69632721
-22.74515343
-25.21004295
-29.77588654
-24.43422890
-22.52992439
-39.81908417
-29.68762970
-26.59287834
-35.79613876
-33.39003754
-59.07686615
-33.18033600
-9.60629082
-31.22521591
-50.91364288
-17.82179642
-10.92601585
-22.21801376
-17.53420258
-28.17130470
-21.10054016
-22.14415741
-36.95423889
-30.78246689
-28.18737984
-39.28561401
-20.37572861
-32.04117203
-45.87195969
-36.34226990
-22.99881744
-12.40537071
-12.90414524
-32.14320374
-34.87779236
-40.83596420
-21.69431686
-43.57404327
-48.35386658
-25.34836197
-40.89974213
-36.10178375
-55.51268387
-36.52663422
-53.82692337
-59.27941513
-49.40165710
-32.28289413
-36.54116821
-33.97692871
-31.43867111
-27.36759949
-41.70958710
-32.80530548
-52.16103363
-21.86756516
-26.33959389
-39.59420013
-45.04876709
-41.95635605
-40.26485443
-50.62036896
-39.66870880
-40.09077835
-42.22787476
-57.13325119
-54.06340027
-23.63796616
-18.08332062
-26.25325394
-29.68420410
-27.90660477
-65.56518555
-53.44454193
-22.60090828
-37.08811188
-43.70849609
-39.11547852
-54.90097046
-47.39567566
-56.62705231
-47.03746033
-84.72068787
-105.16154480
-81.13421631
-55.57747650
-64.32846832
-103.68434143
-84.54095459
-105.95278931
-98.10578918
-66.64451599
-116.36145020
-78.35140991
-145.87576294
-84.80352783
-71.87336731
-91.82306671
-83.93950653
-83.66604614
-80.49397278
-69.09655762
-79.28929901
-60.52711868
-83.86827087
-83.03996277
-62.76735687
-94.34825897
-69.57950592
-66.08055115
-53.67573166
-58.90743256
-77.49018097
-47.97104645
-60.30969238
-115.33418274
-48.37439346
-51.94968414
-59.83998489
-110.93827820
-133.41989136
-87.51544952
-103.62922668
-124.26375580
-44.73926926
-65.75807190
-86.28814697
-103.46981812
-42.26158905
-70.73208618
-56.07554245
-131.40246582
-115.78150177
-64.48084259
-120.17356110
-80.54136658
-112.49677277
-113.22137451
-91.68670654
-86.98921204
-143.59237671
-143.98593140
-136.04202271
-165.38053894
-166.13412476
-115.98646545
-114.20046997
-125.86966705
-104.12684631
-121.27409363
-105.27542114
-122.41217041
-135.34292603
-81.84942627
-127.52622986
-126.97577667
-131.73583984
-115.84218597
-113.09669495
-77.11227417
-136.49897766
-97.99712372
-133.03613281
-115.59305573
-117.97583008
-129.68835449
-122.66061401
-161.16596985
-212.32118225
-204.32916260
-190.99687195
-177.97834778
-270.70489502
-160.73046875
-233.44201660
-190.70997620
-249.00753784
-190.84266663
-134.37707520
-179.38238525
-202.08430481
-185.78390503
-127.32766724
-150.16566467
-101.27379608
-198.94836426
-123.14762878
-170.63244629
-215.28283691
-166.71098328
-216.79751587
-227.67846680
-301.37695312
-227.52682495
-287.27905273
-229.66561890
-313.94555664
-472.75885010
-519.28845215
-335.05380249
-911.59106445
-991.22216797
-1492.07604980
-994.88342285
-986.43280029
-640.12219238
-745.87573242
-751.02966309
-786.89190674
-976.98132324
-925.13696289
-959.90063477
-1259.32275391
-1290.86621094
-1209.53808594
-1174.64416504
-1109.87902832
-1074.36462402
-783.68823242
-349.09173584
-368.33572388
-380.60089111
-367.80285645
-235.48295593
-413.03808594
-395.88555908
-512.01391602
-380.78823853
-434.62768555
-380.78759766
-444.48751831
-774.67492676
-533.70410156
-561.91162109
-647.33264160
-417.54138184
-593.26824951
-656.63525391
-402.65081787
-475.47433472
-698.25488281
-644.47924805
-726.07904053
-675.25952148
-732.36517334
-683.11346436
-648.00256348
-803.53601074
-855.27893066
-782.31103516
-866.97924805
-754.55273438
-946.69708252
-735.85571289
-817.22375488
-820.58703613
-1179.75097656
-838.00598145
-1054.29370117
-1169.46826172
-1235.87634277
-1013.16540527
-1115.92382812
-814.15307617
-869.92663574
-1064.21606445
-1050.09326172
-1238.37194824
-720.47692871
-863.49694824
-936.26843262
-938.53497314
-753.12829590
-589.69250488
-1165.16052246
-408.15713501
-417.65051270
-317.22131348
-424.75164795
-408.28204346
-604.45709229
-690.87799072
-377.02453613
-449.85757446
-490.71163940
-357.47473145
-302.15786743
-408.05920410
-317.01074219
-182.23126221
-289.27279663
-372.15039062
-226.08360291
-215.53106689
-388.64648438
-466.16400146
-397.93768311
-456.44427490
-454.61810303
-248.97210693
-242.50151062
-313.69396973
-326.26525879
-473.97143555
-480.05664062
-333.18298340
-641.59082031
-537.72912598
-503.32440186
-500.62084961
-707.39459229
-550.55969238
-878.50878906
-1341.20837402
-1102.37890625
-1192.77185059
-1085.56103516
-1028.32543945
-859.14501953
-925.55187988
-1207.64794922
-1274.77099609
-856.25988770
-719.02600098
-1706.03186035
-809.46142578
-1826.74658203
-810.35919189
-1356.71630859
-947.47656250
-1527.66186523
-973.70019531
-1167.85253906
-793.16040039
-677.00726318
-727.04809570
-838.11743164
-998.34741211
-1023.60961914
-1175.46215820
-1762.71289062
-825.58190918
-1045.23901367
-950.10168457
-1056.06018066
-877.55389404
-957.62341309
-830.96795654
-970.81518555
-1440.92333984
-977.22259521
-1371.61376953
-3397.35791016
-1364.21044922
-1552.22131348
-1120.80029297
-1298.70849609
-1994.15222168
-1555.06640625
-1411.92529297
-1189.57763672
-1022.90930176
-2560.44482422
-1699.75048828
-1758.32543945
-700.58605957
-1335.35327148
-1179.51843262
-1308.83605957
-1225.96240234
-2127.34570312
-1801.35229492
-2678.80566406
-1753.18579102
-1565.98010254
-1633.48852539
-1622.19860840
-1925.76940918
-1623.71838379
-1471.02832031
-1825.78076172
-1311.34313965
-1711.12670898
-1678.69067383
-1515.45190430
-1626.54199219
-2737.59423828
-1651.78515625
-1559.50854492
-1688.31298828
-1603.38305664
-1830.95922852
-1781.96276855
-1908.18725586
-2020.60961914
-2011.87500000
-1958.80310059
-1895.61022949
-2145.88500977
-2103.33349609
-2211.02539062
-2157.65698242
-2091.43066406
-1923.32055664
-1939.35107422
-2277.52050781
-2114.87890625
-2171.79736328
-2147.27709961
-2484.40820312
-2924.04003906
-4762.66259766
-4422.20263672
-3648.84423828
-4349.29589844
-6088.50683594
-5563.87011719
-5032.32324219
-6730.17773438
-6346.31054688
-4647.57714844
-5680.20019531
-6493.85595703
-7998.29492188
-6187.71289062
-7262.26660156
-2308.90917969
-2483.96777344
-2258.70654297
-2030.68994141
-2550.26904297
-2476.87133789
-2491.73291016
-2268.38232422
-2308.58251953
-2426.49902344
-2368.13256836
-2595.60351562
-2432.21533203
-2188.75708008
-2495.07568359
-2613.64941406
-2640.27124023
-2318.49023438
-2303.03808594
-1950.96289062
-1983.48461914
-2059.34838867
-2140.95288086
-2071.00830078
-1996.44042969
-2070.18750000
-2051.36328125
-1927.47546387
-1955.18688965
-1535.21789551
-1949.56896973
-1774.34838867
-1992.41918945
-2128.30126953
-2050.08398438
-1793.49902344
-1927.83715820
-1848.09899902
-1565.13037109
-1338.35961914
-1586.39965820
-1468.40063477
-1914.80029297
-1648.79296875
-1539.20141602
-2146.65185547
-1526.50341797
-1454.46008301
-1561.73144531
-1663.94934082
-1764.27514648
-1644.17041016
-1726.34912109
-1912.86425781
-1779.02587891
-1730.81347656
-1829.38964844
-2049.32080078
-1768.89758301
-1907.37792969
-1736.70178223
-1819.32043457
-1874.31420898
-2126.19042969
-2020.85339355
-1990.11218262
-1591.88171387
-1603.13232422
-1732.88330078
-1534.49841309
-1711.29626465
-1878.58325195
-1952.80688477
-1623.45385742
-3114.76782227
-1637.74743652
-2344.10205078
-1933.79272461
-3036.66210938
-2187.95312500
-2061.67968750
-3057.31616211
-1852.46838379
-1939.74206543
-2054.28198242
-2303.18847656
-2474.27758789
-2282.40087891
-2282.07934570
-2158.18579102
-2040.65014648
-2070.74511719
-2590.57128906
-2517.51391602
-3228.39990234
-2885.07714844
-3136.25927734
-3166.16113281
-3156.84375000
-2785.74414062
-3058.58569336
-3196.38964844
-3553.33056641
-3099.66870117
-3166.65551758
-2907.18017578
-2880.84033203
-2708.69091797
-3298.78369141
-2813.16162109
-2140.13818359
-3542.01928711
-2704.22973633
-2262.13671875
-2067.89941406
-2259.88940430
-2500.35449219
-2520.38061523
-2047.75207520
-2395.41210938
-2203.61938477
-2210.27441406
-3196.41186523
-3123.77880859
-3116.36816406
-2705.15722656
-2959.08569336
-1877.82727051
-2611.38671875
-2645.09350586
-3949.10449219
-2079.68017578
-1155.56616211
-1360.89123535
-1429.42126465
-1876.59326172
-1600.43640137
-2154.99926758
-1689.97521973
-1473.00366211
-1502.03515625
-1560.12500000
-1340.90454102
-1363.18444824
-1857.34924316
-2494.01220703
-1659.43725586
-1870.37915039
-1698.11096191
-2180.27441406
-2018.26831055
-1557.70678711
-1397.24438477
-1402.20983887
-1513.23645020
-1294.91809082
-4075.16748047
-1493.70666504
-2810.57446289
-1566.75268555
-1744.55041504
-1375.52197266
-1172.65502930
-1281.91333008
-1188.72888184
-1501.51965332
-1490.78808594
-1147.62329102
-2541.07568359
-1853.23413086
-4230.02148438
-1380.09252930
-1387.21435547
-1768.14404297
-2074.22607422
-2452.43725586
-4917.13964844
-2378.02490234
-3112.05712891
-3861.25952148
-6308.40771484
-2341.96484375
-2933.21728516
-2224.29907227
-3850.34252930
-2274.32519531
-3921.84106445
-2652.54443359
-2594.21777344
-3184.22656250
-3317.96337891
-2947.65673828
-3296.57885742
-2820.03076172
-3426.24169922
-3845.25268555
-4323.52001953
-3347.88012695
-4448.35644531
-3718.45410156
-4550.34472656
-3734.34252930
-4210.09326172
-4365.00195312
-4047.86181641
-4937.72753906
-3521.52270508
-5763.97363281
-3444.55004883
-3944.13671875
-2830.64208984
-4805.36035156
-4722.38769531
-4371.75683594
-4124.28515625
-6129.69726562
-4473.56054688
-4708.15039062
-5898.44824219
-5112.53173828
-6928.62792969
-6954.42773438
-5906.69238281
-5020.18212891
-5248.56152344
-6948.77832031
-4559.11816406
-5171.65380859
-6688.48242188
-5018.98242188
-5468.34375000
-3987.58837891
-3855.40576172
-3967.30273438
-3701.09619141
-2668.72753906
-3397.40722656
-5578.28662109
-4041.90942383
-3125.57373047
-6362.42480469
-7065.41552734
-5734.48388672
-6556.97558594
-4683.37939453
-2985.52050781
-3481.44531250
-9174.19335938
-8051.64062500
-10493.88085938
-7889.86132812
-4757.90673828
-3623.73535156
-3880.07568359
-5311.14697266
-8691.78710938
-5367.75683594
-5686.38427734
-5650.22363281
-4831.33789062
-3787.91992188
-3501.54492188
-3826.52490234
-5693.66796875
-2148.53613281
-3872.40893555
-2669.91162109
-4053.32397461
-3873.60156250
-2271.81054688
-2448.11254883
-4363.44921875
-5767.79101562
-3044.66503906
-2925.12255859
-4049.26220703
-3716.55297852
-2988.15478516
-3293.36181641
-2630.78320312
-4221.61328125
-2244.60156250
-4164.50439453
-1650.93115234
-2281.12255859
-1812.40087891
-6379.51464844
-5023.91162109
-4096.66503906
-6699.82617188
-3255.41015625
-3373.93505859
-1407.57604980
-1344.42980957
-5349.58984375
-4624.12744141
-4557.37988281
-2504.11523438
-7181.62109375
-4060.11938477
-4879.03076172
-3658.40136719
-2265.89111328
-5152.84277344
-5353.72021484
-5346.40625000
-7797.03369141
-3017.52294922
-4902.21044922
-8239.26562500
-8551.60253906
-2819.79931641
-6049.96289062
-4984.62011719
-3023.48144531
-4254.65136719
-3060.77246094
-3114.99682617
-3787.44970703
-4327.32568359
-1590.29467773
-5067.29638672
-2468.03540039
-3939.28955078
-6811.60498047
-4639.88574219
-4068.79370117
-3196.76928711
-2870.50585938
-3823.74707031
-1999.54833984
-4471.64990234
-3040.92065430
-3710.94067383
-2779.41113281
-2623.84130859
-3563.59277344
-2998.72973633
-2981.24365234
-5084.04541016
-2726.67773438
-5672.28320312
-2875.70141602
-2730.39062500
-3343.21777344
-2918.98193359
-3308.04492188
-4234.20214844
-3523.87695312
-3170.97851562
-4479.97021484
-4839.91210938
-6578.94335938
-4612.12792969
-4957.12695312
-4449.77587891
-3059.63452148
-4942.15917969
-3441.46289062
-3566.08593750
-4962.63574219
-2771.93090820
-4592.53369141
-8421.79296875
-7226.38574219
-4461.95605469
-3484.29492188
-9382.64257812
-3842.14746094
-2417.76611328
-2834.20898438
-3099.05908203
-3788.67480469
-2517.12988281
-4790.26367188
-3965.10888672
-2729.18652344
-2586.98193359
-2850.14282227
-2288.40478516
-4413.22460938
-5582.25683594
-2565.64208984
-2645.87744141
-3382.76269531
-2413.89941406
-2904.21337891
-2907.01611328
-3641.66308594
-4491.94677734
-3939.19677734
-2841.91625977
-4911.69335938
-3119.79785156
-3061.42944336
-2540.00341797
-3452.16406250
-3618.18994141
-2995.01660156
-3242.11694336
-3110.71142578
-2790.77270508
-2893.58789062
-3607.94750977
-3158.79345703
-3000.74853516
-5114.44189453
-3074.06445312
-3196.22998047
-4292.60058594
-3184.11596680
-4087.24853516
-4560.13574219
-2835.18652344
-2731.00927734
-2941.24731445
-3248.35034180
-3278.58544922
-3026.33691406
-2789.55908203
-3448.18725586
-3796.70068359
-3305.28173828
-2916.46386719
-2928.00976562
-2774.67041016
-3439.58691406
-5424.45117188
-3371.59960938
-2995.09912109
-2822.98779297
-2949.30639648
-3574.22900391
-2572.10351562
-2911.09570312
-2977.90063477
-3046.09960938
-2829.57153320
-2955.95507812
-3297.66088867
-3334.11547852
-2821.04980469
-3754.87841797
-3866.33764648
-3100.80273438
-3404.27954102
-3557.95385742
-3376.42553711
-3667.52026367
-3463.94042969
-3751.01318359
-3385.13110352
-4208.20898438
-4135.97167969
-5637.21386719
-4927.15722656
-5421.30957031
-4830.67480469
-4852.76855469
-4271.77978516
-5269.20507812
-4416.81445312
-4353.77978516
-4008.74902344
-3811.42968750
-4740.58203125
-4289.49218750
-3834.72973633
-3451.21826172
-5437.63671875
-4395.39892578
-2670.75488281
-3462.30078125
-3134.34814453
-3620.66333008
-4022.05908203
-3384.20288086
-3330.63769531
-3759.78466797
-3738.28857422
-2740.00927734
-3367.42382812
-3956.94946289
-3240.99780273
-3767.28320312
-3599.61816406
-3381.01269531
-3597.33471680
-3501.57934570
-3512.72363281
-3897.98535156
-4242.75683594
-3054.05493164
-3694.99951172
-3030.69482422
-2990.67089844
-3095.46118164
-4712.44042969
-4051.28906250
-3381.02563477
-3541.53100586
-3368.83154297
-3870.31567383
-3003.03051758
-3466.39648438
-3000.96899414
-3016.99096680
-4569.75097656
-5530.75488281
-8777.41699219
-6207.31738281
-3414.85742188
-6767.82275391
-5354.26367188
-4427.71533203
-3368.80273438
-2547.96777344
-5136.56494141
-2683.46093750
-3532.94946289
-2525.69799805
-2636.43066406
-2748.26586914
-4092.05566406
-4488.40429688
-3274.38500977
-6192.20117188
-4185.74511719
-3867.54174805
-6243.37744141
-3315.84130859
-3151.63183594
-3650.81591797
-3597.96923828
-4764.93652344
-4313.15917969
-5627.06347656
-4357.86035156
-4315.43359375
-5225.05175781
-5099.47949219
-4118.95703125
-4752.12060547
-5510.45800781
-5061.26464844
-3498.59350586
-4665.75195312
-3877.68750000
-4105.42382812
-2749.74389648
-3176.00854492
-3554.00537109
-4000.36767578
-3783.08007812
-2959.29028320
-3250.95263672
-3058.79614258
-2692.05468750
-3889.30517578
-3368.55078125
-3500.23925781
-2963.95214844
-3402.34716797
-3234.19628906
-4198.70214844
-5177.79492188
-4896.46289062
-4631.33056641
-3633.43432617
-4197.93847656
-3928.50756836
-4243.55908203
-3989.28369141
-5346.73925781
-4449.84082031
-3615.39013672
-5067.25048828
-5931.03515625
-3176.04394531
-3237.16162109
-3844.62841797
-3512.65454102
-6910.15185547
-4124.19433594
-4244.04638672
-6443.80859375
-3732.92578125
-4108.24414062
-3239.57080078
-4797.16699219
-5150.28710938
-5156.49755859
-9226.94921875
-5012.15039062
-7764.16894531
-4779.18945312
-4803.67773438
-6112.14648438
-4435.85253906
-8910.30273438
-4632.66845703
-9621.05859375
-5951.74414062
-3643.65087891
-5529.33300781
-5617.61621094
-4430.32812500
-4481.37207031
-5222.65966797
-4668.48339844
-4712.31054688
-5045.40039062
-5543.84863281
-4727.05908203
-3602.42968750
-4007.61425781
-4356.12548828
-4002.84106445
-3984.56787109
-3425.64428711
-3635.93017578
-3820.15039062
-2882.92919922
-3063.27880859
-5408.40185547
-3008.37329102
-5212.19531250
-3649.40380859
-5440.23388672
-2797.63891602
-2878.55908203
-3728.92236328
-4298.57080078
-3817.43652344
-3205.71484375
-3214.94677734
-3280.52832031
-3495.83593750
-2846.89892578
-2737.57226562
-2924.37597656
-2809.86132812
-2722.72094727
-4967.67382812
-6852.92871094
-4631.17187500
-3050.88720703
-3686.27709961
-3626.89916992
-3721.39453125
-3299.03564453
-4602.33300781
-4075.30029297
-4669.58789062
-3187.60888672
-3776.93090820
-4680.51367188
-3196.63891602
-7036.09765625
-3503.26123047
-2954.87011719
-5594.95019531
-3038.58642578
-6083.60986328
-2868.82177734
-3282.17773438
-3228.93994141
-2872.75952148
-5121.57519531
-3168.15649414
-2967.85156250
-5477.22363281
-3784.77148438
-3857.49731445
-3802.90185547
-3936.81445312
-4256.44482422
-4503.60253906
-6542.66992188
-7674.42041016
-7322.98339844
-6914.73583984
-6983.47851562
-6838.43750000
-5337.02978516
-6383.18847656
-5694.42187500
-6626.36816406
-6062.00781250
-5835.97607422
-4478.77832031
-3851.58203125
-4449.84130859
-4423.87792969
-4594.96044922
-5520.70703125
-5647.21728516
-3559.14892578
-3230.23291016
-3231.96191406
-3291.00024414
-3140.85180664
-3124.86303711
-2963.18920898
-4115.70703125
-3078.49853516
-2982.67138672
-3295.94995117
-3047.21240234
-4795.93750000
-3109.00097656
-2977.69750977
-3521.79858398
-3069.68603516
-3227.51220703
-3357.04882812
-3010.00097656
-4572.16406250
-2996.69140625
-2952.56396484
-3444.96484375
-3841.56518555
-3441.76831055
-4043.19238281
-4524.83593750
-3265.54223633
-3458.28344727
-3519.92895508
-3166.68579102
-3196.46411133
-2970.29589844
-3517.15478516
-3398.14697266
-2959.87377930
-3096.77075195
-2916.10424805
-2736.33056641
-3446.30371094
-3300.18603516
-6634.80273438
-4034.82519531
-3993.93652344
-10517.66210938
-3629.77783203
-3163.19531250
-3518.68041992
-7697.15039062
-7490.12011719
-7623.43505859
-3474.48852539
-2994.48730469
-4370.86816406
-3664.52246094
-3274.51025391
-2808.54003906
-2993.74340820
-2506.47167969
-8388.99023438
-2748.77880859
-3891.25927734
-3579.06567383
-4214.66406250
-3227.97412109
-4254.72949219
-3676.19726562
-8484.38476562
-4344.66992188
-4129.72900391
-4933.04980469
-4455.06884766
-4188.77539062
-3960.62182617
-3573.71630859
-2830.91796875
-2645.92529297
-2773.55834961
-3105.94628906
-2943.19482422
-2825.50512695
-4188.57568359
-4907.86132812
-3767.72265625
-4622.42138672
-3753.56030273
-4107.79394531
-3616.29833984
-3228.71289062
-6262.95800781
-4370.76367188
-4462.47656250
-4066.08666992
-5195.36328125
-4271.11230469
-4456.41162109
-14155.54492188
-4523.58740234
-3883.56958008
-4043.10546875
-7572.32861328
-7160.69873047
-5869.42285156
-3966.55322266
-7005.46093750
-8288.51269531
-4159.19140625
-3353.99951172
-4031.01904297
-4102.33398438
-3756.18750000
-9897.36718750
-3285.35546875
-2913.51416016
-2714.49047852
-3523.84130859
-4953.53271484
-3784.83349609
-4160.38037109
-3277.84521484
-3667.87060547
-3580.11499023
-5142.80908203
-4021.29589844
-3239.81835938
-3570.05517578
-3865.00390625
-3338.10205078
-3673.51513672
-3751.42114258
-3856.95043945
-2845.54956055
-2893.16845703
-2908.67309570
-2961.29882812
-2820.16796875
-2866.94384766
-2930.55468750
-2985.34960938
-2751.97998047
-3260.71264648
-3850.17382812
-3827.32055664
-4208.58007812
-3090.99951172
-3682.25146484
-3009.76171875
-3745.48095703
-3645.33618164
-3457.47070312
-2613.68457031
-2791.54003906
-3016.49902344
-2719.78271484
-2839.17626953
-2561.02319336
-2643.16601562
-2552.79931641
-2630.54638672
-2791.40600586
-9016.77636719
-5546.75683594
-3918.46215820
-3472.17529297
-4476.23779297
-4027.27490234
-3414.69702148
-2738.11425781
-2684.22705078
-2376.50000000
-2239.86816406
-2349.44140625
-2433.44287109
-2290.03100586
-2307.72021484
-2554.05590820
-2960.16259766
-2334.05322266
-2491.34277344
-2566.98144531
-2535.01049805
-2258.57104492
-2576.71484375
-2365.12158203
-2830.79394531
-2457.88574219
-2744.83203125
-2799.77197266
-3505.19335938
-9599.02832031
-7445.77539062
-9169.41796875
-9208.40625000
-9492.63281250
-6728.43212891
-8180.22558594
-7666.25732422
-7340.40625000
-6265.19726562
-5203.45312500
-6999.15332031
-4672.88916016
-7786.79931641
-6892.80468750
-6620.54980469
-8118.41699219
-6062.10058594
-2866.39746094
-3053.68579102
-4290.45019531
-13526.01953125
-7677.80566406
-3152.09619141
-12983.01660156
-8798.45312500
-5173.58886719
-4626.20361328
-3021.54541016
-4582.08398438
-3583.51733398
-6875.37695312
-3514.40893555
-3560.39135742
-3380.82519531
-3369.02197266
-3344.23437500
-3450.98486328
-4021.51660156
-2895.57495117
-2732.27343750
-3085.59790039
-3384.26464844
-2870.01342773
-3311.76513672
-2946.90063477
-2843.80078125
-3230.32348633
-2605.48095703
-3040.49218750
-2899.82348633
-3105.65722656
-3517.60400391
-3410.80322266
-5593.74560547
-3217.29614258
-3756.55834961
-4874.61376953
-4530.56054688
-10565.58886719
-3988.35693359
-4322.80615234
-2546.48632812
-2590.95288086
-11107.88476562
-3023.63916016
-3752.23095703
-6845.35937500
-3638.81396484
-3740.01123047
-9937.07226562
-4706.09375000
-12728.86718750
-9439.88085938
-3055.84326172
-2505.34960938
-2736.39721680
-3777.02490234
-3321.06176758
-4006.89526367
-2938.05517578
-2825.96386719
-3075.26806641
-2998.15332031
-2193.50390625
-2837.68115234
-2459.82324219
-2990.03369141
-2487.48901367
-2853.94775391
-2587.06298828
-2722.33447266
-3844.96435547
-6181.30566406
-4612.13769531
-3659.22558594
-11343.69628906
-9110.52539062
-8503.13574219
-10165.29687500
-9732.93652344
-8840.35644531
-18704.27343750
-4058.71972656
-14766.79882812
-5145.10351562
-4579.10937500
-4778.54638672
-11136.48535156
-7879.01367188
-13236.07128906
-6945.13427734
-2861.55126953
-4036.85839844
-4954.98828125
-4195.24804688
-4807.69726562
-4838.50244141
-4887.96875000
-3059.61474609
-5343.20556641
-3337.35083008
-3306.86840820
-4073.32153320
-4322.93164062
-13550.42871094
-5353.67773438
-6387.27197266
-3014.65673828
-3810.37353516
-3772.79541016
-4635.34375000
-5851.78271484
-8931.27246094
-12411.07617188
-3489.51513672
-8957.60839844
-9035.26953125
-6078.76416016
-4204.17675781
-6088.79980469
-7738.74902344
-5585.67871094
-15118.75195312
-7853.42236328
-11010.85156250
-8618.10058594
-10632.88378906
-8999.77734375
-11299.21484375
-5331.67919922
-7146.74218750
-6127.04882812
-5728.72802734
-5486.61181641
-10239.38476562
-6695.55566406
-7155.54492188
-11396.47851562
-7564.93994141
-11798.40332031
-5576.03417969
-11044.90527344
-13021.34375000
-4865.92578125
-12566.89453125
-19670.80078125
-12719.04882812
-2953.80664062
-6686.54248047
-3973.20605469
-4694.30957031
-7630.06787109
-13320.88671875
-3283.76757812
-6934.46191406
-10043.26757812
-13767.95800781
-7347.27050781
-5069.91992188
-6232.94384766
-7915.54541016
-6975.52636719
-9199.79003906
-13506.71777344
-4000.49316406
-8531.84570312
-5967.43847656
-13316.11523438
-11101.18750000
-11504.89062500
-6122.40478516
-10025.95507812
-8580.79785156
-7349.34375000
-12984.58886719
-6855.63720703
-15074.11914062
-7304.46093750
-8972.02539062
-12611.85937500
-6016.61865234
-15515.43847656
-7217.34472656
-13715.43945312
-17939.12109375
-14545.83203125
-12790.66992188
-16061.27734375
-12840.80273438
-15527.27929688
-16253.53710938
-18055.06250000
-16686.28906250
-15907.16113281
-18163.99414062
-12648.77539062
-13890.93847656
-10244.08691406
-11689.33789062
-11775.80273438
-10263.93359375
-11130.98144531
-7573.40527344
-9862.30078125
-2233.62524414
-1779.65502930
-2334.53295898
-3802.16601562
-3407.93212891
-5986.60888672
-6022.66552734
-7331.21777344
-4114.28320312
-7658.92089844
-3248.45751953
-3379.57153320
-4111.98730469
-4944.36035156
-4048.16088867
-6686.48437500
-6623.42382812
-2689.22998047
-5865.04785156
-9021.47265625
-845.59008789
-4281.33300781
-2094.96777344
-1278.02514648
-6365.44140625
-5009.67089844
-1477.33642578
-4289.46289062
-4951.98242188
-5860.82421875
-9118.03222656
-2973.21093750
-5672.04833984
-2482.19311523
-1861.44238281
-1123.94897461
-6150.07910156
-4885.85693359
-3424.27685547
-1880.86303711
-2867.91796875
-3509.67309570
-2654.30761719
-2675.63525391
-8016.00390625
-7387.98535156
-13411.20605469
-3842.10058594
-11438.87109375
-3387.44189453
-4668.01269531
-11330.51953125
-4715.70654297
-4095.39404297
-7377.37890625
-4616.00585938
-17616.33593750
-9398.37304688
-16325.95312500
-26977.65625000
-15821.79492188
-17254.10546875
-12173.26464844
-22484.87500000
-20428.87890625
-22021.71289062
-9002.32421875
-18713.60156250
-25742.20703125
-18771.14453125
-27258.34765625
-9729.10449219
-15459.78125000
-21859.39648438
-16504.16796875
-4531.21386719
-6084.27832031
-5055.44335938
-5870.21777344
-4513.59960938
-6320.16503906
-7914.02636719
-6739.00683594
-7623.12597656
-7886.05078125
-7710.38964844
-9390.55859375
-9646.04394531
-8220.14062500
-7076.02050781
-11207.20312500
-14046.91992188
-8520.50976562
-8988.31250000
-8984.25878906
-10827.43750000
-11559.22753906
-10074.67968750
-6743.19433594
-7983.86572266
-9390.91796875
-7553.50878906
-10506.81835938
-8584.83007812
-13262.52929688
-14087.05566406
-11750.18945312
-13238.15527344
-16199.58007812
-10941.37890625
-9070.02539062
-10733.42968750
-14371.44921875
-19721.46484375
-8550.39941406
-9091.16015625
-9045.78710938
-9191.39062500
-10848.27441406
-12632.07617188
-8642.94531250
-17876.47460938
-7453.57128906
-20206.58007812
-15532.03320312
-18781.43359375
-15485.40332031
-9969.28125000
-17119.70507812
-20335.12109375
-6881.30371094
-15397.22656250
-6082.17285156
-7511.22949219
-5038.25439453
-7288.23144531
-5638.47656250
-10183.83593750
-12418.87695312
-9011.19726562
-6712.46875000
-8330.80078125
-8293.68164062
-5087.76855469
-12348.25000000
-13875.24609375
-11435.83691406
-14720.63964844
-18431.38085938
-7476.89306641
-7561.33007812
-1137.63842773
-1925.46362305
-2969.78564453
-6569.79785156
-9838.15332031
-8040.02197266
-14728.19335938
-7241.82617188
-15050.40820312
-2430.06933594
-7116.77441406
-12148.26953125
-6500.64794922
-14632.66699219
-9909.64257812
-8150.78759766
-14043.16796875
-8804.87011719
-8688.55664062
-14367.99511719
-10064.76367188
-11590.40722656
-8710.63867188
-9854.68554688
-7793.15283203
-7177.20703125
-12027.06054688
-7304.66308594
-11111.58984375
-8327.50292969
-14215.24511719
-8757.27929688
-10731.99609375
-10518.84667969
-11644.85351562
-9766.78906250
-13872.48730469
-10574.00097656
-9275.48828125
-9097.04296875
-9683.47070312
-7893.26220703
-7518.68847656
-10250.06054688
-9078.95019531
-10073.46484375
-7595.50781250
-10420.44140625
-8451.43359375
-9730.35253906
-7500.69042969
-12414.70312500
-9459.27148438
-8197.33984375
-6718.21386719
-9885.32910156
-14559.63964844
-19039.67578125
-12149.29296875
-12279.16699219
-13613.15429688
-12014.35742188
-16615.32031250
-11255.95703125
-18111.42187500
-13522.83789062
-11724.35351562
-11226.78613281
-11757.47460938
-10927.97070312
-10022.56933594
-12776.91210938
-11619.36523438
-15281.01757812
-10202.44824219
-13743.97460938
-11786.76757812
-11660.05566406
-13396.62988281
-11961.52050781
-14567.97363281
-12331.23144531
-12671.64453125
-11141.84765625
-12524.24414062
-14505.08300781
-11274.94921875
-13891.86328125
-11870.87792969
-10275.09765625
-9872.12011719
-10773.90820312
-14488.22070312
-12874.79687500
-10568.15234375
-11608.03417969
-13972.23828125
-8058.01953125
-21813.48828125
-13663.32324219
-12314.62890625
-15078.98046875
-13765.19921875
-9005.01269531
-12923.03515625
-15621.49218750
-16037.80664062
-10824.30566406
-8004.33886719
-11954.91992188
-13751.28906250
-10603.23046875
-13149.57910156
-12293.10546875
-13584.10449219
-17080.78125000
-16365.80957031
-11666.39453125
-9051.62500000
-12303.58300781
-13306.60546875
-8253.32324219
-10416.66406250
-11019.47656250
-11812.80468750
-10311.08398438
-10363.95703125
-9072.88085938
-9809.92871094
-11850.63476562
-10862.48828125
-10477.00585938
-8380.31640625
-9970.97851562
-8590.45507812
-13260.93359375
-12237.57421875
-12902.63281250
-16205.81054688
-11288.57324219
-11765.45898438
-14748.98925781
-12287.25195312
-10584.87597656
-9912.63085938
-14740.42968750
-10047.42187500
-14399.36718750
-13187.38476562
-10963.23242188
-9643.73828125
-17067.58203125
-31537.42968750
-8762.98632812
-12989.10156250
-10028.87402344
-14471.91503906
-17204.59179688
-10672.84960938
-10893.35058594
-22016.23828125
-11710.68554688
-12128.15820312
-12134.58593750
-12237.66601562
-10608.41406250
-11413.22656250
-13216.92187500
-11777.14355469
-8424.70800781
-8478.65039062
-8670.41406250
-8945.31835938
-8842.16796875
-8709.87011719
-9063.55664062
-8885.17187500
-14603.23046875
-10237.83886719
-9888.22656250
-13162.00097656
-10775.80078125
-14336.30468750
-11291.65039062
-11091.28710938
-10985.67285156
-12120.14843750
-11332.62792969
-11899.38671875
-11135.98339844
-10284.13183594
-11694.69140625
-11530.40039062
-12238.48242188
-11770.69531250
-13945.39257812
-15218.64257812
-13734.35351562
-14838.04394531
-13725.56835938
-13441.89062500
-13514.51562500
-15248.43750000
-14703.15136719
-13059.43457031
-14073.17187500
-14054.27539062
-13534.29296875
-12618.30664062
-12296.01757812
-11471.41406250
-9936.15820312
-10496.14941406
-9597.91992188
-10939.21875000
-10559.47558594
-9748.95410156
-11397.10742188
-10418.77539062
-9851.02734375
-10885.20312500
-11456.76757812
-9221.12792969
-11253.38769531
-10333.80566406
-9831.98437500
-8052.86035156
-8156.71875000
-8028.31152344
-8135.14208984
-7430.27832031
-7752.06835938
-8631.04394531
-8530.78222656
-15348.28320312
-8367.20898438
-7840.21142578
-8154.54248047
-8055.37988281
-7002.80175781
-20933.88671875
-6946.28027344
-15982.06445312
-8203.93750000
-7039.74121094
-6168.70800781
-5880.95703125
-6547.25683594
-6681.20800781
-6718.63281250
-7046.52148438
-8469.33984375
-8338.36523438
-6871.74462891
-12867.61328125
-8914.95312500
-7046.22851562
-8403.03222656
-9011.24121094
-10650.92773438
-10368.64648438
-11899.45703125
-10529.34960938
-12917.70117188
-15553.83007812
-13802.24023438
-25148.39843750
-21465.94921875
-12368.93359375
-14221.14355469
-13340.61718750
-12573.57421875
-9653.82519531
-12407.48437500
-10869.28906250
-10397.01953125
-11180.52343750
-14470.42480469
-12221.83300781
-10108.63085938
-10059.99804688
-11696.75976562
-8194.26074219
-8392.58789062
-8483.93847656
-8735.05371094
-8796.44238281
-8508.21875000
-12332.48632812
-9671.83007812
-9235.96093750
-13590.93847656
-13628.07714844
-11087.17968750
-11258.23242188
-10087.11621094
-11131.68945312
-10648.75488281
-14932.17968750
-12323.70117188
-13718.85351562
-19507.84765625
-16261.00781250
-16575.21875000
-11226.47167969
-12482.80664062
-9907.88574219
-11027.48144531
-16003.87597656
-11326.58007812
-10424.38671875
-10341.50195312
-13190.40625000
-16265.68945312
-17239.50976562
-11110.05859375
-18162.80078125
-12045.44335938
-10785.77539062
-10475.25292969
-11246.22753906
-15521.56445312
-17032.46875000
-10566.07226562
-10666.09179688
-14237.60253906
-23110.16796875
-12754.68945312
-12733.04101562
-17305.93359375
-13170.28710938
-17558.55078125
-14309.44335938
-12641.69531250
-15365.17187500
-12438.96484375
-21074.42382812
-14022.07031250
-14656.15917969
-13143.70019531
-13456.67968750
-14532.55859375
-12266.53613281
-12056.44726562
-11274.51367188
-11444.95214844
-14595.99218750
-11293.97949219
-11511.79296875
-10231.87695312
-12068.96191406
-12293.98535156
-13122.01269531
-10150.77636719
-13618.83984375
-12043.20800781
-12239.43359375
-12659.11132812
-11568.35546875
-11060.06738281
-14711.96289062
-11948.92968750
-12795.54199219
-11895.39062500
-12176.02929688
-12006.98339844
-14032.70410156
-14131.20312500
-14290.92578125
-14894.00292969
-11238.72265625
-14816.86914062
-13034.00097656
-13597.47070312
-12098.20996094
-14165.87304688
-10797.33300781
-10380.45605469
-11361.82128906
-10741.31054688
-11991.42187500
-13186.93750000
-13194.23046875
-12640.45996094
-12922.37890625
-12573.23535156
-15058.66406250
-19567.58984375
-13384.48535156
-11748.31640625
-21699.51171875
-12320.60742188
-14656.63183594
-18525.83984375
-19057.62500000
-12266.75585938
-15584.24511719
-19632.01562500
-13518.45214844
-18007.20312500
-15776.11718750
-18387.29687500
-13117.52148438
-15495.08203125
-15351.44531250
-14921.53710938
-17970.70117188
-14964.41796875
-19050.82812500
-19541.59960938
-17691.72656250
-16683.57812500
-20201.54882812
-19223.20312500
-31290.21093750
-24751.18359375
-21139.83593750
-23029.66796875
-17690.55859375
-18437.03906250
-20476.75781250
-20153.00585938
-19101.65625000
-18917.59179688
-23636.97070312
-21080.17578125
-23652.12890625
-19883.77148438
-19994.12890625
-17461.36328125
-19364.56640625
-27738.53906250
-23585.67578125
-20643.73437500
-26317.43359375
-25855.77148438
-17626.14062500
-19204.54687500
-16723.42968750
-20173.12500000
-18124.18945312
-20264.32031250
-20615.71289062
-18602.80859375
-18397.62695312
-25032.00390625
-21395.19531250
-20285.80078125
-19020.87890625
-24247.62890625
-17409.85546875
-17502.77343750
-13952.47070312
-14541.99414062
-22691.12304688
-11723.98632812
-10159.55566406
-18011.42773438
-12414.04101562
-11490.66699219
-10148.74023438
-11743.24902344
-11165.55566406
-8113.93115234
-11173.80371094
-9243.33789062
-9171.13867188
-10703.66992188
-12510.14941406
-10240.63378906
-10082.24804688
-8602.77636719
-7117.33398438
-7801.44238281
-7085.64062500
-8342.81835938
-6993.80957031
-8853.76562500
-7888.65136719
-9694.22460938
-9080.87500000
-8765.93164062
-10516.15039062
-17990.96093750
-9638.66015625
-11923.33886719
-11975.90429688
-9813.81054688
-9871.51562500
-13184.82128906
-16761.36914062
-18180.46484375
-16098.06054688
-13330.98730469
-9474.16015625
-15191.14257812
-13214.21875000
-21394.27929688
-19199.28906250
-14895.57031250
-18639.89453125
-24606.08984375
-15343.70898438
-15563.90136719
-13421.88281250
-12865.15234375
-16240.48046875
-12948.60742188
-11189.22460938
-16602.06835938
-17035.08593750
-17152.42968750
-28319.97460938
-18785.41015625
-16890.62304688
-15968.81445312
-18681.24414062
-18872.91406250
-15847.32324219
-20303.44335938
-15267.36230469
-19381.72070312
-19511.79687500
-18708.71093750
-17683.97265625
-18661.13281250
-22637.42382812
-13963.97460938
-15715.55761719
-15472.54882812
-16672.32421875
-15409.42968750
-19929.00000000
-16205.56054688
-21757.99218750
-23491.26953125
-16933.24609375
-22310.23437500
-20292.93750000
-27299.18359375
-25106.38281250
-16090.56835938
-18876.51953125
-20409.80078125
-21431.87695312
-14919.28320312
-15771.14062500
-14289.28027344
-14471.06640625
-17589.76171875
-25442.56250000
-19552.48437500
-17845.44921875
-15262.46679688
-17008.01367188
-21181.56250000
-13860.13085938
-16976.46484375
-13752.30761719
-15772.92675781
-17749.64843750
-15070.87792969
-15543.24218750
-14957.70898438
-15426.71582031
-10019.40332031
-10300.30664062
-10202.38769531
-10981.47753906
-11221.49218750
-9716.24707031
-9902.66210938
-9626.89648438
-9495.41308594
-9598.84570312
-9993.87500000
-10707.47656250
-10930.89648438
-10501.79492188
-10848.54687500
-11484.89355469
-9144.48144531
-10801.50390625
-9229.97460938
-6682.42138672
-6790.06250000
-4694.89599609
-5988.94824219
-5041.77148438
-5814.84130859
-6930.19531250
-5953.31250000
-6125.32421875
-6828.28613281
-4526.54101562
-5554.70996094
-6369.86328125
-5327.99218750
-10049.53515625
-8015.46679688
-8103.88330078
-8549.56738281
-10484.91308594
-27114.55273438
-25144.60156250
-16626.32421875
-20477.94921875
-18879.58203125
-20471.76953125
-17542.21679688
-15744.91503906
-10075.14648438
-14819.61035156
-14247.19042969
-11162.91601562
-13848.08496094
-13977.89648438
-8993.98925781
-11804.59082031
-14905.17382812
-13750.92285156
-7705.09033203
-7604.45507812
-6795.03808594
-8036.66992188
-7391.12841797
-9044.37011719
-12157.02832031
-9621.96582031
-7441.42675781
-7746.70947266
-7866.24609375
-16327.37304688
-8108.69238281
-14780.54492188
-6955.19726562
-8103.49755859
-8398.75292969
-10567.97265625
-10575.31054688
-8700.27343750
-9146.03125000
-9118.91210938
-8595.35742188
-12120.08398438
-17406.84375000
-15585.28906250
-13268.31640625
-15429.45019531
-11026.12792969
-16107.35449219
-11789.45507812
-12551.95996094
-13258.49902344
-11581.69140625
-9888.68750000
-10484.29394531
-12455.17285156
-12956.98828125
-9493.12304688
-8260.28613281
-8226.69140625
-8713.09179688
-9233.13476562
-9147.56250000
-9313.79101562
-9650.26367188
-10092.08593750
-11927.93750000
-10459.80468750
-10504.35742188
-10358.86132812
-14910.00000000
-10333.69433594
-12552.12500000
-9791.21582031
-14464.46679688
-10343.14257812
-10729.96289062
-11390.89257812
-9905.53906250
-10489.94921875
-9950.11523438
-10385.35937500
-11316.07421875
-9616.61718750
-9956.98828125
-10769.73632812
-11199.88085938
-10576.40429688
-10668.73632812
-11898.58398438
-13515.90625000
-10406.08203125
-13037.21386719
-10924.94335938
-11500.63671875
-14337.12109375
-10362.87402344
-13601.57421875
-11633.39453125
-8968.99023438
-11478.53515625
-15015.87207031
-14554.94531250
-12941.61914062
-8523.42968750
-11561.48437500
-11046.77734375
-13507.06445312
-9528.92187500
-10070.00390625
-9258.27929688
-9752.17382812
-11749.27246094
-10124.61328125
-26616.96679688
-23894.07031250
-8697.44335938
-11613.95214844
-14776.88085938
-10437.98437500
-11646.97851562
-17525.81054688
-10687.99609375
-9407.38281250
-8058.28906250
-10935.84375000
-15605.96679688
-10083.88085938
-18554.77734375
-14421.63964844
-14728.53417969
-11443.21875000
-9113.13281250
-19577.55859375
-13809.46582031
-15223.71777344
-15737.85937500
-13837.62695312
-13753.05566406
-14571.61621094
-11819.74609375
-12502.18164062
-11203.84375000
-11083.85253906
-9075.08203125
-10748.25976562
-12959.98632812
-15258.27539062
-13036.45898438
-10784.68457031
-14188.07226562
-9199.13671875
-8772.51367188
-8604.58984375
-8578.29199219
-9156.74316406
-8762.27636719
-9393.87890625
-8642.48925781
-8725.89257812
-9997.76464844
-10728.94531250
-9410.27929688
-8236.63085938
-8518.12304688
-8145.58398438
-7951.75976562
-7964.83593750
-9469.37304688
-8973.25097656
-7452.38964844
-7391.34179688
-7741.85058594
-8768.76464844
-9622.82421875
-10037.47167969
-6835.09326172
-7653.49951172
-7506.55664062
-7875.65917969
-9735.72363281
-10027.58691406
-10539.67187500
-7865.71484375
-9232.31933594
-8907.21289062
-8091.39306641
-7552.43554688
-8174.38720703
-8963.46289062
-9016.92675781
-8174.90380859
-8619.58203125
-9257.72070312
-8236.95019531
-7994.53613281
-9118.43359375
-7293.19287109
-7926.23828125
-7531.35058594
-10572.87597656
-8401.23535156
-8095.04492188
-8771.16210938
-7919.41699219
-8465.50390625
-8161.76953125
-7613.43603516
-7637.33886719
-7163.42480469
-8369.42578125
-7859.78613281
-8403.84765625
-8266.55664062
-7197.22851562
-6941.24121094
-7011.32128906
-7363.16748047
-8736.42871094
-7287.54589844
-7419.40136719
-8549.14648438
-8202.22265625
-8656.69531250
-7477.97802734
-7587.38476562
-7508.73095703
-6649.54785156
-6539.06347656
-6752.37695312
-6912.01562500
-7065.68310547
-6948.74218750
-6992.17675781
-7889.80859375
-7954.87255859
-7439.09375000
-6993.63769531
-7237.26464844
-7408.00537109
-17277.35546875
-7188.49560547
-8569.09082031
-7284.06250000
-7235.58593750
-8436.94531250
-7951.87402344
-9357.65722656
-8401.17578125
-8456.75292969
-8454.59960938
-8801.46972656
-9692.94921875
-7937.53710938
-9253.75585938
-10716.13476562
-7999.46191406
-9410.56250000
-8127.09472656
-8032.81933594
-8143.45996094
-9212.96972656
-7573.38867188
-9375.59082031
-11199.94726562
-10230.41796875
-10604.33593750
-9707.70898438
-10348.33593750
-10318.24609375
-11945.25097656
-10875.43261719
-11449.57031250
-10531.91210938
-10480.27441406
-13684.30273438
-11949.11230469
-15033.41699219
-10406.93554688
-10495.59179688
-16069.63476562
-13028.49218750
-13762.69335938
-9742.26171875
-9604.07226562
-9561.97167969
-9905.27148438
-11559.50195312
-10310.09082031
-10312.93945312
-9634.49414062
-10218.34179688
-11680.95703125
-9738.42382812
-9652.87304688
-10077.33984375
-9519.76562500
-9967.60742188
-9294.56347656
-8934.17382812
-9298.98828125
-9675.74316406
-6494.35839844
-7067.67285156
-7291.77294922
-7113.74023438
-8385.97851562
-8713.34863281
-7375.91992188
-7036.74804688
-7382.22900391
-6031.25097656
-6942.94921875
-7858.37744141
-6681.85058594
-7416.37500000
-6517.07470703
-6339.25195312
-6856.81201172
-6829.37939453
-6234.88574219
-5459.94335938
-6010.70019531
-7195.95703125
-6883.11035156
-7319.39941406
-5901.89550781
-6253.61230469
-6666.57177734
-7075.05908203
-6354.29296875
-7577.80224609
-6270.52246094
-7292.44970703
-7077.66210938
-6994.93554688
-7195.13964844
-6389.04394531
-6558.53808594
-6410.95996094
-6435.70312500
-7584.82617188
-7681.78027344
-7515.18554688
-7147.14843750
-7636.41162109
-7439.28515625
-7431.69775391
-7634.75097656
-7670.98681641
-8451.00976562
-8214.80859375
-9910.31933594
-8452.48242188
-6061.01464844
-8804.77343750
-7696.06591797
-10501.10546875
-9477.55468750
-12704.48437500
-13201.85546875
-10853.99414062
-8615.53710938
-7213.88281250
-7290.14062500
-7845.53222656
-8236.68750000
-10655.52050781
-9579.21679688
-8087.41357422
-9170.69531250
-6860.56640625
-8188.33984375
-6746.59033203
-7199.03710938
-7392.06738281
-14664.70312500
-10314.83398438
-6471.44531250
-5854.24902344
-5682.28710938
-6934.82226562
-6311.04003906
-7387.34960938
-6857.06640625
-6434.60742188
-5993.01562500
-6788.43847656
-5724.64892578
-5141.53857422
-6069.79785156
-6647.05615234
-7054.19824219
-5442.60253906
-5897.24511719
-6804.61181641
-5201.08300781
-7302.56542969
-9026.39550781
-6517.06201172
-6580.22021484
-10237.28125000
-7502.98291016
-7041.57031250
-6412.66601562
-6932.18798828
-6781.57470703
-8850.18945312
-7949.42187500
-7266.97753906
-6526.62939453
-9201.50488281
-9486.83398438
-8462.63085938
-7463.72949219
-9145.95605469
-10118.30761719
-9016.64648438
-7454.52685547
-8074.47265625
-10165.21484375
-8402.76562500
-7801.07714844
-8165.46875000
-8944.19726562
-8324.01464844
-7195.37402344
-8151.98828125
-6762.36523438
-6362.48925781
-6016.35156250
-6204.89599609
-5660.42773438
-6643.15527344
-5709.92773438
-6182.65136719
-6375.05322266
-6602.92236328
-5435.57617188
-6096.71972656
-5986.86230469
-6013.52050781
-5303.43310547
-5565.11474609
-6920.94873047
-5656.05566406
-6804.03027344
-6339.75146484
-5815.30078125
-7265.92041016
-6157.48046875
-7390.85449219
-7223.55664062
-7776.95605469
-7413.09277344
-9678.83007812
-8335.02148438
-9032.12207031
-7728.65966797
-8164.78515625
-8356.66992188
-7554.30273438
-8390.42578125
-7770.39404297
-7745.88037109
-8369.62304688
-7843.64453125
-7200.06835938
-6828.90917969
-6560.62011719
-7663.88916016
-6860.54882812
-6370.85595703
-6051.42871094
-6527.78564453
-6557.56250000
-6914.58300781
-7199.97851562
-6845.07519531
-7110.78906250
-7228.09667969
-6884.50634766
-6461.11669922
-7448.61425781
-7797.56542969
-7039.28808594
-7376.23681641
-8875.06054688
-6121.08105469
-7656.32568359
-7461.78027344
-5538.05078125
-5348.59814453
-5712.37744141
-6139.14990234
-5522.12890625
-5795.75195312
-6211.13867188
-5593.09960938
-5272.79785156
-7070.77636719
-5377.26708984
-5374.57080078
-5596.98828125
-6231.32617188
-5554.89941406
-7130.06445312
-5363.40429688
-6250.97753906
-8209.05664062
-7413.61572266
-7895.83691406
-5797.76757812
-6798.42626953
-7798.18115234
-6508.89257812
-5820.37695312
-6914.98339844
-5964.98339844
-6251.11914062
-5897.08203125
-5127.79003906
-6114.29003906
-5920.26806641
-4808.83642578
-4821.18457031
-5427.77246094
-5502.96191406
-6437.63378906
-5624.13085938
-4916.03369141
-4740.46679688
-5258.25683594
-5293.01074219
-5280.88769531
-5089.12060547
-4941.23583984
-4892.28076172
-4941.88476562
-5975.93017578
-5359.52050781
-6050.25244141
-5413.77001953
-5948.24072266
-5555.73339844
-5658.44531250
-5929.63476562
-6087.51757812
-5823.01757812
-6074.84570312
-6296.11669922
-5668.92480469
-6575.65234375
-6040.19384766
-5918.14306641
-5684.88085938
-6488.51318359
-6015.92968750
-7045.53857422
-5538.04394531
-6226.57812500
-6288.63183594
-6233.78955078
-7919.48925781
-6185.57470703
-15834.37304688
-9616.89453125
-6608.81347656
-6273.92382812
-6884.53125000
-6723.90136719
-10397.31152344
-7122.49316406
-5970.42773438
-10293.38281250
-8663.14453125
-6047.98681641
-6313.08593750
-6277.74023438
-6730.32421875
-6302.15429688
-7103.93945312
-5770.50488281
-6691.78613281
-6330.18701172
-6362.36523438
-6083.05078125
-6656.10156250
-5927.95117188
-6662.62402344
-7103.62353516
-6533.04785156
-6687.64062500
-6446.37597656
-6342.08984375
-6946.92089844
-6133.46777344
-6450.73339844
-6370.49511719
-6223.47851562
-6339.22070312
-6553.89941406
-6586.21435547
-6618.60351562
-6481.37353516
-6424.08300781
-7337.26464844
-6575.80761719
-6533.79589844
-6289.11816406
-6590.56152344
-6394.86914062
-6158.40527344
-6377.92187500
-6753.69824219
-7289.10351562
-6324.71191406
-6861.66650391
-7287.78515625
-6153.66308594
-6630.43652344
-8036.20166016
-5803.91406250
-5303.24169922
-5505.28417969
-5737.25000000
-5434.32226562
-6065.71826172
-6907.83886719
-5318.80175781
-5584.01660156
-5514.63769531
-6136.75781250
-6732.86816406
-5331.35302734
-5361.70117188
-5893.98046875
-5532.61523438
-5632.12353516
-5463.16748047
-5756.47167969
-7938.45166016
-6140.33593750
-8125.77050781
-5897.65039062
-7746.65820312
-5442.93261719
-6690.54101562
-8172.42187500
-6200.82324219
-5554.06640625
-5666.49365234
-5331.58984375
-7375.16992188
-6103.39599609
-7158.70898438
-5255.00146484
-4778.70898438
-5820.42675781
-5907.90136719
-5015.10546875
-4896.29199219
-4966.66308594
-4909.05078125
-4707.73291016
-4607.39550781
-5193.08007812
-5830.78320312
-5477.48828125
-5577.88281250
-4823.92968750
-5960.58496094
-5456.05957031
-5704.65527344
-5404.35839844
-5324.71289062
-5519.88574219
-5570.62011719
-5588.43359375
-6247.11425781
-5815.78662109
-5986.41015625
-5928.55126953
-6324.79687500
-6322.66796875
-6103.57226562
-6408.34716797
-10458.35058594
-5959.31347656
-5859.61425781
-15476.54394531
-10177.67773438
-5565.71728516
-11954.91015625
-5637.85156250
-6052.98730469
-5857.30078125
-8693.18359375
-5297.06152344
-5986.43945312
-6266.31298828
-6910.72900391
-5919.85351562
-5237.86279297
-5397.85156250
-5657.44726562
-5534.97363281
-5715.01660156
-5626.07031250
-5609.68457031
-5839.23828125
-5270.18994141
-5063.43310547
-5295.30468750
-6227.55566406
-5764.15917969
-4968.80371094
-5372.66210938
-5558.22705078
-5081.65429688
-5582.97265625
-4999.35009766
-4635.40332031
-4933.54589844
-4708.19189453
-5011.85449219
-4828.93164062
-6313.27148438
-4815.78417969
-4949.14355469
-5084.57373047
-5235.42480469
-5284.75439453
-5055.81933594
-4723.31542969
-4966.67285156
-5509.77685547
-4646.37597656
-4924.67871094
-5328.85253906
-5026.27929688
-4566.29931641
-5231.73193359
-5113.37207031
-4903.79980469
-7373.63476562
-5427.40039062
-4611.97656250
-4867.21484375
-5362.39062500
-4699.41357422
-5183.66308594
-5193.21679688
-4586.91308594
-4938.38574219
-4808.66308594
-4474.47607422
-5346.88867188
-4884.35839844
-4026.50756836
-4201.43066406
-4199.64013672
-4182.07177734
-4665.46582031
-7912.98046875
-4347.55224609
-5678.36816406
-4796.78515625
-5507.62402344
-8051.45166016
-5866.04199219
-5448.32470703
-4889.51025391
-4327.35888672
-4126.50927734
-4311.18408203
-4559.71093750
-4240.95996094
-4784.34960938
-4270.57128906
-5357.01269531
-3686.32812500
-8226.63769531
-4268.12890625
-7915.61962891
-7592.85644531
-4073.52856445
-8479.02148438
-5160.62597656
-4998.84375000
-4401.90820312
-5539.80517578
-4693.50390625
-3927.79345703
-4301.42675781
-3886.12329102
-4446.47460938
-6383.51806641
-3870.59790039
-7714.56152344
-5078.95703125
-4352.70556641
-4749.27441406
-7815.37744141
-4336.45214844
-7605.24316406
-3654.17285156
-3967.17553711
-3659.69140625
-4595.32470703
-4068.70947266
-3351.33593750
-3389.24121094
-3469.48852539
-3653.56152344
-3843.10595703
-3464.15771484
-4063.09252930
-3712.11059570
-3816.63623047
-4431.33935547
-3677.46240234
-3847.32177734
-4063.41357422
-3978.65502930
-4074.29443359
-3739.80444336
-3619.57373047
-3591.91162109
-4409.53271484
-3882.70898438
-3524.36596680
-3895.44335938
-3569.65600586
-3579.53686523
-3711.68164062
-3332.97558594
-3400.33056641
-3601.91137695
-3550.54907227
-3551.15527344
-3732.08056641
-4011.34643555
-4095.27197266
-3359.54516602
-3941.44775391
-3333.03295898
-3526.69213867
-3529.90966797
-3779.16064453
-3308.54394531
-3755.79833984
-3268.69067383
-3648.20947266
-3924.45849609
-3499.98681641
-3804.31884766
-4129.00878906
-3244.75512695
-3779.13647461
-3457.70507812
-3763.89160156
-3748.81005859
-3439.24536133
-3613.84521484
-3401.68310547
-3978.13085938
-3712.06665039
-5431.76708984
-6089.72802734
-3753.37841797
-6462.61669922
-3051.81054688
-3228.53808594
-7644.68115234
-3590.01074219
-3585.20800781
-4114.87792969
-3556.04541016
-3513.43774414
-3335.02392578
-5854.35107422
-3688.22167969
-4161.67529297
-3822.63867188
-3883.87011719
-8047.19628906
-3460.13159180
-3682.00317383
-4216.93115234
-3530.03857422
-3752.33300781
-3596.21777344
-3853.95385742
-4728.78564453
-3531.70263672
-3413.58642578
-2925.94335938
-2927.11059570
-3747.00732422
-3300.14404297
-3803.90771484
-2935.55273438
-4210.23876953
-3195.64550781
-2862.38818359
-3235.11181641
-2804.04443359
-3127.73510742
-3157.58691406
-2927.38403320
-2965.70556641
-2721.15527344
-3068.91772461
-4616.57421875
-2930.73486328
-2959.21313477
-3620.81079102
-8584.83105469
-2992.16088867
-2780.93945312
-2930.75903320
-3309.44897461
-2973.42309570
-3011.76513672
-3268.95703125
-3883.79785156
-3196.62353516
-3622.62158203
-3231.20361328
-3361.20971680
-3214.31591797
-3518.37792969
-3696.84765625
-3183.69848633
-3622.21435547
-3787.94921875
-3620.02392578
-3380.44091797
-3513.08862305
-3816.71728516
-3313.01562500
-3874.68481445
-4083.50927734
-4202.75097656
-3654.99560547
-3565.04980469
-3954.10888672
-3532.89990234
-3638.41796875
-9354.86621094
-3793.88671875
-3904.35058594
-3898.14941406
-11096.44335938
-3965.92578125
-3853.49121094
-3799.56079102
-4214.74804688
-3964.72241211
-6447.22753906
-9405.30468750
-10193.37109375
-6565.12500000
-4002.55566406
-4501.82714844
-7078.02392578
-3937.83203125
-9866.08984375
-4222.22314453
-6529.47998047
-4018.88964844
-4459.86718750
-4320.56347656
-4201.54687500
-4449.46044922
-5108.17382812
-5165.06005859
-4658.82910156
-4532.44628906
-4373.02636719
-4988.68798828
-9524.09179688
-6052.86669922
-5464.35156250
-5570.15722656
-6419.69873047
-8362.72949219
-5272.90429688
-5192.98437500
-8279.29003906
-5186.07275391
-8175.53955078
-5571.12890625
-5228.74951172
-5962.11718750
-5266.05761719
-5637.68945312
-5540.00976562
-6037.41845703
-6573.70019531
-5566.27148438
-5825.00732422
-5115.65429688
-5038.71289062
-5725.03808594
-5582.45263672
-5632.10986328
-5270.14843750
-5556.12353516
-5956.56494141
-5247.05957031
-5345.79003906
-5119.81494141
-5250.81542969
-5336.69970703
-5353.70458984
-5930.87011719
-5291.52001953
-5286.33105469
-5524.80468750
-5140.68359375
-5867.90966797
-5170.16992188
-5779.69091797
-5146.91308594
-5410.61132812
-5306.93115234
-5127.85644531
-5207.34765625
-5022.76660156
-5298.36279297
-5138.64160156
-5085.71386719
-4870.05859375
-4997.69335938
-4948.03808594
-4404.65429688
-4656.43457031
-4670.70214844
-4662.46044922
-4808.67236328
-4543.76123047
-4589.75439453
-4599.54882812
-4722.86718750
-4635.56884766
-4665.18017578
-4740.70361328
-5052.37695312
-4734.93066406
-4671.09570312
-4961.71875000
-5171.80273438
-5021.47070312
-4756.28515625
-6158.85156250
-5345.98876953
-9878.66406250
-5310.29003906
-5158.48974609
-5353.01074219
-8004.23388672
-5485.42285156
-5260.28417969
-5718.50781250
-6116.95019531
-6003.27880859
-5791.53320312
-5453.35791016
-5357.50390625
-5563.65332031
-5672.18652344
-5198.88671875
-5472.62792969
-5099.29785156
-5093.51269531
-4861.72167969
-5217.20996094
-5197.92968750
-5345.59521484
-5491.28906250
-5024.02636719
-5024.90917969
-5132.72265625
-5205.80078125
-5220.10839844
-5156.68994141
-4998.67578125
-5042.02099609
-5196.89355469
-5136.95898438
-5534.22851562
-5407.14550781
-4531.68261719
-4618.39843750
-4663.34179688
-4370.63574219
-4832.71386719
-4375.18847656
-4475.17968750
-4694.66796875
-4621.33349609
-4214.74511719
-4418.87597656
-4418.83691406
-4233.22656250
-4729.19482422
-4450.30761719
-4432.34082031
-4425.73632812
-4342.20654297
-4475.94287109
-4307.70214844
-4209.92089844
-4342.39111328
-4511.44628906
-4540.33398438
-4843.10253906
-4482.42968750
-4566.97314453
-4802.45849609
-4383.59960938
-4733.76074219
-4447.50585938
-4865.67382812
-4591.92333984
-4436.21630859
-4432.89648438
-4374.01904297
-4853.55371094
-4469.44042969
-5030.70214844
-4195.23535156
-4820.02685547
-4736.09667969
-4571.67285156
-4686.87597656
-4644.27050781
-5135.56494141
-4815.20019531
-4691.72558594
-4795.77734375
-4855.91796875
-4705.00585938
-4623.65820312
-4673.18359375
-4877.80175781
-4743.24169922
-4654.84375000
-5112.19384766
-4805.56005859
-4589.84179688
-5794.61718750
-4601.99853516
-4750.91259766
-4591.74804688
-4355.17041016
-4599.12402344
-4242.83886719
-4113.35253906
-4468.98095703
-4538.86914062
-4409.13671875
-4699.53808594
-4441.01562500
-4467.29687500
-4892.21826172
-4397.53222656
-4560.21777344
-4866.90869141
-6923.67138672
-4867.45214844
-4438.90820312
-7689.11474609
-4918.49609375
-4980.51611328
-6623.14160156
-7772.72412109
-8277.95117188
-5333.87109375
-4179.16210938
-4367.07226562
-4180.30126953
-6553.37890625
-4538.30273438
-6835.40771484
-4380.16210938
-4278.98632812
-4251.38574219
-4261.61816406
-3951.94921875
-4324.87695312
-3929.58618164
-4012.37500000
-4104.87597656
-3974.85937500
-3936.06494141
-3954.56176758
-4011.59130859
-3897.76025391
-3886.01220703
-3964.90893555
-3782.07080078
-4159.22314453
-4043.17529297
-3965.52954102
-3707.61669922
-10589.78906250
-8850.66894531
-11050.43359375
-7509.33544922
-4095.33154297
-3678.12207031
-5930.22070312
-4040.07861328
-7711.66503906
-3902.10009766
-3967.87719727
-4019.07470703
-4355.27832031
-4751.40234375
-3964.55029297
-4196.91601562
-4444.06738281
-3895.78125000
-3917.50878906
-3984.35937500
-4440.01562500
-4236.63183594
-3871.27197266
-4457.83886719
-5374.89355469
-4144.74462891
-4169.74169922
-4483.07519531
-4683.49707031
-5908.82324219
-4868.03320312
-5541.75488281
-5981.20849609
-5143.50097656
-5123.29833984
-6039.35546875
-9629.48046875
-7839.62451172
-9397.43847656
-7657.19921875
-9301.48437500
-7594.23486328
-9092.40625000
-6224.01855469
-13143.20898438
-6114.82861328
-6635.96337891
-5528.56152344
-8966.88281250
-9493.95507812
-9372.78222656
-12686.68359375
-8458.00585938
-10420.60937500
-9798.22460938
-5536.08593750
-5694.03027344
-5488.37109375
-5146.79882812
-5185.00683594
-4993.76074219
-5512.31396484
-5033.74218750
-5214.48144531
-5197.75244141
-4903.14062500
-6361.52246094
-5275.02148438
-5470.79052734
-6081.15966797
-5189.66943359
-5128.89794922
-5311.87207031
-5154.59082031
-5494.43603516
-5477.22021484
-5652.54931641
-5649.99902344
-5278.30371094
-5560.96826172
-5900.34472656
-5525.61914062
-6071.16406250
-5903.84375000
-6217.15722656
-5537.90771484
-5863.46093750
-6020.47070312
-5720.93164062
-5386.14453125
-5497.59326172
-6080.75585938
-5880.66406250
-5559.98681641
-5885.88085938
-6161.48486328
-6418.51269531
-6604.24804688
-6290.07275391
-6133.79443359
-6246.71191406
-6346.42724609
-6536.71142578
-6285.58935547
-6589.76953125
-6362.68554688
-6390.71972656
-6213.09863281
-6527.94628906
-6479.88232422
-6347.60839844
-6399.18212891
-6336.15722656
-6116.01464844
-6523.23681641
-6875.29443359
-6137.35351562
-5984.80712891
-6153.01708984
-6187.08447266
-6786.04492188
-10005.43750000
-6583.08984375
-7277.93945312
-6360.28857422
-6513.69091797
-6563.15722656
-7139.91308594
-6668.59960938
-6130.49023438
-6567.65429688
-6509.75927734
-6467.90722656
-6249.39794922
-6330.89941406
-6444.84863281
-6519.05566406
-6324.01416016
-6208.20898438
-6448.56201172
-6473.49511719
-6711.42773438
-6325.73144531
-6699.67871094
-6540.48730469
-6669.86132812
-6965.77099609
-6957.14355469
-6684.83300781
-6697.95800781
-6243.63769531
-6538.47851562
-6777.63183594
-6667.33544922
-6470.50634766
-6373.49609375
-6477.39111328
-6510.51806641
-6186.19677734
-9142.19531250
-6386.80761719
-6621.83544922
-8114.89697266
-6352.21972656
-6699.37646484
-6429.47705078
-7639.31738281
-6438.93164062
-6390.55908203
-6584.33496094
-6547.89453125
-6437.83837891
-6497.58300781
-6191.35107422
-6257.66503906
-6405.12939453
-5999.93505859
-6100.68359375
-6354.39746094
-6359.14257812
-6317.50878906
-6087.20800781
-6249.47412109
-6258.19921875
-6226.93310547
-6008.17871094
-6049.08203125
-5654.06201172
-5991.33203125
-5726.03417969
-6487.45019531
-6363.05029297
-6250.89648438
-5933.28222656
-5923.96289062
-6000.65332031
-5949.82421875
-6142.98583984
-6599.48925781
-6277.00878906
-6073.49267578
-6219.75097656
-6111.53515625
-6172.77685547
-6120.48046875
-5960.78320312
-6238.18359375
-5966.10253906
-6535.24414062
-6358.47656250
-6065.82666016
-6415.19775391
-6159.01953125
-6401.05615234
-6543.90136719
-6404.40283203
-6419.60839844
-6227.24023438
-7144.66015625
-6042.27685547
-5909.88574219
-6232.42089844
-6309.04833984
-8747.60351562
-6343.93310547
-5576.78857422
-5657.27636719
-5684.86914062
-5559.77587891
-5524.56542969
-5403.75097656
-5486.34179688
-5485.51953125
-5682.55126953
-5647.14843750
-5755.10156250
-5507.62744141
-5763.75976562
-5993.91455078
-5685.50488281
-5900.85253906
-5719.51708984
-5675.28027344
-5788.86425781
-5993.65820312
-5956.08105469
-6061.83007812
-5828.38281250
-5933.56835938
-5766.45996094
-5742.61328125
-5586.96875000
-5553.16113281
-5535.25097656
-5604.23339844
-5469.03955078
-5564.98974609
-5468.56884766
-5569.04980469
-5660.28808594
-5588.32470703
-5440.78369141
-5162.11181641
-5199.58300781
-6461.81103516
-7458.54003906
-5442.50878906
-5283.52148438
-5258.48339844
-4847.18212891
-5356.63769531
-4978.83984375
-6764.38183594
-5120.45019531
-4883.61523438
-4855.77001953
-4899.68750000
-4745.67187500
-4967.57226562
-4834.83984375
-4998.54785156
-4901.40917969
-4719.30859375
-4865.55859375
-4681.84667969
-4828.77001953
-4801.45605469
-4772.00048828
-4719.82861328
-4953.08007812
-4959.46777344
-4748.29785156
-4904.62500000
-5440.13085938
-4706.96240234
-4870.28515625
-4708.60839844
-5053.49121094
-4933.33544922
-4777.03808594
-4607.68066406
-4982.89062500
-4959.05273438
-4946.96923828
-5149.69140625
-6015.96777344
-4847.47167969
-5034.90234375
-4829.58496094
-4940.52636719
-4789.92871094
-5978.91699219
-4885.46289062
-4828.50683594
-5011.04345703
-4668.74462891
-5938.49023438
-4647.79980469
-4683.30468750
-4703.66992188
-4796.79980469
-4768.61523438
-4590.57617188
-4782.70019531
-6849.22070312
-4865.91455078
-4647.07519531
-4892.93554688
-4669.67822266
-4613.55859375
-7711.56689453
-4829.42236328
-4781.32177734
-4606.48828125
-5954.45800781
-4698.34521484
-8680.46093750
-4724.69628906
-7598.11962891
-6765.29003906
-10555.35644531
-4692.84179688
-4850.96630859
-4922.60156250
-4731.32910156
-4722.82910156
-4688.20312500
-4540.08349609
-4556.51708984
-4803.51953125
-4785.05175781
-4859.14160156
-8018.17871094
-4697.71777344
-4563.63281250
-4486.12939453
-4522.37255859
-4687.03808594
-5002.75927734
-5090.82421875
-9921.28515625
-4501.92138672
-4450.85888672
-4409.78222656
-7829.58056641
-4594.95410156
-4812.40136719
-8561.64550781
-4589.08105469
-6136.88671875
-5078.53613281
-9835.47070312
-4832.43261719
-4616.40625000
-8770.15722656
-4875.37792969
-4478.69238281
-5907.20410156
-4601.89355469
-8276.90625000
-4637.40917969
-4745.34863281
-4503.06152344
-4653.70800781
-4564.40722656
-4643.21582031
-4436.95410156
-4471.52490234
-4343.58984375
-4415.46044922
-4525.99804688
-12571.19238281
-4738.51416016
-4700.63623047
-5218.92285156
-4910.63769531
-4520.04492188
-4568.62500000
-4596.95800781
-4621.81347656
-5474.23730469
-4585.15722656
-4646.69921875
-4724.81738281
-4782.26562500
-4694.40136719
-4780.31250000
-4715.97167969
-4688.61328125
-4565.48144531
-4944.25781250
-4514.65234375
-4500.87304688
-7215.95410156
-7013.89794922
-5497.29199219
-6633.66748047
-22601.66406250
-12591.93750000
-21585.69921875
