-7.27107334
-7.58964443
-7.74627399
-7.93064785
-7.96177959
-8.60099316
-9.71220779
-10.79262924
-10.66950035
-12.49847507
-12.68746185
-14.30858421
-15.39169598
-15.35029697
-18.70880127
-19.26635361
-20.82898712
-22.55528259
-26.04117584
-27.01708412
-27.54922104
-29.83684731
-30.53438950
-32.08499908
-33.94905853
-34.23391724
-36.28456879
-37.83613586
-38.30710602
-40.06182861
-43.23306274
-42.59948730
-42.96998215
-46.77014160
-48.53333282
-49.90886688
-51.95675659
-48.50221252
-49.69654465
-49.91043854
-53.85493088
-54.73800278
-58.28492737
-57.56686020
-60.93640900
-61.11326599
-62.41242218
-60.63637543
-62.64081955
-65.09424591
-63.83678055
-70.11854553
-69.75889587
-70.56433105
-72.04278564
-68.43965149
-65.82643127
-66.27583313
-74.70127869
-70.48964691
-71.89321899
-74.64981079
-72.43043518
-78.63650513
-75.07839966
-80.91427612
-79.29460144
-80.68424988
-86.10496521
-79.28422546
-87.52584839
-83.91615295
-89.19113922
-87.45444489
-88.74186707
-86.72815704
-86.19834137
-92.08607483
-83.61169434
-84.40988922
-76.60580444
-87.50665283
-84.12274170
-94.43528748
-94.75169373
-96.31571198
-92.00431824
-93.56864166
-102.11891937
-92.19035339
-103.48014832
-95.58560944
-89.50067902
-82.85548401
-91.42684937
-77.18291473
-93.10794830
-88.65473938
-91.06099701
-99.35011292
-97.46611023
-101.26207733
-100.15612793
-101.69023895
-104.13157654
-99.49752045
-105.19099426
-95.87460327
-94.97996521
-98.59175110
-106.39199829
-112.80612183
-116.30065918
-123.62963867
-138.91870117
-119.34812927
-127.56752014
-124.36177826
-124.37216187
-121.66056824
-132.74655151
-118.60787964
-117.92904663
-123.78573608
-120.07480621
-104.43737030
-99.50347900
-107.76017761
-108.05534363
-119.78953552
-119.57800293
-82.90012360
-78.02445221
-78.88955688
-90.42031860
-94.22587585
-99.66394806
-99.89321899
-102.75396729
-118.65123749
-115.35348511
-118.06269836
-135.69224548
-130.06796265
-134.88067627
-122.90683746
-132.81390381
-135.85702515
-138.13897705
-142.99386597
-133.18341064
-137.60604858
-144.33482361
-134.74969482
-137.30233765
-136.26800537
-148.53314209
-142.28881836
-149.82348633
-164.56698608
-135.59548950
-149.10641479
-150.94268799
-140.42108154
-149.23733521
-147.93203735
-144.66267395
-153.51373291
-158.44192505
-152.89721680
-154.98042297
-175.48042297
-156.30191040
-162.93904114
-169.34744263
-156.18316650
-161.21438599
-166.06277466
-171.14297485
-169.86860657
-179.36145020
-182.01078796
-152.02134705
-164.35350037
-173.86621094
-182.06321716
-178.22967529
-173.33251953
-183.79597473
-187.40106201
-185.97723389
-183.30435181
-174.50318909
-175.38778687
-169.83718872
-190.96777344
-187.25988770
-173.33351135
-180.50689697
-186.35552979
-198.45220947
-186.83094788
-185.52413940
-204.47067261
-209.14187622
-200.56719971
-196.59950256
-194.42941284
-203.25979614
-214.43917847
-217.58905029
-214.45848083
-221.73779297
-222.17782593
-216.46975708
-229.47290039
-216.91937256
-224.29980469
-226.17356873
-220.85086060
-234.53202820
-222.19244385
-240.68853760
-241.05532837
-230.14581299
-233.65650940
-219.43667603
-220.67195129
-201.37426758
-231.25723267
-220.33834839
-235.17398071
-228.27507019
-243.52815247
-229.31958008
-247.93934631
-235.26365662
-241.83499146
-229.22332764
-256.60644531
-247.79614258
-262.27691650
-243.60469055
-261.07223511
-276.89697266
-261.13677979
-270.00952148
-254.12026978
-265.76672363
-265.31796265
-252.59197998
-246.49003601
-257.70062256
-261.22183228
-248.45172119
-244.63565063
-265.59631348
-258.46499634
-249.85342407
-257.38125610
-260.43780518
-253.80908203
-269.79071045
-254.27221680
-252.69403076
-250.77810669
-243.61579895
-252.70133972
-278.64093018
-246.23977661
-258.83740234
-241.54335022
-258.08251953
-250.03753662
-272.73394775
-250.75213623
-265.26568604
-240.14355469
-241.13128662
-249.77490234
-236.29824829
-243.14390564
-236.22424316
-221.19635010
-240.07833862
-232.90469360
-230.37355042
-240.20828247
-229.07322693
-249.84689331
-232.94673157
-226.20285034
-227.82212830
-221.36614990
-222.52162170
-231.05853271
-229.15533447
-223.47015381
-231.23901367
-236.05407715
-229.63090515
-229.90464783
-239.39172363
-227.21002197
-232.86846924
-229.24845886
-231.04869080
-235.89270020
-231.22238159
-238.06002808
-245.11450195
-234.50524902
-244.59048462
-232.49258423
-233.59310913
-240.48658752
-241.75399780
-241.24896240
-241.78945923
-245.02175903
-247.16281128
-246.18580627
-246.99768066
-257.80068970
-248.85246277
-248.81359863
-257.62545776
-251.51437378
-257.15026855
-257.62359619
-257.24206543
-256.82330322
-252.87899780
-264.09527588
-250.10217285
-258.11279297
-258.65914917
-273.12829590
-267.72576904
-255.80421448
-268.72314453
-252.39724731
-258.29809570
-257.65380859
-262.19409180
-262.72326660
-268.84585571
-267.63006592
-260.22979736
-252.62123108
-258.54238892
-262.94006348
-259.68151855
-262.39343262
-260.50677490
-262.87722778
-256.94430542
-256.13894653
-252.14904785
-249.48922729
-254.23567200
-258.85733032
-250.34262085
-264.45401001
-250.89160156
-248.30065918
-259.48406982
-258.54125977
-257.39044189
-253.48548889
-254.23156738
-250.42420959
-255.16683960
-247.46485901
-256.28094482
-246.05334473
-216.43701172
-228.64562988
-223.23587036
-230.63919067
-237.37100220
-241.42784119
-234.84436035
-227.75108337
-226.22346497
-235.23846436
-234.85852051
-228.66996765
-243.27151489
-223.05676270
-240.41091919
-231.92184448
-233.83813477
-218.96417236
-235.71752930
-224.80444336
-225.35618591
-242.36500549
-245.27377319
-249.10998535
-228.66900635
-236.92770386
-233.82406616
-231.37335205
-228.42565918
-223.27020264
-241.11892700
-212.63125610
-219.41206360
-226.42337036
-223.04864502
-232.66322327
-220.96897888
-214.29803467
-188.78352356
-193.71008301
-182.33108521
-189.92877197
-193.73699951
-192.82586670
-197.59838867
-208.53887939
-202.18994141
-213.31565857
-203.07672119
-206.55584717
-205.62368774
-204.50538635
-204.74467468
-215.43144226
-202.12515259
-190.83770752
-192.68539429
-178.05215454
-182.52005005
-176.90643311
-179.82659912
-193.16223145
-189.56388855
-203.76321411
-189.39999390
-190.25752258
-182.82772827
-185.56706238
-184.91387939
-204.49018860
-188.73957825
-189.55293274
-187.78874207
-193.13528442
-179.80700684
-181.63078308
-190.66154480
-171.42437744
-177.94702148
-204.40223694
-205.55242920
-207.26272583
-197.34118652
-200.03726196
-210.84950256
-209.78421021
-187.77351379
-187.48040771
-195.33367920
-185.89265442
-191.84103394
-181.95028687
-185.02502441
-177.06600952
-190.61569214
-189.45321655
-170.90760803
-169.18673706
-169.60809326
-173.42526245
-176.41989136
-163.26165771
-169.51162720
-164.38592529
-196.64306641
-168.27536011
-169.80975342
-174.81654358
-170.24475098
-174.62641907
-164.44619751
-163.16741943
-163.62097168
-165.14134216
-163.14218140
-187.09033203
-176.76902771
-189.30645752
-166.38789368
-178.56356812
-169.20722961
-187.17776489
-188.90577698
-166.66592407
-163.66893005
-177.73416138
-164.78503418
-172.21096802
-172.96606445
-178.95509338
-177.00502014
-181.05705261
-163.90380859
-166.37857056
-161.29934692
-170.05313110
-171.22982788
-171.14834595
-163.33030701
-169.45001221
-162.39462280
-159.04301453
-160.14099121
-151.90637207
-181.29072571
-152.58032227
-164.42044067
-162.95138550
-166.46423340
-172.36373901
-179.11593628
-223.80674744
-198.25054932
-213.97605896
-209.70285034
-201.76658630
-189.53271484
-199.10324097
-205.13880920
-198.63705444
-195.10278320
-191.78219604
-188.28564453
-185.80224609
-192.35046387
-186.67141724
-188.75111389
-195.30612183
-190.28431702
-194.29229736
-148.88946533
-150.79692078
-149.24847412
-149.12463379
-157.25939941
-164.83212280
-150.34411621
-160.87249756
-152.70420837
-152.21896362
-166.30856323
-155.42276001
-154.81054688
-158.50114441
-147.11508179
-150.44702148
-145.69741821
-155.26170349
-142.90594482
-134.58233643
-140.51380920
-136.17185974
-143.12695312
-136.22485352
-144.82211304
-135.14271545
-139.62832642
-137.22769165
-145.72309875
-144.47186279
-138.60937500
-150.11953735
-135.89199829
-141.58786011
-135.56838989
-136.96690369
-136.14094543
-138.09518433
-148.56491089
-150.11947632
-161.20043945
-145.42930603
-139.25027466
-153.19406128
-150.37925720
-150.19029236
-140.12417603
-158.50579834
-149.30683899
-143.07254028
-160.40185547
-160.53695679
-137.77766418
-167.59570312
-162.95236206
-149.05426025
-158.64924622
-178.51239014
-178.73918152
-181.58489990
-207.90090942
-182.48272705
-178.90588379
-154.94317627
-183.82466125
-161.20950317
-157.42463684
-156.46652222
-172.23239136
-152.38238525
-161.09500122
-162.87121582
-158.26660156
-183.01132202
-157.34829712
-140.52197266
-166.92129517
-169.51696777
-141.58094788
-165.44274902
-149.36404419
-139.61956787
-133.15396118
-150.63363647
-159.16590881
-165.39166260
-148.74432373
-132.43635559
-150.19635010
-154.04122925
-146.01904297
-155.14035034
-167.35850525
-166.44032288
-251.14505005
-184.29505920
-190.44757080
-194.25112915
-143.20391846
-202.14013672
-232.22975159
-179.93612671
-172.44400024
-174.65460205
-167.43768311
-186.21992493
-173.92124939
-162.62530518
-199.22235107
-216.00601196
-167.25753784
-230.93263245
-214.74282837
-301.77490234
-296.97024536
-249.09103394
-247.22319031
-267.82833862
-207.68807983
-260.51971436
-206.35971069
-253.70466614
-238.20231628
-226.73851013
-211.13912964
-243.48301697
-215.69969177
-198.12908936
-201.90609741
-188.98892212
-179.12585449
-200.32783508
-115.82225037
-111.97911072
-120.77459717
-135.35363770
-154.44845581
-176.12536621
-156.03416443
-131.89936829
-163.54324341
-129.65872192
-153.12673950
-123.23278809
-136.78836060
-137.99154663
-136.54040527
-130.25009155
-144.64376831
-161.24526978
-141.46853638
-162.92544556
-174.27133179
-175.78143311
-171.91250610
-161.23930359
-184.42446899
-175.51806641
-163.88061523
-160.23406982
-176.26791382
-173.27612305
-176.82818604
-163.13888550
-156.07559204
-159.74897766
-150.72940063
-139.46795654
-156.46603394
-164.84735107
-131.73422241
-133.23571777
-128.13937378
-120.09937286
-116.17047119
-122.09201050
-114.33901978
-117.82855225
-124.49849701
-103.78761292
-108.72955322
-124.42192078
-126.28128052
-119.77832794
-119.06076050
-140.10179138
-124.97152710
-118.41190338
-116.45469666
-111.88923645
-102.55470276
-108.61396790
-118.45307159
-121.01795197
-111.15682983
-115.85556030
-108.19596100
-109.33775330
-117.40715027
-102.58924103
-111.42709351
-104.78961182
-107.69451141
-114.95048523
-120.88043976
-134.67178345
-122.30885315
-131.01094055
-132.28335571
-137.11077881
-114.00940704
-109.92420959
-106.16646576
-115.93212128
-96.27158356
-107.00807953
-102.82849884
-119.59530640
-114.19362640
-108.56739807
-109.35839844
-106.73118591
-100.96430969
-98.26557159
-101.45156097
-123.17318726
-96.39747620
-104.32558441
-98.37455750
-96.21652222
-97.67044067
-101.23788452
-103.04429626
-106.64312744
-114.03633118
-103.45893860
-100.21215057
-100.36940765
-97.00926208
-89.53614807
-110.97142029
-99.99296570
-95.05318451
-107.46955109
-96.96019745
-111.53269958
-99.34197235
-103.53054047
-110.13682556
-91.67657471
-87.44746399
-96.06076813
-101.09323120
-103.00236511
-89.13012695
-99.50798035
-117.67171478
-102.21389771
-104.22303772
-84.19426727
-110.78266907
-102.57044983
-115.86447906
-99.19546509
-126.17655182
-121.83048248
-107.85500336
-140.46006775
-96.88426208
-122.23882294
-122.61357880
-121.48472595
-135.93907166
-120.73191833
-114.15765381
-115.37054443
-103.36132812
-104.17458344
-95.26573181
-99.57358551
-123.52259827
-100.36454010
-98.19701385
-94.81478882
-84.64953613
-97.41011047
-81.68810272
-110.76051331
-112.32876587
-91.22560120
-108.56900024
-90.18812561
-98.54881287
-103.39846802
-95.34170532
-88.60044861
-102.66624451
-114.44892120
-102.52377319
-101.20223236
-83.29334259
-101.75296021
-97.88450623
-100.96626282
-92.07047272
-116.73576355
-94.03779602
-87.01863098
-105.28343201
-104.29499817
-104.64935303
-93.19725800
-90.60311890
-90.58854675
-94.45687866
-112.59494019
-89.86588287
-96.31929779
-91.50035095
-125.32959747
-97.94769287
-92.48543549
-135.40888977
-83.01109314
-101.43316650
-121.58128357
-125.35638428
-104.78019714
-124.54040527
-97.65227509
-122.34942627
-100.10589600
-104.75870514
-105.02371216
-98.50649261
-112.16129303
-109.47439575
-102.98345947
-108.84815216
-79.70880890
-79.15515137
-87.09835815
-92.03520203
-92.94592285
-86.33462524
-87.10337830
-97.77762604
-84.11643219
-83.77798462
-92.61208344
-92.00425720
-98.91273499
-106.63562012
-99.52777863
-108.74111938
-108.32320404
-101.28730011
-91.85898590
-89.66757202
-87.87481689
-98.46675873
-86.04986572
-98.86705017
-87.42345428
-81.17229462
-85.84226990
-96.08638763
-101.28276825
-98.00024414
-78.59002686
-90.64588928
-97.71150208
-99.72737122
-79.35094452
-76.21348572
-88.92943573
-77.51245117
-93.85858917
-97.93450165
-108.86468506
-71.68159485
-96.25395203
-97.67008972
-92.57759094
-84.73204803
-90.57440948
-84.34039307
-78.52392578
-87.38478088
-70.85339355
-85.32604218
-77.34094238
-92.17079163
-99.66738129
-92.20921326
-109.98796844
-73.74285889
-88.71375275
-90.82970428
-99.97875214
-81.29399872
-81.14541626
-74.94982910
-87.33767700
-93.46635437
-88.65100098
-98.24903107
-101.44113159
-108.06460571
-92.83601379
-93.85075378
-105.19529724
-102.90586090
-92.14249420
-93.59320068
-70.62130737
-81.38356781
-71.40676880
-96.89300537
-84.61590576
-85.47201538
-98.02490234
-87.40836334
-86.28987122
-99.73703766
-85.78308105
-80.15927124
-91.54776764
-86.81738281
-93.11689758
-85.93309021
-82.09429169
-83.23495483
-85.11235809
-78.12602234
-82.39843750
-90.75538635
-96.27098083
-89.47997284
-116.06937408
-102.10667419
-105.64816284
-113.36322021
-109.71848297
-104.31940460
-112.03669739
-127.56187439
-111.80429077
-90.84965515
-107.70812988
-116.02484131
-88.03369141
-93.68462372
-69.99260712
-74.97619629
-72.90768433
-82.45935059
-85.71073914
-88.07853699
-76.47166443
-82.00045776
-74.36691284
-86.79253387
-89.89695740
-77.86138916
-80.55525208
-82.03175354
-88.54504395
-99.45907593
-101.94158173
-94.59851074
-148.71841431
-134.52078247
-120.97547913
-116.20321655
-122.11017609
-119.07125092
-116.99881744
-117.48807526
-112.09830475
-115.00117493
-97.08761597
-106.58744049
-89.68816376
-86.84686279
-104.04926300
-115.48739624
-87.01596069
-106.81526184
-106.65603638
-93.63296509
-106.65920258
-92.63987732
-92.30397034
-87.98606873
-82.68751526
-96.23857117
-88.27449799
-91.27892303
-91.61932373
-99.63819885
-98.40853119
-96.91696930
-93.53553009
-91.66784668
-106.65823364
-88.15673828
-79.06398010
-81.51005554
-97.68251038
-89.04228210
-99.64573669
-95.09027100
-100.74186707
-111.36875916
-108.89328003
-98.18276978
-87.08416748
-86.65731049
-90.03906250
-100.05429077
-105.61186218
-96.50759888
-108.32048035
-93.72231293
-101.48792267
-97.46332550
-94.55995178
-90.86944580
-102.23641968
-84.73557281
-96.55419922
-108.82024384
-91.65126038
-110.13142395
-94.76879120
-102.13399506
-101.78044891
-103.01086426
-110.83327484
-104.65080261
-112.18288422
-109.15388489
-99.00640869
-113.87564087
-104.50991821
-112.23344421
-131.93945312
-135.06796265
-160.18270874
-100.63677979
-118.35235596
-128.73147583
-129.94056702
-134.59040833
-123.64331818
-126.65703583
-122.18948364
-119.23736572
-123.79045105
-116.58596802
-133.75042725
-129.50628662
-157.44766235
-135.01501465
-102.83004761
-113.85247803
-141.13803101
-126.76176453
-130.33364868
-153.00112915
-128.62457275
-161.91644287
-182.42765808
-148.44812012
-154.17526245
-165.42251587
-170.23391724
-179.63842773
-152.86961365
-150.66593933
-185.69384766
-178.02148438
-176.39099121
-129.19535828
-178.71299744
-176.37875366
-138.59959412
-149.35966492
-198.13742065
-150.19731140
-155.54228210
-151.03338623
-180.31144714
-125.36254883
-180.17834473
-199.41445923
-210.91915894
-239.04804993
-167.70065308
-149.78097534
-180.55932617
-173.41059875
-172.16421509
-183.55261230
-200.17318726
-173.13131714
-180.30389404
-182.92225647
-202.00091553
-229.48944092
-215.82543945
-228.18510437
-222.24819946
-191.89532471
-214.69250488
-212.06098938
-198.42366028
-246.13317871
-189.11167908
-252.09913635
-271.29168701
-189.95341492
-151.63400269
-170.13145447
-159.20442200
-195.36874390
-214.67617798
-196.87799072
-257.04016113
-212.05323792
-195.99935913
-187.21122742
-230.40310669
-182.45309448
-207.21224976
-243.63766479
-214.56704712
-195.16525269
-239.07876587
-272.73300171
-117.48605347
-121.80776978
-165.25958252
-208.68305969
-168.38348389
-168.59956360
-138.51138306
-186.50042725
-180.79287720
-146.42199707
-193.93782043
-205.21502686
-239.49411011
-165.04895020
-196.75711060
-187.40582275
-178.75122070
-227.95794678
-268.15551758
-268.47897339
-257.39367676
-219.01640320
-263.33453369
-289.66125488
-239.03594971
-188.77923584
-258.64724731
-219.62812805
-261.80825806
-365.87985229
-245.76058960
-287.90228271
-240.21223450
-237.49411011
-216.20553589
-233.83468628
-313.80175781
-337.82650757
-279.84500122
-307.02874756
-289.92584229
-222.49761963
-362.55328369
-492.54052734
-275.26513672
-491.21743774
-264.67041016
-304.73510742
-258.12390137
-408.44360352
-380.16683960
-387.45162964
-258.65042114
-478.84878540
-243.49737549
-340.04180908
-207.22154236
-214.71939087
-343.47796631
-323.89355469
-401.90625000
-235.16334534
-249.23193359
-308.43560791
-257.49670410
-290.60577393
-344.89437866
-417.04748535
-312.34143066
-348.08657837
-259.31411743
-216.58503723
-349.40704346
-236.44317627
-247.39941406
-288.30935669
-283.26870728
-399.88244629
-463.03457642
-462.96844482
-464.31713867
-507.36959839
-498.61218262
-450.23464966
-326.99383545
-492.17016602
-306.85028076
-539.87603760
-483.06396484
-572.52313232
-552.29467773
-431.17770386
-510.44995117
-459.02386475
-423.66735840
-493.02947998
-509.11706543
-542.28820801
-612.11254883
-720.49755859
-643.31481934
-600.43664551
-517.49670410
-617.24768066
-600.72619629
-739.06750488
-495.42565918
-651.95581055
-796.40356445
-640.63653564
-618.58782959
-604.06542969
-746.35620117
-805.13378906
-919.95227051
-828.50354004
-778.37866211
-895.04309082
-950.68859863
-903.35504150
-745.45678711
-768.63476562
-686.11560059
-570.54016113
-792.83044434
-834.52270508
-719.87854004
-719.82324219
-550.91772461
-872.22424316
-702.82214355
-727.86364746
-721.60766602
-838.34301758
-908.32318115
-797.94567871
-887.36767578
-975.77838135
-913.74523926
-743.88348389
-829.93817139
-905.74511719
-878.24511719
-1049.74792480
-799.44049072
-882.20166016
-819.01623535
-786.61389160
-814.09350586
-791.71160889
-542.26525879
-643.16290283
-603.80767822
-628.06420898
-619.14843750
-867.35760498
-825.68750000
-747.70446777
-841.31787109
-858.91564941
-999.72399902
-911.61901855
-959.26373291
-869.67364502
-926.69531250
-945.10406494
-867.82824707
-974.78869629
-987.47698975
-623.11053467
-763.07336426
-669.40148926
-837.50732422
-793.78021240
-795.21661377
-802.92553711
-851.66717529
-867.27453613
-827.31524658
-895.77551270
-984.33300781
-1089.57568359
-1045.59741211
-1292.95629883
-1184.93701172
-1072.57080078
-1032.65344238
-1225.75781250
-1304.67724609
-978.14227295
-839.46307373
-794.54235840
-934.03344727
-1065.34851074
-845.40570068
-1051.50524902
-1116.27246094
-1061.06005859
-1416.93554688
-733.23742676
-1162.10949707
-1024.25744629
-946.78906250
-1007.77160645
-1602.76281738
-1242.02221680
-1019.02880859
-1821.71496582
-1485.75903320
-1589.78125000
-1092.86523438
-1419.02441406
-1349.33447266
-1460.42602539
-1294.04980469
-1465.18237305
-1579.04492188
-1395.59082031
-1322.40332031
-1212.26708984
-1490.15429688
-1314.64709473
-1645.85913086
-1511.78649902
-1489.33728027
-1357.47021484
-1125.90087891
-1093.39306641
-1360.56311035
-1291.17114258
-1227.02917480
-1430.46032715
-1454.96386719
-1120.72204590
-1187.08837891
-1381.07275391
-1188.47204590
-1377.48156738
-1149.46606445
-1149.46826172
-1503.53613281
-1094.56579590
-1587.05957031
-1553.58679199
-1561.48339844
-2385.42480469
-1757.19116211
-2104.62304688
-1887.03955078
-1818.93652344
-2216.15966797
-1601.60559082
-1881.82165527
-1945.09729004
-2018.74902344
-1692.07995605
-1810.10815430
-2034.61755371
-1624.61108398
-1918.25024414
-1518.32958984
-1759.82666016
-1617.45043945
-2205.71435547
-1584.53088379
-1713.51989746
-1726.36108398
-1582.99841309
-2032.55712891
-1669.47167969
-1590.04992676
-1473.72314453
-1633.54113770
-1750.43945312
-1560.17932129
-1460.99609375
-1719.90930176
-1599.74609375
-1518.73681641
-1669.45605469
-1532.59655762
-1572.18432617
-1535.15002441
-1433.11352539
-1431.51647949
-1531.80676270
-1571.54101562
-1564.76391602
-1522.60534668
-1436.98095703
-1570.62243652
-1704.20556641
-1571.11413574
-1906.53173828
-1893.64550781
-2063.44189453
-2014.76123047
-1664.82177734
-1667.53063965
-1866.30761719
-1901.49707031
-1996.82226562
-1763.45410156
-1799.74548340
-1873.69726562
-1906.28405762
-1947.15393066
-1791.47717285
-1717.25964355
-1818.84265137
-1994.20300293
-1765.59033203
-1955.66577148
-1858.39453125
-1848.93847656
-1792.74133301
-1958.94042969
-2237.70654297
-1993.24841309
-2200.29199219
-2248.80688477
-2420.08544922
-2060.44189453
-1907.97033691
-2397.47607422
-2288.27246094
-2255.33837891
-1825.45324707
-1896.26879883
-1904.33007812
-2068.96850586
-2158.23144531
-1726.69384766
-1768.12329102
-1956.94360352
-1991.71557617
-2604.36865234
-2304.76367188
-2568.27246094
-3130.41772461
-2559.70166016
-2296.67675781
-2376.22583008
-2965.75244141
-2334.44409180
-2734.80249023
-2869.87182617
-2738.33227539
-2177.54296875
-2053.70458984
-2216.16088867
-2393.45507812
-2128.90454102
-2070.42382812
-2322.18481445
-2747.04370117
-2073.07812500
-2935.11083984
-2157.38183594
-1975.88696289
-1972.37792969
-1560.92968750
-1940.74682617
-1701.10681152
-1860.71484375
-1891.97949219
-1803.86547852
-1674.48632812
-2356.11547852
-1605.72265625
-1618.97180176
-1810.43554688
-1760.15771484
-1783.34277344
-1894.07275391
-1655.99658203
-1552.11218262
-1825.95336914
-1867.53283691
-1615.23120117
-1770.39868164
-1965.37768555
-1832.50952148
-1795.37304688
-1651.16162109
-2170.84619141
-1714.16430664
-1703.36181641
-2093.37646484
-1606.66186523
-2046.07519531
-1764.35461426
-2206.25561523
-1686.65551758
-2010.47570801
-1810.74121094
-1807.62951660
-1987.97436523
-1634.29797363
-1740.92993164
-1765.41040039
-1552.95642090
-1550.58935547
-1614.16955566
-2326.06494141
-1658.91455078
-2489.96435547
-2084.36279297
-2015.36230469
-1839.18981934
-2071.21362305
-1789.15576172
-2218.15039062
-2132.89062500
-2033.76477051
-1826.06237793
-1848.48681641
-1959.25280762
-1731.81616211
-1944.55383301
-1780.10803223
-1863.64526367
-1940.17102051
-1892.76440430
-1757.11059570
-1755.73522949
-2168.68481445
-1823.47973633
-1901.48120117
-1939.28857422
-2024.60559082
-1976.67187500
-1924.35974121
-1556.97192383
-1677.28930664
-1808.02343750
-1722.24377441
-1920.89953613
-2031.43688965
-1837.85754395
-1927.99218750
-1859.16027832
-1877.35205078
-1784.53588867
-1811.95214844
-1930.76171875
-1893.55822754
-2092.39843750
-2024.26098633
-1922.70507812
-2117.56567383
-2078.19946289
-2275.44262695
-2179.41088867
-2120.60937500
-2220.41308594
-2172.19580078
-1962.80590820
-2007.95263672
-2110.26855469
-2213.96801758
-2008.70874023
-1956.79760742
-2073.10473633
-2128.47680664
-2343.82568359
-2191.46044922
-1978.40234375
-2147.91259766
-2151.92211914
-1945.65893555
-1715.05419922
-1779.97705078
-1690.47900391
-1855.40625000
-1984.78759766
-1932.42956543
-2072.88745117
-1941.05859375
-2288.86523438
-1826.41503906
-1790.74011230
-2616.29394531
-2268.70214844
-1834.64123535
-2209.44775391
-2031.40625000
-2147.59423828
-2240.24414062
-2209.33422852
-2129.82617188
-2110.36914062
-2158.57666016
-1998.93078613
-1895.48168945
-1931.39978027
-2131.26977539
-2229.79467773
-2333.22265625
-3026.14599609
-2766.97192383
-2404.49536133
-2737.59033203
-2786.50488281
-2478.27416992
-2960.53100586
-2367.89306641
-2709.43408203
-2289.48144531
-2627.80957031
-2455.33178711
-2823.44384766
-3188.04687500
-2402.93212891
-2465.47460938
-2678.77734375
-2637.10131836
-2317.45703125
-2958.75708008
-2646.28662109
-2860.63134766
-2804.91845703
-2714.00488281
-2409.27392578
-2618.14575195
-3148.10742188
-2699.46972656
-2094.90283203
-2124.04516602
-2243.37670898
-2231.43750000
-2436.21435547
-3047.92016602
-2784.04833984
-3010.36303711
-3114.73388672
-2594.49243164
-2685.09326172
-3689.62841797
-2582.11328125
-2918.31005859
-2955.67138672
-2841.11865234
-3061.62011719
-2879.21484375
-2846.69677734
-2307.92260742
-2697.72753906
-2669.08105469
-2837.51806641
-3177.90209961
-2454.06347656
-2798.68945312
-2670.06835938
-2377.43139648
-3055.94995117
-2628.37255859
-3548.50000000
-2729.23388672
-2577.94921875
-3029.88793945
-2710.72412109
-2920.50537109
-2734.33056641
-2605.62353516
-2543.98486328
-2637.54199219
-2272.22192383
-2467.58251953
-2137.56738281
-2347.66528320
-2266.67529297
-2492.48388672
-2472.50024414
-2345.04589844
-3494.35693359
-3576.18188477
-2738.97558594
-3126.05664062
-2236.22216797
-2323.00097656
-3106.15087891
-3436.50756836
-2857.10742188
-2321.85693359
-2173.32104492
-2310.60253906
-2309.37036133
-1968.09045410
-2812.75244141
-2964.57958984
-3231.38378906
-4097.95751953
-3332.35546875
-2818.21875000
-2711.18212891
-3753.23828125
-3306.94287109
-3496.20263672
-2123.85937500
-3376.48535156
-3178.67065430
-3535.91455078
-2889.24877930
-3103.50341797
-3610.25415039
-3662.66723633
-2562.84960938
-3012.31225586
-3626.56567383
-2667.57714844
-3062.38574219
-3711.95410156
-3827.61010742
-3586.40722656
-3414.29785156
-3274.72460938
-4020.78149414
-3517.30151367
-3362.64526367
-3549.33789062
-3961.37719727
-3236.49902344
-2776.11279297
-2726.90380859
-3507.83544922
-4272.52880859
-4479.53125000
-2628.35864258
-2529.91650391
-2830.42919922
-3490.99389648
-3423.69555664
-3064.68725586
-3625.77832031
-4722.94238281
-2594.53857422
-3008.72753906
-3127.38476562
-3137.20507812
-2800.00390625
-3243.14135742
-3938.90869141
-3379.19482422
-2872.22973633
-3125.68164062
-3346.30273438
-3006.19482422
-2696.66040039
-3754.69091797
-2915.34277344
-3761.16870117
-3787.08325195
-3026.76660156
-3157.08032227
-2839.03564453
-2884.02490234
-2451.86010742
-2650.69384766
-2749.76806641
-1820.13964844
-2083.83398438
-1675.60278320
-1517.99279785
-1940.13098145
-2031.74426270
-1968.46313477
-2073.38452148
-1740.64599609
-2028.90405273
-2464.07666016
-2516.65722656
-1905.75292969
-2217.35253906
-2494.76708984
-2183.07080078
-1781.20495605
-2163.89111328
-2966.13085938
-2006.67480469
-2367.91943359
-2038.81262207
-2762.58984375
-2919.36157227
-3093.43383789
-2149.06103516
-2744.66064453
-2763.22949219
-3263.02050781
-2776.03149414
-3379.74389648
-2424.27172852
-2957.26342773
-2755.28125000
-2183.34252930
-2965.26879883
-2575.62060547
-2739.60546875
-2862.41308594
-2429.49414062
-2331.89404297
-2420.72705078
-2690.37500000
-2892.75463867
-2429.99877930
-3050.82324219
-2703.73950195
-2367.13891602
-3340.25048828
-2833.31152344
-2351.58447266
-2989.36450195
-2550.29589844
-3131.76879883
-2629.95654297
-2969.53735352
-2137.41845703
-4740.50097656
-2395.45239258
-2591.19726562
-3268.65234375
-2756.33081055
-2816.37670898
-3778.87280273
-4501.89257812
-2739.12402344
-3246.48974609
-3637.71923828
-2826.27294922
-2121.04833984
-2771.88647461
-2437.61035156
-3486.49633789
-2410.45361328
-2111.87060547
-2400.57666016
-2162.94238281
-2238.23291016
-2773.09887695
-2145.24877930
-2892.31201172
-2277.08496094
-2048.01757812
-2884.99462891
-3327.75219727
-3398.67724609
-2532.03613281
-2714.67285156
-3066.75585938
-1981.72534180
-2869.77490234
-2581.59399414
-2590.36621094
-1656.73608398
-1683.47460938
-1725.51708984
-1635.79345703
-2061.17163086
-1870.45117188
-2017.28222656
-1556.72656250
-1823.91943359
-1779.53295898
-1913.56005859
-1671.10498047
-2823.11499023
-2661.79150391
-2130.33544922
-2053.83984375
-1902.83203125
-2275.34179688
-2382.43066406
-2413.55566406
-2251.81860352
-2528.08447266
-2478.22900391
-2238.90185547
-2737.64355469
-2285.59863281
-2626.28881836
-2205.77319336
-2439.46630859
-2587.52563477
-2034.58593750
-2793.70556641
-2270.47998047
-2404.88281250
-2389.76367188
-1980.31201172
-2391.66943359
-2080.97973633
-1905.23706055
-1951.29272461
-1990.80529785
-1870.08911133
-1815.95874023
-2033.66455078
-2026.44897461
-2003.85327148
-2005.31640625
-1855.76025391
-1743.40270996
-1830.91137695
-2071.27539062
-2060.44213867
-1968.34973145
-2030.59814453
-2512.16748047
-2242.74414062
-2427.74902344
-1603.37744141
-1691.36572266
-1555.52539062
-2084.87573242
-1983.19262695
-1979.36877441
-1925.97534180
-2177.21289062
-2474.79785156
-2453.36279297
-2283.32763672
-2189.78442383
-2086.13671875
-2313.08203125
-2402.33837891
-1963.94812012
-2304.73413086
-2077.25512695
-2206.90258789
-1700.70520020
-1673.50231934
-1668.79797363
-1975.77172852
-1958.99169922
-2003.83911133
-2473.82177734
-1800.87988281
-2226.05249023
-1789.31555176
-1845.16625977
-2529.59350586
-2216.51855469
-1857.40734863
-1976.44848633
-1727.57299805
-2000.43872070
-2183.92822266
-2096.91455078
-1761.01245117
-2007.22009277
-1617.15991211
-2861.62695312
-1675.58044434
-2545.10302734
-1618.13598633
-1727.58398438
-1650.08056641
-1867.17114258
-2460.81665039
-2958.23754883
-1667.29003906
-2448.27319336
-1705.36401367
-1618.04760742
-1521.04785156
-1609.87011719
-1598.89477539
-2042.85327148
-2007.27233887
-3059.45166016
-2143.75927734
-2353.11547852
-2799.28076172
-3954.67309570
-2968.52343750
-3115.46142578
-1868.43383789
-2028.91088867
-1842.05249023
-2439.86425781
-3749.56298828
-1748.89501953
-3312.71093750
-2990.60278320
-1661.76623535
-1601.45043945
-1715.69824219
-1932.63793945
-1827.05908203
-2008.14599609
-1875.86791992
-1694.91833496
-2480.02050781
-2222.40429688
-1956.75939941
-2304.71044922
-1858.50183105
-2008.91406250
-1817.65856934
-1694.34289551
-1713.44506836
-2157.16577148
-2269.98242188
-1870.21386719
-1583.62377930
-1890.99829102
-2850.24414062
-1790.94958496
-1983.90893555
-3424.35449219
-2255.27441406
-1983.55273438
-1864.51220703
-1784.70629883
-1965.80529785
-2033.54418945
-1659.09667969
-1784.46044922
-2206.33740234
-1624.66369629
-1854.82958984
-2007.63220215
-2391.37377930
-2263.11108398
-2422.37011719
-2202.97753906
-2622.67333984
-3635.67163086
-2705.83544922
-2510.11181641
-2623.12597656
-2485.90991211
-2150.71191406
-1875.40051270
-2494.58251953
-3075.43212891
-3270.93383789
-2372.82885742
-2245.14379883
-1867.19409180
-1815.23010254
-2032.34765625
-2078.66772461
-2918.20556641
-2002.11450195
-1907.61108398
-1785.98168945
-1926.41906738
-1940.20910645
-2019.29821777
-1567.50256348
-1555.35424805
-1364.43225098
-1592.19970703
-2068.08789062
-1601.00305176
-2069.85180664
-1490.37792969
-1703.81555176
-1965.74096680
-1776.89794922
-2809.44482422
-2847.80566406
-1878.18103027
-2448.78320312
-1844.61547852
-3226.16943359
-2292.77539062
-1613.04638672
-2606.37744141
-2258.38989258
-1721.00683594
-2042.87255859
-1931.22680664
-1638.15039062
-1946.33105469
-1672.06835938
-1835.31726074
-1913.52587891
-1700.48620605
-1625.31188965
-1755.11621094
-1879.97668457
-1465.89770508
-1904.76403809
-1933.74755859
-1881.42602539
-1882.35375977
-1972.69384766
-1955.84106445
-2029.77490234
-1951.21997070
-2256.34814453
-2570.90112305
-2633.21923828
-2679.79980469
-3393.74023438
-1758.98425293
-2384.19042969
-2706.77734375
-4078.17822266
-2614.99511719
-2019.72570801
-3287.57666016
-2886.52929688
-2407.77343750
-2115.55737305
-3433.49902344
-2902.74926758
-2164.80688477
-2661.64746094
-2356.31005859
-2102.30029297
-1963.82641602
-1327.43835449
-2074.01611328
-2699.02612305
-2199.05175781
-2287.21386719
-1892.27001953
-1819.41503906
-1466.99658203
-1465.02258301
-1500.90161133
-1736.19848633
-1611.71374512
-1559.16845703
-1469.37707520
-2827.71362305
-1794.73425293
-1958.34594727
-1350.44775391
-1594.49804688
-1611.19433594
-1819.86694336
-2841.00463867
-2247.60375977
-2283.50488281
-1729.85668945
-2106.35791016
-2044.98254395
-1901.09838867
-2088.99780273
-2552.86376953
-2141.42236328
-2997.57470703
-2599.01562500
-2705.72631836
-1707.35327148
-2078.64648438
-2345.01293945
-2618.94238281
-1958.04101562
-1723.59375000
-2269.17236328
-1782.41894531
-1599.28381348
-1527.11767578
-1645.78930664
-1896.71093750
-2705.09155273
-1492.13269043
-1909.14111328
-2021.99707031
-3259.99829102
-2573.11083984
-2127.71191406
-1574.60327148
-2784.38476562
-2317.20361328
-2882.51708984
-1753.10400391
-2174.40551758
-3887.28857422
-3816.02880859
-3169.34692383
-2200.20043945
-3450.68066406
-1741.91308594
-2161.89648438
-3580.79443359
-1466.63244629
-2802.28002930
-3447.02026367
-3038.73608398
-1657.04858398
-1189.93041992
-2159.99707031
-3918.50366211
-4353.69726562
-2527.94116211
-2723.33178711
-1310.87683105
-1549.31604004
-3198.42138672
-3226.67626953
-1141.26416016
-1367.01489258
-2140.58886719
-2278.12207031
-2014.06542969
-3562.78295898
-1668.08813477
-1671.37402344
-2485.92163086
-1646.66491699
-1985.75341797
-2097.40283203
-2924.39501953
-3129.13916016
-1849.44702148
-1126.31469727
-1167.71069336
-1952.55676270
-2256.01611328
-2565.62768555
-3383.42211914
-3461.47705078
-2341.91821289
-2478.13085938
-2572.62402344
-2264.22216797
-2128.15771484
-2016.04748535
-1791.88684082
-1939.28039551
-2447.73388672
-1873.16406250
-1973.14135742
-2255.90258789
-1357.23107910
-1118.31616211
-1235.16833496
-1558.69982910
-1007.47808838
-1746.23071289
-2046.94323730
-1136.85070801
-1150.15283203
-1235.99096680
-1148.59472656
-1997.93408203
-1318.34289551
-2274.11816406
-1791.78906250
-1507.07336426
-1523.40002441
-2143.87646484
-1691.64123535
-4072.20996094
-2751.02685547
-1868.12561035
-2076.26000977
-2344.31494141
-2271.95898438
-1619.42285156
-1069.10119629
-2675.04687500
-2134.99804688
-2230.49316406
-2504.86083984
-1187.05981445
-2542.76660156
-2117.34155273
-1768.72045898
-2872.01953125
-1659.51806641
-1653.65625000
-3210.90478516
-2120.80810547
-3794.43408203
-4457.99609375
-4498.54296875
-4693.37060547
-3228.90307617
-3335.73339844
-4683.10498047
-3669.37353516
-3044.97949219
-3928.14208984
-3482.99877930
-4306.47070312
-2190.50683594
-2072.05395508
-2690.25024414
-3960.71826172
-2138.16967773
-1535.70520020
-1514.10229492
-2425.54394531
-2533.05786133
-2337.28955078
-1877.20996094
-1718.83325195
-2371.06640625
-1795.87646484
-2902.03930664
-3416.05224609
-2830.37304688
-3400.91748047
-2884.48657227
-2191.92382812
-2619.56884766
-2036.85949707
-2540.01123047
-2713.01025391
-1320.16284180
-1933.94079590
-5879.53125000
-4092.51904297
-2365.93408203
-2616.62548828
-2246.99267578
-2569.88183594
-4251.26953125
-5399.25927734
-2301.86767578
-4540.70214844
-3930.21459961
-2161.07568359
-3651.48730469
-2660.15869141
-2715.11914062
-3696.14355469
-4982.61523438
-2748.46777344
-1700.97656250
-2205.14575195
-2482.17919922
-1986.25659180
-1981.33642578
-2155.78979492
-2367.96215820
-2200.96972656
-1579.49096680
-2893.65405273
-2715.89160156
-2524.23388672
-2514.09521484
-2881.40039062
-4124.60742188
-2595.58251953
-4190.93359375
-3503.02416992
-5606.98925781
-4407.60546875
-4011.68041992
-3521.90332031
-5486.64746094
-4531.38623047
-3855.37866211
-2951.69677734
-4764.07226562
-4174.21386719
-4345.32666016
-5174.19238281
-4233.35546875
-5758.05029297
-5253.11425781
-5885.16943359
-3686.48852539
-3949.82031250
-3974.59228516
-3771.29223633
-3221.15185547
-3398.88623047
-3020.50903320
-4196.46826172
-2253.70947266
-3121.77001953
-3198.93432617
-2501.35229492
-2140.62109375
-2376.68847656
-3187.99560547
-2929.27636719
-4386.09667969
-2107.12011719
-3413.35351562
-3511.38208008
-3202.62939453
-3212.44824219
-3737.76611328
-3045.89843750
-3997.05029297
-2999.29003906
-3858.92602539
-2232.93676758
-3292.56884766
-4416.30957031
-4738.22265625
-3740.08398438
-4521.81640625
-3175.70166016
-3230.69384766
-3080.23193359
-2371.99926758
-2237.81005859
-2274.72167969
-2869.79809570
-1521.43603516
-1356.70422363
-2005.52856445
-1360.16125488
-2102.41430664
-1511.63452148
-2170.18041992
-1450.51562500
-1313.85803223
-2200.85815430
-1522.67089844
-1460.21142578
-2519.89746094
-1540.64160156
-2725.77001953
-1614.65832520
-2199.95996094
-2001.00927734
-2427.39990234
-3859.99023438
-2376.10498047
-3519.77783203
-1932.49743652
-3690.59594727
-2956.34814453
-3191.19091797
-2188.19091797
-2787.08886719
-3513.89941406
-2844.37036133
-2301.16015625
-4097.03417969
-3519.91040039
-5068.42431641
-4033.62646484
-5495.03125000
-4032.80468750
-3676.23583984
-9803.80468750
-7556.40820312
-8031.67041016
-5983.03076172
-6756.96240234
-4509.70800781
-4512.90039062
-6802.22949219
-7273.40576172
-5794.96533203
-6667.26171875
-5358.17431641
-5988.22851562
-4088.05297852
-4855.83886719
-4815.99365234
-4518.47460938
-5168.37792969
-3985.06884766
-1753.84985352
-3117.37109375
-4116.43505859
-4425.13720703
-5064.12792969
-7654.02783203
-3692.94042969
-7782.23437500
-4894.33154297
-5028.97851562
-8626.77246094
-6626.16308594
-6497.88134766
-4602.24609375
-4482.06640625
-4782.18896484
-5629.79541016
-3324.56347656
-7491.29980469
-7168.21337891
-7543.46972656
-7691.11621094
-6517.03466797
-7421.66210938
-9210.82031250
-8540.18554688
-9378.39746094
-7749.85644531
-8591.52050781
-5281.87695312
-5841.21972656
-5931.43457031
-4235.73828125
-5604.68554688
-5556.94726562
-6790.48730469
-5637.71191406
-5325.79541016
-6026.56054688
-6273.83007812
-4895.34765625
-3704.21630859
-4675.47167969
-4546.15136719
-5099.40722656
-6379.72167969
-8229.10742188
-5826.41406250
-5997.69189453
-6308.12988281
-6147.44628906
-5123.81640625
-5337.90820312
-4738.59814453
-6468.86376953
-6208.68066406
-5395.31250000
-2891.85791016
-5065.02050781
-4158.58447266
-5556.69287109
-3321.27075195
-5179.73828125
-3583.73168945
-2966.37207031
-4009.43774414
-2079.31127930
-6770.20019531
-3650.72534180
-3041.75634766
-5621.88085938
-5087.78515625
-4464.05273438
-7176.42236328
-3866.36328125
-3142.01928711
-4269.56982422
-1892.53564453
-4282.51757812
-2078.94531250
-2451.39306641
-2296.07519531
-1980.22851562
-3050.21533203
-2224.48144531
-1929.33508301
-3077.64355469
-2019.83081055
-1879.45629883
-4171.10205078
-2279.25878906
-3696.25292969
-2819.95971680
-3269.38769531
-4114.26367188
-4491.30078125
-4370.30029297
-3493.46728516
-4045.51538086
-4819.20947266
-4064.14599609
-5922.95361328
-6474.24609375
-6745.42138672
-2362.09179688
-3136.01757812
-5108.30566406
-6496.22705078
-8278.09960938
-6689.01806641
-3048.41650391
-4575.14062500
-2751.46630859
-4769.54541016
-6899.63769531
-4893.69238281
-6964.78906250
-7381.70507812
-7097.23242188
-5835.10107422
-7469.33886719
-4707.10156250
-5122.93750000
-3803.25781250
-7814.13720703
-4314.52294922
-4492.92041016
-3611.88452148
-3517.09667969
-4617.76757812
-6065.02636719
-1417.98962402
-2517.45458984
-1458.03247070
-3338.71630859
-4837.40625000
-3210.63964844
-6247.55273438
-6281.13427734
-3662.58593750
-3826.12622070
-6069.82519531
-4167.42138672
-2913.55810547
-3169.29199219
-4777.98193359
-3159.26342773
-3218.80175781
-3317.74536133
-4763.44824219
-1319.08239746
-1141.29663086
-1117.97802734
-1646.66601562
-2013.15588379
-1997.11218262
-2557.57739258
-2976.04345703
-1481.90283203
-2575.36303711
-1384.18505859
-2038.18994141
-4276.06250000
-3419.54150391
-2273.38989258
-4379.81201172
-2920.97753906
-2692.52197266
-2876.22363281
-5780.74658203
-1604.89074707
-2833.22314453
-1748.64086914
-1204.52539062
-2827.10449219
-3399.31396484
-5676.91650391
-4693.28955078
-1802.20556641
-2210.46386719
-2329.76855469
-2334.70654297
-1998.41394043
-4486.13183594
-4200.64941406
-6232.85546875
-2511.79101562
-6121.40869141
-8759.23046875
-6550.95800781
-7382.49804688
-6772.12500000
-7809.95019531
-4425.96972656
-3986.34252930
-8528.07421875
-7836.85644531
-5241.28369141
-5767.05322266
-10697.78808594
-7107.19726562
-6491.01855469
-6811.00927734
-7613.37695312
-3214.90795898
-5877.29199219
-5586.31640625
-7063.83251953
-4508.88916016
-4974.85742188
-2901.86840820
-2978.88916016
-5299.11767578
-5815.07910156
-6107.35742188
-4622.32470703
-6170.63769531
-4462.38330078
-3123.34472656
-5893.43212891
-4455.01757812
-5744.70947266
-5739.56103516
-8677.09277344
-5244.22949219
-5620.14208984
-2630.93432617
-3218.92089844
-3223.51782227
-4195.65820312
-3166.80468750
-4656.94335938
-4477.71191406
-4879.98535156
-5294.08056641
-4317.27343750
-3399.70312500
-3210.05761719
-5839.28173828
-6302.04638672
-3867.75708008
-3908.19897461
-3263.04638672
-3524.14672852
-2755.36669922
-3063.29711914
-1809.21801758
-2912.99145508
-2207.74951172
-4068.22216797
-4544.38964844
-5637.64208984
-5485.55029297
-3809.35864258
-3663.36303711
-2959.48242188
-2112.27783203
-4076.30908203
-8675.42285156
-4042.43627930
-4413.29589844
-4176.44091797
-3732.04492188
-5947.35253906
-5348.62304688
-3360.92382812
-5588.60302734
-2936.30712891
-2906.22070312
-4779.68505859
-6681.19287109
-4847.64697266
-3599.91894531
-3280.32543945
-3055.24365234
-2085.21093750
-2079.69091797
-2559.49926758
-1936.82006836
-3277.23315430
-3478.70410156
-5623.38476562
-5546.33984375
-4434.23388672
-3841.59667969
-5094.06201172
-4147.75976562
-3113.55761719
-5398.04443359
-4076.69238281
-2560.70166016
-4197.59375000
-4976.71484375
-2888.64306641
-2768.28759766
-3053.37768555
-2401.55273438
-3274.41552734
-2391.73388672
-2365.54541016
-4410.33935547
-1416.54833984
-1326.39831543
-1566.51684570
-2719.64770508
-1599.78881836
-1628.00817871
-2251.80688477
-2199.31542969
-5091.52197266
-4790.06298828
-4522.26757812
-4333.37011719
-3693.89208984
-3476.56835938
-3249.67626953
-3172.64208984
-3386.46899414
-3973.76953125
-2293.67382812
-1455.53479004
-1115.40869141
-1294.80029297
-1403.84948730
-1146.43176270
-2961.23583984
-4410.84765625
-3569.31689453
-3259.20947266
-3083.84277344
-4087.87963867
-2720.48168945
-1870.56835938
-3846.46582031
-2334.32080078
-2469.25952148
-1741.63439941
-1888.67712402
-2432.80395508
-3246.58056641
-2379.24145508
-5162.06835938
-7999.89062500
-6101.30810547
-5041.25878906
-7907.01855469
-7007.31787109
-13377.04882812
-9379.00292969
-7222.14453125
-7858.58984375
-9713.16406250
-6785.36279297
-8977.27734375
-7936.92675781
-5516.36132812
-3694.99023438
-5171.76367188
-4720.42480469
-4850.14062500
-3396.40942383
-4990.45703125
-4811.27539062
-3848.12524414
-2972.37939453
-5089.06445312
-2654.84643555
-3741.21923828
-5303.16064453
-3879.52099609
-3523.56958008
-3271.25878906
-3004.85986328
-2815.17822266
-3263.29760742
-3043.83398438
-1207.96789551
-1325.29101562
-1348.31738281
-1405.58703613
-2779.14501953
-5118.21728516
-5079.19873047
-7086.65527344
-6830.43212891
-5325.50830078
-6673.46875000
-6911.18457031
-6528.03320312
-5535.91796875
-2558.84179688
-5882.61035156
-5478.12988281
-4450.41699219
-4590.64501953
-2202.46289062
-1942.78405762
-2040.43395996
-2005.93847656
-1388.10766602
-2461.47509766
-3708.30273438
-1760.15856934
-3171.26953125
-5455.56396484
-1808.41638184
-4411.76904297
-1538.98925781
-2202.15234375
-3611.69921875
-3387.22070312
-2912.59545898
-1767.21618652
-1951.34020996
-4327.21289062
-3430.20898438
-3649.39453125
-5571.23388672
-1862.38134766
-3693.63500977
-4883.54882812
-4930.36230469
-5352.47021484
-11546.56835938
-7698.57617188
-12374.78417969
-5215.36474609
-7883.30468750
-4944.34960938
-16083.23828125
-5706.83007812
-16426.46875000
-9759.68554688
-11435.20800781
-12575.48437500
-13634.31835938
-13439.46679688
-7664.00341797
-11358.05078125
-17152.00195312
-13084.18652344
-11340.26757812
-15990.44921875
-16661.08203125
-12770.43750000
-12660.79687500
-18705.32812500
-9476.12500000
-9317.17382812
-11962.15332031
-5029.24511719
-9227.73632812
-1372.57409668
-3918.45556641
-1730.17041016
-1369.70141602
-1598.50048828
-2210.41113281
-1543.85278320
-1588.96423340
-1530.47619629
-1591.79907227
-1601.34484863
-1712.98583984
-7216.43066406
-4253.47753906
-2725.69653320
-4320.85839844
-3634.88574219
-2874.86474609
-2829.56884766
-5330.19531250
-9476.28125000
-11437.15820312
-6282.07031250
-3913.59741211
-4507.87255859
-6021.74316406
-3337.79785156
-4468.69189453
-6312.46826172
-4325.51171875
-2324.72875977
-6076.50830078
-10588.67773438
-6798.84375000
-8356.92578125
-6692.33203125
-2957.33251953
-5796.41552734
-3694.16601562
-3137.85766602
-2230.57641602
-5648.01611328
-2513.73950195
-4238.11523438
-4012.27124023
-4489.42382812
-6238.49267578
-1669.01318359
-5133.52832031
-3397.72216797
-1561.12365723
-2935.99560547
-3071.21264648
-1479.59448242
-6113.81835938
-5273.42236328
-9490.25683594
-4388.60546875
-5337.69824219
-7447.41552734
-4043.06127930
-5988.60107422
-7613.84619141
-3904.50390625
-4141.06250000
-4879.95605469
-6253.77148438
-8706.16992188
-11411.48730469
-5268.79785156
-8147.77636719
-6099.17675781
-6839.74316406
-6456.40722656
-3445.93359375
-1907.32958984
-2068.38500977
-1973.39562988
-2465.28906250
-5707.26025391
-10105.87402344
-9837.14941406
-12736.69824219
-8372.68261719
-16966.77343750
-12110.36230469
-15039.22949219
-6562.46484375
-12136.10742188
-11121.80273438
-10953.48535156
-6622.38232422
-8024.84960938
-8665.17187500
-8233.68554688
-6273.51757812
-9863.65625000
-6377.15917969
-5971.55566406
-8903.98339844
-11631.89648438
-12232.17871094
-8449.36718750
-10403.04101562
-6399.86914062
-7391.10058594
-7294.04052734
-8587.98925781
-8890.79687500
-9007.04101562
-15711.20507812
-8731.01074219
-10846.04101562
-4526.37646484
-2408.55078125
-3339.49023438
-3762.05126953
-2136.48242188
-3332.80273438
-3691.83984375
-7363.82861328
-7480.09716797
-9799.96093750
-8000.63085938
-14323.26464844
-10446.55175781
-12238.24609375
-17547.58593750
-15154.10253906
-18780.20507812
-14070.96289062
-12965.73242188
-16449.34570312
-12896.79785156
-11642.39843750
-12118.23730469
-8958.89257812
-11458.26367188
-8545.72265625
-5851.24169922
-10598.15234375
-17966.09179688
-9986.62304688
-8685.36230469
-5877.91699219
-12479.42578125
-9852.89257812
-9914.02636719
-9681.71875000
-6880.92578125
-2068.48730469
-2267.14160156
-2070.62646484
-9178.97753906
-8004.94384766
-14061.72851562
-18209.91210938
-12024.77929688
-8727.78320312
-11911.28710938
-12051.07226562
-4276.96386719
-7916.34326172
-7633.10253906
-11009.33398438
-15326.97167969
-8079.20019531
-14373.72851562
-23138.85937500
-2724.90551758
-13892.23828125
-13661.89843750
-13038.06054688
-18908.63476562
-7167.09179688
-11796.88867188
-6529.16015625
-8042.73242188
-11309.50195312
-17915.74609375
-5914.61621094
-22584.67187500
-18245.13671875
-22511.52343750
-21855.91601562
-11916.99804688
-17309.28906250
-22743.30273438
-5060.18066406
-8658.67968750
-4839.99023438
-3678.20410156
-7711.17822266
-3915.67089844
-7952.53027344
-3678.61499023
-5053.76074219
-2105.46777344
-4826.76171875
-8479.55957031
-4381.73193359
-5643.71875000
-5876.77978516
-6581.71972656
-6205.39257812
-8434.64257812
-4532.98535156
-5054.10937500
-5575.28027344
-2500.43872070
-10304.51562500
-11571.56542969
-13833.45117188
-13446.18945312
-14333.70800781
-20092.95507812
-23247.52734375
-7194.02050781
-25811.44531250
-17715.05468750
-13330.78515625
-15279.48339844
-13262.54199219
-19508.64453125
-17500.62890625
-10611.70117188
-12156.29589844
-13469.55859375
-14017.90039062
-19832.98828125
-13423.10351562
-20088.41015625
-13427.88281250
-11903.81542969
-14253.50878906
-12774.92773438
-16217.00976562
-14409.63085938
-13418.71093750
-14858.97167969
-10564.46875000
-9943.60156250
-12064.42578125
-10216.37304688
-9885.72265625
-3204.82470703
-4835.03320312
-7845.74462891
-4047.82543945
-3089.49609375
-4382.50976562
-4950.34863281
-4897.98291016
-3227.36035156
-4395.12646484
-6327.35693359
-11934.48437500
-8144.72460938
-13128.98925781
-14292.30761719
-18183.34765625
-11944.00488281
-14944.32226562
-12259.01757812
-16311.25585938
-18063.04492188
-27708.08984375
-22777.23242188
-19438.78125000
-16866.68164062
-20174.06250000
-15733.61523438
-21869.55859375
-13682.20605469
-23633.62109375
-21180.95703125
-17109.66406250
-19791.23437500
-14128.25195312
-13779.97949219
-11991.55273438
-16031.21875000
-20806.98046875
-32060.08007812
-17853.52343750
-11814.54101562
-17593.07226562
-14861.65136719
-8857.15820312
-22778.72851562
-15516.36914062
-11515.99804688
-14199.25390625
-19087.81250000
-17303.76171875
-13695.13769531
-24795.74218750
-18870.61328125
-15600.74804688
-21873.31640625
-13386.94238281
-10088.40625000
-9879.72460938
-5999.56054688
-6456.88427734
-11197.60546875
-9178.12890625
-5692.32763672
-6310.56054688
-9131.18945312
-7817.79052734
-10696.24804688
-11523.36035156
-7809.36035156
-12699.87695312
-14387.61132812
-14162.79687500
-9372.78320312
-8584.23144531
-13329.51367188
-6292.89599609
-5261.46826172
-4892.55078125
-4492.61328125
-10050.19726562
-9749.15722656
-12124.77539062
-8754.57519531
-10506.72949219
-10842.27343750
-6790.61621094
-8021.80566406
-9508.68066406
-11367.55957031
-10815.02148438
-8220.41601562
-7324.79980469
-13559.93750000
-9985.03515625
-11251.74902344
-8142.55664062
-10798.79101562
-11384.54492188
-9750.91796875
-11063.06445312
-10077.98242188
-9276.45019531
-9539.93164062
-8757.95996094
-10142.58691406
-10656.33398438
-9745.32910156
-12639.69433594
-16090.14746094
-8389.27050781
-6214.21777344
-8883.03906250
-9069.72851562
-4298.10449219
-5995.17773438
-4831.80273438
-5044.21386719
-10200.97851562
-5309.93164062
-5160.45849609
-4723.83984375
-4620.93603516
-3799.63134766
-3838.61083984
-4682.87500000
-5071.68798828
-7919.37500000
-8748.17089844
-9528.28515625
-8907.81640625
-9867.86718750
-7073.95898438
-13594.37890625
-9529.48339844
-11085.01562500
-8638.53710938
-10219.83203125
-21729.14257812
-6187.74804688
-10067.19726562
-12780.00585938
-11256.83691406
-11075.64257812
-19158.13476562
-10201.22460938
-13838.39746094
-10650.14453125
-14643.30761719
-13273.94921875
-13169.90234375
-24223.44335938
-32424.46093750
-17170.27929688
-18944.33593750
-15640.89648438
-17159.87695312
-18816.77539062
-22403.48828125
-16828.85937500
-16389.96289062
-13836.42187500
-14573.33984375
-25084.68750000
-18968.12500000
-12931.96484375
-15280.79492188
-30392.53906250
-12480.53125000
-12695.99707031
-11098.87890625
-13967.71484375
-11358.61035156
-15039.53417969
-19552.50976562
-17666.48828125
-16594.26757812
-24245.18750000
-26775.65234375
-29308.29296875
-20919.21093750
-16450.61718750
-28508.83398438
-23856.22460938
-22224.54882812
-24284.61523438
-14346.23242188
-15479.99023438
-11802.15234375
-7334.21582031
-7543.81933594
-9126.84570312
-21940.79296875
-18201.32421875
-19636.74804688
-40530.26171875
-16244.89843750
-20125.52539062
-23149.50000000
-18974.19726562
-25411.09375000
-16611.57421875
-27675.82031250
-18301.99218750
-20256.82421875
-37394.94921875
-14915.99023438
-18186.63281250
-16037.66601562
-15342.24902344
-13844.45019531
-19220.34375000
-21973.86132812
-19996.60546875
-13723.80664062
-20744.57812500
-24716.44726562
-17581.43164062
-29517.31054688
-17377.21875000
-16175.93457031
-23273.10546875
-17540.63476562
-22231.65625000
-16049.84960938
-12328.27343750
-27457.83593750
-11342.46972656
-14437.00195312
-13640.32324219
-14693.53710938
-13597.40332031
-11659.91796875
-15440.82812500
-24079.93750000
-26336.25390625
-24402.19140625
-14744.52246094
-26172.79492188
-18437.11914062
-11844.49316406
-21915.26367188
-19425.04296875
-18496.76367188
-24368.05664062
-29041.47460938
-13250.19335938
-23373.93554688
-26875.53125000
-24248.48046875
-15813.95019531
-19419.35937500
-20493.74218750
-18464.31250000
-17309.29296875
-19473.40625000
-20900.66015625
-21808.46093750
-21275.58789062
-19682.94726562
-25775.89062500
-17355.61718750
-15757.68750000
-14639.84277344
-19793.59375000
-6859.26318359
-7235.35644531
-8765.59667969
-7323.95605469
-13741.13476562
-17796.06640625
-14572.34570312
-14822.53222656
-17844.83593750
-12779.44921875
-15280.45312500
-14285.83203125
-16765.40234375
-13249.54199219
-14951.58691406
-18763.32812500
-14862.95117188
-22150.61328125
-37162.36718750
-25455.02929688
-40888.11328125
-39188.14843750
-43646.04687500
-40037.75781250
-35729.20312500
-40564.66015625
-30844.32031250
-43478.38281250
-31233.92187500
-32367.50000000
-36330.17187500
-34992.60937500
-23041.96289062
-31753.87109375
-27991.66796875
-32585.65234375
-27009.56640625
-4888.96923828
-5114.08789062
-24679.76171875
-12128.56250000
-15706.60351562
-16234.84375000
-17102.02148438
-15927.02441406
-11569.29101562
-12013.56445312
-11095.15234375
-19102.83984375
-21003.17968750
-16912.89453125
-19896.28515625
-11577.73339844
-16641.19140625
-13270.18066406
-9725.66015625
-15105.20898438
-7861.99316406
-8292.46972656
-11526.65234375
-28365.57031250
-12445.63476562
-21216.91015625
-19528.09375000
-33508.00781250
-19878.94726562
-49375.96875000
-17651.83203125
-45806.85156250
-30268.55078125
-46672.04687500
-40874.61718750
-15966.99511719
-40732.39062500
-17679.52539062
-7504.86230469
-8248.02246094
-15366.92285156
-15799.48242188
-9487.47851562
-26957.25781250
-13625.37500000
-19844.49023438
-23331.22460938
-21222.36718750
-15177.31347656
-14231.62500000
-12605.52734375
-14782.76171875
-16221.83886719
-13693.66015625
-13193.63476562
-15526.62402344
-11229.58007812
-22959.07421875
-48681.68359375
-53210.66406250
-62602.50781250
-68695.32812500
-62355.06250000
-52873.00781250
-65024.70703125
-44202.25390625
-36340.94140625
-68236.79687500
-65553.92187500
-33585.03906250
-45442.39062500
-60437.34375000
-35946.08593750
-45843.85156250
-51234.99609375
-20166.30078125
-7015.34570312
-8734.17578125
-8221.62792969
-17759.50195312
-19645.98437500
-11504.97265625
-20364.93750000
-17113.36328125
-16153.11035156
-18812.05859375
-14679.33593750
-20622.58593750
-16270.44531250
-13486.66210938
-19568.83593750
-14406.06347656
-21570.10937500
-15854.26367188
-6992.02832031
-7312.53222656
-7739.08398438
-6405.34667969
-10292.45605469
-8934.27343750
-7555.32910156
-9404.46191406
-8014.49707031
-8441.58789062
-16176.64355469
-8265.70117188
-7828.35498047
-9777.50976562
-8428.14453125
-12535.85156250
-12649.59863281
-8632.96289062
-9103.48632812
-15809.48339844
-34430.85937500
-33277.42968750
-31405.49218750
-27737.16796875
-36735.64843750
-15297.31054688
-16305.69140625
-22899.62890625
-17852.70312500
-27248.27734375
-22630.40429688
-15033.58886719
-20720.10546875
-15704.31152344
-19934.12890625
-22044.60351562
-26383.64257812
-25503.67187500
-10393.44726562
-11251.35351562
-10013.10058594
-10715.96679688
-13151.49316406
-10320.49121094
-13960.66308594
-17442.31054688
-10218.93945312
-11099.95507812
-8883.59472656
-11017.26562500
-9339.87304688
-9924.48925781
-10344.51367188
-9940.28710938
-9970.77832031
-9314.65039062
-18590.56640625
-27610.76562500
-33649.88281250
-39364.66406250
-38924.67968750
-40521.84375000
-18003.60546875
-35746.57812500
-30188.20703125
-35653.18750000
-35001.69921875
-31205.56054688
-23676.86328125
-45480.96875000
-43202.21093750
-30918.33593750
-30320.54882812
-41910.97656250
-34969.76562500
-61711.59375000
-45989.60546875
-41265.75781250
-30869.30273438
-23881.24804688
-52362.24609375
-31738.40039062
-30566.74218750
-40555.25781250
-34107.89453125
-27956.34765625
-35958.91796875
-32213.38867188
-32184.33789062
-19942.19335938
-26338.01757812
-25720.26171875
-42857.57031250
-14606.80468750
-24628.19335938
-9961.82714844
-8382.52441406
-6823.07275391
-9338.41210938
-8768.18750000
-8230.52734375
-7231.37011719
-10480.45410156
-7719.24218750
-9040.26953125
-18099.72656250
-11349.47851562
-13023.95019531
-25831.68750000
-26624.17968750
-20054.25195312
-40170.10546875
-24347.51171875
-43354.63281250
-47508.69531250
-50511.59375000
-35456.52734375
-37040.60937500
-40090.51171875
-38584.80468750
-37458.74218750
-28997.46484375
-30939.11328125
-29514.72656250
-49116.04296875
-22129.59375000
-14033.19628906
-31989.49218750
-16748.84960938
-19176.03515625
-25339.96679688
-25243.79882812
-11848.31347656
-9445.35156250
-10058.36718750
-13766.30371094
-32315.52929688
-10295.55273438
-19130.02929688
-33054.62890625
-49586.21093750
-12019.40625000
-42914.53515625
-25434.48046875
-21137.66210938
-11963.33593750
-42201.78906250
-36263.04687500
-15137.18066406
-14380.98632812
-26055.14062500
-30681.99023438
-22404.82812500
-26295.72851562
-32593.79296875
-52298.91796875
-14454.36523438
-13182.51562500
-32110.20703125
-29008.23632812
-15832.01074219
-15576.08398438
-21382.77343750
-38458.64453125
-13250.76953125
-17125.01562500
-9377.23046875
-16827.15234375
-10022.44921875
-19074.35546875
-8941.01171875
-8111.87304688
-10167.93750000
-7679.60937500
-8185.72656250
-31926.93554688
-39258.67187500
-28055.28710938
-30703.91796875
-20290.52343750
-38566.75000000
-32080.85156250
-28712.65820312
-27059.27929688
-44129.86718750
-32041.82617188
-30162.48046875
-27848.34960938
-21559.28125000
-48549.57031250
-39638.44531250
-37905.17187500
-23767.81250000
-24284.27734375
-35000.86328125
-22741.18945312
-47086.72656250
-55767.01562500
-33025.45312500
-28199.09179688
-69878.25000000
-28747.16015625
-38089.58984375
-30006.64453125
-23806.30859375
-23452.94140625
-49108.39843750
-22842.60546875
-8263.63476562
-8094.58105469
-11546.62402344
-7616.35644531
-10673.47070312
-7281.61767578
-7720.35839844
-9528.74023438
-10632.74707031
-9279.50683594
-10632.37890625
-12088.38281250
-9204.33007812
-8583.06347656
-10104.13476562
-9510.87890625
-8853.06640625
-8631.75195312
-12354.82421875
-12547.43750000
-11608.78906250
-10765.90527344
-11498.70703125
-10228.47070312
-12292.59375000
-8783.39062500
-13732.55078125
-8504.30761719
-8185.52246094
-7992.65136719
-7678.94531250
-7833.35644531
-14054.38671875
-11431.46386719
-10848.41601562
-9321.75390625
-21667.44921875
-26612.05468750
-25020.59179688
-23472.47656250
-20990.02734375
-29774.14062500
-24865.16601562
-34514.27734375
-17993.48046875
-32436.75390625
-18130.48046875
-13094.63085938
-14404.95996094
-8455.97070312
-22517.14062500
-19245.68164062
-15578.13964844
-20470.88867188
-33714.94140625
-24049.72265625
-48661.74218750
-19568.15234375
-30406.12890625
-43185.04687500
-26690.02734375
-29691.64062500
-22495.71875000
-30098.83984375
-19336.83398438
-14603.37988281
-11994.25976562
-43164.81640625
-27512.30859375
-14667.46289062
-13154.16210938
-11330.36132812
-32386.29687500
-11162.32031250
-37641.93750000
-10454.15917969
-8760.45898438
-9594.07421875
-9656.99023438
-17908.88085938
-23032.69921875
-33258.68359375
-44323.82812500
-39048.59375000
-40671.00000000
-40200.79687500
-33791.37890625
-48673.78515625
-41872.55468750
-33742.35937500
-26131.92578125
-25358.52734375
-24422.50585938
-38502.89843750
-31237.98046875
-28205.44140625
-32778.17187500
-15474.15429688
-33462.32031250
-24560.11718750
-45321.68359375
-26492.65234375
-30140.68359375
-43444.56250000
-41295.98437500
-41618.26562500
-41428.96093750
-35917.98437500
-21409.08984375
-39440.99218750
-32969.64062500
-32727.42187500
-39394.55468750
-27829.59375000
-37653.96875000
-48744.42968750
-32393.42773438
-31470.60742188
-22179.48437500
-16925.03906250
-23122.51171875
-26721.79687500
-31564.96289062
-31069.08984375
-29390.27343750
-25639.07617188
-21745.24023438
-29728.68750000
-33398.80859375
-29316.51757812
-32528.29296875
-46572.37500000
-41125.04687500
-53211.23828125
-46617.94921875
-52907.32812500
-65944.87500000
-51255.25000000
-74135.44531250
-64022.44921875
-53644.02343750
-56406.37890625
-57796.97656250
-54835.85156250
-64703.32812500
-65459.80859375
-67220.48437500
-53528.57812500
-60378.66015625
-69117.70312500
-48748.94140625
-35198.76953125
-37816.37500000
-37276.88671875
-33104.68750000
-18873.99218750
-31772.19921875
-47943.65234375
-27178.89062500
-38164.49218750
-18059.40039062
-59639.39843750
-25535.33203125
-32051.44726562
-38804.78125000
-38506.50000000
-28536.10546875
-24290.61718750
-54335.04687500
-59157.35937500
-38568.40625000
-69941.73437500
-46401.05468750
-54023.45703125
-44882.87890625
-59782.93750000
-63941.46093750
-58864.12890625
-64562.84765625
-71054.04687500
-50409.14062500
-59952.55859375
-54221.74218750
-32160.90625000
-66548.28906250
-50905.53906250
-70009.97656250
-93917.87500000
-126365.35937500
-98444.15625000
-105752.90625000
-110628.00000000
-95156.79687500
-93067.96875000
-100288.82812500
-75372.12500000
-61681.57812500
-116962.70312500
-63896.11718750
-69462.71875000
-47554.10937500
-90742.03906250
-58652.51171875
-43032.53125000
-64288.61718750
-46517.49218750
-44342.01953125
-10335.37500000
-8571.65234375
-10905.15332031
-12733.41992188
-9230.81445312
-26759.32031250
-20204.79882812
-15506.27246094
-42007.42578125
-20124.71093750
-17828.74218750
-19441.74218750
-18498.70312500
-21624.84765625
-18201.73046875
-32085.70507812
-29446.50195312
-33001.58984375
-37941.21093750
-44470.55078125
-38786.46093750
-50475.42187500
-41899.46875000
-41179.77343750
-20693.52539062
-37460.52343750
-38520.42187500
-34083.10546875
-39029.53906250
-15975.58593750
-24535.22656250
-23153.10156250
-33882.53906250
-31856.52734375
-23397.33984375
-39479.46093750
-22364.07226562
-21243.99804688
-12349.76953125
-35488.74609375
-7894.67919922
-12790.81152344
-8394.75000000
-7824.79003906
-10471.65820312
-19115.05859375
-10070.86816406
-22583.46875000
-27176.37500000
-21639.10937500
-22403.89062500
-29881.41796875
-40942.31640625
-37260.61718750
-34526.78515625
-21534.38671875
-29059.21289062
-25965.65234375
-23552.97070312
-15622.13964844
-15465.41894531
-19675.37500000
-9935.78808594
-18424.40039062
-32925.78906250
-23009.85937500
-39604.68359375
-30271.89843750
-25296.14062500
-49447.02343750
-27451.01562500
-30498.83203125
-32573.42382812
-19137.07617188
-19594.12500000
-26740.76953125
-8468.36621094
-11192.39453125
-10723.52832031
-36534.38671875
-16026.93457031
-12992.44824219
-13281.72949219
-12331.23828125
-11012.40234375
-9124.23535156
-7576.53710938
-8872.71875000
-7831.49707031
-7998.00000000
-7613.00244141
-9304.70996094
-8909.21484375
-14398.84667969
-51676.93359375
-91361.02343750
-28567.70507812
-46527.92578125
-41868.91406250
-41855.31250000
-45323.80859375
-50499.05468750
-28173.66796875
-87334.82031250
-33955.42187500
-38831.77343750
-23863.91796875
-43733.25781250
-51646.20312500
-44706.82031250
-71332.75000000
-43958.15625000
-29855.29882812
-8062.20654297
-43600.27343750
-14427.67578125
-48909.55859375
-49012.00000000
-10347.35449219
-38897.23828125
-19212.20703125
-18064.52343750
-18079.61523438
-19760.21484375
-23010.71484375
-17055.06640625
-21595.51171875
-59986.80078125
-14115.08496094
-42362.08984375
-17310.96484375
-25384.16796875
-22756.04687500
-34698.47656250
-19600.83007812
-36399.22656250
-19467.44140625
-14997.82421875
-18633.25000000
-31847.38476562
-33413.20703125
-18139.46484375
-22746.11718750
-27911.94726562
-27170.58789062
-35312.31250000
-25951.71484375
-35444.62890625
-16793.88671875
-31470.40039062
-30402.68359375
-24828.18164062
-9180.70117188
-8618.18554688
-9906.72851562
-9652.17480469
-16247.22949219
-17047.52734375
-29234.90625000
-31661.94921875
-12839.29785156
-11097.43164062
-17803.25390625
-10480.50585938
-20946.67382812
-16055.21972656
-15529.34375000
-17748.48828125
-13155.37597656
-25703.98437500
-38854.55468750
-50721.59375000
-23469.09375000
-14575.60156250
-38972.42968750
-58584.69140625
-46992.42187500
-43533.16406250
-41574.07812500
-58839.65625000
-44480.48437500
-59001.14843750
-32958.57812500
-40289.72656250
-47123.22656250
-35465.01953125
-35511.81250000
-51089.63281250
-38288.23437500
-12460.45507812
-10781.76562500
-10332.33203125
-20687.47656250
-34634.20312500
-9210.13281250
-39412.17968750
-38315.16015625
-13826.33593750
-21851.10937500
-22066.83203125
-38325.57031250
-26992.27929688
-13246.29980469
-15493.00097656
-40503.80468750
-31665.12695312
-25638.10156250
-63087.43750000
-25745.04296875
-97836.71875000
-99707.70312500
-39591.04296875
-95781.96875000
-50631.33593750
-46387.97656250
-49457.80859375
-114782.64062500
-88464.10937500
-66614.50781250
-42651.54687500
-84452.87500000
-38411.99218750
-90871.08593750
-45457.05468750
-53377.70703125
-106086.50781250
-44959.23437500
-36186.23046875
-21546.35156250
-58214.25390625
-69258.25000000
-43781.92968750
-118553.82031250
-79524.04687500
-71486.61718750
-43954.55859375
-58162.40234375
-44937.95312500
-37665.34375000
-31093.71875000
-113502.40625000
-90130.49218750
-27669.76171875
-43825.57031250
-66191.42187500
-14184.28320312
-15309.25878906
-12801.63085938
-18001.13281250
-12038.93750000
-33792.00000000
-33287.17187500
-20641.65039062
-33894.29296875
-25593.40234375
-12394.81835938
-19322.83203125
-31256.75195312
-42288.33593750
-12302.41894531
-24506.00781250
-44078.93750000
-36477.11718750
-81309.43750000
-153104.78125000
-188607.56250000
-243259.57812500
-200687.51562500
-258088.93750000
-211450.03125000
-214432.46875000
-225801.06250000
-235380.20312500
-260869.62500000
-219015.81250000
-176931.71875000
-180514.25000000
-145984.75000000
-171635.17187500
-235810.17187500
-164510.25000000
-227762.78125000
-177595.31250000
-69119.64062500
-70608.01562500
-84926.40625000
-90860.75000000
-133162.84375000
-53112.35156250
-63158.43750000
-55326.51562500
-62170.50000000
-13195.98632812
-101021.16406250
-66945.10156250
-59990.23437500
-67274.39843750
-13845.01171875
-50436.81250000
-32704.43945312
-36623.52343750
-88384.01562500
-48066.22265625
-30468.76953125
-42340.81250000
-40619.06640625
-29514.72265625
-53730.48437500
-25232.53710938
-38146.55468750
-34734.25000000
-37287.60546875
-36296.34375000
-26414.53320312
-44203.89453125
-44228.96875000
-48433.51562500
-35105.39843750
-40197.07031250
-53989.90625000
-36665.43359375
-68571.89062500
-53407.13671875
-56673.72656250
-75130.23437500
-35807.35937500
-32011.76953125
-56939.02343750
-38818.97265625
-50676.71875000
-51632.56250000
-41611.85937500
-38798.96093750
-45866.75000000
-42618.57812500
-36128.71875000
-41093.30468750
-46663.20312500
-52159.54687500
-84797.69531250
-85819.25000000
-71760.82031250
-68612.26562500
-98138.81250000
-83239.57031250
-83407.98437500
-71723.34375000
-85462.54687500
-79539.42187500
-75664.21093750
-57784.23437500
-54894.33203125
-67559.79687500
-92265.90625000
-70376.21093750
-59496.35156250
-69418.51562500
-59023.10937500
-50431.50390625
-54423.86718750
-57176.96093750
-39291.21875000
-33605.18359375
-35577.62890625
-60327.01953125
-38744.75781250
-46951.17187500
-39515.16796875
-52061.79296875
-29124.92578125
-43948.49609375
-35595.51171875
-36095.35156250
-40963.33203125
-35984.49218750
-35775.98828125
-44166.01953125
-45675.75000000
-39267.20312500
-64788.03515625
-30553.01367188
-27916.47460938
-24402.89062500
-33415.79296875
-47177.40234375
-70741.56250000
-47284.47656250
-37732.03906250
-38346.10546875
-45671.22265625
-45854.29296875
-30054.64843750
-43326.96875000
-34652.32031250
-48194.75781250
-38585.66015625
-75003.51562500
-79247.09375000
-54047.41796875
-52741.00781250
-44512.10937500
-67406.78906250
-30637.39062500
-67024.70312500
-55460.75390625
-59804.96093750
-36798.07031250
-71070.20312500
-38393.07031250
-89297.26562500
-64724.54687500
-59870.81250000
-71037.60156250
-43872.50000000
-36383.78906250
-50762.23437500
-46805.82031250
-78466.41406250
-65669.09375000
-56107.62500000
-75937.39843750
-45827.51562500
-51997.06250000
-115828.07812500
-70034.67968750
-45796.26171875
-62589.67968750
-60323.97265625
-81608.75000000
-75804.82031250
-91473.82812500
-58804.10156250
-94106.06250000
-78432.09375000
-71192.45312500
-74497.44531250
-64293.57812500
-71290.60937500
-67841.48437500
-69022.53906250
-92084.70312500
-85501.32812500
-112697.07812500
-47826.35156250
-95612.81250000
-103127.62500000
-91259.06250000
-86689.69531250
-39859.38671875
-61050.71093750
-92037.21875000
-115664.53125000
-23428.89648438
-28596.56640625
-31900.71875000
-24680.88085938
-22304.00000000
-25079.07812500
-24735.28515625
-27576.71484375
-35252.91406250
-33481.68750000
-34212.98437500
-40345.43750000
-36321.60546875
-52783.00781250
-26621.02343750
-28398.13281250
-37356.23046875
-31400.76171875
-34976.58593750
-30661.90429688
-28944.93359375
-29863.41992188
-24379.36718750
-44805.99218750
-35546.39062500
-42194.96875000
-38817.25000000
-47223.04687500
-59264.24218750
-32565.21484375
-78736.56250000
-78942.11718750
-43511.55859375
-57405.40234375
-45219.62500000
-29187.80273438
-30801.22460938
-41248.84765625
-48025.32031250
-29807.48242188
-35514.93359375
-23815.27734375
-28557.24218750
-37021.16796875
-26732.79687500
-25088.16210938
-24469.47851562
-47531.92968750
-45773.11718750
-41225.89062500
-49715.82421875
-68861.25000000
-67330.00000000
-45642.75390625
-34643.58984375
-36404.42578125
-45061.32031250
-50419.91796875
-45825.87109375
-61243.49218750
-56034.30468750
-28225.10937500
-39566.87500000
-28191.58007812
-36553.36328125
-37396.07421875
-46956.83593750
-35860.61718750
-30546.93164062
-29789.80468750
-36849.85156250
-33696.92968750
-48336.75781250
-52995.22656250
-43490.17187500
-59847.50000000
-55160.81640625
-56816.99218750
-65188.46875000
-47863.77734375
-50779.48437500
-34893.04296875
-51609.12500000
-31741.39453125
-37198.50000000
-44594.35937500
-56678.92187500
-42155.83203125
-44905.07812500
-31241.27539062
-61153.95312500
-30953.06640625
-44089.94140625
-37201.45312500
-89643.42187500
-87118.15625000
-80266.57812500
-81137.56250000
-71205.73437500
-107018.52343750
-47781.96093750
-70882.98437500
-64188.24609375
-101058.86718750
-92010.46093750
-66446.18750000
-36438.43359375
-69490.89062500
-77943.52343750
-66368.06250000
-59789.45312500
-55723.07812500
-75330.21875000
-92368.53125000
-84037.46875000
-86902.93750000
-82672.88281250
-63482.96093750
-55564.54687500
-70685.04687500
-66101.12500000
-86703.23437500
-63820.44531250
-35198.82031250
-114127.07031250
-58992.53125000
-82137.58593750
-65271.42187500
-93055.22656250
-58834.19140625
-113930.07031250
-57609.57031250
-56208.38281250
-57666.57421875
-55620.73437500
-23867.61328125
-43098.64843750
-49506.05078125
-39165.41406250
-65772.39843750
-93227.40625000
-97691.14843750
-111931.62500000
-56296.85156250
-114637.13281250
-53686.68750000
-93236.84375000
-49762.21875000
-43767.69921875
-74880.18750000
-36488.67187500
-20039.76757812
-19953.13085938
-25813.02148438
-33659.29296875
-33265.03125000
-35177.19531250
-32481.16406250
-96014.34375000
-65230.24218750
-55750.64843750
-50979.02343750
-64551.10156250
-99685.42968750
-65699.89843750
-60757.37500000
-56366.05078125
-76026.59375000
-69921.93750000
-64688.02343750
-44624.52343750
-50522.63281250
-62183.53906250
-60708.97656250
-50932.38671875
-47097.71093750
-60189.53906250
-55933.60156250
-79249.44531250
-56640.51562500
-69892.93750000
-65514.11328125
-66886.68750000
-57228.38281250
-73219.98437500
-68851.92187500
-76112.12500000
-84448.42187500
-76749.67187500
-102502.12500000
-157724.09375000
-141905.17187500
-76471.70312500
-97313.53125000
-95698.17968750
-94670.43750000
-116683.37500000
-134403.76562500
-148384.37500000
-107770.99218750
-91777.05468750
-105062.28906250
-138613.10937500
-85623.42187500
-83127.60156250
-106662.14843750
-80628.18750000
-118785.10937500
-123534.71093750
-160101.15625000
-149236.18750000
-59910.18750000
-103249.10156250
-87563.50000000
-119106.48437500
-139337.79687500
-81924.87500000
-68690.09375000
-82698.37500000
-150834.42187500
-88687.96875000
-93850.47656250
-92728.94531250
-103204.68750000
-132683.73437500
-149012.51562500
-33073.61718750
-31137.05468750
-33782.07031250
-32669.46875000
-36227.36718750
-32953.33984375
-200605.57812500
-54613.46875000
-64232.85937500
-49471.03906250
-38931.97656250
-42637.19531250
-40723.42968750
-38497.08593750
-77830.53906250
-43427.26562500
-37243.46093750
-41269.51562500
-39363.72656250
-30595.40039062
-63478.82031250
-86600.75000000
-106396.95312500
-103488.46875000
-102887.84375000
-132995.25000000
-116284.68750000
-108719.17187500
-94131.50000000
-111873.71093750
-113586.38281250
-123628.32812500
-98330.92187500
-147637.12500000
-105345.68750000
-85951.29687500
-99805.18750000
-118241.98437500
-64719.14062500
-40939.26953125
-46853.89062500
-39571.35546875
-62512.19531250
-45462.96093750
-46731.39453125
-40984.55468750
-43081.46484375
-38877.55468750
-54129.01953125
-47662.41015625
-35752.84765625
-46598.04296875
-33320.68750000
-38935.49609375
-32704.16015625
-34468.73437500
-44449.23046875
-32249.64062500
-43188.72656250
-37610.57421875
-38652.68750000
-75119.93750000
-25552.35937500
-30969.85937500
-34368.39453125
-107313.58593750
-41988.91406250
-131004.35156250
-64062.44921875
-88137.20312500
-42542.87500000
-44723.06640625
-72090.06250000
-63047.95703125
-145256.73437500
-69724.31250000
-84242.83593750
-83135.28125000
-86653.42968750
-66072.12500000
-61353.91406250
-70254.25000000
-58876.29296875
-57082.32812500
-50719.05468750
-50076.38281250
-54169.72656250
-44494.41406250
-49855.06640625
-55986.67187500
-60037.60156250
-47780.84765625
-55030.73437500
-46976.27343750
-57293.82031250
-70753.75781250
-71821.73437500
-53302.06640625
-68861.95312500
-329977.34375000
-236858.26562500
-260925.78125000
-254866.90625000
-402674.43750000
-221690.96875000
-311276.09375000
-212153.29687500
-254256.12500000
-185343.79687500
-231801.25000000
-133004.37500000
-166813.81250000
-87400.84375000
-34318.51562500
-26884.10546875
-39930.14843750
-37489.67968750
-45534.25000000
-85079.56250000
-136315.06250000
-133189.37500000
-82850.39062500
-199678.95312500
-362341.43750000
-242102.57812500
-253452.35937500
-196426.21875000
-169731.92187500
-101297.82031250
-348881.81250000
-113453.56250000
-168758.03125000
-28852.84375000
-59285.40625000
-65974.17187500
-62476.78125000
-150297.06250000
-55536.16015625
-73948.03906250
-61689.26562500
-106971.77343750
-64054.19531250
-75998.97656250
-127079.29687500
-92533.14843750
-137628.85937500
-90780.78125000
-128054.58593750
-57781.16015625
-104995.86718750
-91067.39062500
-45421.01171875
-100422.52343750
-91085.17968750
-72537.96093750
-25891.17968750
-34652.40625000
-55918.78515625
-52283.54687500
-38242.52343750
-35775.63671875
-85355.12500000
-50283.16406250
-112238.87500000
-143559.78125000
-74662.75000000
-30455.93359375
-118173.89062500
-49247.35546875
-91515.46093750
-85794.97656250
-47468.25000000
-76368.20312500
-56293.21093750
-64674.35546875
-65517.12109375
-83348.22656250
-142655.07812500
-101608.59375000
-53964.37500000
-98894.65625000
-85790.17968750
-48708.92187500
-37307.30468750
-67207.11718750
-36505.65234375
-49662.85937500
-87575.50781250
-99665.15625000
-59207.09765625
-43877.48828125
-49883.21093750
-48164.74218750
-52627.67578125
-75554.65625000
-85072.11718750
-47326.96875000
-41276.85546875
-54417.03125000
-77222.62500000
-106192.20312500
-67670.35937500
-78211.73437500
-93123.04687500
-70146.49218750
-44111.85937500
-74605.92968750
-49678.94140625
-108717.43750000
-60526.00781250
-94371.89062500
-41949.93359375
-44348.54687500
-84227.01562500
-58087.76562500
-39096.62500000
-40180.50390625
-69921.50000000
-101063.10937500
-108205.04687500
-52474.15234375
-64004.49218750
-107353.39843750
-103459.60937500
-102808.64062500
-85016.39062500
-66548.33593750
-66833.64843750
-86984.96093750
-62188.13281250
-67835.92968750
-74384.38281250
-65791.07031250
-92914.42968750
-48443.42968750
-61443.13281250
-61598.51562500
-76307.75000000
-74008.10156250
-70789.50000000
-52161.33203125
-52515.16796875
-63858.94531250
-73896.78125000
-71785.60937500
-134134.09375000
-186069.37500000
-173322.90625000
-170680.98437500
-186391.54687500
-180740.48437500
-97069.93750000
-144534.93750000
-113445.47656250
-90874.91406250
-179076.43750000
-87356.89062500
-125905.29687500
-144217.07812500
-96330.13281250
-54906.28125000
-103774.64843750
-128987.92187500
-132246.56250000
-58005.00000000
-50216.32812500
-27207.40625000
-66759.70312500
-40836.96875000
-68471.90625000
-48544.50781250
