-0.00073811
-7.12294865
-7.28594494
-7.85615921
-8.60379791
-7.88189316
-9.58405113
-9.52922058
-10.70383072
-10.25924873
-12.35795403
-13.61537647
-14.73732471
-15.25177765
-16.87994766
-17.89050674
-19.85255432
-19.32147598
-22.12710953
-22.45357895
-23.96593857
-25.50475693
-26.38098717
-30.00003242
-29.47820282
-32.13716125
-31.79709244
-33.99832153
-36.23317719
-37.41154480
-37.43026352
-36.70911789
-37.86514664
-40.86030197
-42.21211243
-40.16346359
-44.53906250
-46.06336975
-47.04003906
-51.11520386
-47.50950241
-49.66723633
-48.74942017
-50.18833160
-51.18817139
-53.60966492
-53.36119080
-52.95594788
-49.94435883
-53.89027023
-54.75083160
-53.03743362
-53.32867432
-56.12461853
-47.60811234
-50.65035248
-48.39919281
-48.23258972
-57.06689835
-51.27052307
-54.74881744
-48.96900177
-30.37533188
-29.42660522
-30.54096985
-34.59595490
-34.46634674
-45.43675232
-29.41207123
-40.64779663
-41.27191925
-44.64902496
-52.10567474
-35.43334198
-31.40888596
-40.60239792
-38.81810379
-41.32491302
-43.00675201
-40.10162735
-47.33364487
-25.97366333
-27.11525726
-24.21173477
-25.66504288
-13.18879414
-24.46104622
-26.06641388
-13.63549423
-11.72798061
-18.32839394
-15.72909737
-15.47299957
-21.44069862
-25.15169907
-20.55346298
-21.98203278
-17.91229248
-17.25151062
-15.60160065
-7.93309784
-15.71098232
-16.36876678
-5.81759262
-9.19023514
-6.37175083
-14.37222099
-8.91854477
-24.42854309
-13.20059013
-14.96086407
-10.32094193
-19.10635185
-16.95377159
-23.40868378
-25.10380554
-18.83739090
-15.90343285
-17.98991394
-53.91661835
-47.64301682
-43.93207550
-52.68790817
-38.48289108
-40.55120850
-37.55168533
-39.73852539
-29.77389526
-40.94761276
-36.19127655
-25.60516739
-33.31678772
-36.92009354
-36.69647980
-27.64210892
-26.74368286
-24.81255913
-29.97004700
-11.04549599
-12.98069191
-8.04213333
-17.68730927
-3.75091290
-2.18712306
-5.16251135
-15.03446388
-11.92822456
-13.02566338
-7.22718430
-6.04728603
-5.47519875
-6.18340588
-3.68106413
-11.13261509
-4.21954823
-1.17158616
-12.89466095
-7.24774361
-1.83184958
0.25131929
-15.57793808
0.43502873
-1.97761631
-11.10688210
-18.02890015
-7.86113501
-4.79472828
-0.53691769
-6.94293976
-18.29184341
-9.86809731
-9.12383270
-6.79339027
-11.37229919
-8.40660667
-7.24298859
-2.25270224
-2.08418298
-12.75233936
-8.95936775
-4.08377552
-4.18758965
2.90338635
-1.18580079
3.40471125
3.68554640
4.21161842
-3.90099645
-3.36634541
-0.48403633
2.62637115
1.50654757
-9.57662392
-4.10551786
1.89364552
-6.35171700
-4.94020748
-0.89459777
3.41135597
-0.26741195
-10.42942715
-0.40628910
3.18589282
-3.98653746
2.29339409
-2.94044542
-7.39899826
3.69082975
-5.27048397
0.02440214
-7.35872078
-2.58551359
-4.43494415
-7.75610447
-10.30946732
-4.61847973
-9.40687943
-6.62081671
-2.31736898
3.74183035
-13.39287663
-8.10795689
-12.17598438
-8.71524811
-11.73328495
-9.57231236
-7.08784199
-3.67151570
-0.79514408
0.87264633
-8.07118797
-7.62493849
-4.98978806
-6.96535921
8.63304710
2.67832303
8.11860466
-8.37713528
6.56281233
-0.41827524
-10.86613464
0.00495887
-4.35860538
2.00538158
3.42678308
0.42239094
9.13736534
1.69229150
0.89669251
-2.95171285
-6.85581732
9.08970547
-2.61805725
5.07679939
5.42153120
3.99413204
-2.09950781
1.05304694
8.22158623
2.13620782
-0.53232455
6.97435284
2.94468880
5.20014286
-0.77758551
-9.02608681
-7.36804056
-0.22909117
-8.94774437
-2.50914836
-0.08657122
0.83426046
-3.66786408
3.54557943
-1.98618948
5.67895794
5.13102388
1.88952041
7.81951141
2.94854951
2.06505823
-2.53376579
0.95575666
8.18342590
8.64169884
-1.37004805
2.78156948
-1.91906822
3.81204772
-2.06977773
6.02630615
2.85483789
-16.11949348
6.77000999
-4.87266874
-3.81535006
-11.90584183
-5.56660461
2.45470786
1.23544478
-2.22085786
-5.67649889
-9.91037560
-3.74844551
-5.37934351
-3.32532549
-11.01983356
2.75295162
3.28774071
-4.26190710
-4.41945362
-3.10590768
-6.78018427
2.75359535
-1.93760455
6.24649096
-0.20927262
-9.84917641
3.29767323
7.15907478
12.51676941
-1.97294426
4.74777889
0.64778042
2.69626856
-2.51040030
11.09196949
10.28447342
-3.64677763
2.57463861
8.19575405
0.00913179
4.38565445
-6.22861910
-7.25669098
5.19491673
2.75910139
4.31498909
-2.24177408
0.80184603
-0.56662011
4.61293173
10.41607475
2.38941455
-0.89212167
2.08936739
-5.82859278
-6.40350437
7.05923939
0.03601193
1.69723654
7.98296452
2.94032025
1.03537464
2.57245636
9.41067314
10.37637711
8.35209846
1.00823593
2.68089938
-5.59375811
-14.11026382
-6.10203648
-4.70203400
-12.52350235
-27.57988358
-31.20832062
-14.51425552
-11.13773537
-9.74125862
-16.80204964
-4.50691795
-0.32400990
1.47128034
-8.66353798
-19.35501099
-0.04828787
-6.82847309
-7.51740408
7.82208252
7.10500526
3.79291677
8.02890396
11.79353523
9.53425217
6.48843622
1.52751112
16.22317886
9.21499634
11.39542675
13.68943977
11.20561886
5.40386868
8.54068661
16.36221313
0.55355644
14.22472000
11.04452229
8.46022606
14.33996773
8.63735008
3.50844622
16.07497978
15.81311035
22.67624855
18.54406738
22.24171638
16.07237434
15.45833778
22.97346115
20.85575676
19.30516434
15.22535515
24.12951660
17.51685143
15.31959343
9.54731941
3.86547661
14.11125660
8.50719261
-4.59364367
9.93417645
16.56639862
3.33960986
4.98633575
14.33332729
5.39395380
26.53865242
15.91387749
11.89927673
24.46747780
20.73158455
18.33489418
14.56062889
4.93015957
18.97078705
21.09051132
15.72134876
6.57903910
7.87606049
15.60622787
20.97174644
7.44602871
14.74956703
11.87389565
24.79587555
17.81670761
15.18466568
17.76420212
8.59701347
14.82009220
12.57576180
16.18916321
5.93500710
5.46473503
24.03075409
16.43856430
7.98043156
26.36909485
20.95342445
20.99687195
26.52141762
15.37360001
15.82312202
19.60019302
22.89489937
27.05375290
29.30049706
28.56686401
27.79212379
30.12257004
26.33949280
16.29338837
34.02609253
28.10215569
24.92006302
31.55226898
32.71468353
33.99957275
33.60425186
24.95860100
32.78980255
30.49299240
22.33101654
24.50264168
28.35217094
21.16380310
29.31248283
31.12715912
26.58018303
30.08816147
27.19909096
29.11153603
30.74517822
18.66160965
27.29050446
12.42803001
-6.67334986
-10.24738884
9.20926762
17.57880402
6.46488571
4.39996719
6.97295380
21.93558884
14.82488346
18.94278336
24.69137192
3.55125690
15.74621010
8.64817047
16.32949448
8.69669724
2.33755326
12.85922432
12.15769100
-1.82230091
-8.77379799
-13.48823166
-6.65082550
-6.89293289
-9.56334305
-2.76797485
13.12835312
-0.10426378
-16.09809875
-11.97736549
11.52347374
4.64439297
-0.97815847
5.37635422
-0.55076694
8.33796501
29.40233040
38.88323212
31.87673950
33.77984619
32.53387833
29.09768105
28.25930214
32.40866089
30.75222588
21.46564102
16.98517227
23.98470306
17.33674049
31.87549973
26.98003960
27.79896927
27.93530273
33.51021194
34.61963654
41.85954285
34.50578690
39.48214340
40.53685760
41.36529541
35.84024048
40.53636169
34.86124039
34.94956207
39.63454819
39.59529877
32.77778625
38.08888245
27.88533020
31.60582542
19.03152466
28.39038467
34.08774185
21.62304688
14.30629539
-2.17973924
5.50334454
11.42926407
15.62052441
-6.43896055
17.71170044
7.57618427
11.86318493
23.37264633
25.63595009
21.75031281
14.64762497
24.18549156
23.08566666
33.73809433
24.39174843
19.41472626
21.04308510
39.37280273
35.46528244
17.34271049
31.73607063
25.24770355
24.09366989
17.94080544
15.19609070
27.38610077
25.22111511
8.72758675
4.40312147
-1.93040609
3.75311637
3.70625734
1.59808314
6.11068678
13.46930504
-4.25307703
1.18366623
-7.32205582
-4.84581709
3.41125250
6.09692764
18.45139885
6.17228889
-2.74092197
8.78312492
18.76654053
22.14276505
5.81494856
15.56361485
12.74779987
32.08489990
18.42634201
24.06351089
21.58677292
6.07217264
16.49954224
7.92165136
12.13563347
13.46763611
4.45640087
16.42858505
12.51050568
14.95545769
19.81874847
24.78632164
28.91941071
9.36300564
8.73533630
9.32224846
8.55497932
9.54994774
13.03835297
13.27406979
1.49445450
-1.34042788
13.15382576
10.38189507
10.76921082
13.09414291
4.42948103
23.18302536
13.68413353
12.56411743
13.81390381
9.17611313
15.52363682
25.70553017
22.02631187
19.51438904
15.69591713
17.29583740
19.87716103
31.31358337
37.47274399
24.09631157
31.09402657
32.25938797
29.72698212
31.54056931
28.20476532
27.47919846
37.72839737
18.73914528
27.06254005
16.60901451
22.97644997
35.11314774
31.20847702
18.98694611
23.13583565
25.19679260
11.69096565
14.84809589
5.99632549
-13.54192448
-10.84826851
-22.16595840
-11.49017906
-17.03121185
-21.78433228
-12.43318748
1.06289458
-8.26979828
4.98267698
-10.10667038
-2.64920163
-1.87281990
-6.29541588
-8.05508423
-11.22940159
17.65065384
16.28696251
24.64529991
22.56325912
29.06327057
12.43578529
18.66456032
18.77058601
9.86394501
24.22902870
20.40417480
15.88902283
21.30286980
20.53858185
5.53048277
22.93064117
24.28403091
30.95487213
29.36698723
38.21578217
38.57125092
32.44665527
24.32776260
34.49122620
30.13088608
30.18391228
23.37582397
20.89177513
25.70809555
31.77910614
24.73368454
26.63085365
17.08765030
24.93407249
18.57791710
26.81562805
23.24308014
19.26755524
30.40872574
24.82652283
31.09181595
18.78627777
28.90849495
30.50083542
26.57616043
33.96002960
30.12214661
26.97448730
31.34352875
38.37777328
35.03548050
28.67477036
22.31266403
33.43881989
26.11622047
27.21235275
25.16143036
16.14562225
17.80266190
3.46148849
21.89192200
22.77523422
16.31719971
26.60961723
15.55205059
6.44369841
22.17277527
28.79727554
18.57022858
18.39396858
21.39813995
6.65979052
26.90440750
20.82364845
19.23691177
18.61957550
22.04711151
22.55433464
19.05637741
13.66840172
25.62825394
17.97922516
12.10797882
21.69107819
21.10163879
23.56234169
24.95509338
15.49651909
23.74918747
9.61998558
13.78667259
19.31204224
11.15090084
31.52495766
26.25745964
18.41965866
28.71087265
25.15379143
11.16805172
12.37563324
-2.72155857
-2.03848910
13.12812519
-2.18153477
0.69283915
-2.12492323
1.34107423
-13.30548096
-18.60723495
-10.65772057
-4.23612404
-13.02023506
0.05726027
0.94571948
-0.13733244
-2.90209007
11.03553963
2.78730202
-2.94126987
-19.23542786
-7.40444756
-4.37913847
-2.88266087
10.55788422
-1.12801433
-5.68670464
-5.10412264
-3.86587191
9.97973061
1.53931379
5.98418045
-1.75579548
7.94592571
20.93106651
18.68087769
22.42019081
19.13649368
19.21084595
23.63525009
30.33781433
16.98575401
20.15698051
23.36400795
21.83453751
21.66864777
18.61177444
11.07829285
26.48507118
29.09888458
1.04049540
28.97463226
9.53569317
10.96361828
18.58322906
10.46973801
24.45346069
24.20388412
25.19592857
18.76827812
25.07802391
18.33167267
30.11713028
22.33248711
27.73801804
21.37803650
14.12411594
26.39073753
29.48636246
31.39220428
16.96437073
30.41120338
22.07670593
-0.78300428
15.53254700
9.17625046
1.38011456
5.70609617
-1.97398615
8.97267342
10.59911728
13.17413330
4.40772009
6.99044895
10.84691811
9.01459885
3.96534896
16.45092201
7.16219330
32.34114456
18.07268906
12.32251263
2.87985849
13.79432201
3.75862503
6.14997482
1.10639715
7.92463017
4.05315971
18.25081253
6.94058609
11.93828583
10.58731079
9.77885818
6.09658051
5.28582048
-2.42258525
-0.34920180
2.56963181
8.43863392
7.33073854
12.30139542
13.21898270
13.78445148
14.83491325
16.66547203
13.05739117
5.80924606
-0.04655409
15.15170860
18.43081856
4.24459076
19.29866791
10.52574635
19.53217506
2.49314618
19.65702438
8.11193085
0.42518544
8.96568489
1.17529869
-3.34881830
-8.20204449
-8.90698624
-13.09577370
-4.80536318
-3.51036596
-6.26840782
-1.86544752
-3.27360487
-10.00854683
1.74391019
-1.66831601
-3.71753168
-12.32654762
1.11078906
4.21821213
3.08172417
0.85361600
-2.52802134
13.25786018
-2.19363475
4.06135654
7.88700867
14.06229401
-2.66568494
10.60999680
-1.99523854
12.05174351
2.56214905
10.33682251
10.94293022
13.03886223
6.69738722
2.78814650
12.55559540
22.69343185
21.10530853
19.33877754
9.48613834
22.94786072
17.84596252
22.44293022
13.57263947
17.19250870
15.69674683
16.03279686
16.94124985
12.04619694
18.22860909
16.05130768
15.70862675
4.89917755
18.88186073
1.09529650
9.68938637
17.90678406
10.51075935
-4.49456787
6.45928049
16.62162209
-1.50157654
9.74438858
-1.91477299
-14.06895065
-4.34774113
-8.66021061
-5.51984596
3.25104785
-0.58752680
-5.98898125
-10.24892616
-5.06490183
-3.92350721
-11.68419743
11.20004368
-2.06715727
0.05250454
17.68321228
10.30474854
11.12273979
2.94237232
16.25057983
-2.19769716
8.64848137
5.28604364
9.56230068
13.32900810
11.42801285
17.58936691
4.80885649
-3.23624420
7.07331181
-5.22223473
6.93271160
-0.67782211
9.68947601
2.73778439
16.63636780
10.85059357
2.08172131
12.83700085
18.13361359
22.52351761
22.54366684
20.45386124
19.62981796
17.04418373
19.20769501
10.02793694
31.39201355
38.81441498
35.11542511
33.16312027
33.36032867
26.80723190
27.87454414
28.25719452
29.92116356
22.92424393
23.78042221
32.94938660
32.30628204
26.36106682
31.09226036
31.06929398
24.50779724
25.02947426
22.99244308
-9.63548851
-11.69094276
5.67189121
-7.08595133
5.31197929
-12.19909286
3.01819324
4.18699169
0.88915479
15.59425735
3.53114438
7.74670696
12.54261208
22.56966400
9.34316826
11.47962570
15.88946533
18.59804535
12.23382759
23.47908783
17.16519547
20.58673096
16.52231598
27.32599640
25.04611969
15.82077980
15.33057404
26.84323502
30.15220070
25.68033600
7.26484489
21.99578094
11.35748863
24.05899811
23.30746460
12.27717209
18.60693169
19.16801071
24.32690430
14.84206581
8.22276688
8.39446735
18.82559586
23.71338081
21.41610718
26.79325676
23.75621414
26.88565063
24.16871643
19.68063736
28.47078514
30.68643570
27.75909805
26.00753784
23.28820801
23.63459969
17.66234970
13.42186737
2.62013078
4.23611832
9.63086891
4.84636736
16.08602142
3.48922610
6.24681377
13.84887218
7.07480049
5.50895834
10.56052208
8.87664127
5.08427477
12.13281822
10.32684803
15.58941460
10.59267521
9.60005951
23.35442162
18.97694016
18.86408615
18.91594696
23.45791054
15.60742855
18.73382950
14.67382431
17.36085320
17.94738197
26.61492157
17.17421341
26.15726852
18.78892899
27.55854797
7.78354549
19.23674774
10.55538368
-30.47253036
-32.73634338
-27.26953697
-25.66378784
-15.56501865
-12.39016342
-25.13890076
-14.03675842
-22.23405647
-6.08399534
-6.48412132
-5.41523933
-12.13226318
-6.15489149
-11.60961723
-15.07994843
-11.57026100
11.00436497
-5.92062569
12.58824158
4.49462175
4.45477009
22.62303162
16.91822433
9.14551163
21.99148369
22.98017502
16.05992126
11.56792259
3.33517933
22.16611099
8.71539879
26.12301636
23.91122055
22.83361816
19.69160652
20.03643036
20.20107651
-2.99052262
-3.96872950
-3.35955024
9.60911465
6.22231865
4.97016239
12.79519081
2.47137141
6.34114027
12.79918957
-6.05564785
10.09288025
4.54417610
0.90960169
14.27372169
12.69128609
9.60458660
-5.10377455
3.95053434
-3.74391508
7.55733633
16.08127213
13.48075199
16.34170914
17.09563446
7.63339806
18.81873703
12.24246597
-0.08064044
11.12145805
5.06454849
-0.04018307
2.47105503
9.88188648
16.58106613
10.24726582
4.46817780
7.02808714
29.39488220
28.64092445
27.65048790
27.82190514
29.06012726
28.53700256
23.89747620
30.20376396
14.01859760
15.12039471
7.12091541
14.52871323
15.80530262
17.54291534
4.16438198
16.03254700
9.76379204
15.82388783
3.54778385
-11.98209572
-6.17415619
-6.74468899
14.83574867
0.57573032
12.63023949
19.89664078
9.39256859
6.58176374
13.45922470
14.07364178
0.10952938
5.85070133
5.78721237
0.96923923
6.94226217
4.49324894
3.54312086
5.03077221
4.51828623
-0.01650763
11.17527294
-1.79042912
-8.02905178
4.92363644
1.58077526
-3.39130068
-2.85650468
11.75003815
-4.24232960
-3.73090458
6.61586094
7.67864847
15.43062782
2.54743671
16.81766319
8.24988747
17.84291840
11.56598473
13.12446022
10.01490211
2.60182977
-0.77070379
-8.95331860
0.54453802
-16.38749886
-5.53405666
-0.96325004
3.81635952
7.29911947
-1.10258293
6.31228018
-0.02982140
8.62014103
12.76449394
7.07743359
31.99224091
33.54518127
28.53245163
21.81467438
24.86326981
26.84183884
22.07845879
31.98902512
26.85474396
25.75500107
26.83382797
17.65933800
22.49607086
22.24677086
12.94984245
4.14648056
-3.61395979
10.82843304
9.17308903
9.78273106
5.49146175
-2.75301266
6.49110889
2.64516950
2.21305037
-1.10634446
-17.20639038
-4.89713764
-3.23794937
-14.42817879
-7.56874847
-18.76985931
-29.52985382
-8.04304314
-9.31381989
-2.27330685
-14.67650223
-14.95038795
7.19390774
2.62278438
-10.68496037
-7.28642559
-11.87636280
-14.05111122
-18.79541016
-31.30644989
-22.00745583
-12.13676834
-18.63806534
-27.46066856
-17.08604431
-10.29432869
-11.34333229
-24.48579025
-2.88448954
-10.86132145
2.45111513
12.32392788
22.73724747
13.72410583
12.25249863
15.85074902
30.76566315
2.00587702
15.69964600
5.69841290
1.28432894
14.97187519
9.71401978
12.83009911
11.04987431
15.03699303
8.80836010
6.64759731
21.28569794
15.81064987
15.51258850
13.71310806
23.95110703
20.94576263
19.74167633
-2.14804316
4.61407661
3.10115552
13.98152161
12.66222954
14.07048035
13.05801964
2.61396694
22.65821457
21.63693619
18.44299889
18.81515503
13.48919106
28.84598732
23.43128586
11.71344757
20.75104904
-1.37926602
9.17997551
5.13541317
-0.01546109
2.13058043
5.02439785
10.14100647
-12.22381783
2.35869527
1.15151095
-9.87121582
4.84330463
8.21308708
9.51877117
0.38535690
21.54371834
11.27314568
-7.54908466
1.44684887
8.25318718
11.08603668
6.04203606
-13.19296837
1.85378706
-11.03388596
2.71341133
-2.16229343
9.03534222
1.30901766
-0.26484680
-0.88106465
8.66481590
17.20076370
-10.95399475
3.29164553
15.14292717
20.02049637
16.96332932
20.11272049
11.35596275
16.28785133
17.01987076
15.81875610
17.55954742
14.21895409
12.73298168
18.92713356
4.55472517
15.79930115
28.53557777
26.37137794
15.08658791
20.32716370
18.21770096
20.46004105
21.80460930
19.81562996
22.99149895
23.13011551
17.74087906
26.10632706
18.66142845
19.41146469
14.26742077
22.56903458
22.39110565
5.65196848
11.87224007
16.50545692
16.80016327
23.06450272
15.95746136
21.47134018
12.64967346
19.62262726
23.49852753
15.52509880
22.49437523
9.58722115
23.62851334
23.87218094
21.14877319
18.47207832
26.45170021
17.37714386
19.75175476
27.15506744
17.25974655
12.99821281
5.29832935
-19.05845070
-19.09554672
-19.97011566
-25.15942001
-28.75828362
-19.08468819
-14.55625916
-9.39411163
-21.12774849
-11.85629940
-12.24417591
-19.65509415
-10.90108299
-12.06507683
-14.82335281
-22.54820633
-13.47592831
-8.62175941
-6.83780527
17.82242012
15.97636414
18.46132088
18.05885315
20.22059822
14.15101433
16.76675606
4.80929041
12.88239479
11.12206554
0.70324767
-22.16345215
0.51127148
-0.24034166
-10.87988758
5.54823589
-3.41239882
-3.19867754
5.62403965
14.63557434
9.48121643
14.49239063
7.21943092
15.47810459
20.18669701
4.02778578
20.22750282
10.44647408
12.77735043
22.80075645
14.15041161
17.65732574
17.01323509
21.84276962
14.17946148
10.70059776
23.63890839
14.25668907
15.49141407
3.92342043
5.30098820
-10.91698647
-0.43911541
-11.72993851
-5.00680065
1.42651129
-6.64189577
-13.13221645
-2.96365595
-3.02246332
-1.89881420
-9.42809391
10.10886383
-9.14032936
-6.85035276
0.66716015
-10.77958012
-10.12972832
-6.64641666
7.45156002
2.52700925
-8.07254601
-3.74983740
-8.06491089
-9.58328533
-11.65857697
-8.46405029
11.00711918
1.32362628
-11.97917843
-8.18588257
-6.77627754
-4.91003466
-11.68864918
-18.27904701
-20.54013062
-41.68734741
-33.60176086
-20.73263550
-23.17860413
-8.14658928
-16.58040810
-21.31976891
-21.06604385
-14.95494175
-7.99260139
-7.69403553
-9.27182293
-4.04003572
-6.28728676
3.38681936
1.79848790
-12.65094376
-9.43172169
-4.07160044
20.84069824
22.39997101
10.43353081
24.67405510
18.28313255
3.50436592
24.48949051
18.00374413
14.27539349
16.38110542
12.38830757
14.83528900
21.95960999
19.04655457
21.44487762
23.41386795
11.77438927
19.24639893
-4.40208912
9.06297493
7.97786331
5.18098736
5.04498959
-13.48844433
11.89713287
14.03504944
11.39154720
6.32437372
0.39986253
15.02503109
4.69848156
1.90306282
14.22130775
11.31654930
11.58350658
9.84179211
7.84022570
12.26499653
20.51231766
23.43166924
7.17587566
14.54565620
7.42047930
17.12193298
17.13063431
12.10433578
14.64743042
4.18815041
5.37485027
-8.51421642
14.47010422
8.71180916
1.14604378
8.74330711
10.27537727
13.87230492
14.56370544
17.57596779
19.30803680
19.28792191
17.00823784
16.94100189
13.47385597
21.58914948
7.51068783
9.75558472
11.40164280
8.01162052
14.56867409
10.89665794
2.22051835
2.48678017
16.95113373
8.27743626
10.22356701
-18.41213989
-6.29986954
-4.60828972
-0.82094431
-14.58035088
-19.43841553
-12.76359367
-8.77301598
-1.92094660
-6.58884192
-11.20589352
-2.41397405
-4.33353662
3.02996159
-3.99734831
-8.79131317
-13.56488895
-1.63200128
-16.08965492
-29.69011879
-30.57680130
-34.87454987
-23.40783882
-35.98989105
-40.76574707
-21.79289436
-27.02716255
-27.47514725
-36.44302750
-34.32109451
-18.84309387
-19.86970520
-14.22257805
-18.01832199
-11.62544632
-12.61137486
-14.99679470
-11.39829540
16.14458084
8.32762051
13.55144119
3.58175421
-3.08417702
-18.60240936
-5.28362560
-7.52483988
-6.59463549
-8.10966206
-18.95902634
-13.72837830
-2.18993711
-12.05310631
-4.49469471
-5.18337727
-10.88352299
-1.93361068
17.12925720
14.11857986
4.66901588
-10.92930889
-6.02440786
-5.14602804
-8.65621948
-15.49756432
-8.33232784
0.47292495
-2.92530155
-6.14811087
-6.45949268
2.80375385
-7.80475330
-3.13278770
10.22456551
0.41456878
-3.50543714
-19.50849915
-23.32379150
-20.39657211
-14.76372719
-10.61494064
0.83847469
-13.77961159
-8.14297676
-12.20518494
3.74899793
-8.78736401
-25.45767975
4.05228567
-26.05127335
-8.38372326
-15.64839840
-8.82162666
-22.73183441
-19.33602524
-25.86732101
-27.27681160
-7.80330372
-12.77960777
-13.23169518
-14.41627884
-11.14072800
-22.79310608
-24.19260216
-22.45288277
-25.45029449
-8.02149391
-23.79335213
-30.96590614
-28.30781555
-24.89302826
-27.63768005
-21.87725449
-8.20107269
-10.36854553
-26.41906548
-17.70097351
-12.70897293
-23.02475166
-12.00595474
-10.75599861
-9.57868671
-2.23935699
-2.15943861
-14.40697479
-13.27709007
-12.25930214
-0.87453961
-7.52607727
-4.01945114
0.95235789
-1.18737841
-0.96496975
16.11153030
12.90665245
12.48341274
10.79299736
14.25059795
10.47836113
11.44672585
-3.07657671
-3.70690632
-0.40662646
-4.16729355
-3.71223307
-3.29739237
-9.26911736
-5.02230835
-6.98565197
-9.66330814
-9.51155376
-7.00551224
-14.69190598
-10.33460999
-16.01023102
-16.02079582
-19.57041550
-11.27603912
-21.56619263
-21.22361374
-16.83876419
-24.68773651
-12.73018837
-6.10737658
-11.19388962
-20.30135727
-21.67078018
-12.21417427
-10.53512859
-18.69573784
-22.95211411
-35.30868530
-20.95737267
-27.74060059
0.49991465
-6.76906157
0.79336262
2.23813629
-2.96228576
-10.66477108
0.20733023
-0.82315135
-2.37995720
4.66664791
-7.04354334
6.18788433
6.47056723
-2.09875202
0.71202755
8.86210823
10.60302448
12.72735786
17.18110847
14.24926949
15.24070549
19.99122238
14.13949585
10.87180138
8.14255142
7.58273649
16.66846657
11.15008926
19.34808731
12.32682991
16.99406624
15.49873924
19.83854485
20.19868088
13.82546711
22.73408508
14.25624561
18.54734802
20.57731628
22.48151016
14.24829674
13.68585968
17.95061493
14.13744926
12.83502007
12.26168823
19.34658241
8.02291870
15.42997169
11.65911198
10.53996468
13.50161934
10.21753979
15.11461735
7.40020180
-7.13231277
4.13344526
-6.21996927
9.99233341
11.27825928
15.09407806
7.14912081
-0.53602695
0.08932233
12.17381954
16.71891022
9.65965939
13.51301289
7.94044399
12.13223076
18.04968071
1.90585852
6.70810080
-3.87609792
-0.64576769
12.91182518
1.64424562
1.78850532
16.39189148
3.54155159
10.65977669
6.73579693
13.69986057
6.30983591
9.01293659
11.88727951
17.40218163
15.25391197
10.90020275
8.19860649
15.05249596
11.62498283
19.61973953
10.75955963
21.83897400
10.24505806
17.55983734
10.81672859
11.73645210
17.14426994
8.84801579
17.33734703
11.40410233
15.95974922
13.36563683
15.75605106
15.01609230
17.90679359
19.20127487
14.60081863
19.71954727
21.80227470
20.56107330
18.60807800
17.20776939
15.91928577
9.86958504
18.80319214
14.85733795
18.11757851
17.22008133
17.34704971
10.65274525
13.41497231
19.09804153
14.11934853
14.75752449
8.24148083
10.89518738
12.69518566
13.00761223
9.10384369
6.98024845
10.56690788
7.52513218
6.06487179
8.02024269
13.19473267
14.36955547
11.79469967
8.89112663
12.42744064
6.64353323
11.09424114
9.87844086
9.21696091
1.24200213
4.02373886
-5.14105129
1.45373356
-0.81680954
-17.18050194
1.62448812
6.61632061
5.62889433
5.92266178
2.90022135
6.68536139
1.14879513
7.69376373
1.76124883
13.06516361
3.19457984
2.94150734
4.75575018
5.11104393
14.15818119
14.57886791
9.05560303
9.17576504
17.70529175
5.73352289
15.71001911
14.04461384
13.97886467
9.91147232
15.75819778
5.99853086
9.08469963
12.69566631
13.88462448
9.52434921
17.42925262
15.88567352
16.64780045
17.93656158
18.53897667
10.87847996
13.37292480
14.28976345
10.53197956
11.64778709
17.53678513
17.00368118
7.73248720
8.77709198
8.56557178
16.60973358
14.42040253
0.89910126
10.12242126
1.62008345
-0.95559835
-7.23713255
-24.98875809
-14.19988155
-23.00299835
-6.84020424
-6.93237400
-10.34334183
-0.40080404
-18.80236244
-21.33967209
-4.72737408
-17.98137093
4.39308739
-15.64879799
-9.97047234
-1.68781292
-14.22795486
-0.44639182
-4.01921272
-14.28599167
-25.74312210
-9.79088497
-6.02649307
-7.94486141
-6.17455435
-16.49704361
1.37744284
-11.07156944
-4.54717255
2.34442806
4.14809132
2.06886005
-1.64640403
-0.71709561
-0.75089347
4.56782341
7.13117695
1.39107490
-8.09939098
-4.07060814
-2.75774503
-5.04253626
-1.23802757
-3.98921871
3.62062216
-5.51194191
-3.54631901
-7.64223194
-2.20440459
-10.48826504
-7.23234892
-12.66286373
-9.85242462
-13.04848862
3.44384313
-5.20556450
-5.34853125
0.70988178
9.10471344
9.68163109
9.72294998
5.85063267
-3.11222434
-5.84055996
9.38267231
10.07837677
10.73722744
7.31832695
8.15735054
3.30552220
12.61662865
2.05605340
7.09164810
1.99772155
-1.76336670
6.74486828
7.40694809
6.71609688
12.18347931
11.60322762
14.73052025
6.56898022
1.74499035
5.78608465
9.25378609
15.66066647
9.18854809
-8.04746342
-0.09757233
-3.20770812
-4.67559433
-12.37046242
0.11737061
-1.07394695
-6.96354580
7.27739716
-8.11676979
-12.00464058
-4.80598164
-2.63968635
-10.41980076
-20.51336479
-6.08779478
-15.25684547
-15.03199959
-9.41064262
-1.73918247
-5.03181982
-15.78701305
-10.91897583
-13.22706413
-5.93890524
-1.12093091
-10.19971561
-1.51112747
-0.71801949
6.92439461
-4.82948875
-4.67730618
-7.77034760
4.52104044
-6.67041636
-0.53757364
0.25413764
8.02461433
-1.85444760
4.52548599
7.32748127
-2.52199316
7.66522598
-11.41824436
0.55523515
-3.72791481
-4.81887722
-7.51593494
-6.97967625
-10.78890610
-21.81539917
-13.44876289
-18.01280975
-20.81332016
-30.31045532
-11.83863831
-6.59122372
-22.07752037
-25.53524017
-20.35759354
-10.75887299
-22.18420029
-7.30951214
-7.25298882
-0.57016444
3.03660750
4.50982904
-1.81720996
-12.02067184
-11.18584251
-10.50854111
-18.10012436
-28.01685715
-19.54518127
-18.27075005
-17.08573151
-13.77416611
-7.39765644
-22.59196854
-17.73618698
-20.47852325
-10.89712715
-13.47743607
-6.65736103
-2.34378862
-7.33136940
-6.32752895
-6.37899971
2.64860177
-0.68428892
-28.70433998
-25.97542000
-22.08256149
-17.60737991
-18.61974335
-12.37051773
-25.23774147
-19.45875931
-20.23614120
-16.11514282
-26.48679924
-27.11759186
-26.01272774
-13.54531097
-24.89952087
-26.97618103
-21.53169060
-16.22184181
-13.15610886
-13.77371788
-12.67442322
-9.62314606
-6.50835943
-16.79240799
-6.47255611
-0.55454981
-25.16336823
-22.37194824
-31.41503906
-32.54256821
-19.84966087
-33.26568604
-35.32485962
-30.49825478
-29.82424736
-32.37597656
-20.31380463
-15.09060287
-15.71062469
-19.73068237
-15.20711327
-13.84396744
-23.56427002
-13.83002663
-8.02203941
-25.93871117
-20.74654007
-20.90886497
-19.77782822
-14.20038605
-12.52818489
-9.49591923
-11.28739738
-8.62524605
-14.72952843
-5.32539654
-13.89645195
-5.45066833
-9.84546566
-11.49102211
-11.10222054
-16.56845856
-5.87683916
-22.60251236
-14.01609802
-4.66112757
-6.71532440
-16.21116257
-7.48794508
-12.56111717
-7.51535606
-9.44241714
-12.74490738
-8.73279953
-0.77379972
-6.83062458
-16.90138435
-18.80728340
-14.69532871
-17.31514931
-5.67058754
-22.19525719
-14.88349724
-15.26084709
-16.60766983
0.95020676
-12.21868324
-13.97739220
-1.08377349
-5.97097206
-4.40239525
-1.12282467
-5.51477718
-4.74173164
6.97701359
3.68115473
-1.49834704
-7.12738085
-7.60034132
-6.82984686
-3.23890281
2.67219138
-2.23541474
6.44385386
-5.28896475
4.55584145
-0.51549768
2.56424952
8.39408779
-6.88703918
-10.34778500
-13.79689217
-5.57556438
-0.24529839
-5.89123392
-8.46660423
-7.65501118
-8.18937302
-7.67754078
-3.86696911
-3.23360825
2.34793234
-4.64729118
-19.78466415
-16.21655083
-22.84729576
-17.00021744
-8.53530121
-22.51194763
-8.70983601
-9.04243660
-18.72969246
-24.20323944
-17.98682404
-15.19405174
-17.49762344
-13.69478989
-15.84799385
-2.90345836
-20.56008530
-6.49033213
-8.67199707
-19.05480003
-13.49936485
-34.78771210
-14.57252598
-14.92658329
-14.10995293
-18.05082130
-16.83833885
5.24190474
-10.55387211
-10.37237167
-15.66049862
-7.83211565
-18.18970490
-15.34958076
-0.62218177
-5.20366764
-3.43666172
4.25050497
-0.07525349
-15.43406010
6.55117035
-4.15145779
3.89330196
5.24120951
11.57861423
5.07990456
-0.68388772
10.94852829
4.68962097
4.61743927
1.13868093
-4.16469383
-7.18929482
-8.31233215
-2.66907358
-11.56929493
-6.10084724
-13.49190617
-11.49374199
-28.92288208
-21.30143356
-11.27996826
-14.90172100
-14.66533279
-16.12622070
-5.35257673
-8.70242691
-9.19459820
0.19941819
-4.05825520
-9.21469593
-4.88465500
-15.60901833
-16.19288635
-12.48226357
-8.77988815
-12.27900600
-14.61110687
6.97264910
3.62413669
-0.58350158
-2.92500329
3.56143475
7.31685686
2.95804596
4.34310150
3.76503921
3.27856112
-0.00308394
3.18478203
6.94609070
10.91324425
0.81430268
-3.35558343
13.39885426
5.76114273
9.84447956
7.60591841
2.31886220
5.15565872
10.55782890
6.86801338
11.51688957
3.10097456
8.60555267
10.42166138
2.72694993
-1.69890213
6.27396250
3.20761347
-8.63757610
-2.72072530
-3.26056767
8.52947998
4.42073011
6.63912106
-2.59126306
2.97278833
-4.14494514
0.84364200
-3.08038592
-12.53794193
-6.55521441
-6.67044640
12.33154488
0.16027212
-4.77974224
-5.62215328
-17.57217216
0.11752236
-7.78919220
-5.25547791
-14.27526665
4.02358913
-1.94773483
-11.56284428
-3.10321188
-2.29919529
-0.56260705
-0.76786923
1.12239766
-8.02343369
-1.28414190
2.84923029
-4.75040150
-7.40857553
-11.42766190
-6.87277985
-6.62469339
-10.28772831
-3.83654451
-8.41191769
-4.63977814
4.66925526
-4.45706558
-13.30042171
-12.28442478
-12.23272705
-13.93808365
-18.75460434
-27.63747215
-20.14532852
-26.21328926
-12.47647953
-17.74799347
-19.59284973
-17.76397705
-17.06711197
-19.95398712
-29.08337402
-16.19386864
-28.81572723
-15.92935181
-31.22237778
-22.46813011
-17.63413620
-15.16482258
-17.68099022
-27.99837875
-7.13881016
-12.46811485
-14.79362774
-14.13277626
-12.77902031
-1.77594781
-22.99237442
-4.38848257
-8.01264572
-2.27272749
-5.60185671
-5.70843124
-19.62884331
-33.76515579
-17.13464165
-25.94468498
-29.27794838
-31.43994522
-33.93244171
-17.53490829
-17.04309082
-14.20796585
-17.40014648
-18.89020348
-9.74381351
-16.63968277
-31.15885353
-21.26054192
-6.81557083
-3.43288183
-15.55260372
-14.75607109
-19.78032875
-24.81755829
-23.60979462
-32.10601807
-10.19928074
-19.28986740
-3.34055185
-7.35827208
-8.12952042
-5.19847488
-20.28574753
-22.82127380
-19.50947571
-27.57172203
-28.57841682
-20.36067963
-5.39932299
-19.57439804
-5.81660271
-13.99600792
-12.73702812
-16.57917786
1.63191199
-15.93687916
-9.71973610
-3.99604821
-11.76340103
-18.53966904
-14.11708355
-10.44302750
-16.44558525
-7.37394142
-2.78818321
-7.68904495
4.62040806
-10.50395870
-3.37308931
12.53858948
14.54835701
1.93223143
12.86814213
11.76606941
15.20552158
17.38419533
15.01928997
8.47270203
16.97177505
9.37575150
10.93930340
13.75680065
9.27775574
5.30068684
13.56466103
13.29899979
8.52721024
19.00765038
15.67261791
9.47477436
6.01741791
7.76189566
7.06749916
-0.67530322
2.63863420
3.82321477
0.79564142
-2.52733231
-4.53325701
-2.93189573
-3.94229937
-2.42704892
-3.47733355
-7.40142536
-19.72711945
-11.15381527
-53.22518539
-55.85720062
-41.96428680
-30.38846970
-29.38464737
-21.40917587
-15.38567352
-30.85404587
-25.80455399
-23.15653419
-25.90299988
-37.38401031
-36.53621292
-27.79850960
-31.67264938
-18.49796867
-25.96713066
-19.52501106
-5.77071667
10.73644638
17.25069809
14.41126633
13.06651688
19.03579140
11.82977486
12.82587242
17.07294846
5.69778538
8.70638466
6.94674826
5.04389095
8.34760380
1.70301855
2.21279263
5.25363255
2.05502558
2.72581053
1.48678553
-21.44451523
-4.04426098
-25.43879318
-8.62573051
-24.98576927
-27.89588547
-23.54930115
-27.65364838
-17.46537590
-16.18232155
-24.68815231
-11.26980877
-17.20802689
-8.30299759
-12.13799286
-9.68842602
0.47259355
-11.24423695
-22.43221855
21.87283897
19.10178375
26.63805008
27.27309036
13.30337715
14.18847847
17.17214584
21.31052017
20.37817001
22.37699890
23.96533012
13.45607376
19.65552139
17.70695114
19.79533195
14.12390423
23.75313187
21.32433319
4.56886435
-3.06231093
-23.19566154
1.29092455
0.87086582
4.60830307
9.89907837
5.87302589
1.04928839
-7.88913250
-13.12267303
-13.11779404
5.87467289
-4.00680780
-1.41961241
-4.51862431
-5.40718365
-15.55038834
1.90100014
-9.77242661
-14.14974880
-13.93281269
-8.26027107
0.74055719
3.41674995
6.25654459
8.65282345
8.75777626
-0.39137793
18.56928253
10.38391113
-6.16139507
8.32209778
8.47441959
10.69090652
4.90707302
18.57787704
15.95727348
10.34597874
23.58265495
18.59451294
6.84141731
0.88795090
20.76453018
24.74341202
19.41146469
5.89214897
13.11557770
7.24173927
9.76729584
4.16547680
13.73686028
16.88392067
12.44181633
15.15955162
18.75040245
10.70940590
6.84210539
7.12400246
-1.13339019
-0.62225342
7.17860270
3.01536083
21.90470886
7.95953226
22.96001816
3.81137753
8.12062168
6.98479366
8.94827080
7.00401688
6.99399471
5.74346352
11.72335148
9.01804256
2.30781746
-21.54801178
-34.62818909
-27.13309097
-14.00328159
-18.65814972
-20.70014572
-11.66310787
-27.08933830
-29.38151550
-30.17088318
-37.06876373
-31.71390152
-32.65352249
-9.41377258
-23.11387634
-21.81466293
-26.31802750
-19.89021873
-12.00319672
-27.40142822
-10.98501301
-13.77406883
-0.55743742
-2.70054746
-0.77171469
8.45443535
-3.08632278
0.03571033
-26.21338844
2.84881043
-9.68857670
-1.90347517
-3.29252291
-0.86195004
0.97526956
-4.27237606
-21.30406570
-26.54905891
-20.06222534
-14.05635071
-13.89112282
-0.15149975
0.93002272
0.29748392
-11.39248276
-1.45234990
-5.75482225
-3.70532465
-4.84597969
-0.82237673
-11.86505508
0.27170038
0.18017751
-6.57168770
-6.59343243
8.23855591
-7.09700537
-34.41712189
-22.88813400
-10.73363209
-23.54593086
-20.68566322
-23.77266693
-13.00847054
-21.23042488
-15.65100384
-13.33163834
-15.52696705
-6.81637096
-19.61244202
-10.19405556
-22.24312401
-11.80651569
-16.69237900
-3.15656352
17.73663712
0.61246824
11.73525620
17.70391273
13.57238388
7.27664709
22.58980179
5.76979446
6.64065933
12.48072720
18.89542007
12.66421700
17.81400108
10.16249180
7.93998432
8.66788483
10.18030930
19.04371262
14.02481270
19.76262093
15.87671185
23.91107368
12.26659966
-0.32561207
-2.47149563
5.37759638
-6.71391964
-7.08065128
5.62315941
-4.66403103
4.45676613
-4.47219658
-0.48634517
-3.11846399
-8.26693535
-16.95788956
7.99611092
-12.07543755
-26.12351036
-14.79806137
-5.49911928
-20.66150284
-17.45474625
-16.89460564
-13.85410404
-10.38868904
-24.42491913
-26.06231499
-23.85550690
-17.73418236
-14.56630135
-12.86754417
-14.86872673
-13.55089474
-23.81814957
-17.46071625
-23.31674385
-39.77267456
-25.86675072
-34.40495300
-23.68465042
-24.57705879
-21.54618263
-26.23534584
-14.16577816
-15.97540474
-15.89734650
-2.39677882
-20.10118866
-13.56094074
-12.94763184
0.66435158
-4.71732664
-3.59024811
-11.68679237
-10.20554256
-17.87284851
-10.65022373
-4.55836916
-14.16611576
-13.39894295
-7.58051491
-14.53903580
-4.77058315
-8.83890724
-8.31463909
-13.93749142
-16.90769958
-20.52713394
-14.15193939
-17.03491020
-18.14052963
-19.52374268
-15.53221321
-19.37157822
-7.76660347
1.42402124
-2.57240295
-3.91482925
-15.58278465
-8.52712154
-5.15584946
-12.01305294
-1.63011885
-1.25260353
13.11155701
-17.06312370
4.71495533
-6.43492842
-2.22994590
4.06815290
-6.99695969
-12.22085094
11.01063251
2.28597713
-0.22847509
3.44011807
8.28532219
14.32928085
10.79759026
17.45757675
17.41844940
11.43763542
20.28639603
26.02768326
23.75185204
5.46181297
22.13710594
19.77167892
12.12468529
10.16852665
15.97525501
6.06374359
1.55906343
-0.41814995
-8.31153202
0.24239016
-2.54763889
-11.54553604
-4.41337585
2.22822857
4.73379421
3.83147812
9.64231777
4.17720890
7.84549093
-2.75520229
-2.01456547
10.74456215
-5.41953707
0.17597771
0.15176845
-10.49716663
3.84579706
3.08473778
-8.67238235
-5.88055420
12.86898041
14.97853279
12.11315536
6.40229130
11.62581062
13.02950954
13.78683949
0.37951565
19.10704803
6.70854759
15.59607506
12.33296204
11.83496857
6.85914278
10.25372696
1.30219424
13.09756470
13.57836437
1.60311699
15.30257797
-15.50218201
0.08781981
5.34774017
3.03875017
-1.55336380
7.04039574
8.41152668
12.05144310
8.64447403
-1.58379841
13.18515205
10.40114594
19.87475014
1.19473076
-3.02485943
-5.95744705
10.23479843
15.42588615
4.57288265
14.22964287
12.91452599
8.92453957
-8.74171734
6.93681622
16.23917961
8.37267399
11.88039398
12.21185112
17.85273743
9.92173672
16.52527237
27.78490067
23.74844170
21.18293381
17.15568352
24.41015434
23.50410080
28.55458641
24.71850586
17.19075012
12.72889328
17.08582687
17.95223236
16.02055740
11.72635269
13.27341843
9.86060143
17.04638290
2.56726265
-25.22880363
-5.24382496
-31.74066544
-22.57393456
-21.41884995
-15.48875999
-25.92709732
-10.05266762
-13.82358360
-18.23593903
-6.07672215
-10.17024803
-8.51731491
-1.96110070
-2.20770836
3.65151191
-6.19635391
7.62149143
6.29004478
10.39496422
16.18911362
6.35929728
17.85779190
9.96708012
11.90867233
24.34315872
15.29730606
14.66929436
21.84150124
14.56308174
21.48306656
8.64107418
23.82484245
7.76105309
23.78466034
12.51733589
8.81634045
23.94704247
13.76456547
12.76174545
28.34167290
24.95052719
26.01655579
21.19622803
21.94727325
9.98284817
23.98530579
13.27216053
13.71338272
25.80858612
25.76108551
8.44882679
21.30143929
16.26084709
12.01319218
18.26791191
19.76779938
-20.94965935
-8.26229858
-11.58085155
-11.09745216
-4.74098730
-23.11689949
-5.52256727
-7.05626392
-8.74255276
1.99512959
6.10464096
10.85470390
4.34629440
10.54015446
7.24385452
5.28398180
19.47103882
12.07750607
-2.55948162
24.03734207
28.85615730
22.63051796
23.14860535
25.16660690
17.05253029
17.81858063
17.07041740
10.41260529
12.95333576
13.00812054
12.53854561
8.19301605
6.65580273
6.16847038
1.71310902
4.03833437
0.33827066
-8.83244514
-4.88331652
3.44384789
2.69380569
1.91269207
-10.17732430
-13.98934555
-15.88775730
-12.34073925
-22.11234093
-1.42944694
-11.83543015
2.70093369
5.36926126
7.81260014
-3.25200224
-10.34984207
-14.27239418
-6.61174631
-1.12633753
-2.93579292
-14.25954533
7.64219189
-11.32559204
10.99251556
9.32737350
-2.31191778
4.62972164
8.42416191
5.46348381
11.54481411
14.26805496
0.05569482
2.48994231
-3.35408735
5.26536894
4.08339787
12.37758064
-20.68575859
-23.04867363
-4.56020546
-25.45992470
-8.54367256
15.99518490
0.31137514
9.89722061
8.17631531
6.50246477
3.44547343
-3.95414329
9.06487751
15.33572960
2.87488031
6.91333294
13.77342033
5.18243170
1.73247921
17.38341904
14.86740589
10.60922050
14.18309593
3.60559750
11.95729446
14.94389725
8.90653324
6.78925419
2.63922048
4.47729111
6.11215067
-0.52205706
12.25020218
7.65088892
6.77769089
12.67634392
13.96816730
12.40363503
10.09842110
16.99102211
15.67954826
16.64251900
18.03714371
14.72355843
13.20429134
21.13344193
9.47493172
1.43988180
13.86671257
15.94766045
9.15394211
7.32293701
12.43955231
-1.02847338
21.63030243
16.65118027
8.50555992
-1.19293630
7.12769747
-10.74230099
-3.35224676
-1.91612864
-9.32196617
1.02820873
3.38569522
9.33966541
-0.72473288
5.66706371
-2.21240044
6.63443375
-8.20071316
5.76019573
5.18287659
-6.42310524
12.02614975
2.25389385
5.91669703
4.86461926
0.28117657
11.16847801
-1.91779089
4.53459167
-0.66278458
6.00102711
-4.57890701
-7.39716578
-6.67040920
-8.25055790
5.24772453
-4.91575766
2.08589697
8.41145706
2.32729435
7.30979252
12.53596687
8.50456524
-2.30235863
13.05365276
1.24640226
2.58646393
-4.54409599
11.62966251
1.69475722
1.26943278
5.29988956
6.74342823
9.89139080
9.04199409
16.14407539
16.50507355
9.48722458
11.06111050
13.40490723
19.90949249
12.27716637
22.75536156
10.51232147
13.99275589
18.72796249
21.46448898
25.56759644
24.68112946
14.82634449
30.11684799
12.45992374
20.56390762
20.54971886
20.57887268
7.61617947
22.19819260
26.50734329
10.07682896
7.68240452
2.88970995
10.48962593
15.07756901
16.71533203
9.81432819
16.35955811
18.28023148
17.39531136
27.40591431
17.56055832
24.90277481
13.46498489
16.60044479
18.26346779
20.54188538
18.19396591
20.26174164
21.97750664
26.71695328
13.93144608
13.24520111
13.63848114
23.91476822
20.76203156
13.89410591
28.50635147
22.00888062
13.68068504
25.64217758
19.33075523
15.76922798
6.08084440
17.03462791
15.86489105
13.29533386
14.32172775
12.17232800
-16.51994514
4.86506462
4.71438789
6.48715305
8.59454155
3.77606940
2.25749254
16.19550133
16.15493011
12.31667137
13.52228451
19.81885338
16.01747894
10.97350597
13.56940079
20.77693367
20.98758698
9.33209419
15.63410187
23.21494102
20.35733795
21.95895386
23.35166168
21.85460281
20.05319214
24.51007080
21.26607513
18.39660454
22.64245224
15.35387993
25.03294563
22.31610107
20.94025803
23.71610641
30.11536407
22.19211388
19.89002991
15.81724548
27.60658455
25.99582291
14.38442230
14.03289795
25.60953903
13.39056015
24.64828110
21.13050461
26.63307190
25.14714813
20.61816788
24.64617729
24.02576065
18.72767830
18.91054535
26.31173706
13.44800377
22.29833984
18.84950638
23.65219879
23.73899841
20.14750290
19.84123039
15.97718906
22.20834351
17.71257019
14.17646980
21.91984940
8.11645603
13.82907104
10.95095444
18.62445641
10.75155640
10.21184254
16.11679459
8.05735779
3.54843926
8.56928635
10.74825287
-4.19259357
4.54914236
3.18805408
18.84585762
10.95406151
3.20934796
3.65715671
20.71923447
11.07584572
4.29295254
13.91386700
10.47468376
4.72719860
11.91829205
8.99069023
16.64299011
12.59804058
19.44553375
21.55301285
25.25204086
16.61713409
19.86895752
20.57448769
22.86771393
20.08622551
22.60202408
19.72762299
21.56277466
21.64644051
22.64779282
22.00995255
21.48935509
10.43429375
15.57432938
16.59803391
5.35556746
5.59681749
5.59301949
12.78078365
2.25261235
4.62905550
5.65016270
2.90876937
8.43449497
-2.75294375
18.68473816
12.58829880
10.69121647
12.79566860
12.60307598
1.53514886
3.67980909
16.45547867
7.38669777
6.62064123
-1.76654530
-8.33443356
-4.86624718
-23.71040154
-8.80624008
-15.46582699
-15.47746277
-24.92685318
-26.98521423
-20.50486565
-15.53988743
-13.28180695
-8.70422363
-1.83933020
-18.69348907
-18.33015823
-7.78499222
-6.47608662
16.22502518
4.27077007
9.64933586
12.75264359
16.46521187
12.86343765
17.83293533
12.81004620
21.23447418
11.32951260
20.22939301
9.55041027
9.45327759
13.92460728
20.22164345
22.92168427
19.55360031
12.39670467
14.65126228
21.52033615
20.62780190
21.82522583
13.80680943
16.04637146
17.15275192
19.19625282
16.71819305
16.06240273
25.98149872
17.35231590
8.35810375
6.72443199
4.48972130
12.55521679
-0.33634651
-1.18449211
13.76916122
12.28334522
16.26410103
-9.03117085
-19.48601723
-8.20475864
1.20694435
-6.56322575
0.48913968
-0.77288771
-23.66277313
-8.37335205
-0.00372434
-9.46649075
-10.31214905
-3.29551268
1.67933464
6.42296934
-2.78559875
-4.76335669
-16.84999084
-36.21102142
-31.84824371
-24.48042679
-25.89010620
-18.71429062
-27.72329521
-14.12870121
-15.71251869
-26.51355362
-15.33771038
-13.39983559
-7.44789648
-12.03980827
-15.42897797
-3.53808689
-10.79123974
-24.39094734
-19.22289467
-11.36864948
11.69521332
8.23394585
0.85703886
-1.74834180
0.50482225
-1.35160112
0.20731997
3.77382445
3.41231298
-1.94208193
2.14125681
0.08981037
-4.75864887
-9.95182514
4.51311111
-8.32477760
-13.37175369
8.10752869
-8.77667999
-4.70225382
4.66015482
3.23568988
0.81588531
-3.12013149
8.26952744
-2.60279012
1.01414537
-0.36531281
12.90072823
8.46122074
-0.81585073
-2.75246239
-7.00736284
-5.26174784
1.41107130
-1.87405813
6.27860165
3.36896944
-15.85235405
-27.96807480
-20.85229111
-16.59527588
-13.85858727
-10.16181087
-3.85086536
-9.20426369
-28.31821060
-0.98730683
-8.47158527
-17.87007523
-2.69347095
7.66174364
-11.76397896
3.61428142
10.09836578
-7.98092365
-2.18756986
-1.79574537
-4.90923071
-5.21750832
-10.07702065
-16.65025902
-2.93303251
-13.06584930
-8.91655731
1.95356035
-6.00113153
-7.12632656
-8.90013218
-3.04660225
-7.48160362
-1.61238015
-0.39908576
7.60531044
-5.47619438
4.34900665
1.69644499
6.55740452
1.30209887
-1.62741697
-5.55171728
10.35917854
6.66577387
-2.67554688
-2.56381845
-3.02983713
4.58152819
6.24132490
-4.07367325
-0.77249765
-10.65564060
-4.11751461
7.50971222
-3.74859548
-13.86967087
0.64473051
5.47569895
-5.64525795
-8.86965656
-6.33355284
-1.32732654
-11.79557896
-20.38063812
-5.02279329
-3.93002582
-22.18189240
-10.10932541
-9.92399406
-3.07823038
-5.73334455
-7.53060341
-10.57625961
-21.80064392
-22.40413094
-15.64728546
1.85085392
-3.67167425
1.64699197
3.36935043
-5.61910915
-8.03387070
-9.05958176
-0.78860188
-0.14956236
8.10156059
9.00230885
-1.44807267
-12.81315517
-2.38366890
-3.85104179
-8.58794022
-0.49759197
-6.49489832
-2.94438648
-1.34538412
4.95308208
-2.73773932
-10.30987930
-0.44504786
8.90707016
5.91779232
-3.42637777
2.96014261
-9.06707764
-10.89800262
5.45722103
-1.63056970
2.35950017
-2.32342577
-25.44128609
-4.66432905
-10.63463116
-20.19874001
-11.11806107
-10.92712593
0.92843878
-6.78068686
-11.82997704
-6.73367929
-4.05157566
1.79078484
-2.61265850
4.22811508
-4.34819317
-4.94397116
-26.24805069
5.98447418
1.94620609
-5.86712646
-1.08142078
-4.72952747
3.06153345
-1.28759980
2.08644414
1.87136543
-4.10617781
-7.15144396
-9.31682301
-11.24488449
-28.06102753
-10.72241020
-4.10980272
-6.53661156
1.74738526
-19.88588715
0.25768316
-7.01650810
-4.16203833
0.88034868
2.25346684
10.32046795
3.43326783
2.68216228
-2.89151525
3.25075531
15.65407848
4.20288897
4.08442736
3.46224833
5.83407211
11.85116005
-1.36416626
11.31482124
-4.13346767
0.48830533
6.11093855
11.55174065
17.38503838
11.70006371
6.29332829
15.86548615
7.78348780
10.29750538
8.73917103
12.89565945
7.63159084
-0.33902454
7.99158812
14.26534653
11.99248409
-0.24947762
5.64528847
13.84309387
8.70562077
6.70638657
6.07450485
-10.45583630
2.59855676
5.98681211
3.61046171
-1.96233487
-4.51583481
0.69703901
10.80654430
7.87868977
-2.30548954
-0.40691185
3.56829810
-0.11448455
2.37333012
1.68692815
-3.98053837
-9.39884567
-6.24073315
-4.47202444
-17.77850533
-13.47413540
-10.10876083
-10.95061588
-15.97217369
3.10136032
-9.42486572
2.43094635
-8.79220295
-16.62694359
-15.60741711
-15.85235023
-15.48432636
-28.58629608
-23.88028336
-32.62012482
-12.77218723
-24.51198578
-37.00387955
-24.69697571
-23.52397919
-9.98808289
0.74236488
-9.89844322
-3.60036755
-21.17351723
-10.79832935
-1.29432857
-10.41949368
-14.84622192
-2.37884331
-2.19261551
-4.44235802
-10.53137970
-4.86632013
-0.26860321
-7.48860693
8.20118618
3.32170439
4.33606815
-1.64765644
-21.09538651
-10.34014034
-29.73144531
-31.05597305
-23.26238632
-26.61095047
-25.46732712
-27.99634933
-24.35094643
-6.97109461
-14.73114586
-18.20380020
-23.60295486
-21.28732872
-3.83366442
2.75616884
-3.58617496
2.89309478
-3.71901417
12.15881348
11.27385139
0.04679108
11.42385006
0.44227809
12.85661221
-0.70047474
6.04699993
-4.93756151
-2.57103372
-4.59950352
-6.32311106
-10.72922421
-15.41520691
-8.51042366
-24.44041443
-36.13858032
-26.16356850
-33.05359650
-27.23267937
-25.08350563
-24.28640556
-27.66488266
-24.82088470
-41.55494690
-22.64538765
-13.65523338
-17.37996864
-11.13358116
-6.76821041
-14.96890068
-9.76923752
-10.01081181
-29.25363159
-17.11873245
-13.61720085
-7.89056110
-16.10976410
-32.50557327
-18.21699142
-38.81028366
-25.19211197
-16.53921127
-23.22380829
-35.51996231
-19.94850922
-22.52748489
-33.40037918
-19.12714767
-33.26494980
-19.44147110
-31.30672646
-22.56792068
-50.73156357
-52.35453796
-46.73402023
-38.10680771
-27.60313797
-37.12041855
-26.61023712
-32.61544037
-24.72095871
-20.84141731
-20.00535965
-22.54824638
-15.88051510
-27.93225098
-19.66695786
-29.30568314
-2.54364920
1.63491821
-15.62370872
6.51353645
5.19528246
5.26273012
3.55729246
7.59071970
9.09435177
3.02034259
0.43891919
9.75891113
5.70623589
1.45804119
7.11970425
-3.98893857
6.67387676
14.08364105
-0.25161886
13.58073616
3.73656559
5.09772682
6.73210859
2.79637504
3.35228896
4.24526978
6.07000351
2.63100696
3.65981078
5.05045557
6.71884155
-3.14730072
-2.46090269
2.80366611
1.44546759
11.51218224
5.41498756
-5.40161562
5.97620010
3.69277430
3.33446193
5.88935184
3.09959960
5.59739399
1.29544258
9.22553158
13.05592155
2.35330105
3.72076607
-8.13008308
6.95044327
13.13168907
7.76662540
8.44204712
6.10884285
2.13072681
6.27579212
-4.92099476
2.15085983
-23.54113388
-27.34408569
-31.96632385
-19.87664032
-29.38591576
-5.05665874
-12.25113201
-2.70849991
-12.19636345
-10.36314106
-4.84721136
-9.62821198
-4.13896179
-10.29595757
-3.86500025
1.74398458
-21.17333221
-6.35893202
0.02533519
-4.95071888
-11.28409195
-7.69963217
-6.51176453
-8.15013409
-1.74430108
-5.57592392
7.67904568
-7.90183020
-4.68844604
-10.53540230
-4.90354347
-1.24570370
-3.99184847
-5.33751392
6.32130384
-4.07474041
-12.23019981
-2.90887451
4.24786758
4.27927876
-4.83100176
3.12549329
1.30036902
10.59505463
6.30958271
-21.04740143
-10.50743484
-1.75086212
-3.27493334
-19.35688782
-13.73495960
-12.69821739
-5.28886223
-14.87742901
-7.93899727
-3.79723930
-10.82401562
-21.99919701
-22.34636307
-30.87962914
-16.25397491
-25.75869370
-24.86688232
-17.68117905
-32.23531342
-24.22798538
-16.62582397
-8.47629738
-15.25032234
-17.18441391
-10.62361145
-19.97191048
-11.38885689
-7.53458738
-3.21417761
-8.30308533
-5.58045912
-14.17633247
-0.12435985
-8.25065613
-3.12038136
1.27664995
-7.68784332
2.03385973
-14.93100071
-5.15559626
-7.24307680
0.73381472
-0.37329197
-6.74572277
-12.01945400
-3.41679668
-9.12855721
0.20726061
-7.06487989
-12.87576294
-5.73879766
-0.14302933
-14.20740509
-11.18381596
-6.91940403
3.41378736
-7.05200815
10.01342010
-7.40253735
-2.96450090
-3.85331702
-0.27909064
-6.54078388
-7.04360676
-9.43298054
-2.89316034
-10.42894363
-9.28065395
-12.10837364
-31.21637154
-9.68868446
-31.60297012
-18.27004623
-10.96012211
-16.51922798
-20.16330528
-16.44051361
-19.97528458
-15.25056839
-8.51255608
-25.04249191
-12.02321625
-33.06306458
-22.24343109
-24.81470871
-36.89475250
-42.55891037
-44.62318420
-50.75925827
-49.06055450
-56.45793152
-56.38895798
-57.30467987
-43.57648468
-51.04513550
-35.03163147
-36.08523178
-36.80181122
-35.97297287
-29.00730133
-37.40202713
-56.22209167
-37.39198303
-43.76122665
-18.88702583
-7.97853947
-5.54704762
-0.00708807
-3.41702414
-9.54148579
0.67890680
3.84832549
-1.12367582
5.27865028
-13.29959393
4.34063339
-8.95355511
-9.65189743
-6.13143253
-3.62502670
-19.58135986
-3.08310032
0.76278764
-14.08069324
-16.09323311
-20.31966591
-38.41216278
-36.64534378
-21.11612129
-47.97990799
-29.82208061
-25.31600761
-27.56052971
-26.21271896
-11.37889862
-26.72622490
-19.81130219
-7.20129395
-12.91297150
-16.87763405
-5.36356258
-10.24952602
-7.67438602
13.89835167
2.30959773
17.35339355
4.02293205
11.63239956
2.37831783
15.13410950
-1.22947121
0.81610382
15.93061638
4.94841862
0.90306449
11.24852562
-8.10304356
5.55083704
-0.10305119
3.29685712
8.87402153
-0.48896027
-13.41370964
-13.41246605
-1.33598709
-4.64872932
-2.10584664
1.37069297
-1.56905985
-2.19063306
4.04756641
3.35259724
1.43014646
3.31400871
0.47802043
2.61227942
7.63263273
-1.24176157
-6.01897955
-2.57992744
5.26205158
3.90208793
2.93209743
4.44888401
10.13554478
8.49961758
6.87250519
7.41452646
9.82549381
10.38049507
4.40375233
9.72027874
17.03162766
0.86212891
8.24693680
12.98473167
7.64982891
7.81526136
6.81433439
-5.47500038
8.67925739
1.16958427
2.77650166
7.07462311
-3.83139133
-9.50604630
-5.70444870
-3.09203506
-11.23941612
0.70902705
-10.14239502
2.56712580
2.02406764
-2.86875916
-6.63955402
0.90167689
6.17841053
-5.29085255
6.88109112
1.88463235
3.35879183
-6.28383160
-2.91341543
0.91851854
-1.47028637
7.96582747
-15.41977119
3.74642491
1.33256555
1.42274714
4.02135944
-8.66542912
0.29939437
4.25041771
-2.85795975
0.20122075
7.78425026
5.53329897
8.48035240
13.42830467
-2.90378094
4.02085781
5.16392660
-1.87073708
-1.62716842
-4.50472355
6.14955044
3.65273070
6.33339453
1.85357869
1.37628770
3.38883615
2.89288282
11.72119617
4.46864223
-0.16612816
6.80220318
6.08436203
10.24703026
8.30416870
8.27689552
4.75740337
-1.72898531
10.51566887
10.43195915
14.23589706
3.12257481
0.67281365
6.69752121
9.86131287
1.31536102
9.93680000
5.78229094
4.40242767
6.31556177
8.52753544
5.39756012
-4.09744215
1.15440154
-8.59903908
1.40806031
-6.01609707
-4.50654078
-3.04410076
-0.50684834
-3.34621191
-2.61948395
-10.51271820
-1.77758837
5.66331196
-10.51693535
-4.07671642
-5.93648148
-8.66518784
-14.06970882
-2.32157993
-2.90222645
-8.07804871
-9.08848858
-3.42183518
1.85907602
1.11129713
-9.63533306
8.92094803
6.81972647
3.11184502
2.60423565
-4.02641916
3.22269440
-4.64416170
9.03800583
-1.39837265
3.59609199
0.49351600
-7.10333347
-1.69889140
1.55770063
-22.56188965
-18.65119553
-10.05168533
-14.80323887
-16.91464424
-7.62121630
-4.62397385
-6.36859512
-9.76746559
-2.59754443
-2.29375005
-8.47302818
-0.84873986
-4.31468868
-15.55729485
-10.30183220
-31.49383736
-22.92710495
-21.58242416
-21.51952171
-17.15652657
-12.31359100
-21.69724655
-21.19405365
-23.72019768
-10.90016365
-12.42117214
-17.89055443
-1.26972914
-14.89463997
-12.70351887
-14.15520287
-19.37742996
-38.56723404
-41.76802063
-42.67639160
-46.25611115
-54.59168243
-45.89284515
-40.50802612
-43.64041901
-38.33092499
-27.27617455
-40.41512299
-32.87411499
-25.01125145
-35.29224777
-37.97125244
-34.22459412
-43.16653442
-33.01924896
-37.82044601
-34.34703445
-37.69099808
-35.60571289
-30.47771263
-36.18171692
-37.93453979
-39.18981171
-37.66355896
-31.72018051
-15.42242813
-19.67687035
-22.51640129
-21.23911095
-13.02412415
-19.92865181
-22.28446579
-22.78476906
-13.01161575
-19.83664703
-2.10365438
-2.52128720
2.80428195
-10.27525043
-11.02571487
3.16269255
-14.37814522
-5.17605734
-1.08945608
-0.46727014
9.52087212
0.36185598
-0.07775688
1.63183546
6.49295950
-1.67364883
1.94314981
5.36956167
4.00327396
12.61571217
8.08802223
14.99920082
11.53328037
12.70482349
8.64441681
1.95548427
10.34474277
12.99785995
6.05200243
-1.55260277
-1.78641462
5.96212482
7.57506704
8.76032257
7.43119192
-2.21651936
7.72524548
12.33419037
11.17233849
4.82514334
7.54441643
5.75369549
9.79119015
5.56769753
-0.80501890
9.12060356
-4.81915569
-0.39752388
7.92706394
5.26050043
1.90168381
2.87062192
3.45676112
4.84100628
8.37934303
4.68203354
16.23633003
6.74879456
1.33307576
-0.24453515
-0.07241833
4.28995705
6.29227352
-6.47923613
-1.32537079
-3.70911598
4.40373707
2.91843200
3.93326759
0.19995832
-2.79043007
-8.02879524
1.83677673
5.51850033
9.72080612
14.39276886
-1.72922444
13.09754562
13.06642818
7.53547478
8.53678894
4.29773521
10.38051701
5.81124020
3.87712884
9.14390564
7.46198845
7.83153105
-5.55828047
-5.62281132
4.70825052
-10.44469643
-14.55447769
-5.68767691
-51.57382202
-68.52093506
-65.20105743
-51.16782761
-42.12437820
-38.77381134
-26.96436310
-32.67385483
-32.36398315
-25.80993271
-26.22045898
-31.83093452
-35.66203690
-17.01078415
-20.67510605
-22.00334930
-8.72005558
-16.59984970
-16.29049683
7.36952496
4.79111385
11.43760204
2.60741186
1.34692860
-0.33739662
-11.38877964
-1.45914173
-18.55062485
-29.48691559
-34.06940460
-6.48395777
-3.83085155
-6.20284414
-17.29837036
-14.00397301
-3.56550646
-9.31435490
-7.57870197
0.65980339
-5.31490612
0.34618878
-12.43945503
-13.38658428
-16.12258148
-16.78300476
-14.18619919
-23.28866959
-20.08779526
-16.15637016
-18.06050491
-18.50254059
-17.62410355
-25.95235443
-32.65211487
-18.82562256
-27.22951126
-19.87969208
-16.99346733
-26.26824951
-19.58012390
-37.49737549
-28.27021027
-21.09443665
-29.40273285
-29.23513031
-20.95673180
-32.90162659
-39.51966095
-21.81697845
-43.79035187
-38.74279785
-29.03179550
-28.06383896
-40.06713867
-26.43471146
-10.88644409
-20.32239914
-8.73689556
-13.55163288
-20.45808601
-23.84387207
-18.97162247
-25.37579155
-10.27870178
-10.89599609
-26.44113731
-5.69504929
-7.42979622
-14.85385132
-3.98470497
-16.59420967
-6.42854404
-3.66872907
-4.91735268
16.53671265
16.45812416
17.00117683
18.03779602
4.41910315
4.46901131
1.07906985
0.37228155
13.80564499
6.91837311
11.15600967
8.04169083
3.25659704
13.57517433
3.93715906
11.68711376
3.02077436
-8.16368008
-11.18157578
-33.92425156
-32.90201950
-28.12005615
-35.82942200
-30.09280396
-43.39558411
-29.55194092
-40.65645599
-34.84596634
-41.45315933
-40.67936707
-50.23203659
-42.14717865
-45.93886948
-39.90598679
-43.86421967
-41.80072784
-39.63015366
-33.87344360
-6.68691158
-14.73679543
-16.35921288
-4.26414585
-4.28919840
1.30021882
1.44263625
-6.59778738
-7.78307533
-2.18770337
-0.72587132
-12.36404800
-16.56350517
-2.71648407
-1.08735538
4.82278919
-9.91701508
-12.82718086
-11.05078125
-10.55143929
-11.25875092
-1.63363910
4.47755146
-7.56940889
-1.77120554
-5.92162848
-7.04642677
-9.91760826
-5.67052460
0.43807673
-6.91169071
-4.14863729
0.81664181
-10.46066666
-0.42194277
4.38350010
5.36275530
-4.67146635
8.19110107
4.02187538
13.55769253
7.00537968
0.44295168
-4.50423956
8.20924950
6.74773598
3.35840726
6.72733879
7.67491102
14.56089211
8.99864960
5.72514200
0.22262430
10.00294590
16.70580482
-1.50775814
0.45144266
13.48561668
3.23602247
6.20049191
-4.79619074
-4.28766012
3.23931980
2.23910451
7.49296761
5.72930861
1.25339818
2.27786875
0.05989146
-3.36444092
-0.13914955
2.43144441
-5.63277531
3.03007555
1.42844748
-10.47898769
-5.64270592
-5.16518545
3.08887625
-8.30564117
-7.10622692
-0.06409174
-1.96736610
-1.53771746
-12.49348259
-8.19053936
-15.88160324
-3.09562922
-6.61434460
-5.69651365
-8.02112675
-3.27442122
-12.47512627
-3.98676252
8.85445976
14.55093765
6.80413580
14.41028595
9.76998138
8.26674843
4.63341618
14.25488853
11.25161171
9.89573669
13.06336021
7.85411644
9.75345421
16.83760071
9.54956245
9.61188889
5.93217564
-4.42706442
2.35557318
0.69696403
1.64276385
9.33021545
1.87689662
5.35512686
5.89416599
8.47712421
7.39834452
4.19781160
7.33028746
8.22203636
8.77148724
1.78205013
3.03120565
9.94269848
7.65130758
3.74475908
0.87327647
6.46154976
11.43900681
0.01297092
7.94629002
-0.36616349
0.78890085
-1.18628073
2.56454086
4.05254269
3.89176893
9.43438148
16.94624329
-1.73047757
6.75486469
3.93886328
1.16831863
-1.04110849
-3.05509925
-13.78025150
-4.30354500
-15.61424446
-12.44783783
-13.80148315
-23.74661255
-7.38078976
-19.50639153
-17.57016754
0.81118655
-17.45228958
-9.30006790
-2.90882134
-0.30648351
-18.33559799
-7.10258770
-1.88279033
-9.63796043
-15.74489021
-6.88291264
-1.22802532
3.74392104
4.90364218
8.10376740
-9.35441875
9.45004082
1.08115101
1.81226850
4.49720669
13.73906326
-1.48880744
3.34628105
-3.23793888
5.40596676
6.98032951
-4.89604616
-4.66947317
-0.21313572
5.05951643
5.78539658
-5.18970156
1.82499504
0.41417480
0.89462829
7.23806381
4.56911039
7.65698767
6.72263575
5.63788795
-0.73663139
6.52429771
-1.10950291
-1.49483204
-1.73868775
-4.11473751
2.95183134
-1.29454803
5.14970684
6.00199986
10.31999207
-1.64908934
-7.93024969
-1.33677649
2.42029190
-4.60184765
5.97863483
8.89083767
-5.47758389
1.81033134
-1.79160619
-0.93332410
7.00569725
-9.01312447
0.16680372
-2.56421089
-3.63605499
-3.36928654
-12.09699821
-10.58619690
-12.18730545
-14.29946518
-0.06435359
-13.59574318
2.98283744
-24.18123436
-9.48903370
0.56483662
-9.15855408
-13.76693630
-8.17382050
-9.36471462
-7.03142262
-6.58133507
-5.32081604
-5.65363598
-3.29888153
-3.04136634
0.87328780
3.84958267
10.43825150
1.90911794
0.37947321
-10.36346054
-4.23202467
4.87184906
-5.56625271
-3.85973740
0.90704584
0.43016863
-5.80656624
-7.80469656
-4.27805042
-19.36810684
-14.57751369
-9.72665691
-19.58830261
-9.19263363
-2.31921840
-6.37135983
-6.78137398
3.75038648
0.19620109
-4.16085911
-9.74642467
1.21816981
-1.72652030
1.17966080
-4.70060968
3.31895447
3.52111626
-4.77626610
8.23847675
-2.42469716
6.26003218
