-10.61690235
-9.03303051
-8.57893387
-8.53215706
-7.63949032
-7.89321756
-8.27561883
-9.69882953
-10.05882963
-10.04353685
-9.21079882
-10.55047722
-10.72713070
-11.33040710
-12.69419069
-13.21922275
-13.53576634
-14.16437803
-14.01589275
-15.11253998
-15.74771011
-15.56838384
-16.00980453
-16.33270170
-16.38485208
-16.94912494
-17.89683569
-18.07374077
-18.25100295
-19.02294853
-20.48232424
-21.40562506
-21.64361984
-22.00100468
-22.58488068
-22.27101952
-22.60557485
-23.44469704
-24.37171428
-24.59097100
-25.51043414
-26.78118107
-28.46915304
-28.87757163
-29.24490400
-29.73244295
-29.79524045
-30.37721960
-30.45906239
-31.18415696
-31.83807508
-32.48279249
-33.10132398
-33.91329702
-34.02962363
-34.33648260
-34.77241758
-34.96863103
-35.57823395
-36.70012761
-37.14632585
-37.35149969
-38.88453112
-40.43253059
-41.29048785
-42.11308145
-42.36161731
-43.23984040
-43.74927228
-44.94559114
-45.22419240
-46.34698026
-46.66507141
-48.05056387
-48.70917639
-49.03011609
-49.50577967
-49.83161638
-50.65444527
-51.76299825
-52.27843094
-52.89760250
-53.34316314
-54.04698822
-54.51654785
-55.17733060
-56.08664033
-56.94045644
-57.59580767
-57.88491139
-58.26791588
-58.60393156
-58.77162134
-59.08134579
-59.45761209
-59.69792744
-60.40324697
-60.79405575
-61.53740319
-61.83080861
-62.19846242
-62.80264945
-63.11524049
-63.55254427
-64.22674579
-64.45449437
-64.84208170
-64.81575860
-65.71193534
-65.81434437
-66.25829680
-66.64609739
-67.44403151
-67.97126128
-68.41070079
-68.99145732
-69.47091942
-69.68282693
-69.91914240
-70.46163330
-71.16460034
-71.59480805
-71.65177546
-71.87256223
-72.55563666
-72.77259663
-73.30124292
-73.40125001
-73.61401645
-74.14592984
-74.41398994
-75.01679103
-75.64455615
-76.14569639
-76.39332937
-76.23281305
-76.98396619
-77.05896378
-77.51516674
-78.62291124
-79.36997180
-80.15735019
-80.74791440
-80.58837335
-81.16873238
-81.83200465
-82.38511881
-83.03938371
-83.74889016
-84.02486567
-84.36669119
-84.69963782
-84.97632095
-86.33848810
-87.20040618
-87.76624161
-88.02702701
-88.19493113
-88.30467512
-88.71000281
-89.11887365
-89.07404233
-89.38166126
-89.37720071
-89.79672833
-90.22436156
-90.59539649
-90.85698264
-91.11428716
-91.22636225
-91.10622197
-91.78861121
-92.05061967
-92.38887550
-92.96770822
-93.34515841
-93.88670341
-94.29717109
-94.32925019
-94.30038863
-94.14181641
-94.36401321
-94.24951593
-94.71271644
-95.17686541
-95.56540586
-96.44163256
-96.69927090
-97.13107748
-97.53933672
-97.35193720
-98.15382260
-98.27171059
-98.43156813
-98.97389881
-99.42610513
-99.24819019
-99.42433970
-99.52820720
-100.13885260
-99.96628349
-99.76867487
-99.60376631
-99.57340476
-99.38650451
-99.74165809
-99.56184691
-99.55302204
-99.80939723
-100.45393795
-100.58568318
-101.05609701
-101.19808733
-101.35186463
-101.50699777
-102.01355025
-102.35883358
-102.90991570
-103.15440482
-103.09367338
-102.90716455
-102.79149049
-103.39210427
-103.59097329
-103.41680459
-103.40008327
-103.32517093
-103.77103620
-103.99049339
-104.27075244
-104.32417989
-104.15863065
-103.98956288
-104.35013047
-104.13039272
-103.93317192
-103.97503777
-104.21843962
-104.05796452
-103.89877935
-103.82543979
-103.72952701
-103.60108868
-103.42647090
-103.94699763
-103.92353936
-103.78311340
-103.58319720
-103.37713079
-103.19035968
-103.50062756
-103.29224245
-103.13197291
-102.99646669
-102.81284530
-102.91690669
-102.71492487
-102.67956518
-102.88959057
-102.88255156
-102.69016408
-102.55398730
-102.45777816
-102.82783519
-102.99869856
-102.95984924
-102.91628576
-102.81293110
-103.17972419
-103.60235329
-103.52397346
-103.36278300
-103.17334474
-103.02528624
-102.88128479
-102.69363403
-103.00072344
-103.43960385
-103.81052380
-103.63920852
-104.07687913
-103.90853207
-103.73709485
-103.57406929
-103.91763778
-103.96022646
-104.26294577
-104.06997648
-103.92973172
-103.75010030
-103.56957695
-103.94427586
-104.16008940
-103.96682628
-103.81638388
-104.13872541
-103.93759319
-104.31946993
-104.75245099
-105.10720549
-105.51880972
-105.84545139
-105.77526759
-106.19229953
-106.00053266
-105.80047836
-105.59671314
-105.42108995
-105.23887713
-105.07768859
-104.93793316
-104.73648582
-104.53255543
-104.36095393
-104.16509925
-103.97185246
-103.79816524
-103.61967429
-103.42102571
-103.23036932
-103.03219696
-102.86831371
-102.68000201
-102.48874714
-102.35334136
-102.20999445
-102.02551599
-101.92052195
-101.78466820
-101.62160937
-101.43524105
-101.30567878
-101.14044290
-101.58756594
-102.08894020
-102.33390949
-102.14191796
-101.95711739
-101.76692881
-101.58451855
-101.43417610
-101.24726242
-101.05385470
-100.88534915
-100.70265392
-100.51881367
-100.33805716
-100.15764429
-99.97530773
-99.79627012
-99.62509986
-99.46536282
-99.30526468
-99.28045103
-99.09507018
-98.92929303
-98.74676098
-98.60687296
-98.44463931
-98.31407221
-98.14840350
-97.97901763
-97.79907613
-97.64237348
-97.48209813
-97.30481781
-97.13391545
-96.97749312
-96.81023939
-96.65488361
-96.49041814
-96.32199460
-96.15404766
-96.00012305
-95.84116056
-95.69121450
-95.63408748
-95.47187563
-95.30065351
-95.13541380
-94.98658466
-94.84555515
-94.67948841
-94.51264466
-94.34539850
-94.19573316
-94.03458885
-93.86878572
-93.72247982
-93.56101264
-93.42513443
-93.26524832
-93.11079631
-92.96314886
-92.81108822
-92.65647409
-93.10937468
-92.96508721
-93.20351833
-93.05326350
-92.89168887
-92.77597799
-92.64081133
-92.50139209
-92.36015740
-92.22861896
-92.07319356
-91.91758252
-91.76265882
-91.61957143
-91.49002677
-91.33871223
-91.59973647
-92.07164407
-91.97206062
-91.82674563
-91.69425576
-91.54222861
-91.40243206
-91.33444728
-91.21982215
-91.09591621
-91.01536192
-90.87078140
-90.71888215
-90.60691100
-90.48228588
-90.33375603
-90.18901119
-90.05219779
-89.90991503
-89.77995561
-89.66541284
-89.52913619
-89.42344691
-89.32883328
-89.20317411
-89.09689447
-88.98656396
-88.87533887
-88.75521392
-88.62367659
-88.48523859
-88.35645726
-88.27206004
-88.22175596
-88.45764626
-88.32822404
-88.19104786
-88.07929567
-88.00423945
-87.88624632
-87.75681670
-87.63095515
-87.49523610
-87.37514289
-87.25753137
-87.15826668
-87.03605028
-86.93751446
-86.80865603
-86.67783130
-86.59240746
-86.46189487
-86.34990638
-86.21825476
-86.10491915
-85.98290950
-85.87818401
-85.79257384
-85.72377639
-85.63369142
-85.52788049
-85.42262619
-85.32815839
-85.19941740
-85.12125788
-85.02117637
-84.92670484
-84.80433395
-84.69444270
-84.58056700
-84.46257979
-84.38349884
-84.31207928
-84.25629643
-84.20024028
-84.08718507
-83.98519178
-83.90527078
-83.80205994
-83.71105660
-83.61510816
-83.51972260
-83.43950580
-83.37893784
-83.69919777
-83.63864663
-83.55500420
-83.46358524
-83.35443076
-83.23761996
-83.12432870
-83.00837264
-82.89195486
-82.78516455
-82.67993793
-82.57854960
-82.47329626
-82.37046635
-82.27314634
-82.16985209
-82.07436032
-81.96536791
-81.85125150
-81.74708195
-81.64118380
-81.53320155
-81.42579017
-81.32612614
-81.21940406
-81.11996676
-81.01112516
-80.90552225
-80.80368531
-80.69662253
-80.61345607
-80.51389749
-80.40733131
-80.31139948
-80.23540514
-80.20278964
-80.53338393
-80.71994229
-80.64451681
-80.54733719
-80.44043480
-80.35897640
-80.25299001
-80.14424541
-80.05421954
-79.95768330
-79.86067559
-79.76069856
-79.67678965
-79.59810143
-79.50534791
-79.39976823
-79.29769644
-79.19832166
-79.09272243
-78.99211684
-78.88746291
-78.79742199
-78.69547521
-78.59776027
-78.50410964
-78.40779668
-78.32406820
-78.23868317
-78.15397841
-78.05970054
-77.95843306
-77.86894584
-77.80738430
-77.72129355
-77.64153949
-77.56154295
-77.46488045
-77.36825252
-77.27530192
-77.18314557
-77.08904171
-77.00004520
-76.90852114
-76.81164622
-76.71515296
-76.61827191
-76.52746190
-76.43503356
-76.34338727
-76.25160487
-76.15765568
-76.06777365
-75.97508142
-75.88143910
-75.78808979
-75.69978182
-75.60563043
-75.50950632
-75.41644821
-75.33394979
-75.24515907
-75.15778684
-75.07073982
-74.97778098
-74.89102816
-74.79985305
-74.70826594
-74.61912945
-74.53200147
-74.43960526
-74.35049952
-74.26052467
-74.17026655
-74.08005537
-73.98924393
-73.89971420
-73.82116556
-73.73824450
-73.64929436
-73.56151122
-73.47303412
-73.38378255
-73.29984004
-73.21382115
-73.13341567
-73.04561076
-72.96246733
-72.87620869
-72.79174569
-72.70894848
-72.62202701
-72.54060099
-72.46759356
-72.40560957
-72.33232632
-72.25316238
-72.17103470
-72.08845922
-72.00660472
-71.92814275
-71.84446941
-71.75997239
-71.67512109
-71.59325805
-71.50961082
-71.43532046
-71.35890195
-71.29458178
-71.21256935
-71.13115242
-71.04852087
-70.96655582
-70.88310306
-70.80068678
-70.71963330
-70.63732966
-70.55650785
-70.47577249
-70.39523611
-70.31486775
-70.23530427
-70.15798996
-70.08374269
-70.00352947
-69.92392784
-69.85958079
-69.78593568
-69.71413835
-69.63445698
-69.55787382
-69.48081299
-69.40281613
-69.32469268
-69.24650378
-69.17390486
-69.11413265
-69.13394115
-69.08339507
-69.02146025
-68.94597585
-68.86921299
-68.79456633
-68.72385225
-68.65056625
-68.57722454
-68.50270375
-68.42697920
-68.35236832
-68.27703663
-68.20469910
-68.13329806
-68.08558579
-68.26249194
-68.30981568
-68.31360948
-68.39328855
-68.31894093
-68.24514472
-68.16861358
-68.09410127
-68.01885030
-67.94414280
-67.86789418
-67.79340555
-67.71846136
-67.64469113
-67.57120233
-67.50205679
-67.43052269
-67.35804795
-67.28552056
-67.21608365
-67.14767136
-67.07750323
-67.00614475
-66.93544699
-66.86413450
-66.79345090
-66.72422002
-66.65362549
-66.58571921
-66.52118237
-66.45768020
-66.38803359
-66.31928113
-66.25349422
-66.19076174
-66.12541135
-66.06059531
-65.99475549
-65.92786358
-65.85907427
-65.79633148
-65.72913757
-65.66399246
-65.59673059
-65.53103056
-65.46414964
-65.40023931
-65.33795366
-65.28140988
-65.21978411
-65.15554228
-65.10506632
-65.05020021
-64.98753419
-64.92202151
-64.85767928
-64.79637291
-64.73089953
-64.66784792
-64.60199291
-64.53782837
-64.47576622
-64.41410222
-64.35043515
-64.28725380
-64.22434769
-64.16091338
-64.09708543
-64.03240667
-63.97586147
-63.92585968
-63.87877567
-63.82561468
-63.76765071
-63.70964120
-63.64665513
-63.58429850
-63.52050510
-63.46021747
-63.39709209
-63.34079465
-63.28014210
-63.21784469
-63.15710905
-63.09570227
-63.03349351
-62.97102155
-62.91091411
-62.85178210
-62.79336042
-62.73453703
-62.67491580
-62.62445059
-62.56620511
-62.50515106
-62.44906160
-62.39615719
-62.34065429
-62.28742376
-62.24140040
-62.18692160
-62.13110334
-62.07172523
-62.01215718
-61.95430449
-61.89554838
-61.83952822
-61.78026903
-61.72151370
-61.66213489
-61.60343375
-61.54923894
-61.49786365
-61.44456278
-61.38586628
-61.32715561
-61.26873602
-61.21013695
-61.15194535
-61.09348847
-61.03522488
-60.98431351
-60.92669005
-60.86922624
-60.81199100
-60.75574604
-60.70207283
-60.69261271
-60.63602715
-60.57916517
-60.52274712
-60.46633906
-60.40962880
-60.35561755
-60.30104984
-60.24590143
-60.18934860
-60.13374523
-60.07867432
-60.02250953
-59.96640228
-59.91103914
-59.85664262
-59.80095936
-59.74633242
-59.69083168
-59.63561429
-59.58419064
-59.52947091
-59.47470046
-59.42746261
-59.38551199
-59.52429453
-59.48453275
-59.44244655
-59.39465498
-59.34085312
-59.29639889
-59.25101372
-59.21313218
-59.17740050
-59.13967755
-59.09405507
-59.04131111
-58.99292903
-58.93775171
-58.88219351
-58.84636186
-58.79049754
-58.73750952
-58.69016858
-58.64795073
-58.60332872
-58.54820006
-58.50097829
-58.46242135
-58.42664522
-58.37308856
-58.31811216
-58.26276789
-58.22004298
-58.17281488
-58.11794439
-58.06814814
-58.01333305
-57.95823325
-57.90354759
-57.84898420
-57.79445474
-57.74029288
-57.68635028
-57.63191535
-57.57776161
-57.52362411
-57.46999762
-57.41572082
-57.36266540
-57.30902238
-57.25673082
-57.20332221
-57.14957505
-57.09670667
-57.04395947
-56.99340916
-56.94217750
-57.01839883
-56.96637395
-56.91400100
-56.86194673
-56.80993267
-56.75737399
-56.70469792
-56.65425750
-56.60666937
-56.55414450
-56.50815274
-56.46418043
-56.42063435
-56.37707456
-56.33996126
-56.30299244
-56.25020813
-56.19891300
-56.14735998
-56.09498039
-56.04305174
-55.99075574
-55.93922566
-55.88803116
-55.83610727
-55.78370954
-55.73235886
-55.68111034
-55.75884951
-55.71349283
-55.66231454
-55.61115069
-55.55941975
-55.50799927
-55.46174203
-55.43031067
-55.38488532
-55.33320413
-55.28169910
-55.23031836
-55.18706374
-55.13532626
-55.08419668
-55.03311562
-54.98182879
-54.93024342
-54.87873335
-54.82695871
-54.77606043
-54.72494643
-54.67546083
-54.62444679
-54.58740206
-54.53971238
-54.50098340
-54.45205953
-54.40213071
-54.35149744
-54.30207132
-54.25240563
-54.20234605
-54.15344886
-54.10325382
-54.05297841
-54.00337452
-53.96075834
-53.91111671
-53.87150859
-53.82244289
-53.78031353
-53.73663036
-53.69220560
-53.64421653
-53.59593430
-53.55028470
-53.50157276
-53.45319165
-53.40557586
-53.35740410
-53.31354678
-53.26475715
-53.22076241
-53.17204252
-53.12268015
-53.07352992
-53.02985776
-52.98121837
-52.93196493
-52.88697317
-52.84871625
-52.81202700
-52.76847798
-52.72609188
-52.67775371
-52.62907188
-52.58196164
-52.53667174
-52.48905463
-52.44115951
-52.39316704
-52.34532884
-52.30386101
-52.27724306
-52.25911839
-52.35303970
-52.50757981
-52.47269645
-52.68338996
-52.65348878
-52.60489201
-52.55843616
-52.51122392
-52.48681718
-52.44697805
-52.43849814
-52.40567716
-52.35941283
-52.31473396
-52.26857085
-52.22276879
-52.17761794
-52.13046686
-52.08459321
-52.03907952
-51.99595610
-51.95001132
-51.90722174
-51.86394790
-51.81850642
-51.77354281
-51.72757279
-51.67992080
-51.63659559
-51.61028605
-51.57111492
-51.52332302
-51.47569906
-51.42910954
-51.38127469
-51.33536177
-51.29152525
-51.24640035
-51.20082314
-51.15374958
-51.10759413
-51.06367869
-51.05066577
-51.04166320
-51.02130666
-50.97769165
-50.93517165
-50.88760697
-50.85586736
-50.82704297
-50.77992175
-50.73269183
-50.68809660
-50.64369339
-50.59668506
-50.55259442
-50.51643516
-50.47185279
-50.42682477
-50.41264078
-50.36805164
-50.32309457
-50.27602237
-50.23188377
-50.18796557
-50.14441623
-50.09830791
-50.05369332
-50.01227002
-50.03239557
-50.00668788
-49.96932751
-49.95059432
-49.90793387
-49.86786809
-49.82531465
-49.78368074
-49.73987842
-49.70016767
-49.65759709
-49.63092569
-49.61704037
-49.60780449
-49.59300351
-49.57609678
-49.53914136
-49.51119341
-49.46594538
-49.42245568
-49.37746460
-49.33475277
-49.29135815
-49.24793204
-49.20719328
-49.16787927
-49.12491318
-49.08135741
-49.04348886
-49.02696557
-48.98553436
-48.94233520
-48.89849414
-48.85582502
-48.81608193
-48.77739108
-48.73835532
-48.69753914
-48.65367247
-48.61508531
-48.57951649
-48.53915136
-48.50313948
-48.46119271
-48.42143339
-48.37863969
-48.36410861
-48.33450990
-48.30627244
-48.27906700
-48.24835327
-48.22198942
-48.19592969
-48.15806734
-48.11952219
-48.12704619
-48.12194042
-48.10531291
-48.09124288
-48.12168293
-48.11277792
-48.08546087
-48.04741844
-48.00496878
-47.97380091
-47.93328632
-47.89150938
-47.88115396
-47.85975558
-47.87781716
-47.85939811
-47.82044986
-47.81304238
-47.77173177
-47.74076801
-47.71459100
-47.72194373
-47.68607955
-47.64742453
-47.61181025
-47.58189325
-47.54870834
-47.50863244
-47.47086522
-47.43978955
-47.40888215
-47.37572411
-47.34732963
-47.31186021
-47.28833854
-47.24979714
-47.20886222
-47.16962449
-47.14175412
-47.10358521
-47.09235964
-47.08434612
-47.14328221
-47.24088663
-47.33405991
-47.33627065
-47.42752556
-47.46805040
-47.53247187
-47.55068073
-47.55082008
-47.50994272
-47.50084626
-47.46923798
-47.45994716
-47.45338445
-47.47970770
-47.52341792
-47.49225962
-47.46922863
-47.42868502
-47.40441902
-47.36417196
-47.32055626
-47.28349726
-47.25217593
-47.22038524
-47.17849254
-47.17964886
-47.19931404
-47.20196075
-47.15999503
-47.11675446
-47.07792480
-47.04266287
-47.00308500
-46.96453346
-46.94278889
-46.91598599
-46.87723947
-46.90422396
-46.86184686
-46.86207502
-46.82007126
-46.79623085
-46.78368179
-46.76567914
-46.76156362
-46.73688135
-46.71779589
-46.68289068
-46.66878549
-46.65273823
-46.61203066
-46.69605113
-46.77495797
-46.94506318
-46.90352353
-46.86692536
-46.86951041
-46.86237036
-46.91252210
-46.90842472
-46.91440807
-47.02912193
-47.20440501
-47.30861790
-47.43492324
-47.42075599
-47.39955703
-47.38077646
-47.40678033
-47.38695818
-47.35683192
-47.54377553
-47.52996255
-47.49196854
-47.60833630
-47.60838674
-47.56388750
-47.61640525
-47.57560601
-47.55229833
-47.53302753
-47.67500692
-47.84559589
-48.02165924
-48.06139601
-48.39393940
-48.57453928
-48.90039653
-49.16229919
-49.37449012
-49.58297767
-49.81190480
-49.77031936
-49.76903137
-49.75438148
-49.71481176
-49.68123410
-49.64946053
-49.65868557
-49.80341050
-49.90037900
-49.87722203
-50.12634575
-50.17726595
-50.13914278
-50.11850891
-50.07003762
-50.05844402
-50.15851524
-50.57202035
-50.53040978
-50.48124877
-50.44483084
-50.45673511
-50.40916360
-50.66371114
-50.88333722
-51.00841603
-50.98025622
-50.92995788
-50.98765198
-50.94629323
-51.02945420
-51.31767468
-51.57701138
-51.84949058
-52.33535432
-52.65508263
-53.07404987
-53.54900808
-54.38313377
-57.55904932
-58.94442315
-60.63378036
-60.57339733
-60.51287702
-60.45387056
-60.42560424
-60.36484572
-60.33734558
-60.27655295
-60.22423381
-60.23382287
-61.03090181
-61.07536714
-61.30920736
-61.24797844
-61.36842600
-61.30727436
-61.47394251
-61.69132252
-61.99900099
-62.28824255
-63.23658337
-63.56854431
-63.50554337
-63.44262623
-63.37976281
-64.34844525
-64.28689273
-64.87397065
-65.47283786
-66.90800233
-67.74849559
-67.68221477
-67.76250261
-68.52550145
-69.28176290
-70.21977063
-70.70475026
-70.63656335
-71.57432520
-71.54065626
-71.67568902
-71.74676593
-72.18283695
-72.75653905
-73.45461983
-73.43683849
-74.00350267
-75.62332996
-78.51793559
-78.84032827
-78.78581386
-78.72063466
-78.65434365
-78.61015505
-78.58137944
-78.50742969
-78.44839159
-78.85102870
-78.77623751
-78.71075558
-78.67799784
-78.71903643
-78.92401179
-78.85081383
-78.88034806
-78.90559569
-78.83088337
-78.81172611
-78.73875410
-78.67816644
-78.65918975
-78.66703583
-78.65518508
-78.58034647
-78.50624228
-78.64169489
-78.56744757
-78.59198509
-78.72372362
-78.73780474
-78.66323165
-78.58851355
-78.69174985
-78.89388853
-78.97007176
-79.12292618
-79.06790202
-79.01518504
-79.18744655
-79.89504741
-79.97515150
-80.05554935
-79.98658253
-79.95152346
-80.63345458
-80.69089420
-80.86578123
-80.92063505
-82.04244343
-83.02820978
-83.78773835
-83.95902479
-84.47291861
-84.46547696
-84.41072386
-84.43571664
-84.47822048
-84.49030788
-84.47777282
-84.58669640
-84.70739025
-84.62254299
-84.59965183
-84.63533305
-84.62416102
-84.63076147
-84.55480238
-85.17005839
-85.15710159
-85.14667931
-85.12649345
-85.10593628
-86.65579581
-87.32705923
-87.23476306
-88.39910866
-88.41880395
-90.02239579
-89.98163237
-89.96542650
-91.34431846
-91.27954137
-91.21921556
-91.85929421
-91.78018721
-92.52754760
-93.22878694
-93.62067937
-93.53817845
-93.98141143
-93.95329669
-93.98624756
-94.04631739
-94.10781187
-94.11341833
-94.04403397
-93.97593747
-93.93564964
-94.06476697
-94.15795865
-94.27225080
-95.47353340
-96.55314467
-97.92232534
-99.15267407
-100.47643893
-101.57356372
-102.28616758
-103.80173068
-103.70273662
-105.45592448
-105.40099693
-105.42522223
-106.80250601
-107.96732077
-109.50875052
-109.96281833
-110.31831144
-111.52571620
-111.41477574
-112.55423400
-113.67622238
-113.62294538
-114.66929381
-115.21298734
-116.38435704
-118.10184659
-119.78601457
-120.83484957
-123.77875929
-124.97725559
-126.16291836
-127.28423502
-128.76717489
-129.93943100
-131.13648832
-132.48473396
-133.29566337
-134.78730262
-135.86783704
-137.12959566
-137.04123239
-138.48805148
-139.83644261
-141.79542911
-143.13993480
-144.71076504
-147.81372209
-152.52665346
-164.40376665
-165.64148603
-167.05413798
-170.87398574
-173.96575818
-177.44897216
-181.91329131
-185.10854769
-200.89811821
-202.41575133
-203.51009131
-204.82079867
-205.97879553
-207.30865252
-208.99120097
-208.83433898
-210.92780270
-212.56583249
-214.32744094
-215.56216678
-216.55350501
-218.01601618
-219.60348095
-221.37295119
-222.92720309
-224.49530324
-226.09502082
-227.92098161
-229.73052185
-231.24700484
-233.00755951
-232.82165181
-233.86789293
-235.15140261
-236.43607263
-237.46862768
-237.28614943
-238.33896565
-239.15779778
-239.90414932
-240.64293455
-241.35284274
-242.11305923
-242.84443387
-242.62928607
-243.47883900
-244.27923765
-245.29744765
-245.09718463
-245.81685418
-246.57313549
-247.31517434
-247.17834034
-247.93978202
-247.73336801
-248.49635298
-248.35859939
-248.14527617
-248.97971190
-250.33613332
-251.15552148
-252.02103856
-252.86826680
-253.71838737
-254.53811445
-255.49530748
-255.29423056
-256.31548297
-257.24490941
-257.05219488
-258.04699220
-258.98053975
-260.02741954
-260.98964465
-262.09508971
-263.02016073
-263.96640286
-264.96518389
-266.05077555
-267.02916763
-266.81306869
-266.70704910
-267.70230943
-268.79104499
-268.62496556
-269.57928103
-269.39493915
-270.56376801
-271.62008540
-271.49625358
-272.62851786
-273.69670609
-275.68600754
-277.82975990
-278.50787822
-279.17180669
-279.96436764
-281.06238172
-282.31145894
-283.32241449
-283.12613987
-284.11660757
-284.85138947
-285.85651921
-286.87375256
-287.90521089
-292.97893743
-293.88341623
-296.10269195
-296.90848706
-298.05816838
-299.22448869
-300.37893076
-301.32336807
-302.56243119
-303.99091306
-305.09779874
-306.25420591
-307.52484007
-308.66131487
-309.80264781
-309.73088797
-309.64328880
-310.73399265
-311.78632036
-311.81183471
-312.66625070
-313.85812294
-315.23856996
-316.72481377
-317.86254310
-319.24321306
-319.21926785
-319.18849280
-319.12572151
-320.06403447
-327.64971145
-331.10680632
-331.78155743
-332.38392838
-332.99473323
-333.59465414
-333.48193114
-334.08366317
-334.28772284
-334.19309994
-335.08589839
-334.96939696
-334.88641227
-336.09307705
-335.94955368
-335.80612695
-335.65134887
-336.73088844
-337.79420466
-338.85259115
-339.92186605
-339.88928333
-344.10884952
-348.88803676
-349.55469621
-350.26724741
-350.95469251
-351.59331840
-352.23549079
-352.11167355
-352.80390303
-352.67141763
-353.42976763
-354.29403943
-354.16384049
-354.01459894
-353.82946147
-353.66306448
-354.52186429
-355.52600436
-355.38472973
-355.26235644
-355.13537410
-355.95502683
-356.68880128
-356.57957288
-356.50137190
-356.34347207
-356.22547321
-356.05387452
-355.87443259
-356.63423226
-357.61262643
-358.38302693
-359.37489690
-359.24176435
-360.38216313
-364.40128526
-366.80000501
-367.66501552
-367.47278431
-368.27472284
-369.52413678
-370.63853457
-372.13704861
-373.26670193
-374.40600362
-375.44508181
-377.01321545
-378.45334476
-379.50190218
-381.09210585
-382.27831980
-384.15369276
-387.17310967
-390.12211049
-391.61819878
-395.01124942
-396.21736102
-397.37891961
-397.23769762
-398.24690578
-402.62011656
-405.00653327
-405.94702620
-406.67480975
-407.65082888
-408.02358761
-408.93873024
-409.52834654
-411.95528499
-432.24006753
-433.60017888
-434.04126204
-434.81792580
-435.36712478
-436.29949708
-436.91755184
-437.55949964
-438.09302818
-439.28217715
-440.80395001
-442.17591962
-442.53678870
-444.83420317
-446.73953449
-448.47736191
-449.95689949
-451.20765096
-451.73031396
-452.49210257
-453.47162680
-455.48584126
-456.06935781
-457.55659287
-459.27303336
-460.20088311
-460.64674510
-461.80688205
-463.70149040
-464.80432995
-465.85539224
-467.66277077
-467.69296084
-468.71423766
-469.38422342
-471.58265677
-472.50822328
-473.47789111
-474.37527297
-475.25246917
-476.18464648
-477.07006067
-477.91988343
-478.75678838
-479.84284659
-481.06856473
-482.04578488
-482.82828273
-483.72397024
-484.55930651
-485.40466992
-486.29887880
-487.12427937
-487.33755961
-488.25578080
-489.17829171
-490.10769737
-491.01719372
-491.91105840
-492.77949491
-493.59729663
-494.39311707
-495.15351932
-495.27919754
-498.06467599
-498.90236817
-499.62082412
-499.87819904
-500.00994632
-500.13403526
-500.30050987
-500.43237394
-500.60615081
-500.97713804
-501.20596930
-501.37630582
-501.55756153
-501.81044462
-502.15769622
-502.51274496
-502.93121274
-503.48236349
-504.04857956
-504.51204648
-504.64986084
-505.32647550
-506.01008592
-506.54648566
-506.90364727
-507.68923946
-510.22665865
-510.90145007
-510.95236005
-511.29937068
-511.67887857
-511.70502386
-512.71052095
-515.89988939
-516.10002535
-516.46929278
-517.04115541
-517.32165689
-517.93412197
-518.65424807
-519.36845439
-520.08839764
-521.12616309
-521.94696270
-522.98310355
-524.24951066
-525.29929120
-526.38385854
-527.73347254
-527.91799923
-529.30266792
-530.06992657
-530.35732890
-531.54367895
-531.83655972
-533.15271312
-534.52590920
-535.27249433
-536.44567179
-537.05410388
-538.38034982
-539.76375250
-540.97614687
-543.74652642
-544.56300761
-545.42801038
-545.93349495
-546.77295177
-547.47612363
-548.49743103
-549.40600781
-551.59675587
-552.27318025
-555.05191115
-555.72400826
-556.91517963
-558.10945918
-559.12514317
-559.82941307
-561.84889646
-562.88418760
-563.83945232
-564.52768331
-565.22484316
-565.93284614
-566.64880761
-567.47369996
-568.18321290
-568.91927296
-569.69259252
-570.41087471
-571.34351677
-572.33539324
-573.25783199
-574.23554966
-575.18073043
-576.18250613
-576.97565912
-577.74294999
-578.49941102
-579.30632214
-580.24101372
-581.25059499
-582.17022790
-582.91306581
-583.63432734
-584.40505879
-585.18286356
-585.95781455
-586.81914575
-587.60906348
-588.41270618
-589.19884473
-590.00447218
-590.81457009
-591.69990634
-592.49951908
-593.34751862
-594.17006825
-597.53630015
-598.59752717
-599.59564562
-600.42568586
-602.35183536
-603.42595697
-604.45584832
-605.27928720
-606.11751677
-607.21391358
-608.27278399
-609.25949487
-610.14141101
-611.02312943
-611.91364558
-612.96790102
-614.02718756
-615.08378758
-616.12656503
-617.24170498
-618.35923640
-619.42685607
-620.56132195
-621.59671294
-622.56584845
-623.46782692
-624.53230925
-625.55696855
-626.64228029
-627.67212297
-628.59374448
-629.87146758
-630.78973440
-631.73771331
-632.77075666
-633.75744003
-634.70899839
-635.66818675
-636.64628933
-640.49837566
-641.50184284
-642.76913557
-643.77765998
-644.78303229
-645.90383409
-647.09118857
-648.29970589
-649.25593403
-650.25189022
-651.30089298
-652.43023858
-653.64171980
-654.87701948
-660.20037846
-661.39717492
-662.57297614
-663.71073328
-664.86255024
-665.89625148
-671.49158092
-672.16462526
-673.13228218
-674.14193278
-675.10979943
-675.75639796
-676.73216785
-677.69546666
-678.67035381
-679.72527396
-680.69261102
-681.34740194
-682.02562516
-682.70276087
-683.64433756
-684.60523058
-685.55786927
-686.51629368
-690.72246344
-691.87487618
-693.11786145
-694.20997181
-695.27422484
-696.33380312
-697.32234385
-698.16118691
-699.35517467
-700.27064987
-701.12722687
-702.30277660
-704.62383106
-706.35747140
-707.28734805
-708.13727279
-709.03766558
-709.80327209
-710.69722363
-711.54710379
-712.64790165
-713.65865948
-714.66745612
-715.89687860
-718.69206708
-719.82125342
-720.78658523
-721.76662447
-722.86365151
-723.85310540
-724.62053494
-725.54369053
-726.36095576
-727.20491759
-728.01992902
-728.72881566
-729.72923028
-730.55100449
-731.39408632
-732.25945731
-733.07075731
-733.88274646
-734.67835732
-735.46118590
-736.24351318
-737.03978507
-737.78851244
-738.56529615
-739.33947360
-740.11253756
-740.89894915
-741.67685486
-742.37610408
-743.12028643
-743.92468950
-744.65586757
-749.57446197
-750.27541547
-751.00195807
-751.72878854
-752.46510696
-753.26700400
-757.72381267
-761.40119036
-762.11007832
-762.80635080
-769.75325572
-770.49833232
-771.17726377
-771.90197966
-772.61062682
-773.32207414
-774.01614794
-774.73357757
-775.46108504
-779.33958254
-780.00420885
-780.75828800
-781.48760735
-782.19850391
-782.92730800
-783.64240450
-784.45846002
-785.16074469
-785.85287030
-786.56213176
-790.84774338
-791.51071848
-792.23866828
-792.94350443
-793.67892799
-797.85368589
-798.57229488
-802.13836547
-802.85989004
-803.59342177
-804.31376143
-807.92718501
-808.65126184
-809.39711608
-810.09153810
-810.81721508
-811.56763086
-812.37021240
-813.16811042
-813.93458557
-814.69843604
-815.48504101
-816.14217325
-816.90094112
-817.66206105
-821.46543341
-822.19039471
-823.05020517
-823.82802780
-824.62207757
-825.50177868
-832.50559746
-833.32557506
-842.76305022
-843.75830372
-844.84595427
-845.79839180
-846.74363276
-847.72802947
-848.35501472
-849.22842281
-856.67189346
-857.81814307
-858.67736189
-859.72560067
-860.79294091
-864.33713501
-865.21527083
-866.20723304
-867.14431670
-868.13085491
-869.16296592
-870.04024566
-870.94762479
-871.89967125
-872.79413481
-873.71183552
-874.65037905
-875.58137818
-876.51795511
-877.46297001
-878.38332217
-879.28882677
-880.10955198
-880.75210412
-881.38545753
-882.01773344
-882.66753121
-883.34641224
-884.27409289
-884.93340382
-885.78343359
-886.46004890
-887.37575597
-888.29695729
-889.18714700
-890.02296225
-890.75259148
-891.63128347
-892.53824987
-893.45867156
-894.36660487
-895.00469645
-895.87247751
-896.74392866
-901.98773251
-902.83272400
-903.74790279
-904.66785386
-905.57875504
-906.45467118
-907.37592804
-908.30718698
-909.27359415
-910.22925543
-911.11205810
-911.78680847
-912.73740439
-913.45227912
-914.40479376
-915.32067818
-916.20203356
-917.12951258
-918.03199360
-918.98482776
-919.92029358
-920.66063513
-921.59233968
-922.32563332
-923.26356483
-924.00539514
-924.96854885
-925.90633590
-937.63664506
-938.46214043
-939.30128692
-940.36598205
-948.65656609
-949.71099231
-950.68827492
-951.69203775
-955.02079251
-956.02582237
-956.75259881
-957.68852844
-958.65314474
-959.60154405
-960.52529770
-961.29792693
-962.04076496
-963.05337989
-963.91922905
-964.78482295
-965.68044916
-966.54808198
-967.46793198
-968.39069189
-969.10893064
-969.97905268
-970.85734784
-971.77332974
-972.64388747
-973.47466912
-974.38669149
-975.13699143
-975.87389340
-976.61557788
-977.35528764
-978.08959501
-979.03354143
-979.76079863
-980.64139005
-981.68388823
-982.41351869
-983.13016350
-983.85571424
-984.58911543
-985.31476396
-986.03345213
-986.70927453
-987.38753292
-988.31741343
-989.46022002
-990.60686046
-991.47844537
-992.37276961
-993.32101739
-994.03382745
-994.97914339
-995.97553037
-996.96302365
-997.97380234
-998.98484957
-999.64448178
-1000.28903736
-1000.97927390
-1001.60785585
-1002.26182883
-1003.23241625
-1015.54806387
-1016.51075592
-1017.48597863
-1018.42237950
-1019.45938302
-1020.43159704
-1021.38188901
-1022.30998664
-1023.29005199
-1026.17990276
-1026.85056616
-1027.49695033
-1028.10895642
-1028.71258640
-1029.38481537
-1030.05035901
-1030.67604519
-1031.32316171
-1031.94594883
-1032.60262839
-1036.66859525
-1037.37690942
-1038.03466994
-1038.69518874
-1039.33533714
-1040.00629703
-1040.73008048
-1044.88681507
-1048.55413932
-1049.18718428
-1049.82191968
-1050.44416359
-1051.17543625
-1051.87683184
-1052.52424055
-1053.22328463
-1053.93298017
-1054.63358251
-1055.30094180
-1055.98223795
-1056.66806954
-1057.40790679
-1063.65201851
-1064.30944561
-1065.03415775
-1065.76046930
-1066.47645544
-1067.12806852
-1067.83863511
-1068.54449269
-1071.41181399
-1074.34850876
-1075.05123035
-1076.02864704
-1076.81042574
-1077.55087820
-1078.21465376
-1080.92911557
-1081.63009699
-1082.35979211
-1083.04939842
-1083.72495487
-1084.47651396
-1085.06218925
-1085.71351047
-1086.34297185
-1087.01133794
-1089.81083403
-1090.38414713
-1090.97590502
-1091.61698083
-1092.22302524
-1092.84083204
-1093.35383511
-1093.80248679
-1094.30827829
-1101.12989610
-1101.86506681
-1102.75184449
-1103.45124944
-1104.18003721
-1104.88212892
-1105.37091710
-1105.86555395
-1106.37163259
-1107.08317225
-1107.76432442
-1108.47689315
-1109.15249824
-1109.85016735
-1110.50226746
-1111.17104134
-1111.80548734
-1112.56307854
-1113.13044576
-1113.74830284
-1114.36209823
-1115.05476321
-1115.74512983
-1116.26400771
-1116.92659814
-1121.38502811
-1123.93673297
-1124.61331747
-1125.33470176
-1126.03227989
-1126.71963791
-1127.26141672
-1127.93761738
-1128.49305551
-1129.14264295
-1129.62454460
-1130.09358368
-1130.49761630
-1130.87847534
-1131.31972391
-1131.73428693
-1132.22843142
-1132.62277621
-1133.06912137
-1138.86426920
-1139.25731166
-1139.68018180
-1140.14385237
-1140.52447933
-1140.93593238
-1141.38325046
-1141.87152638
-1142.25127326
-1142.69355280
-1143.12123672
-1143.56445855
-1144.00743174
-1144.45342857
-1144.94922776
-1145.46453250
-1145.95405325
-1146.41760611
-1146.85180908
-1147.27517483
-1147.76000555
-1148.20101234
-1148.59826561
-1149.03034396
-1149.41683326
-1149.85357853
-1150.31208154
-1150.75131254
-1158.93515142
-1159.57845652
-1169.71498920
-1170.63571252
-1181.52146450
-1181.94579985
-1182.45257717
-1183.48754739
-1184.24068878
-1185.34024735
-1185.74791549
-1186.30009299
-1186.79417999
-1187.25343835
-1187.88508389
-1188.72988799
-1189.06650058
-1189.49902038
-1190.13782379
-1191.08306104
-1191.52354068
-1192.15556196
-1205.51171843
-1205.87316418
-1206.26868538
-1206.65789778
-1207.04723085
-1207.41666349
-1207.83723614
-1208.23360698
-1208.60991777
-1208.95548868
-1209.29276959
-1209.67633221
-1210.03262821
-1210.42012316
-1210.80827602
-1213.83453161
-1214.21997229
-1214.57708006
-1214.93237233
-1215.30224517
-1215.68171621
-1216.05043446
-1218.91673010
-1219.28513510
-1219.64305067
-1220.02045256
-1220.42158303
-1220.75810251
-1221.12067291
-1221.47392978
-1221.83074063
-1222.15730046
-1222.50073475
-1222.84645543
-1223.18087618
-1223.53355178
-1223.86499470
-1226.61307154
-1226.81807864
-1227.04343473
-1227.26253151
-1227.50378923
-1227.74355043
-1227.99226774
-1231.05315731
-1231.25017599
-1231.41450359
-1237.04586297
-1237.29734592
-1237.50006141
-1237.66148276
-1237.77447018
-1237.88817150
-1238.16244614
-1238.49670033
-1238.83449918
-1241.22835402
-1241.45919047
-1241.69946356
-1241.92368803
-1242.15639997
-1242.38173377
-1242.67625483
-1242.88848604
-1243.13330982
-1243.30847117
-1243.37635860
-1245.86471976
-1245.94932040
-1245.99931857
-1246.23709167
-1248.70803745
-1249.03010663
-1249.29657015
-1249.56017638
-1249.74622247
-1260.68185084
-1263.06423042
-1265.46283900
-1265.67996207
-1265.95485290
-1266.20300448
-1266.46184497
-1266.70035196
-1266.93100852
-1267.18946507
-1267.47499036
-1267.68164939
-1267.92700930
-1268.40901377
-1268.73572380
-1269.27318560
-1269.51374791
-1271.38078099
-1271.60780013
-1272.32986144
-1272.70893667
-1272.83482563
-1272.96861436
-1273.29837479
-1273.35427720
-1274.28744000
-1274.80976405
-1274.92865022
-1275.10395465
-1275.25073899
-1275.40983902
-1275.69949675
-1277.74634590
-1278.08677302
-1277.99391397
-1278.05303480
-1278.25709837
-1279.74780837
-1281.52456276
-1282.31416270
-1284.68552202
-1284.40210227
-1284.41143301
-1284.90024924
-1286.32828685
-1287.00238745
-1288.65575841
-1290.91614198
-1293.18187694
-1295.56292076
-1296.29182794
-1297.18169533
-1298.60490727
-1298.98814657
-1298.67892983
-1299.57715849
-1300.32007563
-1299.91481189
-1299.99416673
-1299.71411313
-1299.49469289
-1301.63456899
-1301.72417480
-1306.44118367
-1306.29325563
-1306.02654180
-1305.74327067
-1305.42712376
-1305.73675928
-1305.66710851
-1305.38698410
-1306.35424228
-1307.62048673
-1309.01692449
-1309.74346269
-1310.67431911
-1311.21897516
-1311.40724847
-1311.99152725
-1315.73440506
-1316.27459263
-1321.12400677
-1323.78395125
-1323.92644101
-1324.13525803
-1324.25589742
-1324.40416708
-1326.07773028
-1327.07088607
-1328.09425616
-1328.96486891
-1329.39236792
-1329.22532523
-1330.88753107
-1332.75157229
-1334.12375661
-1334.18060439
-1334.14553547
-1336.51816516
-1339.03524365
-1341.11060024
-1342.71760947
-1344.49140689
-1344.79973911
-1344.54131623
-1344.36041506
-1344.14966725
-1365.36248974
-1366.50998799
-1378.66555656
-1379.24058995
-1381.42931239
-1382.77216213
-1384.14426219
-1385.37065047
-1402.03333411
-1403.63704073
-1405.06117971
-1406.81885535
-1407.63431029
-1409.14445759
-1410.61149788
-1411.33005497
-1412.63649480
-1412.46321678
-1412.26094745
-1412.05738342
-1411.84165093
-1411.63404431
-1411.44226628
-1411.25309395
-1411.05453526
-1410.85495070
-1410.65163105
-1410.43893782
-1410.24037027
-1410.07412744
-1409.86802645
-1409.66399264
-1409.45331933
-1409.23628086
-1409.00358011
-1408.74938376
-1408.45745226
-1408.14032079
-1407.80751496
-1407.47369597
-1407.11981574
-1406.78037302
-1406.50887187
-1406.24945315
-1405.86313934
-1405.50040755
-1405.16126373
-1404.88682472
-1404.68966461
-1404.44608021
-1404.18359021
-1403.68231661
-1403.25046628
-1402.91147418
-1402.55391893
-1402.24197490
-1401.99812454
-1401.66902725
-1401.25158622
-1400.85266606
-1400.58215710
-1400.31793924
-1400.09720851
-1399.86408908
-1400.07312713
-1399.86412315
-1399.45117966
-1399.13639053
-1399.05039807
-1398.96960085
-1398.88330038
-1399.26486007
-1398.99735118
-1398.60738998
-1409.69769790
-1410.70454062
-1411.69152759
-1412.45329193
-1424.57015969
-1426.06012052
-1425.51904825
-1438.17277883
-1441.18843119
-1441.21787424
-1442.23269232
-1444.07096757
-1445.71196254
-1446.98082600
-1447.05299873
-1447.09520298
-1449.09755920
-1450.58700753
-1451.63750939
-1452.72883257
-1452.30138699
-1454.88667081
-1454.48367430
-1456.75302753
-1458.48603726
-1460.00777485
-1459.66976106
-1462.28140077
-1465.60956297
-1477.30377049
-1478.93476971
-1481.17274162
-1491.73618970
-1491.95017607
-1493.82424914
-1495.22435295
-1496.21264620
-1495.84529275
-1507.03211471
-1510.10018487
-1510.21363767
-1512.97808390
-1514.59184459
-1515.03028741
-1517.83484799
-1517.45957570
-1520.24991061
-1521.84825666
-1522.57259915
-1523.98040539
-1530.95828458
-1542.63666906
-1552.88578214
-1553.47839932
-1553.75009330
-1554.24482343
-1555.21773431
-1556.70227501
-1557.30403573
-1568.02212443
-1569.04041902
-1570.20178020
-1571.86612859
-1573.22648821
-1574.44889982
-1585.07611423
-1586.67235346
-1587.57799636
-1588.29480344
-1588.97841808
-1589.63703936
-1590.41571201
-1590.58541815
-1591.92433889
-1591.48354682
-1591.07840946
-1592.61393822
-1593.61140847
-1594.68888927
-1596.10567665
-1597.32002424
-1598.66448256
-1599.97531526
-1601.23447538
-1602.87307475
-1616.83094122
-1616.75962303
-1616.37123734
-1615.95636406
-1615.54773937
-1634.29814071
-1633.87364232
-1633.44866251
-1633.02140393
-1632.59511561
-1632.17137138
-1631.74248256
-1631.31405556
-1630.89886878
-1630.47219463
-1639.23547703
-1638.81135273
-1638.39767130
-1637.98443070
-1637.54399135
-1637.14744262
-1636.74104939
-1636.34904893
-1635.94917831
-1635.54120246
-1635.14450676
-1643.31263062
-1643.49421972
-1643.52106552
-1654.63160371
-1655.02287887
-1656.35619005
-1657.66127575
-1666.70819796
-1666.38618176
-1667.54658217
-1669.37230241
-1670.78694870
-1671.99005506
-1673.28786286
-1674.65579901
-1674.31681091
-1681.85017578
-1682.56567947
-1683.85814311
-1685.12312779
-1686.46326887
-1687.52838045
-1689.69185003
-1691.00005766
-1691.58137995
-1692.64408050
-1693.84931384
-1694.22839474
-1696.33011727
-1697.55611125
-1698.82676853
-1699.71318844
-1700.73023135
-1701.63688284
-1703.05198217
-1703.74552799
-1705.09032352
-1705.76043170
-1706.69203799
-1708.32929792
-1708.78201664
-1710.14296791
-1710.98371039
-1721.12738211
-1721.10394472
-1723.54922599
-1724.29672904
-1725.27810746
-1726.70507129
-1735.02327273
-1736.31588528
-1735.90243706
-1738.48630463
-1742.71688427
-1742.50634053
-1742.28014717
-1745.27168424
-1752.96132573
-1755.98571732
-1755.65858688
-1758.35329434
-1760.62716011
-1760.52491558
-1760.12405965
-1768.40237858
-1769.92575195
-1770.26111951
-1771.28763357
-1771.29833181
-1779.10318521
-1779.13581100
-1780.74123302
-1788.45724009
-1790.33035801
-1790.06844625
-1791.45363675
-1793.45827140
-1795.82243863
-1797.08222519
-1800.53844973
-1801.23738908
-1803.15238362
-1806.76408667
-1807.31846302
-1811.10570111
-1811.65436129
-1815.76798698
-1816.26537037
-1817.97263590
-1830.84271909
-1831.84278454
-1832.89401414
-1833.96316718
-1835.13479811
-1836.46324370
-1837.76724514
-1839.06888214
-1840.44363104
-1850.54731199
-1851.83824427
-1853.39599463
-1855.12220531
-1856.71211773
-1858.12748884
-1868.47882722
-1869.08332437
-1869.75301113
-1870.50515337
-1871.27922566
-1872.06084865
-1872.94729387
-1874.20164722
-1875.46370314
-1877.21077182
-1879.30541821
-1881.31750890
-1883.65832007
-1885.75223066
-1888.08163139
-1890.28447554
-1892.28461538
-1894.79997894
-1897.16197060
-1906.69159147
-1909.49370195
-1911.38997659
-1920.86593907
-1923.13614260
-1925.73668613
-1928.11707387
-1930.18610008
-1932.80296131
-1935.86566827
-1938.97188805
-1940.95032108
-1942.94514037
-1945.14238297
-1947.82240531
-1950.58397925
-1953.33573352
-1955.64357796
-1957.66608315
-1960.71825794
-1963.27045480
-1966.39358911
-1968.95512921
-1971.98677129
-1981.77456310
-1983.70270308
-1986.70787248
-1989.64174529
-1992.44572179
-1994.85039917
-1997.60352017
-1999.54492709
-2001.57798645
-2004.24405562
-2007.40182762
-2009.62551872
-2011.57280558
-2014.27055316
-2017.35799994
-2019.10605524
-2022.04085209
-2023.92059976
-2026.37490250
-2035.05395290
-2039.15966091
-2042.14042137
-2046.26663817
-2048.97171265
-2053.07182220
-2056.10013010
-2058.45015358
-2061.61188450
-2064.22490937
-2067.45836414
-2070.66561532
-2074.38069601
-2076.94858200
-2081.73951577
-2085.56143239
-2089.34527781
-2098.18760822
-2107.46547131
-2111.16076057
-2114.33735964
-2117.80230221
-2121.55160124
-2125.00192377
-2128.51006147
-2131.25320048
-2134.32517321
-2141.74660227
-2144.22150999
-2146.50432130
-2148.70270135
-2150.55824447
-2151.78380334
-2152.88783324
-2154.57956420
-2157.12061862
-2165.05263498
-2168.40722858
-2170.24540446
-2172.76611873
-2174.82855681
-2177.05272904
-2178.86570508
-2181.52763413
-2183.35375011
-2185.56562431
-2187.95444317
-2190.02956764
-2191.53940355
-2192.84231567
-2194.34711169
-2195.65796946
-2196.90655773
-2202.88588196
-2203.80934550
-2204.82764523
-2205.88172794
-2206.78765099
-2207.62760076
-2208.44736259
-2209.28046936
-2210.08274410
-2210.99490237
-2211.76685208
-2212.67308839
-2213.56107312
-2214.46417965
-2215.51565484
-2216.37013683
-2217.32693267
-2218.27265508
-2219.29270057
-2220.20945784
-2225.98600907
-2226.92241115
-2228.69488386
-2229.77075403
-2231.72945223
-2233.40397044
-2236.14220665
-2238.60349730
-2244.48713876
-2245.51282602
-2254.22495744
-2255.29392621
-2256.51016464
-2257.95613728
-2259.39585558
-2260.56590902
-2262.10315710
-2263.28044911
-2264.79488354
-2266.07829927
-2267.57901221
-2269.19230729
-2270.86688069
-2272.89128043
-2274.90151552
-2277.09328613
-2279.38936158
-2281.57514524
-2283.33611910
-2284.55608886
-2286.65158898
-2288.45087253
-2290.90526390
-2292.69035222
-2295.04022750
-2297.44091547
-2299.12078148
-2302.07886187
-2303.82754598
-2306.09675392
-2310.88800712
-2316.60358885
-2318.40992539
-2320.15824635
-2321.42195675
-2327.15593371
-2328.48409128
-2330.14613743
-2331.80395831
-2333.67928275
-2335.43416362
-2338.06209885
-2340.08201431
-2341.91280303
-2345.07267967
-2347.54270856
-2349.22267296
-2352.12231221
-2355.27096333
-2358.03148096
-2359.79003801
-2362.13503667
-2363.80951828
-2367.06897212
-2368.70793524
-2370.12740840
-2371.79158097
-2372.91992335
-2374.61127113
-2376.49389599
-2378.97421006
-2382.10920977
-2384.61352576
-2386.15643764
-2400.38288274
-2401.76564902
-2403.02040936
-2405.75720264
-2408.81158665
-2412.30786996
-2414.15782162
-2417.16230518
-2418.98045402
-2421.64871244
-2424.56756082
-2426.81809227
-2429.44825010
-2432.10137095
-2435.94997211
-2438.24850460
-2441.30174061
-2443.43597953
-2445.93270944
-2448.54802310
-2451.65861405
-2454.50399372
-2456.40995335
-2458.87639586
-2461.87242562
-2463.96676626
-2467.07722169
-2470.27710334
-2473.31852104
-2476.64969380
-2478.39565469
-2481.19986870
-2482.41464309
-2484.59250274
-2488.86795929
-2490.58871940
-2494.15800331
-2497.22355307
-2500.12626890
-2503.82104022
-2505.85159369
-2510.46234154
-2511.94240683
-2517.01135388
-2521.94943495
-2523.79873491
-2525.43642605
-2528.46526217
-2532.35208267
-2533.74397021
-2535.33044229
-2538.14296080
-2541.76517276
-2544.53970884
-2547.36075712
-2550.75261455
-2553.04132271
-2555.55565080
-2559.10741883
-2561.87570609
-2565.84564686
-2568.64557128
-2571.27081926
-2573.89056601
-2578.04644425
-2580.68081303
-2582.71537748
-2585.23861259
-2588.96738429
-2592.09566831
-2595.32933789
-2599.59820209
-2603.22759214
-2606.22591880
-2607.69388452
-2611.00860788
-2611.94215658
-2614.77985800
-2616.75987183
-2619.30610518
-2624.30742998
-2625.43255914
-2627.96671888
-2631.75891046
-2634.63089321
-2638.75002093
-2641.25980864
-2646.26278649
-2651.49478967
-2656.76749846
-2659.82074014
-2662.82793844
-2667.31806382
-2671.38711139
-2675.71582220
-2679.90097827
-2686.33038473
-2707.69373745
-2713.47531632
-2718.65108268
-2721.75609654
-2723.93365551
-2727.88990652
-2731.86709780
-2736.44334112
-2739.48766779
-2743.57181277
-2748.83531588
-2754.13371444
-2758.66137602
-2763.40059689
-2768.38183112
-2773.28818188
-2778.00072464
-2780.96316904
-2785.91579579
-2790.96824018
-2796.09578251
-2800.62016677
-2806.13437718
-2808.58216856
-2811.68818610
-2814.33368976
-2819.19423648
-2824.24516243
-2828.21197778
-2832.98271744
-2833.43263300
-2833.73414182
-2837.19280438
-2837.25845030
-2837.26015046
-2838.24944779
-2838.47179209
-2839.73734722
-2839.65604830
-2840.42612923
-2841.73756572
-2843.14617597
-2843.83313073
-2844.92600024
-2846.65555391
-2849.19772093
-2851.33119388
-2853.25909158
-2855.81510296
-2857.82554674
-2859.06856209
-2859.83080834
-2862.64856771
-2862.66927705
-2865.71052927
-2867.69800967
-2871.28812942
-2874.40947106
-2874.62719296
-2874.01385421
-2875.56535694
-2875.85806064
-2880.07551256
-2884.70214077
-2889.13722860
-2891.29275456
-2895.66157462
-2898.47442228
-2900.00463258
-2899.51571969
-2901.27374166
-2903.64683153
-2905.01354500
-2905.08083620
-2907.35023121
-2907.77763370
-2908.78333525
-2909.61398808
-2913.09661156
-2915.69007177
-2918.83644049
-2920.88419675
-2924.11166949
-2928.84294359
-2934.46411805
-2939.47449283
-2943.18637863
-2956.89275164
-2957.51101298
-2962.18338094
-2974.78636299
-2978.09330210
-2982.21047547
-2984.96066878
-2984.78881317
-2990.50203237
-2994.43893465
-2995.63587451
-2997.37153108
-3000.76708771
-3004.39704244
-3009.59140548
-3011.45251974
-3013.83522635
-3013.73631762
-3019.72555827
-3021.96884874
-3029.00799229
-3029.05147944
-3036.17190104
-3038.25630643
-3042.39994433
-3048.35549713
-3052.02158955
-3052.02974427
-3052.35304241
-3066.20806921
-3070.24222498
-3071.82000813
-3076.05491573
-3079.13923666
-3081.88869075
-3084.85745370
-3087.57737522
-3090.67244470
-3093.61821411
-3096.47625975
-3095.91379333
-3098.18520369
-3100.26901649
-3102.37020621
-3104.83186494
-3106.64099915
-3108.54552347
-3110.79075642
-3112.52353519
-3113.88593299
-3114.88709747
-3116.06810649
-3117.03397553
-3117.81084146
-3118.85649743
-3119.52749102
-3120.16598106
-3120.63079292
-3121.02719452
-3123.16295693
-3125.86042785
-3128.18833156
-3130.50095170
-3133.05445232
-3134.91284557
-3136.27837211
-3138.07970117
-3139.72869898
-3139.88716085
-3140.02729656
-3140.16054802
-3140.27570417
-3140.40403516
-3140.51149832
-3140.85789012
-3141.16162798
-3141.35824608
-3141.51017505
-3141.66692993
-3141.80061209
-3141.90658901
-3142.08169033
-3142.36800769
-3142.47469414
-3142.73733943
-3142.96810201
-3143.27933798
-3143.59895930
-3144.01988852
-3169.78751582
-3170.01181407
-3170.34463891
-3170.77671180
-3171.17284546
-3171.43488194
-3172.06992641
-3172.37517072
-3172.93202514
-3173.40399280
-3174.12139119
-3174.47249046
-3175.08639579
-3175.75982458
-3176.32509072
-3176.95659597
-3177.44814054
-3178.15458562
-3178.64819363
-3179.38701900
-3180.23678879
-3181.05104863
-3182.31806064
-3183.37773094
-3184.85778817
-3185.02417637
-3186.31257275
-3186.55719545
-3187.36572651
-3187.76073527
-3188.63032539
-3189.18702333
-3190.92500006
-3191.76085699
-3192.31887992
-3194.14154789
-3195.93585717
-3196.03054601
-3198.28976953
-3200.41363717
-3203.00117929
-3203.39223666
-3203.98637427
-3205.75820180
-3207.86611828
-3208.42996158
-3209.52087947
-3227.38361716
-3227.88561877
-3228.29782390
-3229.78014238
-3230.43903171
-3231.22048737
-3231.66374692
-3232.38137809
-3233.13230045
-3235.54961641
-3237.97638881
-3239.11385763
-3239.58996587
-3242.46437944
-3242.96465503
-3245.22496436
-3246.78589242
-3247.56963766
-3249.80784687
-3251.53637437
-3252.63169345
-3255.68100123
-3256.96804575
-3259.36707098
-3260.37386238
-3261.23612086
-3263.09339980
-3263.78653520
-3266.15275793
-3268.99463661
-3271.17052739
-3272.10640400
-3274.96540742
-3277.17660242
-3279.64730955
-3280.86807115
-3283.23073090
-3286.16624150
-3288.04051481
-3290.95874855
-3293.29735076
-3294.23942679
-3295.15436159
-3296.64059512
-3298.34197107
-3300.46059839
-3310.04920108
-3311.65061599
-3312.92228200
-3313.64823815
-3314.22617232
-3314.72008096
-3315.17361473
-3315.62792636
-3316.10775317
-3316.52362099
-3316.95727361
-3317.35611876
-3327.17055258
-3327.60120185
-3328.02478243
-3328.48518927
-3328.92935005
-3329.40000751
-3329.85272923
-3330.28586508
-3330.76344573
-3331.37696691
-3331.86074809
-3332.48529080
-3333.15048704
-3344.33334533
-3344.83200218
-3345.55693610
-3346.24923153
-3346.77691104
-3347.72535457
-3348.48161730
-3349.00523545
-3349.49160538
-3350.18889478
-3350.68322364
-3351.17029141
-3352.15543327
-3361.59930515
-3362.61205258
-3372.62962324
-3373.83062974
-3374.33699744
-3375.60666408
-3376.13438658
-3376.74118370
-3377.80747331
-3378.68099654
-3379.31859035
-3380.46365167
-3380.99774453
-3381.88534583
-3383.17855841
-3383.82166084
-3385.18960816
-3386.50703466
-3386.92864783
-3388.18044654
-3389.64764048
-3391.05354097
-3392.26147826
-3393.55095288
-3395.29305304
-3396.54884466
-3397.10403816
-3397.86823222
-3399.01866089
-3399.59254422
-3400.62137224
-3401.08638365
-3401.72505941
-3403.80894332
-3405.12716719
-3405.73225327
-3406.06845277
-3407.60065777
-3408.04196850
-3408.51844325
-3409.19303183
-3409.77002110
-3410.40986873
-3410.98369768
-3411.80936521
-3412.48389723
-3413.14429693
-3413.64529476
-3414.18899599
-3414.69318799
-3415.45668070
-3416.03748357
-3416.47786683
-3417.09179156
-3419.59060672
-3421.60158631
-3422.11643727
-3422.60723468
-3423.55030001
-3424.43466502
-3425.25576862
-3425.74686427
-3426.20417522
-3426.63347652
-3427.05217367
-3427.47126583
-3427.90150526
-3428.33426600
-3428.80930049
-3429.29013611
-3429.78380470
-3430.25808137
-3430.76487034
-3431.26841152
-3431.78008672
-3432.31341747
-3432.76570110
-3433.28790279
-3433.84783370
-3434.39507210
-3434.94556487
-3435.51071265
-3436.08221341
-3436.67731469
-3437.32037440
-3437.92900068
-3438.52049887
-3439.15999349
-3439.95393436
-3440.56628276
-3441.20183403
-3442.19782167
-3442.81735404
-3443.47014069
-3444.09963659
-3444.75935522
-3445.41344378
-3446.05924294
-3446.71469899
-3447.47475554
-3448.23455802
-3449.03725383
-3449.69955132
-3450.37163995
-3451.16561329
-3451.92571032
-3452.64505952
-3453.37122822
-3454.05502019
-3454.76180417
-3455.47837203
-3456.19073628
-3456.93669801
-3457.71429646
-3458.62176272
-3459.41063728
-3460.14714609
-3460.84540726
-3461.54718977
-3462.17707385
-3462.78775363
-3463.48133060
-3464.34823760
-3465.29730497
-3466.11482833
-3467.37121866
-3468.79963142
-3470.32443541
-3471.69169660
-3472.96742487
-3473.70351338
-3474.85832829
-3476.10063331
-3477.25394379
-3478.80815832
-3480.22463535
-3482.01868567
-3483.15766387
-3484.59385406
-3486.33175421
-3487.68956813
-3489.23757818
-3490.64552810
-3496.37946910
-3497.48407985
-3498.14871672
-3498.79635436
-3499.34232564
-3505.33562126
-3506.77586905
-3508.26648429
-3509.97868833
-3511.61636381
-3513.30017512
-3514.70250487
-3516.19273621
-3517.90571702
-3519.66981123
-3521.41705190
-3523.22663741
-3524.76114553
-3526.61126722
-3528.42583636
-3529.96222537
-3531.34113100
-3532.22387826
-3532.76242525
-3533.18832028
-3533.87806232
-3534.28236501
-3534.71238975
-3535.14327714
-3535.60502985
-3536.00496581
-3536.40690233
-3536.81200579
-3537.22298173
-3537.60318767
-3537.99232468
-3538.47227326
-3538.88761402
-3539.30650868
-3539.68513343
-3540.06842770
-3540.48566321
-3540.97124180
-3541.36477171
-3542.09200391
-3542.47604236
-3542.84777476
-3543.21830384
-3543.60949622
-3543.97713309
-3544.35206524
-3544.71523294
-3545.45629114
-3546.78935015
-3547.68629605
-3548.24805154
-3548.60624088
-3549.13752895
-3549.50344612
-3549.86955918
-3550.27358299
-3550.71741610
-3551.09685172
-3551.57396543
-3552.08734707
-3552.46879324
-3552.87337959
-3553.27486817
-3553.63099718
-3553.99335484
-3554.60349910
-3555.86138838
-3557.14264967
-3558.36186402
-3559.55562509
-3559.91058535
-3560.26162256
-3560.61728783
-3560.99980623
-3561.40789239
-3566.85859429
-3567.23510248
-3567.60636553
-3568.01681456
-3568.42175569
-3568.78504117
-3569.16222439
-3574.36511320
-3574.78632419
-3575.22246985
-3575.57925412
-3575.93445332
-3576.26715395
-3576.59280407
-3581.59706074
-3581.91752689
-3582.22515268
-3582.54146296
-3582.83598584
-3583.14120649
-3583.44133389
-3583.73574599
-3584.01390361
-3584.30900191
-3584.59170166
-3584.86864379
-3585.14847115
-3585.42256176
-3585.70378255
-3585.98757412
-3586.35082850
-3586.99425045
-3587.32222952
-3587.58781124
-3587.82666813
-3588.03791278
-3588.26127870
-3588.47125885
-3588.66987895
-3588.85683759
-3589.04620160
-3589.22503569
-3589.39667934
-3589.57612200
-3589.75751571
-3589.93979061
-3590.12163260
-3590.87900343
-3591.68132771
-3592.53259515
-3593.41096785
-3593.57584265
-3594.54492127
-3595.38046670
-3596.30305852
-3597.08845792
-3597.88887814
-3598.06826861
-3598.86819471
-3599.83940548
-3600.43401289
-3605.89436703
-3606.07249388
-3606.24888381
-3606.42348636
-3606.58667847
-3606.74719961
-3606.90725405
-3607.05877785
-3607.21540032
-3612.43556211
-3612.59874354
-3612.75130805
-3612.90154500
-3613.05316097
-3613.19994235
-3613.34213328
-3613.49373488
-3613.62423493
-3613.80148957
-3614.47363671
-3615.37967735
-3615.92974401
-3616.70241892
-3617.67412291
-3618.66274721
-3618.78714018
-3618.90382459
-3619.01185883
-3619.12300106
-3619.23128260
-3619.76906554
-3619.87995114
-3619.97627170
-3620.08058231
-3620.17800471
-3625.09144627
-3626.18697846
-3627.38918020
-3628.49717275
-3629.58732084
-3630.76897055
-3631.55758921
-3631.63014142
-3631.69462714
-3636.43044318
-3636.48097716
-3637.61397069
-3638.83005899
-3639.30455318
-3639.33993609
-3640.25874128
-3641.29148912
-3641.30950448
-3641.31932905
-3641.34625544
-3641.35712652
-3641.35901780
-3641.35336776
-3641.35566629
-3642.34800380
-3643.47432933
-3644.71143954
-3645.72586529
-3646.93646586
-3648.24815122
-3649.49758617
-3650.71269130
-3651.90621302
-3652.89988654
-3653.05438682
-3654.07206701
-3655.31898589
-3656.53694632
-3656.97162466
-3656.95798444
-3656.94461353
-3656.94067039
-3657.32828205
-3658.75189191
-3659.92236908
-3661.03821165
-3661.05371054
-3661.08610483
-3661.09851000
-3662.31241382
-3663.61752261
-3664.87082417
-3664.89454643
-3664.95736598
-3664.98694196
-3665.02493497
-3665.07123769
-3666.25279393
-3666.29713625
-3667.57147218
-3667.80126152
-3669.02579476
-3669.08002187
-3669.13719192
-3669.18601627
-3669.25051554
-3669.31271710
-3669.36765415
-3669.46871814
-3669.57222868
-3669.65750031
-3669.72957445
-3669.80535791
-3669.91041869
-3670.01681013
-3670.11083475
-3670.22059348
-3670.33729523
-3670.46422783
-3670.60953112
-3670.74949398
-3670.90138701
-3671.06806352
-3671.23507918
-3671.39691753
-3671.56472920
-3671.73720732
-3671.92164253
-3672.11746012
-3672.30704886
-3672.54435944
-3672.74579995
-3672.94656465
-3673.16308523
-3673.38579626
-3673.63255979
-3673.91054991
-3674.20610959
-3674.55042315
-3674.87990915
-3675.21909579
-3675.49316647
-3675.72936272
-3675.93379100
-3676.10187757
-3676.29191135
-3676.53555811
-3676.73083469
-3676.98002304
-3677.19816031
-3677.39339379
-3677.61810273
-3677.88809284
-3678.20023845
-3678.60353727
-3678.94407397
-3679.31845410
-3679.73349537
-3680.18264935
-3680.60609533
-3681.00048411
-3681.43355141
-3681.84679087
-3682.28070429
-3682.69463702
-3683.10563803
-3683.62097757
-3684.10942553
-3684.57614309
-3685.12791155
-3685.67659612
-3686.18324853
-3686.71616466
-3687.23306686
-3687.70271557
-3688.21681989
-3688.76768521
-3689.30826054
-3689.79664947
-3690.25122827
-3690.68540496
-3691.13181465
-3691.69243562
-3692.26873257
-3692.87234980
-3693.44372723
-3693.91829169
-3694.35174980
-3694.78886253
-3695.34798509
-3695.87487813
-3696.45302665
-3697.10994251
-3697.74977717
-3698.29086303
-3698.80346758
-3699.30441349
-3699.83891967
-3700.41058036
-3701.00606637
-3701.64833863
-3702.32257090
-3703.01493377
-3703.68453847
-3704.25117324
-3704.79216565
-3705.19303079
-3705.62690392
-3706.06052034
-3706.52568831
-3706.98108744
-3707.34015610
-3707.66701168
-3708.00149877
-3708.38730979
-3708.84644402
-3709.34319209
-3709.83963875
-3710.26424559
-3710.72639437
-3711.09308923
-3711.50768254
-3711.81648965
-3712.06751316
-3712.46312840
-3712.86770216
-3713.14775602
-3713.48282792
-3713.96591516
-3714.46665499
-3714.98649819
-3715.48931606
-3716.01309099
-3716.39058488
-3716.72218261
-3717.01096800
-3717.25975509
-3717.52853045
-3717.85068650
-3718.02148004
-3718.16233442
-3718.28232681
-3718.39192158
-3718.53252671
-3718.72044926
-3718.92322158
-3719.21135170
-3719.46218299
-3719.60737620
-3719.75929399
-3719.90287291
-3720.05149736
-3720.20715630
-3720.41173097
-3720.54803236
-3720.69485343
-3720.92945133
-3721.18617130
-3721.26948739
-3721.39045527
-3721.64816674
-3721.82413685
-3721.97190266
-3722.22167707
-3722.67752367
-3723.10064635
-3723.58080860
-3724.19887629
-3724.72578011
-3724.82939725
-3725.44555903
-3725.88032821
-3726.16061275
-3726.39396541
-3726.43220081
-3726.46051671
-3726.79252386
-3726.88454488
-3727.09350042
-3727.41614610
-3727.61704667
-3727.82872421
-3728.13856996
-3728.56389000
-3728.78804199
-3729.15217799
-3729.47107890
-3729.76128215
-3730.02738329
-3730.42484110
-3730.66730339
-3730.95044549
-3731.22636476
-3731.46247673
-3731.78699169
-3732.02274143
-3732.36585043
-3732.58340725
-3732.87144806
-3733.25545100
-3733.48287740
-3733.76618010
-3734.07805696
-3734.34038961
-3734.57123768
-3734.95758103
-3735.16377244
-3735.34245991
-3735.34502254
-3735.59031344
-3735.74030487
-3735.74856361
-3735.79441096
-3735.95096620
-3736.04303727
-3736.46650376
-3736.92327073
-3737.31918136
-3737.51576961
-3737.95424578
-3738.26718888
-3738.61224387
-3739.03075724
-3739.22497521
-3739.46368920
-3739.58678216
-3739.80756239
-3739.88196132
-3740.01656487
-3740.39959762
-3740.70272576
-3740.92006270
-3740.93740835
-3741.00000129
-3741.10054520
-3741.12469003
-3741.12943729
-3741.18202995
-3741.23549831
-3741.27748809
-3741.26420643
-3741.24159591
-3741.21031756
-3741.18679119
-3741.16101922
-3741.14264986
-3741.11238646
-3741.08062284
-3741.05511684
-3741.01795804
-3740.98579347
-3740.93454168
-3740.89493163
-3740.84954974
-3740.79293967
-3740.73347631
-3740.66458235
-3740.60356236
-3744.22956889
-3744.16802407
-3744.10489728
-3744.02847686
-3743.96483430
-3743.87948894
-3743.80005235
-3743.79360194
-3743.85613725
-3743.85120045
-3743.79967197
-3743.74583187
-3743.67439000
-3743.60077352
-3743.52513858
-3743.44697201
-3743.38837957
-3743.36166734
-3743.29510900
-3743.24527255
-3743.15721427
-3743.06212555
-3742.98218106
-3742.89123222
-3742.79776735
-3742.71982908
-3742.63258810
-3742.54479961
-3742.45568966
-3742.39027078
-3742.30814769
-3742.22020674
-3742.11532267
-3742.00789726
-3741.90497151
-3741.80166059
-3741.69105210
-3741.58602510
-3741.48889641
-3741.37251432
-3741.25463550
-3741.14076137
-3741.02150042
-3740.91002803
-3740.79869596
-3740.70097489
-3740.58298083
-3740.48284601
-3740.36020774
-3740.25204981
-3740.14655433
-3740.03875701
-3739.94529640
-3739.81545478
-3739.67218512
-3739.54774328
-3739.40404078
-3739.28761737
-3739.15900996
-3739.02350119
-3738.86635902
-3738.69472714
-3738.51631263
-3738.34069352
-3738.17741013
-3738.00098108
-3737.82543700
-3737.64922385
-3737.48451682
-3737.31325800
-3737.14597397
-3736.98580327
-3736.82595486
-3736.65865039
-3736.48291449
-3736.31508206
-3736.14329749
-3735.97747120
-3735.79900019
-3735.61672665
-3735.43122979
-3735.25751063
-3735.07523331
-3734.87233185
-3734.69236457
-3734.51987183
-3734.31008026
-3734.10245836
-3733.89137601
-3733.66529428
-3733.43347810
-3733.19087597
-3732.94066775
-3732.68613158
-3732.42763776
-3732.15950573
-3731.88834737
-3731.64582828
-3731.39170133
-3731.10551253
-3730.82635901
-3730.53025487
-3730.24733989
-3729.97528564
-3729.72574906
-3729.46186933
-3729.22657221
-3728.95769163
-3728.72835866
-3728.44577305
-3728.13564887
-3727.84819147
-3727.57557222
-3727.31267548
-3727.01559115
-3726.71360178
-3726.40950664
-3726.13102952
-3725.90234224
-3725.68117986
-3725.43676848
-3725.18818441
-3724.89499028
-3724.62356362
-3724.39154476
-3724.14200883
-3723.86577389
-3723.62686493
-3723.38193312
-3723.10689912
-3722.84297842
-3722.58415179
-3722.31031753
-3722.04438115
-3721.78400824
-3721.52654479
-3721.27086072
-3721.02780894
-3720.75673832
-3720.49318831
-3720.19625120
-3719.87664767
-3719.56824308
-3719.36176927
-3719.12176245
-3718.92723616
-3718.60512888
-3718.38060422
-3718.19918432
-3717.84418312
-3717.56049623
-3717.35493456
-3717.03742573
-3716.81152183
-3716.52313684
-3716.32266441
-3716.17010026
-3715.92163465
-3715.71445692
-3715.50336464
-3715.33311444
-3715.16026615
-3714.94996206
-3714.73809046
-3714.51224226
-3714.39451347
-3714.20093470
-3714.00052326
-3713.71331050
-3713.59998827
-3713.47601508
-3713.36805144
-3713.14770954
-3713.03143685
-3712.86475514
-3712.69750629
-3712.48790045
-3712.33977526
-3712.15733399
-3712.08653788
-3712.06821820
-3712.03061554
-3711.98770217
-3711.93511814
-3711.90057932
-3711.73700444
-3711.59539035
-3711.55456592
-3711.57089712
-3711.58008059
-3711.59232892
-3711.52295755
-3711.38700872
-3711.39242553
-3711.26517763
-3711.22812094
-3711.43861904
-3711.31567911
-3711.25402850
-3711.27694942
-3711.24581897
-3711.16966382
-3711.12072727
-3711.13646267
-3711.12475534
-3711.07986472
-3711.06384031
-3711.18884394
-3711.14940416
-3711.15331816
-3711.16923981
-3711.20175666
-3711.44206556
-3711.76538191
-3712.06742101
-3712.01456758
-3711.92843621
-3711.87899399
-3712.37707078
-3712.40538238
-3712.52390290
-3712.75668388
-3712.78949369
-3712.88751549
-3713.00144876
-3713.36112522
-3713.78284817
-3714.04258602
-3714.21265318
-3714.62567609
-3714.64328258
-3714.82513789
-3715.47585968
-3715.49182870
-3716.22808765
-3716.15274820
-3716.05164195
-3715.95180398
-3716.49124055
-3716.40626393
-3716.51476912
-3716.89894662
-3717.22287679
-3717.51750386
-3717.81818928
-3718.13534125
-3718.40809415
-3718.77409673
-3719.09556492
-3719.35263245
-3719.75773390
-3720.13142787
-3720.36846008
-3720.70734600
-3721.11752453
-3721.31845597
-3721.58026228
-3721.86417056
-3722.28251274
-3722.54539392
-3722.81212764
-3723.07681202
-3723.58572381
-3723.81082939
-3724.16164149
-3724.35912552
-3724.52304590
-3724.68122550
-3724.82410057
-3724.95538154
-3725.07421984
-3725.17728385
-3725.28365451
-3725.37080409
-3725.37088585
-3725.79517695
-3726.22536739
-3726.29790000
-3726.22314252
-3726.49293262
-3727.06646482
-3727.61031098
-3727.67190846
-3728.43471689
-3728.39878925
-3728.46302764
-3728.39959460
-3728.82741259
-3729.15072821
-3729.59512309
-3729.62562084
-3730.00929508
-3730.78822615
-3730.81812216
-3730.84876112
-3731.06533641
-3731.17414043
-3731.33827279
-3731.62624381
-3731.86226609
-3732.20526733
-3732.51074399
-3732.96527234
-3733.55329286
-3734.13452510
-3734.52940838
-3734.55983598
-3735.07878428
-3735.28403648
-3735.38569884
-3735.60912217
-3735.89865709
-3736.25197369
-3736.52927420
-3736.80416997
-3737.01622442
-3737.22173071
-3737.26050543
-3737.43827088
-3737.58479617
-3737.63234452
-3737.95142098
-3738.00440612
-3738.06188717
-3738.11521745
-3738.23616697
-3738.35310408
-3738.40608421
-3738.46292134
-3738.52104364
-3738.57538844
-3738.62355809
-3738.67544881
-3739.05037755
-3739.10869733
-3739.17106580
-3739.24513687
-3739.31932593
-3739.38663957
-3739.57034417
-3739.70253456
-3739.76681172
-3739.83583005
-3739.95755586
-3739.99722078
-3740.23528062
-3740.25838975
-3740.32474485
-3740.34572396
-3740.41742946
-3740.68785871
-3740.98972796
-3741.06003731
-3741.08856822
-3741.28161769
-3741.35933063
-3741.64462154
-3741.68420354
-3741.92674242
-3741.92252720
-3741.97763650
-3742.26991438
-3742.55181830
-3742.61911294
-3742.88105116
-3743.35485106
-3743.32840106
-3743.57892635
-3743.52147748
-3743.46481366
-3743.66142168
-3743.77988148
-3743.97514902
-3744.02392208
-3744.32837827
-3744.38853750
-3744.90836859
-3744.89922956
-3745.04788134
-3745.51145140
-3745.88528075
-3746.37701811
-3746.55172435
-3746.88858452
-3746.87581562
-3746.86107155
-3746.84353181
-3746.81547009
-3746.78524089
-3746.77427887
-3746.75719202
-3746.72575285
-3746.69725148
-3746.67323074
-3746.64525746
-3746.62874608
-3746.60969388
-3746.68976472
-3746.66799646
-3746.64082079
-3746.61609550
-3746.58542365
-3746.67784306
-3746.64929278
-3746.62095733
-3746.70303871
-3746.67310369
-3746.64281134
-3746.86606981
-3746.83751570
-3746.81633198
-3746.78888077
-3746.75398851
-3746.71105521
-3746.68339820
-3746.65875119
-3746.63037118
-3746.75292506
-3746.72961588
-3746.70680440
-3746.67092140
-3746.64055824
-3746.60486044
-3746.56323096
-3746.52591432
-3746.48662047
-3746.44794758
-3746.39993956
-3746.35045131
-3746.30157825
-3746.19954204
-3746.14648799
-3746.09315831
-3746.03704199
-3745.98171470
-3745.93312633
-3745.88194750
-3745.83248455
-3745.78443427
-3745.73101309
-3745.68447530
-3745.65346434
-3745.59787542
-3745.54898275
-3745.50558313
-3745.46582120
-3745.42273323
-3745.38631961
-3745.33180387
-3745.28151185
-3745.24072067
-3745.21691872
-3745.16342332
-3745.14763294
-3745.10151383
-3745.11488101
-3745.11643927
-3745.10867323
-3745.07819251
-3745.09848289
-3745.12522909
-3745.13566858
-3745.16342482
-3745.12427579
-3745.18549613
-3745.21827847
-3745.27608129
-3745.35110941
-3745.43109836
-3745.41796852
-3745.48477577
-3745.52086283
-3745.60004483
-3748.58535647
-3750.47716698
-3750.47174044
-3750.61184793
-3750.59479449
-3750.59115850
-3752.79582443
-3752.81966038
-3752.89699146
-3752.97289736
-3753.13676524
-3753.27330086
-3753.45063139
-3753.53391372
-3753.70238760
-3753.82397084
-3753.99715484
-3754.18738295
-3754.35953166
-3754.53839182
-3754.76690432
-3755.07608034
-3755.28889224
-3755.67000891
-3755.74532369
-3756.15690935
-3756.36876987
-3756.66375069
-3757.08166181
-3757.07871084
-3757.25033778
-3757.66849521
-3757.87231076
-3757.97370841
-3758.37503100
-3758.70720678
-3758.70928415
-3758.78633911
-3759.06848547
-3759.71821712
-3760.04912113
-3760.52871141
-3761.03986108
-3761.42065564
-3761.92795001
-3761.87167002
-3762.23165829
-3762.81299508
-3763.27789543
-3763.56061089
-3763.49324069
-3763.97127410
-3764.07350752
-3764.32772597
-3764.56833167
-3765.17320077
-3765.38249357
-3765.69587782
-3766.28576570
-3766.88317616
-3767.38403920
-3767.80375864
-3768.07526318
-3768.56015204
-3769.08569381
-3769.52685268
-3770.04518756
-3770.41704244
-3770.93610085
-3771.38385088
-3771.69656725
-3771.92808625
-3772.30557055
-3772.76868818
-3773.41788998
-3774.03560444
-3774.52545235
-3775.14703905
-3775.47679543
-3776.07314444
-3776.76089724
-3777.26836809
-3777.93458669
-3778.45643854
-3778.99980603
-3779.68008742
-3780.11633159
-3780.73394559
-3781.02915265
-3781.57793436
-3782.21023794
-3782.80448302
-3783.40359678
-3784.00381139
-3784.40633754
-3784.98872359
-3785.34238646
-3785.86427289
-3786.42040148
-3787.01238376
-3787.49530372
-3788.07974452
-3788.65431857
-3789.13184167
-3789.57744047
-3790.03720696
-3790.51886989
-3791.03385168
-3791.55270812
-3792.10647836
-3792.65785112
-3793.19681441
-3793.75287440
-3794.28466118
-3794.72121490
-3795.29624425
-3795.65950424
-3796.15824190
-3796.56725489
-3797.19171098
-3797.79877954
-3798.34364249
-3798.65930365
-3799.20625992
-3799.79009789
-3800.25118274
-3800.84858202
-3801.36346322
-3801.85866353
-3802.27590408
-3802.70892240
-3803.13694156
-3803.70290283
-3804.27017965
-3804.70546701
-3805.02330973
-3805.57280034
-3806.02721223
-3806.62452461
-3807.20302294
-3807.77545152
-3808.33213324
-3808.63656486
-3809.22956465
-3809.51175586
-3809.88884196
-3810.17915932
-3810.51514681
-3811.09556133
-3811.52608148
-3812.01317850
-3812.32749245
-3812.62766979
-3813.01080517
-3813.30594739
-3813.78952038
-3814.27850056
-3814.58373100
-3814.97843701
-3815.30929206
-3815.70222207
-3816.07052715
-3816.43198497
-3816.83443801
-3817.19889517
-3817.58548147
-3817.93206699
-3818.29773507
-3818.66306809
-3819.06155034
-3819.44587120
-3819.82825290
-3820.22846552
-3820.61422110
-3820.93322768
-3821.27526657
-3821.61947091
-3821.97239414
-3822.34100626
-3822.81134688
-3823.29290925
-3823.61866919
-3824.14730823
-3824.49297960
-3824.83737702
-3825.29649449
-3825.66607593
-3836.64476418
-3836.92990766
-3837.20456780
-3837.47852919
-3837.76809807
-3838.05775938
-3838.33122419
-3838.61293845
-3838.89199913
-3839.17674901
-3839.45871168
-3839.72547609
-3840.00734629
-3840.28893605
-3840.56823934
-3840.92337255
-3841.32101934
-3841.62549897
-3841.98505772
-3842.28963923
-3842.69179847
-3842.99050906
-3843.49000501
-3843.95071493
-3844.47540518
-3844.92593976
-3845.40621602
-3845.91296825
-3846.28477608
-3846.62733692
-3846.87554345
-3847.20337039
-3847.42026135
-3847.62905044
-3847.83717567
-3848.03794885
-3848.23455275
-3848.43249450
-3848.62625573
-3848.83362405
-3849.02667541
-3849.21851952
-3849.39939170
-3849.58121906
-3849.76233980
-3849.94551180
-3850.14661729
-3850.34091923
-3850.51700996
-3850.69998677
-3850.89748918
-3851.09676392
-3851.27992063
-3851.45515387
-3851.60380595
-3851.73566618
-3851.86239226
-3851.98003040
-3852.09143384
-3852.21558445
-3852.34131044
-3852.44643504
-3852.57163428
-3852.69825378
-3852.79977127
-3852.90607489
-3853.00698578
-3853.10878607
-3853.21283656
-3853.49860142
-3853.76714666
-3853.87963219
-3853.97778419
-3854.06467825
-3854.16374146
-3854.24839839
-3854.36722671
-3854.47833583
-3854.60789837
-3854.71876175
-3854.85117237
-3854.95280422
-3855.07256760
-3855.18318845
-3855.31736374
-3855.40949357
-3855.55008191
-3855.64683762
-3855.78699776
-3855.91946651
-3856.05820981
-3856.18858698
-3856.31153765
-3856.40988698
-3856.51404369
-3856.64006020
-3856.73563381
-3856.88247351
-3857.04619084
-3857.17758551
-3857.28451255
-3857.37495876
-3857.49769986
-3857.61391904
-3857.70512259
-3857.80288880
-3857.93830112
-3858.06707548
-3858.15098585
-3858.25679586
-3858.35260766
-3858.45029802
-3858.49070185
-3858.57175455
-3858.70332334
-3858.83765969
-3858.94902424
-3859.03951410
-3859.11428909
-3859.14068652
-3859.24772725
-3859.37250025
-3859.44844492
-3859.57546489
-3859.68655483
-3859.80593165
-3859.89429533
-3860.01789013
-3860.10445494
-3860.19452470
-3860.32351991
-3860.39474441
-3860.46028798
-3860.59559411
-3860.66002983
-3860.80380641
-3860.94309770
-3861.02359251
-3861.13153924
-3861.14901628
-3861.21613580
-3861.34642149
-3861.35028123
-3861.40703558
-3861.44626236
-3861.41791597
-3861.48324432
-3861.48984810
-3861.81687467
-3862.79827902
-3862.99672336
-3863.16619215
-3863.32173056
-3863.38074789
-3863.51055055
-3863.64554556
-3863.74661603
-3863.74439352
-3863.79281422
-3863.90526121
-3863.91044859
-3863.99269940
-3864.06626071
-3864.16154508
-3864.26481781
-3864.36913195
-3864.42342788
-3864.48695686
-3864.52010798
-3864.53380043
-3864.67844805
-3864.73348137
-3864.87292865
-3864.96821219
-3865.04716622
-3865.08678461
-3865.21452001
-3865.33752926
-3865.47308867
-3865.60857014
-3865.72498580
-3865.85636692
-3865.90054178
-3866.00985880
-3866.15883486
-3866.19753910
-3866.23907456
-3866.30093270
-3866.41719091
-3866.52586626
-3866.62801809
-3866.71974241
-3866.81084184
-3866.98561125
-3867.10734105
-3867.34218508
-3867.70196310
-3867.72630456
-3867.77576950
-3867.89321299
-3867.89340370
-3887.44308552
-3887.49611942
-3887.54286346
