-6.53798294
-8.98122740
-8.85135015
-8.43806839
-8.13772020
-7.98039683
-9.27420255
-8.73756922
-9.41886722
-9.79872837
-10.61635989
-11.78591744
-12.17467440
-13.21634293
-12.81245244
-13.39918077
-13.72662769
-14.50506751
-14.07898288
-14.47829082
-15.07952270
-14.94153294
-15.38860895
-15.99492449
-16.47383883
-17.16105580
-17.73999138
-18.53758473
-19.59082862
-20.36916162
-20.40984648
-21.96361811
-22.45308184
-23.13202091
-23.26960538
-23.10347733
-24.10396026
-24.77309253
-25.32605662
-26.55932862
-28.01980364
-28.17420275
-28.38992484
-28.76047166
-29.58888038
-29.84351818
-30.93097075
-31.58317809
-32.65123287
-32.87494931
-32.97403221
-33.23192902
-33.87895661
-35.88046940
-36.24353177
-36.31180958
-36.34350249
-36.99602585
-37.66493378
-38.64624263
-39.68793185
-40.33058792
-42.02236803
-42.46145699
-43.82832804
-44.01640693
-45.29455251
-46.09940622
-46.93727801
-47.54629880
-47.96900825
-48.17881566
-49.52375985
-50.79355047
-51.26306308
-51.51778214
-52.18554998
-53.10031708
-53.35280071
-53.86307872
-54.08271161
-54.47529838
-54.70225895
-55.31399503
-55.50580106
-55.53177881
-55.69640515
-55.93454723
-56.10897611
-56.08269270
-56.57559991
-56.71012910
-56.66239669
-57.35667422
-57.92995696
-58.56378542
-58.58730295
-59.30799821
-59.90450359
-60.11894061
-60.91707772
-60.73292506
-61.41051574
-61.73008298
-62.43842914
-62.60631391
-62.90598492
-63.60376954
-63.76663763
-63.96806310
-64.15314486
-64.97706340
-65.63491236
-66.32509327
-66.97802849
-67.09240797
-67.89756601
-69.07572170
-69.42671904
-70.23720991
-70.32154060
-71.12408581
-71.58094206
-72.28617184
-72.97283986
-73.24341955
-73.44133016
-74.14275284
-75.11127663
-75.43842846
-75.88411557
-76.18781190
-76.70946132
-77.04348819
-77.49120050
-77.87310877
-78.52160752
-79.17077987
-80.01761003
-80.68701419
-81.11759263
-81.39585975
-81.68019671
-82.07176570
-82.55791186
-82.66739468
-83.15770687
-83.24707322
-83.75443490
-84.23227134
-84.65893283
-85.01222090
-85.18749229
-85.67332415
-86.14148113
-86.48546264
-86.80711021
-86.79895938
-87.13658969
-87.16770932
-87.63565041
-87.79558141
-87.73935420
-87.86777307
-88.36911877
-88.35312512
-88.27296696
-88.71044751
-89.08392940
-89.06721525
-89.58346577
-89.77793761
-89.75755333
-89.72607958
-89.76010238
-90.06962257
-90.20479844
-90.34465225
-90.71219334
-91.17397708
-91.17052777
-91.59591710
-91.90398446
-92.37405795
-92.84375925
-93.18833236
-93.56384303
-93.68260547
-93.96403113
-94.38142970
-94.93450270
-95.37002553
-95.83928729
-96.28437181
-96.72429580
-97.09246380
-97.44970941
-97.91902220
-97.97298038
-98.47221704
-98.67918033
-98.91930338
-99.31514226
-99.55469806
-99.61837617
-100.06571210
-100.11935835
-100.19316964
-100.28313016
-100.79211787
-100.85113197
-101.29073749
-101.62183195
-102.12026768
-102.19006987
-102.58435498
-102.65194200
-102.75127422
-103.21738839
-103.64378264
-103.84938834
-103.94083846
-103.98736563
-104.04887793
-104.06596827
-104.22300056
-104.42357220
-104.57837360
-104.93989521
-104.95983719
-105.20863314
-105.25117418
-105.27734311
-105.30518763
-105.34790790
-105.57021698
-105.61359085
-105.95872701
-105.98459256
-106.36148069
-106.70395161
-106.87155855
-106.98593338
-107.14758105
-107.27247487
-107.30399965
-107.65446328
-107.79055772
-107.81160863
-107.83542561
-107.86102253
-108.21517509
-108.23433098
-108.25925489
-108.28209816
-108.31126697
-108.34053521
-108.36219410
-108.56935774
-108.92267645
-109.28982375
-109.36039135
-109.73821013
-109.81550744
-109.83935876
-109.85512131
-109.87720319
-109.88786015
-110.27388432
-110.28573081
-110.51681072
-110.52707939
-110.54886796
-111.01823964
-111.01971767
-111.01899623
-111.02444302
-111.02759781
-111.02630589
-111.02757959
-111.03309008
-111.04458638
-111.46109751
-111.97557378
-112.41172939
-112.76547063
-112.89490430
-113.09964120
-113.09041026
-113.10919167
-113.33195263
-113.41604346
-113.43014478
-113.55070193
-113.55071813
-113.57249315
-113.93484408
-114.29236022
-114.49959764
-114.64722258
-114.63387429
-114.97247755
-115.00157174
-114.98672925
-114.97127436
-114.97870657
-114.99452352
-114.99067808
-114.97947202
-114.96757316
-114.96000736
-114.95882016
-114.94127551
-114.92781318
-114.90975142
-114.95781745
-114.94648423
-114.92651502
-115.25795979
-115.59912725
-115.57817554
-115.55769031
-115.89875005
-115.88133445
-115.98962157
-116.09349569
-116.42397066
-116.73124158
-116.71086084
-116.68561749
-116.66613049
-116.63841133
-116.61630699
-116.58661355
-116.56175882
-116.53251142
-116.50802844
-116.47597875
-116.45663448
-116.63502535
-116.60805121
-116.58388165
-116.56620057
-116.54392811
-116.51824503
-116.48695443
-116.46556923
-116.46239843
-116.71311403
-116.72962652
-117.02858767
-117.35625372
-117.32642400
-117.64585155
-117.83573280
-118.10320006
-118.20558887
-118.16139186
-118.12525773
-118.53044542
-118.69589790
-118.66705277
-118.62624524
-118.64732808
-118.60147618
-118.59325589
-118.73766816
-118.69189947
-119.01239333
-119.19998722
-119.52097623
-119.61416253
-119.59534185
-119.54939724
-119.50345653
-119.45557686
-119.42721578
-119.80384710
-120.17502319
-120.13731363
-120.08526524
-120.03640015
-119.98293178
-120.28085346
-120.36131309
-120.30554892
-120.38401515
-120.33011512
-120.60089738
-120.69825822
-120.64158709
-120.58214546
-120.52532076
-120.47106375
-120.42938080
-120.39914103
-120.36549447
-120.72574624
-120.66586547
-120.62645203
-120.58545554
-120.53059006
-120.47331021
-120.42833140
-120.38602427
-120.37808728
-120.31942766
-120.27816205
-120.21927535
-120.16021361
-120.12189401
-120.05786487
-120.01126568
-119.96140881
-119.91119878
-120.58970804
-120.52956208
-120.86950259
-121.14989876
-121.43805555
-121.66649248
-121.67436902
-121.61356607
-121.73459383
-121.71525910
-121.67152190
-121.63301225
-121.83013811
-122.07990493
-122.04567055
-121.99041979
-121.92798043
-121.86246336
-122.10352205
-122.35659273
-122.28603322
-122.21964451
-122.15907459
-122.09257393
-122.02233518
-121.98910198
-122.32012788
-122.26694498
-122.19858483
-122.14022205
-122.08282579
-122.01584083
-121.94726904
-121.87876471
-121.81213949
-121.78191650
-121.71667152
-121.65536754
-121.58954423
-121.52242481
-121.46988794
-121.42146379
-121.42154459
-121.39202961
-121.36638884
-121.31264948
-121.24639546
-121.18004523
-121.10637333
-121.04389683
-121.01122666
-120.95331551
-120.89625742
-120.84501600
-120.77708033
-120.71359749
-120.67003367
-120.74739711
-120.98937741
-120.92627596
-120.86574601
-120.83950537
-120.78092114
-120.71309564
-120.64692917
-120.62315004
-120.63051759
-120.75709005
-120.69652580
-120.62825884
-120.57575371
-120.54948142
-120.67497240
-120.61219783
-120.56549641
-120.49356176
-120.42499774
-120.35615433
-120.56324477
-120.55980461
-120.56500834
-120.58149675
-120.54611518
-120.47766504
-120.43987342
-120.66596949
-120.63023147
-120.85925383
-121.13463694
-121.07692288
-121.03073712
-121.15250191
-121.12560277
-121.04934937
-120.97377888
-120.91724956
-120.84350759
-120.77244661
-120.71751513
-120.65536468
-120.60897835
-120.54733402
-120.77959035
-120.97545804
-120.92519605
-121.15635769
-121.17370594
-121.09542989
-121.01840497
-120.94180782
-120.94454719
-120.88899656
-120.82430505
-120.75797897
-120.68156891
-120.60636990
-120.52970667
-120.47486239
-120.53052887
-120.48422109
-120.44464996
-120.43456040
-120.43143417
-120.52326840
-120.74451299
-121.09695913
-121.23738764
-121.16824351
-121.08938999
-121.01388634
-120.95322549
-120.87475652
-120.79871107
-120.72007449
-120.69850467
-120.68751540
-120.80215347
-120.73530445
-120.67703541
-120.76653337
-120.87951887
-120.82001845
-120.74148829
-120.87765125
-120.97958406
-121.15509655
-121.10541569
-121.25215170
-121.38721914
-121.33396030
-121.51560140
-121.45068149
-121.38930548
-121.33329256
-121.27581966
-121.21677805
-121.16084881
-121.11639752
-121.08628913
-121.04465055
-120.97216299
-120.89215864
-120.83104404
-120.75019171
-120.66737649
-120.60100696
-120.54734382
-120.49964227
-120.45852639
-120.39404123
-120.32154392
-120.24172553
-120.16232172
-120.08792262
-120.01150494
-119.93269276
-119.90176797
-119.88599772
-119.90178325
-119.85998359
-119.81644929
-119.73983368
-119.66395419
-119.58278827
-119.50317863
-119.43261990
-119.35283377
-119.27072617
-119.19268419
-119.11229970
-119.02741688
-118.95052157
-118.88506950
-118.81568334
-118.73247674
-118.66645325
-118.58564359
-118.55855543
-118.52370374
-118.45434720
-118.38850134
-118.31894159
-118.25180212
-118.16993969
-118.08492875
-118.03834935
-117.95700738
-117.87823334
-117.82046755
-117.77629521
-117.71576060
-117.64537745
-117.58082743
-117.50697895
-117.45680567
-117.38913432
-117.32271224
-117.25351295
-117.18313350
-117.11359011
-117.07875280
-117.00843374
-116.94992039
-116.87606895
-116.81308600
-116.75806310
-116.69734432
-116.63602137
-116.56652868
-116.49143224
-116.41075883
-116.32826819
-116.25936973
-116.18626085
-116.10369925
-116.02072825
-115.95761697
-115.91749810
-115.86703804
-115.80736959
-115.72690751
-115.65128901
-115.58458967
-115.52315518
-115.43974180
-115.36448904
-115.29255669
-115.21712379
-115.13341293
-115.05568231
-114.97970353
-114.89656852
-114.81357313
-114.74303603
-114.66111205
-114.57844397
-114.49698297
-114.43103981
-114.36083302
-114.28443593
-114.20069395
-114.11764404
-114.04635103
-113.97671641
-113.90527425
-113.84654064
-113.78678398
-113.70269800
-113.62910041
-113.55633441
-113.48320935
-113.41117016
-113.34246252
-113.26250514
-113.19334910
-113.12020651
-113.05122555
-112.98987655
-112.91294787
-112.85424943
-112.95330536
-112.87199802
-112.79596195
-112.71373727
-112.66411154
-112.60183024
-112.53727332
-112.45745232
-112.37713401
-112.29465926
-112.21832238
-112.15638261
-112.09625116
-112.04210001
-111.96599777
-111.89086752
-111.80961086
-111.72768511
-111.65124595
-111.58370860
-111.51673076
-111.44586790
-111.37719780
-111.32116136
-111.24000548
-111.17518676
-111.11044055
-111.03114289
-110.96335113
-110.89217248
-110.81872181
-110.73960151
-110.66986763
-110.58910776
-110.53844924
-110.50365808
-110.46321882
-110.40047989
-110.33294441
-110.25425327
-110.17817747
-110.10464993
-110.04768295
-109.96770544
-109.89487134
-109.81817632
-109.75118710
-109.70091140
-109.62491492
-109.54787164
-109.47998757
-109.40201368
-109.33257494
-109.25430966
-109.18836928
-109.12473966
-109.05430685
-108.98236482
-108.91020061
-108.83960310
-108.76260858
-108.69980636
-108.62417076
-108.55162255
-108.48924469
-108.41213824
-108.33508105
-108.26599612
-108.19884762
-108.15016076
-108.09023800
-108.03273644
-107.96152758
-107.88628323
-107.81226551
-107.74261500
-107.67781220
-107.62099411
-107.56159399
-107.49252773
-107.43377536
-107.36139847
-107.29080675
-107.21717755
-107.15308124
-107.09935461
-107.04955591
-107.00244564
-106.94532791
-106.87888002
-106.80686439
-106.73964304
-106.67345495
-106.59931332
-106.53499084
-106.46973143
-106.41303449
-106.35815244
-106.28763039
-106.22232152
-106.14960201
-106.08387321
-106.01858820
-105.96575493
-105.89452131
-105.83611853
-105.78060001
-105.73159562
-105.67699081
-105.62269697
-105.56983321
-105.51235869
-105.44853223
-105.39493907
-105.35097363
-105.30443322
-105.24931800
-105.19262945
-105.12687061
-105.08280840
-105.04575175
-104.99756829
-104.92518237
-104.85696217
-104.95572802
-104.89746076
-104.82873122
-104.76717317
-104.73203731
-104.67817334
-104.62291547
-104.58625153
-104.55409653
-104.49904758
-104.43517990
-104.36052000
-104.30138182
-104.22752814
-104.15650780
-104.08343624
-104.04127926
-103.98597995
-103.93997625
-103.88084185
-103.83274860
-103.76780244
-103.72229707
-103.67907429
-103.61653429
-103.58057964
-103.52445933
-103.47479775
-103.41247761
-103.37873280
-103.33875486
-103.30169384
-103.26834290
-103.23092812
-103.18384716
-103.13565744
-103.10420954
-103.04664175
-102.97462822
-102.90358667
-102.84368094
-102.77261464
-102.70130370
-102.62915210
-102.56394146
-102.51783006
-102.44965487
-102.38030465
-102.31155520
-102.24480377
-102.18049000
-102.11048975
-102.03941421
-101.97081558
-101.92586737
-101.87949392
-101.82832686
-101.75972618
-101.68998549
-101.62362465
-101.57383808
-101.53148620
-101.46786239
-101.39856728
-101.32961045
-101.26800923
-101.20403358
-101.15029204
-101.08443611
-101.01553874
-100.95789365
-100.88823894
-100.83041557
-100.76686984
-100.71646484
-100.65657954
-100.58865467
-100.52937881
-100.49794788
-100.42946363
-100.36036129
-100.30628715
-100.23739513
-100.17242766
-100.11585535
-100.04705874
-99.98732418
-99.91813857
-99.86668724
-99.81043977
-99.76152014
-99.70043995
-99.65220621
-99.59243596
-99.52533350
-99.46713279
-99.40305071
-99.34734841
-99.28091669
-99.22408104
-99.16404030
-99.10950381
-99.05811259
-99.01339972
-98.96053209
-98.91365718
-98.86554790
-98.81354560
-98.74390139
-98.67492402
-98.60620143
-98.53852059
-98.47322822
-98.40840659
-98.35055567
-98.29642467
-98.24019351
-98.19337020
-98.14189568
-98.10361461
-98.06212455
-98.02199691
-97.95553097
-97.88997631
-97.83661030
-97.78370410
-97.72326724
-97.66212169
-97.60931782
-97.54801303
-97.50024134
-97.44062062
-97.37842068
-97.31073465
-97.25773554
-97.20465557
-97.15947007
-97.12412453
-97.10681504
-97.21198015
-97.31604076
-97.30772145
-97.27029393
-97.22030111
-97.17138614
-97.13935138
-97.08870275
-97.02939741
-96.96394854
-96.89837401
-96.83256684
-96.76640146
-96.71138015
-96.64300075
-96.57624471
-96.50837176
-96.43961869
-96.37204738
-96.30459435
-96.23792477
-96.17113896
-96.13642702
-96.08556262
-96.01998627
-95.96383173
-95.89693071
-95.83027870
-95.76492949
-95.70242072
-95.78526938
-95.71926294
-95.65233846
-95.58660907
-95.52056012
-95.45421078
-95.39249027
-95.32586326
-95.25997019
-95.19335517
-95.13365837
-95.06819844
-95.01253869
-94.96314438
-94.91028756
-94.84821049
-94.78491722
-94.72332621
-94.65954045
-94.59887394
-94.69159499
-94.75127092
-94.69525767
-94.63447066
-94.56957576
-94.50406971
-94.44241429
-94.37912184
-94.31901059
-94.27026448
-94.28486591
-94.23151712
-94.16815635
-94.10537531
-94.04344783
-93.98280012
-93.91710505
-93.85321771
-93.79603197
-93.73285149
-93.67399209
-93.61408626
-93.55667261
-93.50021935
-93.43502760
-93.37055038
-93.30876099
-93.24480410
-93.19147628
-93.12667410
-93.06663080
-93.01744089
-92.95265416
-92.89888555
-92.84995033
-92.80562243
-92.89416483
-92.84950224
-92.79203412
-92.73541143
-92.67533726
-92.61665221
-92.55318952
-92.49006306
-92.42747488
-92.36359779
-92.30650999
-92.24471996
-92.18735064
-92.12393306
-92.06513288
-92.00961693
-91.95260633
-91.89349206
-91.84242228
-91.78943426
-91.73676840
-91.68090109
-91.62380540
-91.57432420
-91.52210953
-91.46859910
-91.41135890
-91.35504248
-91.30023558
-91.23874025
-91.19028688
-91.13717148
-91.07552221
-91.01445828
-90.95553047
-90.89784678
-90.83958224
-90.78139200
-90.72100254
-90.66526402
-90.61329487
-90.55257601
-90.50425668
-90.45088075
-90.39417931
-90.34028483
-90.28210614
-90.22341720
-90.17614755
-90.11660019
-90.05927409
-90.00950574
-89.95236592
-89.89410935
-89.83726248
-89.77779124
-89.72149525
-89.67137098
-89.62045633
-89.56763838
-89.50842878
-89.44932592
-89.39517461
-89.34213525
-89.28843249
-89.23306510
-89.18128166
-89.13026689
-89.07577767
-89.02201881
-88.96619856
-88.91149864
-88.85962469
-88.81181480
-88.75560314
-88.69810172
-88.64265704
-88.58766134
-88.53033992
-88.47913083
-88.44281912
-88.39740118
-88.34047525
-88.28412895
-88.22810264
-88.17283189
-88.12110761
-88.07081092
-88.01823346
-87.96571177
-87.91318748
-87.85954541
-87.80387151
-87.74865243
-87.70200656
-87.65733912
-87.61362392
-87.57182010
-87.52006406
-87.47305624
-87.42797033
-87.37650895
-87.32643232
-87.27940797
-87.23041666
-87.19187753
-87.15637268
-87.11711843
-87.06466183
-87.02237652
-86.97836666
-86.92801624
-86.89282424
-86.85432854
-86.80766366
-86.76298710
-86.71090803
-86.66656736
-86.61541728
-86.57039063
-86.51986642
-86.47141938
-86.43075172
-86.38312639
-86.33986840
-86.28889095
-86.24766297
-86.20276528
-86.15975212
-86.10912638
-86.06346445
-86.01586860
-85.97366261
-85.92924481
-85.89054677
-85.86102474
-85.82317080
-85.77989460
-85.73502420
-85.68632484
-85.64023296
-85.59390470
-85.55194376
-85.51895552
-85.47428979
-85.43059640
-85.38726429
-85.34394824
-85.30353653
-85.25672613
-85.23108220
-85.20339999
-85.15596152
-85.13174696
-85.10475561
-85.05845512
-85.03112374
-85.00716888
-84.99128961
-85.03877399
-85.02905754
-84.99017329
-84.96969968
-84.94074946
-84.89487136
-84.85123097
-84.80576007
-84.75994701
-84.71755690
-84.67361726
-84.62979872
-84.58623282
-84.55799438
-84.52719365
-84.49887130
-84.45988190
-84.41878819
-84.38170057
-84.34606683
-84.30524246
-84.27906294
-84.23823294
-84.19492149
-84.15604827
-84.11118912
-84.06662477
-84.02551721
-84.00016016
-83.96676841
-83.94431952
-83.91651422
-83.89172189
-83.84830275
-83.80848283
-83.77960558
-83.75645188
-83.71404718
-83.69894845
-83.68771009
-83.65110395
-83.62447785
-83.58442266
-83.56423308
-83.53995038
-83.51276199
-83.49767117
-83.48651962
-83.47076002
-83.43144649
-83.40289329
-83.36406976
-83.33279644
-83.30845181
-83.27349006
-83.25795369
-83.24667795
-83.22915770
-83.23402586
-83.22785930
-83.21956542
-83.19915966
-83.17327410
-83.13809545
-83.10177576
-83.07344868
-83.04204822
-83.02093537
-82.98983553
-82.97306299
-82.96841868
-82.93672424
-82.90563012
-82.87624382
-82.86465883
-82.82849053
-82.80238813
-82.77229647
-82.73794077
-82.72933490
-82.70688388
-82.69702869
-82.66906917
-82.65371556
-82.63413891
-82.60230968
-82.58000177
-82.54743894
-82.52919438
-82.50842800
-82.49693612
-82.46980811
-82.43863666
-82.42390931
-82.39551248
-82.36355578
-82.34638924
-82.33088661
-82.29843622
-82.27131832
-82.24385761
-82.23610944
-82.22700248
-82.21543274
-82.22398497
-82.25231344
-82.30992291
-82.36789841
-82.36243145
-82.33778031
-82.33029026
-82.32830967
-82.30606168
-82.29705286
-82.28482380
-82.30241409
-82.29550066
-82.27781543
-82.28868387
-82.30497917
-82.28939427
-82.28152212
-82.26961474
-82.26141722
-82.23798491
-82.22230011
-82.21304299
-82.25523107
-82.23385288
-82.21525469
-82.19456119
-82.18914698
-82.18780376
-82.18112993
-82.19019101
-82.20820662
-82.20749986
-82.20247671
-82.21613672
-82.20005599
-82.21298692
-82.19215605
-82.20438926
-82.19681426
-82.17476493
-82.16253596
-82.14286572
-82.13854191
-82.12627866
-82.10603346
-82.10738288
-82.12164234
-82.13073190
-82.13721576
-82.15391722
-82.15085820
-82.13798946
-82.16878027
-82.17507983
-82.20372496
-82.28941193
-82.28447152
-82.30455434
-82.32916744
-82.34506831
-82.38679867
-82.43394007
-82.54340202
-82.57708140
-82.59009733
-82.59876698
-82.58543980
-82.58387396
-82.62838587
-82.61859532
-82.64814174
-82.64208988
-82.67102255
-82.66693192
-82.66817126
-82.67052860
-82.70631260
-82.76885856
-82.82777269
-82.86326369
-82.85338538
-82.84646159
-82.85690843
-82.90449679
-82.95361783
-82.95069068
-82.95636378
-83.01019586
-83.02522795
-83.07478311
-83.13715359
-83.16158642
-83.22758270
-83.32246732
-83.37255518
-83.37449162
-83.41972340
-83.44782659
-83.51329903
-83.50886705
-83.53669049
-83.58867082
-83.65081915
-83.65621691
-83.74531714
-83.81435686
-83.82990221
-83.87057560
-83.87616817
-83.89975425
-83.90082380
-83.92727123
-83.93102912
-83.97136726
-83.98874378
-84.01491524
-84.02755588
-84.05041312
-84.12007609
-84.23424546
-84.40764740
-84.48935521
-84.53542402
-84.55646934
-84.59393102
-84.60359178
-84.64336851
-84.65451679
-85.41393372
-85.46827837
-85.58163373
-85.70476993
-85.76250184
-85.77969856
-85.82878435
-85.90344398
-86.04054233
-86.17141628
-86.25941414
-86.28111960
-86.36738757
-86.45971646
-86.52906260
-86.67753686
-86.79425822
-86.91480630
-87.07798584
-87.26544538
-87.48652261
-87.90401764
-87.95331526
-87.99730079
-88.04248109
-88.09561203
-88.12108548
-88.17927099
-88.29195653
-88.48395346
-88.68755149
-88.76160740
-88.83476380
-88.91204655
-88.99356391
-89.06193369
-89.12410113
-89.24157498
-89.31005629
-89.39541884
-89.42409556
-89.45744631
-89.51223884
-89.56051239
-89.59096538
-89.70329098
-89.74539363
-89.77703224
-89.88524441
-89.99378013
-90.18343175
-90.35022016
-90.52417679
-90.69022221
-90.73848287
-91.17284434
-91.21111223
-91.39133961
-92.09585484
-92.16976610
-92.35907911
-92.56256327
-92.68476426
-92.79408723
-92.84053022
-92.88523556
-93.00465630
-93.47403515
-93.64350943
-93.86805107
-94.15834160
-94.48366181
-94.64488612
-94.75356042
-94.80597621
-95.26781301
-95.73813431
-95.97295256
-96.52427512
-96.86776315
-97.10028242
-97.31509016
-97.80760829
-98.04884391
-98.22546335
-98.35706477
-98.42152445
-98.57782106
-98.69549372
-98.80167587
-98.90215386
-99.37245180
-99.54963686
-99.72737622
-100.18183277
-100.36235213
-100.44654716
-100.53473154
-100.58254251
-101.05615548
-101.20120672
-101.29626675
-101.37023843
-101.46302522
-101.56539735
-102.10864185
-102.21221133
-102.34374060
-102.93865833
-103.04695065
-103.13271874
-103.59646845
-103.67154571
-103.75020918
-103.80649242
-104.30769682
-104.47594139
-104.94946019
-105.45247737
-105.93248313
-106.18478428
-106.26172768
-106.56433602
-106.88768623
-107.15755308
-107.69440545
-107.87385782
-108.40636246
-109.00192535
-109.16975476
-109.32698911
-109.61871145
-109.76445587
-109.92988514
-110.07827129
-110.31905984
-110.50024305
-110.64690146
-110.75778973
-111.02171346
-111.16409042
-111.66434611
-111.76155787
-112.18109177
-112.37823760
-112.60376526
-112.84288773
-113.30073433
-113.40723512
-113.89498183
-114.20189012
-114.42169971
-114.90988074
-115.24873820
-115.46931715
-115.71211622
-115.89260636
-116.18861398
-116.29465800
-116.51507260
-116.97541446
-117.41790651
-117.77956840
-118.25982782
-118.51463568
-119.07954513
-119.45562570
-119.64644738
-119.89681966
-120.29962648
-120.91390332
-121.53748822
-122.07798320
-123.02529380
-123.22133501
-123.61175016
-124.26289739
-124.42606628
-124.87960426
-125.15565809
-125.32303422
-125.76107846
-125.94255391
-126.16327652
-126.33480324
-126.53814187
-126.88302608
-127.24658930
-127.71573274
-128.17634293
-128.54272158
-128.99676695
-129.44062086
-129.98983927
-130.47887938
-131.12604965
-131.65631774
-132.14036623
-132.99938541
-133.45580422
-133.89299144
-134.74813516
-135.18544712
-135.78646052
-136.21645377
-136.66309372
-136.89106586
-137.35921203
-137.67588445
-138.13767860
-138.47949713
-138.93331040
-139.77241095
-140.23499206
-141.17253250
-141.92380800
-146.69929907
-147.46503879
-147.85086601
-148.30936861
-148.73037303
-149.25626201
-149.85470143
-150.36606829
-150.68127792
-151.21487200
-151.67899201
-152.45084419
-152.97740220
-153.51337939
-154.27533828
-154.97804243
-156.12782467
-156.53919569
-157.26744679
-157.93970633
-159.04833650
-159.66655555
-160.19977489
-160.73769560
-161.27519367
-161.98710297
-162.35574900
-163.25180560
-163.96970722
-164.68327382
-165.04560996
-165.44089667
-166.17064467
-166.80309061
-167.34745221
-167.69958100
-168.70484961
-169.20517623
-169.55743178
-169.89532476
-170.38654618
-170.74585654
-171.25518782
-171.72483363
-172.06755892
-172.74992122
-173.39334138
-173.96897283
-174.32447557
-175.17654980
-175.52964281
-175.86368039
-176.21623161
-176.71888028
-177.12038905
-177.50810050
-178.12203415
-178.73194157
-179.16723713
-179.62542352
-179.99388599
-180.64235547
-181.05166985
-181.63347764
-182.01835993
-183.02056598
-183.77100985
-184.48823290
-185.02730308
-185.41206661
-186.14836677
-186.79524452
-187.51262070
-188.97403818
-190.40331789
-191.49158829
-192.52711858
-193.50696575
-194.36630372
-194.85008178
-195.28417107
-195.79913863
-196.65664630
-197.11912380
-197.69176021
-198.18385662
-199.07323142
-199.56642994
-200.37560009
-201.44049659
-202.13332856
-202.77645900
-204.09429716
-204.44450675
-204.79089137
-205.14513442
-205.99332893
-207.53726885
-208.10811597
-208.57695852
-209.35566130
-209.89620802
-210.89292745
-212.54369090
-213.71918341
-214.07053374
-214.85259758
-215.47068067
-215.79066804
-216.59383914
-216.92317278
-218.55940085
-220.43180960
-220.76915900
-221.08845626
-221.62480866
-222.50471221
-223.36867570
-223.70664582
-224.34882385
-225.10325456
-225.79510437
-226.75064970
-227.28341202
-227.96252607
-228.32479125
-229.80033844
-230.83582041
-231.16895540
-231.96170562
-232.35467633
-232.97427975
-233.80032263
-234.16494592
-235.44635950
-235.76291820
-237.13732130
-238.40801877
-239.92199091
-242.07603704
-242.48661255
-244.38772673
-244.70376090
-245.55645920
-246.25480678
-246.60215049
-247.56571126
-247.87881166
-248.66258052
-249.92077401
-250.26480992
-251.79184584
-253.64222031
-254.22700726
-254.74788678
-255.40830880
-255.70600031
-256.50756129
-256.80381438
-257.14895176
-257.49895440
-258.09262005
-260.21799032
-262.91971946
-263.37688518
-264.12901312
-264.88880365
-265.66621011
-266.39120282
-269.21562707
-270.20794699
-272.00832284
-273.26888121
-273.95410856
-275.26574812
-276.05066156
-276.53438790
-278.12347056
-278.74192574
-280.45979420
-280.82185317
-282.35908351
-282.65557603
-283.97450969
-285.76483587
-286.09976739
-286.48297910
-286.80821826
-288.96388205
-290.11506261
-290.44817729
-290.80073496
-291.14399412
-291.46581956
-291.81905506
-292.88592781
-294.41216299
-294.72296741
-295.05249104
-295.35925657
-295.66820575
-296.02810805
-297.77312230
-298.10107548
-298.51687050
-298.85095249
-299.27630469
-299.62814500
-300.03240456
-300.39348449
-300.81056373
-301.23055992
-301.66208648
-302.78650767
-303.19962446
-303.56133247
-303.91460164
-307.01520531
-307.39900027
-307.76429564
-308.09160016
-308.43190767
-308.95050070
-309.34724291
-309.85505303
-312.53286068
-313.93172012
-314.46312767
-314.98942691
-315.66699236
-318.30882082
-318.69267371
-319.47914512
-319.80439363
-320.10975892
-320.64658968
-321.12979794
-321.66894626
-322.42371107
-323.10603856
-323.87839048
-324.97764874
-325.32883556
-326.16902526
-329.06122599
-329.43930563
-330.81598551
-331.65841184
-332.13585602
-332.77519222
-333.49274863
-333.99814302
-334.77629341
-336.43137924
-337.24786877
-337.78826857
-338.46897634
-340.10346077
-340.69984492
-341.28047101
-341.70370802
-342.17737745
-342.84194742
-344.47528202
-345.18954391
-345.69986943
-346.22933848
-347.73045385
-348.50187704
-351.05892190
-351.60933918
-352.22345229
-352.77531368
-353.55589855
-354.43781938
-357.69834892
-358.45174753
-359.04355340
-359.98634353
-360.57301066
-361.08820983
-361.78659633
-362.00747343
-362.20898309
-363.87325659
-364.61660465
-365.35746932
-366.17915824
-366.94439862
-367.67731603
-367.92245005
-368.83429967
-369.50923518
-370.16945901
-370.77757787
-371.01428907
-371.22341421
-371.41739938
-371.59040684
-371.76505747
-371.93509451
-372.10851858
-372.27204610
-372.42422296
-372.58216431
-372.72900663
-372.90843204
-376.39971635
-376.54799391
-376.67818820
-376.81407132
-376.95688212
-380.32899823
-380.48044762
-380.65577346
-380.78570077
-380.93378992
-381.12193347
-381.31607483
-381.47903354
-381.69015685
-381.89800584
-382.07866561
-382.31321943
-382.54553495
-385.47295699
-385.74457763
-385.90108459
-386.15452223
-389.46293627
-389.65820055
-389.94752042
-390.19679771
-390.39555614
-390.62254162
-390.80718415
-395.16245132
-395.46388901
-395.65564981
-395.90846033
-396.23152366
-396.49894527
-396.78971349
-397.01840395
-397.24161463
-402.86750008
-403.10726379
-403.42887165
-403.80989511
-404.10221713
-408.19907542
-408.44417879
-408.75418389
-409.01404260
-409.29751021
-409.62828092
-409.94406875
-410.17207937
-410.51558452
-410.85463484
-411.16656735
-411.50121920
-411.77496151
-412.25395164
-412.75612268
-413.08786036
-413.48895815
-413.77883864
-414.32136331
-415.03376525
-415.72672881
-416.35179567
-416.98861727
-417.33309633
-417.80430137
-418.24520827
-418.61222739
-418.97383842
-419.22225732
-419.58645622
-419.99352173
-423.99392533
-424.40604909
-424.79916650
-425.21664566
-425.63194511
-426.03126746
-426.44440342
-431.29453477
-431.65599568
-438.53403256
-439.14181027
-443.17028186
-443.53401160
-444.13511792
-444.63922260
-445.13063386
-449.73586882
-450.20035819
-450.67350294
-451.06927081
-451.51586781
-451.91068746
-452.03892785
-456.25325087
-456.64018750
-456.77056871
-457.19711382
-457.58253340
-457.71945884
-461.21244386
-461.35015471
-461.52922929
-461.67585624
-461.83227894
-466.28930630
-466.46952653
-466.61264310
-466.72696300
-466.87047846
-467.05547001
-467.31371174
-467.63691746
-467.95943007
-468.26250740
-468.50931195
-468.68961331
-468.83023771
-469.00593482
-469.39896249
-469.75403964
-469.99795079
-473.85340085
-473.99584874
-474.29848199
-474.59717441
-479.89551238
-480.35243096
-480.68423447
-481.06475959
-481.47187561
-481.88621247
-482.23277906
-482.54405301
-486.12128731
-486.60467472
-487.02190672
-487.44362166
-487.93796122
-488.55305919
-488.87909027
-492.25999388
-495.74983103
-496.35223824
-500.32921200
-500.97728839
-506.78988760
-507.08445207
-507.55167849
-508.39248820
-509.02917487
-509.66586793
-510.52757982
-511.43247897
-512.33229985
-512.90196781
-513.64739856
-514.22235431
-518.63899948
-519.14073828
-519.50809316
-519.85173855
-519.99759218
-520.14272277
-520.29903184
-520.58497950
-520.94161402
-521.42141037
-521.57576772
-521.73271060
-522.03869610
-522.20910119
-526.50463411
-526.64534681
-526.79590679
-532.88493018
-539.18730061
-539.31955439
-539.46589239
-539.61445099
-539.76736481
-539.91597763
-540.05714849
-540.18548440
-540.34283511
-540.48111534
-540.62896908
-540.78921232
-540.91372655
-541.07134381
-541.20346131
-541.37406210
-541.50385250
-541.63996639
-541.78931938
-541.93295843
-542.03888961
-542.15572892
-542.26362246
-542.38318084
-542.49493119
-542.61904888
-542.74346575
-542.85912129
-542.98425714
-548.20929584
-548.34705626
-548.48405903
-548.61771369
-548.75206824
-548.89182619
-549.02953662
-549.16631057
-549.30594095
-554.94966058
-561.96833479
-562.12159168
-562.27172671
-567.36134736
-567.52601511
-567.68152804
-567.84478948
-567.99138260
-568.13974572
-568.28390299
-568.44685267
-568.60660172
-568.75751606
-568.90850828
-569.10070340
-569.27860446
-573.88801716
-574.08554488
-574.28678851
-574.48298648
-574.68087253
-574.88145736
-575.07148483
-575.28517140
-575.50075106
-575.71583190
-575.93754581
-576.18928334
-576.40700695
-576.61563931
-576.84009730
-577.08364901
-577.27240063
-577.49786276
-577.73158180
-577.95284832
-578.16809954
-578.43081276
-578.73264322
-578.96005901
-579.16563495
-586.17422790
-586.36587380
-586.61684282
-586.82108732
-586.91253498
-587.07028567
-587.16042328
-587.23444811
-587.41444437
-595.92945468
-603.48867767
-603.54939100
-603.62243629
-603.70003092
-603.77413429
-608.52719874
-608.78224918
-609.03412489
-613.80467201
-614.06707061
-614.26026526
-614.51769159
-614.82605025
-615.05410024
-615.35715080
-615.65130502
-615.87385266
-616.09015328
-616.16517521
-616.52914951
-616.78304454
-622.45123254
-622.71642867
-622.96856999
-623.34661463
-623.61960747
-623.68751714
-623.79716961
-623.82309235
-630.15801357
-630.45765704
-630.76905008
-637.70848139
-644.13460695
-644.34178720
-644.43777607
-644.54441102
-644.62054625
-644.72974205
-644.79176536
-645.34315862
-645.86946912
-645.93537219
-650.54760560
-650.63011880
-651.45253151
-651.70405741
-652.14459567
-652.25752377
-652.73944329
-652.75911391
-653.72952927
-654.50817730
-654.94155339
-656.14205769
-657.37761995
-657.54830922
-661.81842723
-662.22342351
-662.46132637
-662.97520275
-663.46295431
-663.70289400
-664.04640220
-664.34162767
-664.58616763
-664.87474201
-665.10916067
-665.31203482
-665.55098176
-665.73557105
-665.96721667
-666.20423539
-666.45496866
-666.69805448
-666.96336501
-671.24906547
-671.54472668
-671.88033176
-672.21080737
-672.50731109
-672.76021822
-673.04549846
-673.29086761
-673.52109698
-673.75826531
-673.94891611
-674.12899968
-674.25755933
-682.22912707
-682.15980747
-682.09409107
-682.04115735
-681.96633823
-681.90095556
-681.85215758
-681.78572899
-681.76890564
-681.70319087
-681.65355848
-685.76387808
-689.81413449
-694.17868487
-694.13923180
-700.40460708
-700.38221011
-700.36066182
-700.34305657
-700.34032836
-700.30753314
-700.28391721
-700.26735199
-700.23956524
-700.23616411
-700.22120267
-700.21155562
-706.87156419
-706.89793515
-706.91659988
-714.75948037
-714.80999814
-714.84397875
-714.89386262
-714.90168288
-715.15708870
-715.14400084
-715.29745807
-723.59501343
-723.73600426
-723.83746512
-723.92050328
-724.00005947
-724.03931451
-724.10831919
-724.18911580
-724.23328825
-724.28746685
-724.35477449
-729.78098140
-729.82726768
-729.83965808
-729.86378623
-729.93407308
-729.99012665
-730.03936776
-730.10835322
-730.17564439
-730.23401458
-730.28420853
-730.35186784
-730.36031165
-730.44166679
-730.48402492
-730.55052656
-730.57920925
-730.61941778
-730.68223184
-730.78722682
-730.85109543
-730.91164965
-730.96887277
-731.02785947
-731.10685478
-731.20514394
-731.27187809
-731.32883675
-731.39668941
-731.48589531
-731.57910855
-731.72835035
-739.65480170
-739.71472357
-739.83812430
-747.00823391
-753.48860983
-753.54431600
-753.61592463
-760.84694185
-760.91332826
-761.03785235
-761.05317225
-761.14046381
-761.10067250
-761.07202018
-761.01646245
-760.94975892
-760.88943650
-760.82554468
-760.75330712
-760.69212104
-760.62967421
-760.55513609
-760.50923855
-773.47217859
-773.41904689
-773.37280828
-773.32810953
-773.25501747
-773.18215311
-773.09943674
-778.90333349
-778.80280788
-778.70240361
-778.60153084
-778.50129938
-778.40520890
-778.32807295
-778.23645792
-784.34964936
-784.26233459
-784.17960771
-784.09087195
-790.71425766
-790.62560194
-790.52593193
-790.42903410
-790.33581247
-790.26821853
-790.19748468
-790.12690125
-797.21658950
-797.15153790
-797.07902173
-797.06474748
-797.02631982
-797.02027415
-806.20487240
-806.10472155
-806.04635483
-805.99068467
-805.88370597
-805.76465701
-805.65514594
-805.55222585
-805.42608885
-805.31597732
-805.21341094
-805.11115910
-804.99092716
-804.88136991
-804.78556782
-804.70005503
-804.62167972
-804.55081480
-804.50019505
-811.30906582
-811.23726047
-811.17009273
-811.10610347
-818.05503191
-817.96356353
-817.88001770
-817.80383669
-824.17803360
-824.07903748
-824.01398901
-823.98588462
-823.89827357
-823.86084244
-823.80142550
-823.80525344
-823.71636788
-823.63372107
-823.58262418
-823.53780945
-823.50498373
-823.45105807
-823.40880611
-823.33631754
-823.26128090
-829.22247531
-829.13401340
-829.06280295
-829.01587011
-828.98627830
-828.95994702
-828.95474083
-828.90916161
-828.82651057
-828.73508440
-828.64989178
-828.58461673
-828.52128187
-828.45180424
-835.21397352
-835.11433591
-835.03666334
-834.94529049
-834.86023283
-834.79626101
-834.67417950
-834.56901136
-834.47222375
-841.03370166
-840.93487691
-840.83492918
-840.70939968
-840.63271377
-840.50443793
-840.39874728
-840.29602323
-840.18115577
-840.07234484
-839.94822517
-839.83612417
-839.73089664
-839.62053615
-839.49971586
-839.37589916
-839.26563190
-839.15701667
-839.04051453
-838.92719425
-838.81645818
-838.70522002
-838.60126920
-838.49521060
-838.39064012
-838.27768700
-838.16474926
-838.05393388
-844.58376031
-850.30063690
-850.18802068
-850.07581714
-849.96339838
-849.84896381
-856.09041723
-855.97859041
-855.86752906
-861.58080651
-861.46793694
-861.35602190
-861.24730335
-869.34510239
-869.24210323
-869.12623200
-869.02767887
-868.93045611
-868.83074953
-874.40886857
-874.31513422
-879.76874249
-879.66256721
-879.55993334
-879.44835202
-879.34622760
-879.24950108
-879.15785233
-879.06855422
-879.00105584
-878.95410844
-885.32634902
-891.85908384
-891.76013018
-891.68078781
-891.57803700
-901.60959216
-912.93060368
-912.82221164
-912.73974986
-912.73424251
-912.82284851
-912.80360770
-912.82120552
-912.72278215
-912.62674746
-912.52600161
-912.43242668
-912.33463985
-912.22773463
-912.19143554
-912.21842673
-912.12392768
-924.60779137
-924.52607237
-924.62493346
-924.75038054
-924.67504019
-924.62777281
-932.57734085
-932.51413249
-938.74301971
-938.72524265
-938.66558968
-938.52896816
-938.65252230
-938.60592201
-945.26729011
-945.17534864
-945.11944880
-945.03464127
-944.86975293
-944.70077028
-944.53276385
-953.30224614
-953.13328751
-952.96126536
-952.79824876
-952.63016027
-952.46744847
-952.31167330
-952.15132725
-952.00292879
-951.85592134
-951.71093127
-951.57128944
-951.43303002
-951.38269919
-951.54819053
-951.47665012
-951.37795397
-951.63079500
-951.85802202
-951.91736122
-952.32755025
-952.48309897
-952.68925351
-952.77598982
-952.82984764
-952.67165829
-952.53236329
-952.77305219
-953.13288257
-953.32707225
-953.49497976
-953.61885783
-953.74831263
-953.87312944
-954.03750861
-954.19234495
-954.41701514
-954.59526068
-954.68307388
-961.18564842
-961.52298433
-961.70991798
-968.15086454
-968.46334738
-968.49372949
-968.87366556
-969.68220339
-970.02050087
-970.48711282
-970.77563642
-971.07644246
-971.17595065
-979.68184646
-980.01308524
-980.31235610
-980.39517724
-980.80103765
-980.93537705
-981.08462063
-981.25147445
-981.40023695
-981.32613422
-981.72047179
-981.65462480
-981.66803422
-981.58805165
-981.51785853
-981.44938066
-981.38311694
-981.32104928
-981.26063698
-981.20118812
-981.14896052
-981.10143962
-981.04800952
-981.00507859
-980.96544491
-980.93753589
-980.90249885
-980.87550676
-987.12677134
-987.11351904
-987.09192434
-987.07449462
-987.26227378
-987.24877572
-987.49733570
-987.71497256
-987.90173185
-987.90770956
-987.94158660
-987.97203482
-988.00051020
-988.02137721
-988.05434220
-988.09205591
-988.11407550
-988.13381188
-988.20956803
-995.22403658
-995.29227351
-995.37822569
-995.47097990
-1005.40245855
-1005.51047490
-1005.61951809
-1005.74486105
-1005.88120725
-1006.04584212
-1006.12371206
-1006.26944868
-1006.42697810
-1006.60434249
-1015.23230149
-1015.30275830
-1015.35232356
-1015.38322695
-1015.40106874
-1015.42353380
-1015.45123594
-1015.49004200
-1015.53379550
-1015.58849945
-1015.73370113
-1027.27025282
-1027.33381642
-1035.40157074
-1035.45437395
-1035.49594603
-1044.33731586
-1053.62372334
-1053.87854060
-1054.16072190
-1054.20109787
-1054.22229852
-1054.64848085
-1054.93201372
-1055.42508445
-1056.02568522
-1056.49201421
-1056.99865147
-1057.09466606
-1057.26372601
-1064.82735961
-1073.68204118
-1074.27674423
-1074.28504377
-1074.28318972
-1074.25085952
-1074.61380749
-1074.67432636
-1074.86470664
-1075.23851973
-1075.43598646
-1075.72110467
-1075.87592856
-1076.11798579
-1076.47459446
-1076.57332706
-1076.70645788
-1077.02612700
-1077.26207134
-1077.50034449
-1077.96276099
-1078.22488155
-1078.95422088
-1079.44738420
-1095.70032679
-1096.28823582
-1109.90554809
-1110.34968514
-1110.47586747
-1110.98768767
-1111.08653651
-1111.19397026
-1111.23445190
-1111.32186677
-1111.85333769
-1111.94951692
-1112.03670115
-1112.54003176
-1112.84464750
-1112.84700414
-1112.85928434
-1112.85836954
-1112.85718478
-1112.84804945
-1112.82868129
-1112.80522432
-1122.32475191
-1122.27157500
-1122.20531432
-1122.15088112
-1122.11287225
-1122.05048440
-1121.99899300
-1121.93822375
-1121.87948102
-1121.82714842
-1121.76689278
-1121.71056237
-1130.90833283
-1130.85626982
-1130.81161922
-1130.82745069
-1130.84654990
-1141.17835448
-1141.16000987
-1141.13437653
-1152.21512836
-1152.21866899
-1152.22245759
-1152.28571534
-1152.30816133
-1152.32898750
-1152.36065789
-1152.37989464
-1152.42902929
-1152.48086345
-1152.53752660
-1152.60455538
-1152.62042518
-1169.97174635
-1170.05730951
-1170.10077925
-1170.17032481
-1170.24656336
-1170.31304232
-1170.39317470
-1170.48564111
-1170.58563995
-1170.69753333
-1170.87600551
-1170.94946461
-1171.09502816
-1171.22158773
-1171.28189506
-1171.39132825
-1171.50724831
-1185.30595179
-1185.51677474
-1185.71447392
-1185.98982558
-1186.19039674
-1186.45437657
-1186.65366538
-1186.80113309
-1186.99381890
-1187.19517050
-1187.36706106
-1187.48213909
-1187.63724462
-1187.79742526
-1187.94916135
-1188.10430922
-1188.21714062
-1188.33350165
-1188.45639879
-1188.56132623
-1201.27505800
-1201.43170747
-1201.62042421
-1201.80142976
-1201.93505146
-1202.06059380
-1214.99186934
-1225.55142354
-1225.60570395
-1225.64302956
-1242.03569530
-1242.06477181
-1242.09838961
-1242.14003291
-1242.17776818
-1242.22226140
-1242.26215710
-1242.29986725
-1242.34211458
-1242.39348592
-1254.24460204
-1254.29677807
-1254.33643453
-1254.37425687
-1254.41579581
-1254.45414393
-1254.49175390
-1254.52694709
-1254.55835440
-1254.58913343
-1271.40123540
-1271.43447908
-1271.46307263
-1271.49536276
-1271.52279698
-1271.55208893
-1271.58082737
-1271.60941042
-1271.63923731
-1271.67019999
-1271.70130761
-1271.73470410
-1271.77204866
-1271.80372964
-1271.83352650
-1271.86883158
-1271.89524263
-1271.91855332
-1271.93757073
-1271.96089225
-1271.98034827
-1271.99762858
-1272.01861217
-1272.03708415
-1290.47377883
-1290.49737014
-1290.50627876
-1290.51920956
-1306.73242238
-1306.73077103
-1306.73074824
-1320.00492735
-1319.99571072
-1339.31051933
-1339.29470086
-1339.31022759
-1339.32920241
-1339.32126031
-1339.30695836
-1339.30010189
-1339.28525886
-1339.26922563
-1356.05617449
-1356.03177364
-1356.01870810
-1356.01579458
-1355.99826809
-1355.98733760
-1355.99634235
-1355.99496372
-1370.89514181
-1370.93801082
-1370.95691318
-1370.97901416
-1370.98346575
-1386.96900451
-1386.99121456
-1387.01383608
-1387.06700017
-1407.10992798
-1407.12200857
-1407.10146039
-1407.06749443
-1407.03653800
-1406.99910029
-1406.96881342
-1406.94073436
-1406.90920628
-1406.87965338
-1406.84830578
-1406.89212521
-1406.86282100
-1406.83653338
-1406.80997161
-1406.78337437
-1406.75095864
-1406.72204305
-1406.69016535
-1406.65815175
-1406.62529576
-1406.59357463
-1406.56012453
-1406.53134974
-1427.44326481
-1427.41306969
-1451.37966755
-1451.33631292
-1451.32347274
-1451.27591137
-1466.90122935
-1466.84886725
-1488.26831409
-1488.20613525
-1488.14371226
-1488.08412208
-1488.02291611
-1487.96200442
-1487.89972468
-1504.85566315
-1504.78565139
-1504.72054245
-1529.99692654
-1529.92225956
-1529.94471519
-1558.23379860
-1558.14965861
-1583.95987838
-1583.86864540
-1583.77272000
-1583.74811636
-1583.65323504
-1583.94332677
-1583.84812719
-1583.75028170
-1583.65411622
-1584.04631311
-1584.20075340
-1584.10490703
-1607.61268750
-1607.51043778
-1607.57483486
-1607.46937971
-1607.36919111
-1607.26453816
-1607.15862650
-1607.05276918
-1606.94606995
-1606.84284412
-1606.93309070
-1606.82897011
-1624.07911874
-1623.96818874
-1646.91030202
-1646.78728511
-1646.66584120
-1662.73029118
-1662.60266610
-1662.47342054
-1662.34642795
-1662.21794375
-1662.08908195
-1661.96435072
-1661.84006780
-1661.71274016
-1661.58583385
-1679.57436166
-1679.44109009
-1700.70332084
-1719.07349443
-1718.92812495
-1718.89817428
-1718.75151338
-1718.60307817
-1738.43186518
-1738.28060988
-1738.12791561
-1737.97747046
-1737.82452572
-1737.67093287
-1737.51837044
-1737.36730525
-1763.39894660
-1763.24223896
-1763.08514218
-1762.92643866
-1762.76798249
-1785.22474783
-1785.06621404
-1784.90119944
-1784.73468284
-1784.56735134
-1784.39910684
-1784.22913528
-1784.06246678
-1783.89467290
-1783.72778147
-1783.56101054
-1783.39666658
-1783.23191950
-1783.06570704
-1782.90169840
-1782.74526732
-1782.60203225
-1782.48371001
-1782.35177121
-1782.27006615
-1782.16174932
-1782.06431882
-1781.95843257
-1781.84083893
-1781.72798789
-1781.62542564
-1781.55215701
-1796.62509252
-1796.50762974
-1796.36633997
-1796.30398332
-1796.22738281
-1796.25765759
-1796.13234709
-1810.05754124
-1809.94011335
-1809.82661960
-1809.71251854
-1809.63282148
-1830.59486144
-1830.67355562
-1830.59785716
-1830.50226009
-1830.89837518
-1831.09000714
-1831.16929215
-1831.58717673
-1831.92885715
-1831.86429576
-1832.11196354
-1832.80911910
-1833.02585700
-1833.27361373
-1833.89985542
-1833.80849853
-1833.84282038
-1833.74626407
-1834.17903613
-1834.69662481
-1850.01054847
-1850.11587316
-1850.28652407
-1850.81000901
-1850.84340023
-1850.82416846
-1850.77326644
-1851.12286345
-1851.13189100
-1851.68584040
-1871.02293988
-1871.47244952
-1871.46667322
-1871.55819888
-1872.33805155
-1872.80420267
-1894.40848261
-1915.37229430
-1915.63666998
-1916.23644100
-1916.54403805
-1917.18003154
-1917.20375015
-1917.69564342
-1918.46828323
-1920.14900224
-1921.50180193
-1937.87166585
-1938.42934748
-1940.05039832
-1940.28395671
-1940.51762293
-1940.74659255
-1941.01016541
-1941.27050593
-1941.69980895
-1942.39590799
-1959.92870529
-1960.56227927
-1961.31127527
-1962.01393450
-1962.57719863
-1963.19880997
-1965.43509678
-1967.13192445
-1987.62703793
-1988.55225296
-1989.34027160
-1990.01607018
-1990.70565064
-1991.39465712
-1992.10003408
-2020.30292200
-2021.49231325
-2023.54980007
-2025.95008304
-2044.61090310
-2069.25210959
-2071.41913350
-2072.07807426
-2087.35702792
-2087.98155892
-2088.47786694
-2089.05832639
-2108.61660060
-2109.14378691
-2109.79605271
-2110.33970706
-2110.76702684
-2128.98815279
-2129.41115866
-2129.86185571
-2130.33577714
-2130.85975232
-2131.34073249
-2131.87312275
-2132.36051401
-2132.86815621
-2133.27853018
-2133.72210427
-2150.41090692
-2150.87682257
-2168.49538033
-2168.87091795
-2169.28102068
-2169.65116831
-2169.98116184
-2170.26111855
-2170.30249603
-2190.85910163
-2205.81394144
-2205.82538604
-2205.91690591
-2206.04531167
-2206.14151761
-2206.31982902
-2206.26945259
-2206.19763324
-2206.34802398
-2206.29264452
-2206.65247231
-2206.99459628
-2207.53219085
-2208.03968156
-2208.43859036
-2209.06915775
-2209.19208427
-2209.63739859
-2209.84068276
-2210.38113149
-2210.33700149
-2210.76760503
-2211.06000316
-2211.71348465
-2226.87518604
-2227.40098466
-2227.83675929
-2228.25786884
-2228.72335014
-2229.01211679
-2229.67386080
-2229.84955642
-2230.48161674
-2230.93945388
-2231.48812094
-2232.02640730
-2232.46845627
-2233.03825815
-2233.59612683
-2234.09586216
-2234.50059168
-2235.08015759
-2235.70334750
-2236.33607902
-2237.04631047
-2237.64008332
-2238.25600837
-2238.93112149
-2239.64164151
-2253.03542983
-2253.68403944
-2266.78451415
-2267.47256589
-2268.29646352
-2269.06461857
-2269.85314187
-2270.57752596
-2271.30041397
-2272.04018662
-2272.75737176
-2273.52017710
-2274.27908637
-2275.09430537
-2275.90877836
-2276.76883310
-2277.65908079
-2278.57530234
-2279.46056718
-2280.30676196
-2281.10929548
-2281.90576617
-2282.74560015
-2283.68285690
-2296.08855804
-2308.56767029
-2309.52164655
-2310.40845895
-2311.29784876
-2312.14985775
-2312.82533116
-2313.52517114
-2314.21988402
-2314.61120053
-2315.15423804
-2315.65614039
-2316.21039521
-2316.50585143
-2374.44157741
-2396.90819871
-2397.63581550
-2409.91485600
-2410.52674323
-2411.13662816
-2412.20475202
-2412.90768428
-2414.13470186
-2414.64639801
-2415.84935357
-2416.71995955
-2417.26746380
-2417.98637317
-2418.40304046
-2418.75956863
-2420.12125845
-2420.26748017
-2420.41188084
-2420.46361778
-2420.45809750
-2420.48558971
-2440.32724165
-2459.48675454
-2459.58892700
-2459.65089982
-2459.68144260
-2459.72145038
-2459.84938532
-2459.91497329
-2459.95587748
-2481.98740918
-2482.03559836
-2482.11994481
-2482.15644902
-2497.75103268
-2497.79244434
-2497.87154642
-2497.92707259
-2497.97464883
-2498.02194865
-2512.04163282
-2525.71327782
-2525.77371386
-2543.61910814
-2543.71463340
-2543.91973956
-2544.11690038
-2544.20062944
-2544.39939324
-2544.38159398
-2544.64050410
-2545.40009414
-2546.40008959
-2547.32204990
-2548.39822372
-2549.14165596
-2549.89154444
-2550.94019496
-2552.07350204
-2553.26289287
-2568.33086660
-2569.24144019
-2570.21747849
-2571.26465227
-2571.70118943
-2571.82953345
-2588.04449460
-2589.50148614
-2590.23945600
-2591.81176239
-2593.62564497
-2606.13713517
-2608.00987206
-2609.43348678
-2622.59863592
-2624.09921794
-2640.99247044
-2654.91502000
-2656.21349695
-2657.62877473
-2658.88681473
-2660.94708991
-2676.76553383
-2679.00594780
-2696.06719031
-2698.39690813
-2698.64438931
-2699.73343819
-2700.99155004
-2701.03181049
-2701.27891225
-2703.72098504
-2706.31853547
-2708.26801771
-2725.41268573
-2725.57070094
-2727.02330034
-2728.50733002
-2728.66572479
-2728.79669435
-2728.86251739
-2728.95665022
-2731.18592624
-2731.24387214
-2746.79737471
-2749.78737629
-2751.37482122
-2753.40024299
-2755.62502068
-2756.94199248
-2759.15488550
-2761.44678861
-2763.54805697
-2781.49006436
-2783.37825911
-2783.46628227
-2808.53370223
-2808.57138579
-2810.21656056
-2810.25258321
-2810.28158240
-2825.18652984
-2825.26312665
-2826.63985304
-2828.90604887
-2830.32794110
-2833.69477940
-2836.86573755
-2839.91757376
-2841.78436083
-2841.79145559
-2841.79387038
-2841.79325389
-2841.76986133
-2841.74573745
-2841.71357438
-2841.69101119
-2841.67784517
-2857.33201026
-2857.28841566
-2859.21288569
-2859.20716438
-2859.18669162
-2861.04569446
-2861.02748770
-2861.01396208
-2861.05851654
-2861.10929626
-2882.65546085
-2882.73822552
-2882.84081891
-2882.94887152
-2883.05226581
-2883.20115330
-2883.27710046
-2883.46317557
-2883.65767449
-2883.81402777
-2884.05898618
-2905.42584645
-2905.76214207
-2906.13049798
-2906.47178646
-2927.30885039
-2927.59398931
-2949.97679500
-2950.14312314
-2974.21526972
-2997.38645058
-2998.19626742
-2998.56038573
-2999.68928349
-3000.24027449
-3001.47722411
-3002.36306783
-3003.75321244
-3005.19358695
-3006.45886982
-3007.94595682
-3009.35517795
-3010.18183009
-3011.46443709
-3012.41795947
-3034.21840581
-3056.84376751
-3057.63842941
-3057.99175465
-3091.73547890
-3091.90968748
-3092.52636496
-3092.89506076
-3146.91556759
-3147.48935664
-3148.58238720
-3149.67192272
-3150.93166678
-3152.24081234
-3153.12213064
-3154.07164896
-3154.42669128
-3199.19636781
-3199.66628678
-3201.21344984
-3202.65189155
-3222.89816410
-3224.79480498
-3224.99860102
-3226.79664757
-3227.11077029
-3227.55824621
-3228.21324902
-3228.94214179
-3230.17498060
-3231.73913122
-3232.85689985
-3233.63696960
-3233.78283533
-3234.65915447
-3235.48135157
-3235.51753883
-3235.88140117
-3236.23468721
-3236.44897061
-3278.31356542
-3278.50687263
-3278.98872514
-3280.37778315
-3281.45869097
-3282.57063298
-3284.46770926
-3285.32664295
-3286.01062105
-3286.53313927
-3287.37287229
-3287.65769174
-3288.00394998
-3288.34598727
-3288.66648412
-3288.98123690
-3289.28306441
-3289.50372404
-3289.69331291
-3289.77641543
-3290.01971723
-3290.18995753
-3290.36826917
-3290.42427652
-3290.47844903
-3290.81508321
-3324.87775342
-3325.18390677
-3357.23081563
-3397.68525101
-3398.24226522
-3398.76502867
-3398.92741128
-3399.40856210
-3399.84164779
-3399.91269179
-3400.39680262
-3400.31366814
-3400.35789931
-3400.37404849
-3400.31196316
-3400.22440957
-3425.34594352
-3452.67949217
-3452.66946522
-3452.57424927
-3452.54700126
-3452.42488748
-3452.48044201
-3452.38881920
-3481.26464253
-3481.23940594
-3481.17946614
-3481.08569724
-3480.99584805
-3480.89186317
-3480.74326431
-3480.62522453
-3480.48335371
-3480.66515286
-3503.64529678
-3503.53130663
-3503.69685294
-3503.61168146
-3503.51828948
-3525.01690790
-3524.87478444
-3524.74139578
-3524.64070636
-3524.53216384
-3524.85030879
-3525.26580199
-3525.86752765
-3552.77568310
-3553.38742672
-3577.56686434
-3578.05541682
-3577.92369316
-3577.74715435
-3578.09372632
-3578.15771836
-3577.97574032
-3578.07327078
-3577.91043491
-3675.53479547
-3675.95220544
-3706.82938672
-3706.67471764
-3706.50009694
-3706.30616789
-3706.12052797
-3705.94442775
-3705.74650518
-3734.40423390
-3734.28903636
-3734.11838335
-3735.09951750
-3734.82558631
-3734.50907100
-3734.20551494
-3735.74736907
-3736.83098273
-3736.53278371
-3797.58544581
-3877.39383060
-3876.97468000
-3878.70304959
-3878.54626003
-3878.49046018
-3878.25117707
-3878.18749030
-3878.13414585
-3903.84663008
-3907.00025925
-3909.65494984
-4002.45066209
-4002.07089731
-4001.69219858
-4027.43757431
-4032.90721756
-4058.29748999
-4060.64691643
-4173.41216413
-4174.39234286
-4175.28691909
-4342.82957073
-4343.38904765
-4343.85751012
-4344.13200272
-4344.26418778
-4344.51146144
-4344.77666316
-4345.08311629
-4347.85149569
-4352.28993797
-4379.45440213
-4383.73708992
-4384.07585555
-4384.33533164
-4384.64115876
-4384.94300070
-4385.29925796
-4391.09892856
-4395.59116133
-4400.00897222
-4403.29557498
-4403.64586976
-4410.31674134
-4410.83027261
-4412.22487742
-4417.50259859
-4423.45101845
-4423.87786758
-4429.48233572
-4453.25643803
-4453.50501560
-4486.68505060
-4516.91785574
-4517.10007620
-4517.26450234
-4540.55166641
-4540.84930975
-4541.04219636
-4541.15617436
-4540.96676207
-4541.17328672
-4541.58516074
-4542.24145258
-4542.55684084
-4542.89563107
-4543.15939862
-4543.51118244
-4543.71848343
-4544.74903607
-4544.94060341
-4545.36444687
-4547.48425146
-4547.83960894
-4548.44181178
-4548.79490166
-4574.61616210
-4574.22091807
-4574.53498888
-4599.62973910
-4600.29767733
-4601.05104893
-4625.69460905
-4625.83323079
-4626.04325010
-4626.57095541
-4627.35192593
-4629.87616501
-4632.45988052
-4656.40945543
-4657.88986996
-4658.48939297
-4660.15342248
-4662.25537130
-4686.26575586
-4688.45754743
-4691.07626010
-4693.76875621
-4696.27501310
-4697.96920560
-4700.60939738
-4700.08022492
-4702.75642909
-4703.11818160
-4702.57961989
-4701.66939572
-4725.49271802
-4724.60045173
-4723.78294747
-4722.89843786
-4721.99826633
-4721.23010625
-4720.54026754
-4719.72709577
-4742.84225774
-4742.84928520
-4741.94530588
-4741.08498685
-4742.57943308
-4741.64688093
-4763.65090905
-4762.78442795
-4761.85942905
-4761.02309667
-4785.79881352
-4785.04940136
-4808.63907135
-4812.66353453
-4813.79456470
-4815.11924516
-4814.30289754
-4813.75040720
-4812.94325975
-4812.45227675
-4811.92185358
-4811.09457425
-4832.48392762
-4832.14295532
-4831.80754810
-4853.01009601
-4855.52417283
-4855.01661918
-4854.80074875
-4854.30124129
-4854.25414762
-4854.44556103
-4856.40513066
-4856.58344688
-4856.54835634
-4856.29851748
-4856.64631285
-4856.87319508
-4856.78539821
-4857.18473207
-4856.22857308
-4858.09391878
-4860.27723306
-4860.63585729
-4861.08876285
-4882.71708684
-4883.64943484
-4886.64287307
-4887.88199273
-4887.76829076
-4888.90966820
-4889.73108690
-4891.70822251
-4896.65753271
-4896.72783885
-4917.31337637
-4923.27184726
-4925.02393728
-4930.60510626
-4930.20283931
-4931.05256581
-4936.15999438
-4938.56651752
-4937.79607979
-4939.30331157
-4940.07803938
-4939.88389696
-4960.15909730
-4979.94319174
-4990.22770329
-5001.57049556
-5021.10926821
-5032.60845312
-5035.66722610
-5037.16268940
-5038.60750302
-5039.79198694
-5043.26271987
-5043.82090974
-5062.73421854
-5068.48622464
-5075.68060233
-5078.19258336
-5081.35541316
-5081.85029721
-5082.50057912
-5083.54991330
-5085.17908068
-5091.71367020
-5110.70297047
-5111.45229564
-5117.61430321
-5121.33177015
-5123.67178112
-5124.17109126
-5125.37865765
-5127.60863805
-5128.80155089
-5146.84044397
-5147.56863844
-5148.65926954
-5149.50547156
-5150.48757822
-5151.44104140
-5152.27515512
-5153.01191343
-5153.57637674
-5154.20890840
-5154.19970473
-5154.00967251
-5153.14346069
-5172.65629160
-5171.69289650
-5170.94447741
-5188.32296106
-5187.37294127
-5186.27845246
-5185.30983908
-5203.27233775
-5202.88292064
-5202.52821911
-5202.29325815
-5219.45559956
-5219.27537306
-5218.54412081
-5218.59506264
-5218.82591496
-5217.92842209
-5217.90611243
-5218.42427876
-5218.16580715
-5218.69807534
-5218.93499675
-5235.54272554
-5235.65193621
-5235.40403460
-5235.34000999
-5235.08828943
-5235.28731026
-5234.36971973
-5234.50758567
-5236.40355827
-5238.88333668
-5241.40972953
-5243.70824033
-5243.13778111
-5245.10021259
-5247.22116135
-5246.43073273
-5263.34050269
-5279.50521390
-5280.28100551
-5280.61498857
-5280.20467535
-5280.41019304
-5280.09798067
-5279.82488724
-5281.73292926
-5297.21821060
-5312.70070444
-5312.64375217
-5312.79851820
-5314.88603837
-5318.92664760
-5318.15632437
-5317.95749565
-5317.47207813
-5317.62420949
-5318.25937962
-5317.56168340
-5322.84257103
-5323.93622562
-5329.84604565
-5344.96510916
-5349.39044367
-5364.34263289
-5364.39315855
-5367.37438228
-5368.83093025
-5370.72955163
-5371.00834136
-5370.40042865
-5369.79653277
-5369.22722709
-5368.64533332
-5368.05808400
-5367.48633366
-5366.96251162
-5381.75837327
-5381.21300795
-5396.87406131
-5396.32013238
-5413.18827547
-5412.60141968
-5412.03304607
-5411.45596106
-5410.90831808
-5410.33525906
-5409.83469213
-5409.29669759
-5408.76540587
-5408.20286830
-5407.63227694
-5423.91766020
-5423.35831735
-5437.16338272
-5436.63117685
-5436.11375939
-5450.07808678
-5449.64016623
-5449.04549043
-5448.55284078
-5447.96111498
-5447.50591093
-5446.99365950
-5446.54360936
-5460.84858970
-5460.62664474
-5460.61715988
-5460.58870744
-5460.38386619
-5460.44935625
-5460.33159625
-5460.03111961
-5460.51437396
-5460.56881371
-5460.88784465
-5460.91838229
-5460.58381163
-5460.76631445
-5460.77244700
-5460.84055550
-5460.45060999
-5474.74013521
-5474.72397497
-5474.95469389
-5474.98276215
-5475.07075147
-5474.72234662
-5474.21960482
-5474.04898054
-5473.95077821
-5474.20528871
-5490.39849520
-5489.86254507
-5506.08818341
-5508.59928633
-5509.25690602
-5509.11853575
-5509.06629992
-5508.96928089
-5508.56930112
-5508.46804592
-5508.85599699
-5509.36458908
-5508.77819698
-5509.53066142
-5510.66897459
-5511.45722737
-5512.03073821
-5513.51728526
-5514.49167013
-5515.42212852
-5528.38203886
-5529.05936153
-5530.07971764
-5531.39466484
-5531.43330758
-5533.28604591
-5546.18082824
-5546.10813140
-5547.30247177
-5561.35019275
-5561.52220743
-5561.55551067
-5563.11322284
-5563.24936651
-5564.63491156
-5578.05970677
-5578.08909979
-5590.59016338
-5590.72293312
-5590.92470938
-5592.52060905
-5593.71405226
-5593.98711535
-5594.13384506
-5594.15069244
-5606.33665739
-5606.79237206
-5606.48730561
-5606.18358285
-5605.88969712
-5605.58378432
-5605.28976180
-5604.97522318
-5605.27026815
-5604.94844401
-5605.34439984
-5605.04263681
-5604.72461319
-5616.68511896
-5616.35505068
-5616.04020126
-5615.71508058
-5615.38336890
-5615.75933631
-5616.00689177
-5615.98780290
-5629.05314384
-5628.93225877
-5629.15406794
-5629.22734894
-5629.57633500
-5629.15934031
-5628.96235044
-5628.58047616
-5628.21364260
-5640.04407906
-5639.66845777
-5639.29505016
-5638.92375128
-5638.55279628
-5638.17663373
-5637.80304452
-5637.42528414
-5637.05577841
-5636.68467088
-5636.30686010
-5635.92556653
-5635.54548461
-5635.13911150
-5647.13219545
-5659.01732225
-5671.04810682
-5670.62730599
-5670.19960434
-5669.78290074
-5669.36414146
-5668.93375649
-5668.53604053
-5668.10384295
-5680.01182872
-5679.58118678
-5679.15968728
-5690.53742043
-5702.13133935
-5701.69923287
-5713.20022727
-5712.76151031
-5712.32293375
-5711.88456109
-5711.44034058
-5710.99863515
-5710.54899764
-5710.10599155
-5709.65772947
-5709.21648849
-5708.76010430
-5720.15567514
-5719.70706774
-5719.26004399
-5718.82025923
-5718.38747709
-5717.93646072
-5717.49085742
-5717.04537181
-5716.61168737
-5716.18844143
-5715.75559869
-5715.31155256
-5714.85102231
-5714.39214692
-5713.92994307
-5724.81143829
-5724.34736764
-5723.88466316
-5735.09466286
-5746.05337825
-5745.61426474
-5745.20672511
-5744.78813528
-5758.15024082
-5757.68028454
-5770.81109236
-5784.04548562
-5783.61625091
-5783.20093276
-5782.77327454
-5782.29942242
-5781.84674323
-5781.33558243
-5780.84944887
-5791.06152299
-5790.55805179
-5790.05378493
-5802.99304028
-5802.47969879
-5801.96682610
-5801.45322970
-5811.28457872
-5810.76463213
-5810.24363387
-5809.72187502
-5809.20808552
-5820.95553803
-5820.43274822
-5819.90536715
-5819.37435089
-5818.84563604
-5818.31383679
-5817.78085388
-5817.24547408
-5816.71108219
-5816.21920675
-5815.71858324
-5825.51598248
-5824.97556022
-5824.44818490
-5823.91068512
-5823.37053529
-5822.82613011
-5822.28310769
-5821.73940128
-5821.19459680
-5820.64592933
-5820.09730077
-5819.54598178
-5818.99071906
-5818.43972260
-5817.88638909
-5817.33573885
-5816.78114354
-5816.22644039
-5815.66636604
-5815.10904661
-5814.54645643
-5813.98605694
-5813.42056865
-5812.85885299
-5823.43367311
-5822.79727194
-5822.23583824
-5821.67187984
-5821.10635467
-5820.53976978
-5819.98246836
-5819.41529159
-5818.84934493
-5818.28084080
-5817.71388438
-5817.15108182
-5816.62204110
-5816.08714529
-5847.43162041
-5847.00554848
-5846.55619814
-5846.13663372
-5845.70506534
-5845.10915155
-5844.56767578
-5843.98665546
-5843.32676717
-5842.96029795
-5842.70038267
-5842.15513826
-5841.78591303
-5841.47352891
-5841.04336009
-5840.45842887
-5868.31661235
-5868.10616782
-5867.53113641
-5885.08399732
-5884.52546733
-5883.90595880
-5883.59245982
-5883.49491228
-5902.35097162
-5902.22445320
-5902.15862919
-5901.58462315
-5901.51965394
-5915.13387948
-5915.09018744
-5915.08818555
-5915.04777264
-5914.99606466
-5914.70231363
-5914.67897764
-5925.05987351
-5925.09546418
-5924.50288857
-5924.41652610
-5924.36489934
-5924.44512396
-5924.46037335
-5924.28354473
-5924.21108154
-5924.33566011
-5924.22139743
-5924.23130107
-5924.19305799
-5924.23651658
-5924.20909165
-5923.62935852
-5942.53540041
-5942.77516878
-5942.88154511
-5943.00530890
-5957.20352765
-5956.58788893
-5956.71514550
-5956.86949994
-5957.04668204
-5957.43480453
-5957.27821783
-5971.36238662
-5971.33857469
-5987.45860996
-5986.93795422
-5986.45837536
-5985.94661219
-6005.01310940
-6004.82516288
-6004.94883397
-6004.48433432
-6004.20761620
-6004.46190895
-6004.36837234
-6017.82347342
-6017.35960367
-6017.62191163
-6035.81737418
-6035.81696897
-6035.49925724
-6034.96976247
-6034.45076583
-6056.22488781
-6055.94990561
-6056.05839446
-6055.89755832
-6055.38565276
-6054.88906967
-6054.63224556
-6054.41431631
-6054.45720965
-6054.00087266
-6053.48466373
-6052.94941687
-6052.43967796
-6074.85308528
-6074.34231656
-6073.82418206
-6088.20889650
-6087.70259575
-6087.21101716
-6086.71266563
-6086.19624812
-6085.68194475
-6085.17102282
-6084.67336751
-6084.23123070
-6083.84999137
-6083.34766277
-6082.85056234
-6082.35462368
-6081.86588873
-6097.97704510
-6097.48334428
-6113.55623530
-6113.04669772
-6112.55691642
-6112.02866568
-6111.51901396
-6111.01685108
-6110.51521111
-6110.10102422
-6109.66061605
-6129.76684595
-6129.26028033
-6128.75648624
-6146.08887880
-6145.56019930
-6145.07476357
-6144.58569928
-6144.08842823
-6143.59588203
-6143.11311433
-6142.56537145
-6142.12844916
-6141.63895843
-6141.15962224
-6140.64229079
-6140.10670501
-6139.57437321
-6139.04584871
-6155.86975907
-6155.33348030
-6154.80198656
-6154.24956407
-6153.72831688
-6153.16213073
-6152.65869255
-6152.12078894
-6151.56674007
-6151.02951871
-6150.47820594
-6149.96883022
-6149.39103541
-6148.86944136
-6148.34953310
-6147.80165361
-6147.24995750
-6146.69303823
-6161.58983405
-6161.03714658
-6177.11521486
-6176.58417362
-6198.68198381
-6198.13436917
-6197.62893672
-6197.07274428
-6196.53048532
-6195.95286059
-6195.36884853
-6194.80722195
-6194.32386687
-6193.82496600
-6193.23699895
-6192.69916534
-6192.17072609
-6212.83498643
-6212.34416650
-6211.84828433
-6211.34711079
-6210.82942747
-6210.27336390
-6231.84602461
-6231.30664331
-6230.71661511
-6230.14336846
-6229.57904603
-6229.03107474
-6228.45668317
-6227.88937370
-6227.30900902
-6226.78504761
-6226.18398589
-6225.58048525
-6224.95698102
-6224.34163096
-6223.79569579
-6223.24616064
-6222.68230847
-6222.07626397
-6221.46132948
-6220.92713090
-6220.34668949
-6241.84889671
-6241.34488737
-6240.83278049
-6240.33426654
-6239.78777498
-6239.26772338
-6262.77259203
-6262.22194261
-6261.72231357
-6261.21833672
-6281.56834422
-6281.00668849
-6280.49720933
-6280.00185762
-6279.42404379
-6278.89230386
-6310.42113499
-6309.91990427
-6327.73705803
-6327.26435097
-6326.69488324
-6326.16966174
-6349.01599998
-6348.52523280
-6348.03567688
-6347.53301931
-6347.07754055
-6346.60433934
-6346.15187230
-6345.69801910
-6345.14012191
-6344.55490882
-6344.06107211
-6343.51393381
-6366.95567050
-6366.52734514
-6366.01273865
-6365.55378245
-6365.04517842
-6364.53678552
-6364.08243452
-6363.57550219
-6363.09849559
-6362.65246466
-6383.04962779
-6382.63422318
-6382.17391459
-6381.62339114
-6381.24213419
-6380.85714309
-6380.36547815
-6379.89380180
-6379.46634495
-6378.96827873
-6378.58393628
-6378.10442237
-6377.58732577
-6377.21855096
-6376.86758069
-6376.45505921
-6375.89926294
-6393.70882587
-6393.15162503
-6393.05595662
-6392.55355668
-6392.03615304
-6391.60310912
-6391.41791425
-6390.87957869
-6390.36565283
-6390.40695877
-6389.96997573
-6389.66681133
-6389.12802874
-6388.84312694
-6388.58704961
-6388.02419940
-6387.80136334
-6387.90463263
-6387.38806081
-6387.22075142
-6387.03030522
-6386.63059045
-6386.19203179
-6385.80727123
-6385.27581617
-6417.53414701
-6417.02001592
-6416.53362220
-6416.06897422
-6415.59729450
-6415.15555606
-6414.81845086
-6455.67849681
-6455.34092714
-6494.24114736
-6493.74780973
-6493.49374341
-6493.30826196
-6493.23863604
-6492.99847446
-6492.88340755
-6492.53683656
-6492.52592025
-6492.57243044
-6528.80407638
-6528.90460911
-6529.02269689
-6528.74028345
-6528.81499932
-6528.65551290
-6571.86507859
-6571.86296137
-6572.00132508
-6572.02664201
-6571.98350800
-6571.74090826
-6571.90485460
-6572.14312205
-6572.37535301
-6572.55304544
-6572.14766517
-6572.43140635
-6572.52986365
-6573.09933347
-6573.33665564
-6573.26375913
-6573.45663504
-6573.33373461
-6573.99812398
-6574.36941233
-6574.83880573
-6574.41731016
-6574.18232326
-6574.31706427
-6574.48844623
-6574.60619288
-6601.11903195
-6601.42328609
-6601.63298988
-6630.48350461
-6630.68037269
-6630.99131096
-6630.53078300
-6630.57918526
-6631.35886281
-6632.19281947
-6632.30055607
-6633.32392450
-6661.32546568
-6662.93331995
-6664.27274808
-6664.79993399
-6666.91680385
-6670.09855713
-6674.62623183
-6680.26664596
-6682.05753045
-6683.94234114
-6689.39339456
-6689.93057247
-6690.28567490
-6692.93944733
-6697.40269198
-6698.06512218
-6698.57617035
-6699.70714588
-6702.56216926
-6702.71256773
-6703.01075344
-6703.72136322
-6735.11795560
-6736.03090259
-6736.89420009
-6737.82683714
-6738.57377181
-6739.27339089
-6763.35166218
-6764.76543429
-6766.16076829
-6767.01008282
-6797.09025180
-6797.61014615
-6798.07343156
-6847.43902701
-6848.03213993
-6848.32532027
-6849.00487472
-6850.00905247
-6850.54245912
-6851.86998952
-6853.17788315
-6854.58053861
-6855.68776376
-6856.79375759
-6857.87644903
-6858.47495258
-6859.61674036
-6861.26090089
-6862.31159450
-6862.15753488
-6862.78468253
-6862.52397079
-6862.26671823
-6862.04868340
-6861.82411854
-6861.58358226
-6861.35769740
-6890.91433501
-6890.68266445
-6890.45620929
-6890.23043463
-6892.57745025
-6919.96371431
-6919.76545992
-6919.53877673
-6919.31926021
-6919.09402599
-6918.87688734
-6920.99979939
-6920.80600043
-6920.62291585
-6920.43657025
-6920.25090264
-6943.09005755
-6942.90973453
-6942.72976448
-6944.87647533
-6944.68548081
-6944.51423518
-6944.37342361
-6944.22278188
-6973.54623667
-6973.46511721
-6973.34571443
-6973.25020363
-6973.16488148
-6973.10158345
-6973.03885043
-6972.99578889
-6972.95256348
-6972.92370122
-6972.90293462
-6973.03506441
-6973.11134496
-6973.09067718
-6973.25361264
-6973.26884304
-7008.36529255
-7008.43888118
-7008.60421505
-7008.71920131
-7033.79280575
-7034.09436134
-7034.34494171
-7034.42935640
-7064.10384512
-7064.54589161
-7092.28807264
-7092.47203968
-7093.09287730
-7093.60505184
-7138.92807075
-7139.60623855
-7139.99643624
-7140.25168428
-7140.65383620
-7141.09146371
-7141.57152577
-7141.90439658
-7142.94651254
-7143.93353465
-7144.41651252
-7145.73695133
-7147.03705239
-7148.49792891
-7149.96692182
-7150.38732228
-7151.81436686
-7152.90540143
-7154.15282690
-7154.98385737
-7155.79620449
-7157.23846067
-7159.01654532
-7160.74258517
-7206.52105536
-7207.01010416
-7208.75515256
-7208.82082275
-7208.91307065
-7211.13118974
-7213.28097253
-7214.37948740
-7216.24542661
-7218.46923597
-7220.82492098
-7223.01484432
-7225.00779931
-7227.00962858
-7229.16292697
-7268.54436834
-7270.38752400
-7302.31012809
-7303.06498968
-7303.94993723
-7305.70158474
-7307.01417501
-7309.32155312
-7311.74642885
-7313.20263162
-7315.25456494
-7344.47928901
-7344.81053270
-7371.46100549
-7372.79930192
-7374.47093433
-7404.18365242
-7405.86249248
-7408.43578990
-7433.36904749
-7434.35786539
-7436.65563730
-7438.67187981
-7439.94965642
-7442.16811095
-7443.24001574
-7444.29543936
-7444.58988231
-7444.91782002
-7445.78590284
-7447.92218365
-7450.05138725
-7450.51205298
-7450.90620319
-7451.08981545
-7451.25694616
-7451.79635545
-7452.38972143
-7452.73939405
-7452.89484507
-7453.30274368
-7453.59131318
-7453.80983181
-7454.19566216
-7454.27113933
-7454.45885268
-7454.76960646
-7455.05413707
-7455.20891999
-7455.33166465
-7455.51710507
-7456.31332906
-7457.20138951
-7457.77163687
-7458.25022635
-7458.36813927
-7459.21153920
-7459.28298452
-7459.85458470
-7460.58984402
-7485.11587451
-7509.07695781
-7509.91768049
-7510.78116773
-7511.96361765
-7512.19466051
-7512.56455528
-7513.84737258
-7549.29274146
-7549.76568098
-7550.02058663
-7550.43999063
-7550.79094351
-7551.41864140
-7551.97753179
-7579.33462577
-7579.68341615
-7581.35974133
-7581.49117760
-7581.85646065
-7583.06093048
-7583.36039844
-7583.87584497
-7585.02244392
-7586.43772890
-7614.24603138
-7614.55883354
-7615.92163743
-7616.25634701
-7616.50213302
-7616.75973806
-7616.62492989
-7655.07160216
-7654.88956455
-7654.69529582
-7701.15042915
-7700.92683630
-7700.72793318
-7700.59275556
-7700.43669576
-7700.26145131
-7700.04185037
-7699.80003567
-7700.24086992
-7699.98905977
-7699.77415004
-7701.19155494
-7700.97556080
-7700.78412248
-7700.56259811
-7700.34554215
-7700.17146355
-7699.98925141
-7699.81030351
-7699.63332935
-7699.47473636
-7699.32813396
-7738.02171070
-7737.70971570
-7737.42799332
-7737.29529474
-7737.05506937
-7736.74538203
-7736.57605108
-7736.43233201
-7736.15245041
-7735.94092066
-7735.85673145
-7735.63171507
-7735.31011529
-7735.27034428
-7782.53637118
-7833.76240255
-7833.57940557
-7833.59334825
-7833.26346091
-7869.97914624
-7869.83065610
-7869.64584651
-7869.35661330
-7869.12039653
-7869.43610860
-7869.08075730
-7920.71436659
-7920.67850107
-7920.31961610
-7951.34460885
-7951.77443310
-7953.47904412
-7991.18638633
-7992.43979018
-7994.16069204
-7995.29783869
-7996.97789416
-7997.14818065
-7999.12857809
-8000.83371099
-8001.56138996
-8002.10477901
-8002.54032283
-8002.77647448
-8003.22797005
-8003.44916868
-8003.33272282
-8003.98341701
-8003.98285791
-8004.17350050
-8004.27942461
-8004.99398566
-8005.58673355
-8006.23260608
-8006.95171407
-8048.55929003
-8049.05355633
-8049.35068194
-8049.30067452
-8049.88196593
-8050.50042888
-8051.67044923
-8052.85498891
-8053.90507727
-8054.92114673
-8055.77950625
-8056.73229539
-8057.19879021
-8058.13849125
-8058.44578222
-8059.16004998
-8059.46400861
-8059.77329584
-8059.64890804
-8060.07323012
-8060.36112886
-8060.59872119
-8061.44149222
-8063.16614770
-8064.06564781
-8064.95235538
-8066.59537913
-8067.20395363
-8068.53035990
-8070.26430617
-8070.96441380
-8070.96176864
-8071.78108416
-8072.71556959
-8073.05205206
-8073.44170916
-8074.55049380
-8125.86305016
-8127.80835161
-8127.80466607
-8127.83393006
-8182.62851876
-8183.02601444
-8183.31545282
-8183.21809055
-8183.94381457
-8184.22685771
-8184.82525107
-8185.32280283
-8185.72402811
-8185.29017121
-8184.85974909
-8184.46507980
-8184.07683935
-8183.70199707
-8230.79408493
-8230.45014571
-8281.34764871
-8280.93586348
-8280.62378755
-8280.22254236
-8279.86267545
-8331.24799152
-8330.91003563
-8330.50724690
-8330.10436077
-8329.72004571
-8329.36818088
-8329.04820181
-8328.72200426
-8328.40792769
-8328.09276159
-8327.79791029
-8327.49228459
-8327.24614675
-8327.18933112
-8326.97073004
-8326.75670867
-8326.56553651
-8326.38344307
-8326.23253780
-8326.10557335
-8325.93229321
-8373.68909169
-8373.52597392
-8433.44786883
-8433.57074245
-8433.61875858
-8433.68356674
-8433.73464441
-8490.12810628
-8490.27057769
-8490.29570970
-8490.51069423
-8490.57416453
-8490.92714231
-8491.05697039
-8491.05750111
-8491.06847870
-8490.99417035
-8491.11235516
-8491.28374030
-8491.30258681
-8491.56940966
-8491.80249260
-8491.94035926
-8492.70943088
-8493.14886828
-8493.12701934
-8493.23046247
-8493.30008713
-8493.83311559
