-5.80882835
-8.60563659
-9.44709301
-9.77868462
-9.29009256
-9.75942651
-9.89744915
-10.03244692
-10.35733006
-10.56421247
-10.54900711
-10.74394365
-11.28097853
-11.82288834
-12.41303352
-13.03032574
-13.65905097
-14.28664724
-14.77875988
-15.33370254
-15.73561112
-16.36927828
-17.03236561
-17.71841580
-18.32090322
-18.97334618
-19.76805643
-20.57928772
-21.38550665
-22.18674003
-23.00426045
-23.60366659
-23.97331843
-24.58624070
-25.44434611
-26.20971027
-27.01191159
-27.86214923
-28.64776214
-28.90799927
-29.45909755
-30.34816582
-31.22226381
-32.06596742
-32.32183773
-32.98925610
-33.17942740
-33.65942036
-33.85723514
-34.46627559
-35.08046314
-35.27449618
-35.58364345
-36.28653557
-36.65853316
-37.03386752
-37.87098904
-38.81273239
-39.77927821
-40.28894420
-41.23444212
-41.77754306
-42.51080040
-43.05859884
-43.94104305
-44.78905160
-45.36603451
-46.23099200
-47.11035772
-47.88697615
-48.35986959
-49.19576048
-49.89615053
-50.59509150
-51.26682838
-52.12439905
-52.86176178
-52.57726109
-53.34092381
-54.12202880
-54.14792173
-54.87689248
-55.41675183
-55.68065409
-56.33834060
-56.93091053
-56.93319230
-57.84210467
-57.99551110
-58.56404751
-58.76752029
-58.29704928
-57.85483406
-57.82270962
-58.38270828
-58.99175583
-59.64450784
-59.08960299
-59.38770675
-59.15994990
-58.89085406
-59.15040584
-60.16583944
-61.14417834
-60.67408080
-60.31623626
-60.45517105
-60.55366970
-60.87523485
-61.74575939
-62.78693873
-63.49872230
-62.99726134
-63.36083732
-63.91587407
-63.85937683
-64.52150197
-64.31358718
-63.91546904
-64.20631120
-64.72284683
-64.33141488
-64.11023990
-63.82491074
-64.29231829
-64.90562408
-64.64707693
-64.37850379
-64.08749341
-64.61654192
-65.27108647
-64.95862185
-65.27108437
-65.48330528
-65.75883415
-65.43447150
-66.09316196
-66.94493294
-66.74961469
-67.91314752
-68.63872750
-69.34948613
-69.69528647
-69.79248953
-69.71302141
-70.33328955
-71.01033838
-70.83564560
-71.61084422
-71.92076282
-71.84268782
-71.80779942
-72.60193233
-72.42704241
-73.07679052
-73.79979503
-74.46067939
-74.23602563
-74.78369004
-75.37159508
-75.60785607
-75.96243119
-77.43142497
-77.23730634
-77.41470770
-78.89673907
-79.63105224
-80.37436020
-80.88674437
-81.03233515
-81.54634083
-81.30143288
-81.55653710
-81.64540589
-81.78888435
-82.64339697
-82.58467143
-82.61397041
-83.18970164
-83.40795473
-83.75111691
-84.09754481
-84.72402152
-85.39606308
-85.97600648
-86.48927986
-87.12766570
-87.29136863
-87.65000183
-88.55228209
-88.77554156
-89.14925363
-89.55543797
-90.01431387
-90.67781202
-91.00886514
-91.86555793
-92.55290317
-92.71620744
-93.27788435
-93.74937354
-94.57889155
-95.06855975
-95.81200490
-96.60566859
-96.83910242
-97.70566915
-97.59612815
-98.26109626
-98.64902233
-99.21313244
-100.06061768
-100.59926271
-101.13016901
-101.99449944
-102.85825502
-103.30739033
-103.81354157
-104.08285465
-104.73396674
-105.22713162
-105.69392668
-106.24847807
-106.61685942
-107.50987819
-107.48443541
-107.94906211
-108.67357688
-109.30611075
-109.94784903
-110.58807187
-111.34334050
-112.17218239
-112.52988328
-113.19823549
-113.80370310
-114.08562780
-114.37583524
-114.95495355
-115.41304765
-115.67713465
-116.56003311
-117.06105756
-117.74116308
-118.42060614
-118.92599610
-119.61904943
-119.90950780
-120.40444216
-120.73341667
-121.12836877
-121.61746650
-122.09367309
-122.48579820
-122.82714011
-123.59234886
-124.30305254
-124.44050745
-124.54121934
-125.90763431
-126.23983839
-126.73182403
-127.30750688
-127.59086180
-128.42719046
-128.80947089
-129.11678287
-129.60840492
-130.05064431
-130.31668112
-130.60359241
-131.33274919
-131.80594284
-131.94050146
-132.35190456
-132.85343318
-133.60382823
-133.83653231
-133.99311499
-134.31639005
-134.52407602
-134.77753123
-135.20055774
-135.43500254
-135.81362748
-136.12220795
-136.41022599
-136.75922250
-137.03762135
-137.12921557
-137.36632120
-137.78635055
-138.12078263
-138.30797856
-138.66955239
-138.93302968
-139.43939773
-139.66146532
-139.93732520
-140.15677372
-140.48944106
-140.78898968
-141.07297316
-141.44352315
-141.83147927
-142.17273846
-142.53043203
-142.88859894
-143.14626817
-143.51951598
-143.54185921
-143.79123970
-143.93028370
-144.30389335
-144.52940779
-144.76432225
-145.02973677
-145.44943913
-145.84831514
-146.19633507
-146.61120010
-146.87355353
-147.09810630
-147.44764346
-147.80676461
-148.11128707
-148.39197602
-148.72694373
-148.97842165
-149.44015530
-149.68266374
-150.10349282
-150.54837805
-150.93913195
-151.40299454
-151.64042885
-152.11262203
-152.30220631
-152.42721107
-152.58477051
-152.72025309
-153.03342330
-153.16598661
-153.51960407
-153.70910940
-154.05760584
-154.19668794
-154.42752973
-154.77028723
-155.02976235
-155.24936782
-155.63614515
-155.83993707
-156.15505037
-156.35260095
-156.51548985
-156.74751888
-157.11840150
-157.52179604
-157.95319675
-158.25948483
-158.50657792
-158.88591709
-158.99608318
-159.11141152
-159.36304256
-159.74848380
-159.86700372
-159.93305282
-160.07998359
-160.23421027
-160.43933072
-160.53191140
-160.61036453
-160.69186864
-160.76853885
-160.84878045
-161.01284216
-161.09276485
-161.15810879
-161.59900771
-161.82592485
-162.00138822
-162.07891006
-162.43133627
-162.50167360
-162.57294319
-162.62439566
-162.68332234
-163.04038128
-163.08473767
-163.13670508
-163.19330610
-163.48930149
-163.89768923
-164.27292732
-164.52458770
-164.86927542
-165.08983162
-165.14813411
-165.19658354
-165.24616749
-165.29214166
-165.34207300
-165.38913359
-165.43231219
-165.47252244
-165.52061301
-165.55992197
-165.58602525
-165.60762974
-165.80313076
-165.81832940
-165.83817674
-165.86545781
-165.88353431
-165.90069927
-165.92377581
-165.95111160
-165.97946984
-166.25261410
-166.28357269
-166.30443881
-166.31190220
-166.31729965
-166.32119045
-166.32892545
-166.33674079
-166.33827401
-166.33760460
-166.34755633
-166.34341317
-166.33986453
-166.33715591
-166.33640378
-166.33370586
-166.34351514
-166.35389043
-166.34742607
-166.33902306
-166.33352470
-166.33616085
-166.33177205
-166.33133174
-166.56990088
-166.89584049
-166.88108658
-166.86355076
-166.84616469
-166.82779025
-166.80817634
-166.78750677
-166.77598194
-167.11666490
-167.34628761
-167.60179569
-167.57967882
-167.57613735
-167.55054890
-167.52691550
-167.50756425
-167.48479032
-167.46102852
-167.44784835
-167.42096173
-167.39127817
-167.36615137
-167.33465853
-167.30156891
-167.26769912
-167.24107133
-167.21064855
-167.17765533
-167.14409196
-167.10748647
-167.07044354
-167.03964553
-167.01007603
-166.97368785
-166.93600613
-166.90293249
-166.86351098
-166.82379447
-166.78614778
-166.74668213
-166.71204021
-166.68069326
-166.64711342
-166.60997988
-166.57128778
-166.54906483
-166.81706377
-166.78143619
-166.74490306
-166.70189316
-166.66272218
-166.62025282
-166.58529518
-166.54062910
-166.49165521
-166.44877730
-166.40449022
-166.35567293
-166.32951469
-166.29563737
-166.25522441
-166.20732474
-166.16012089
-166.10909512
-166.05922833
-166.02014509
-165.97516715
-165.92258189
-165.87388753
-165.82370140
-165.77122828
-165.71726579
-165.66483356
-165.61168280
-165.56323479
-165.50725758
-165.47031098
-165.44465578
-165.62233643
-165.88789204
-166.08378661
-166.04288773
-165.99502702
-166.21409107
-166.15551250
-166.14213507
-166.43931849
-166.37610232
-166.31607032
-166.26131759
-166.19911765
-166.13351136
-166.07923900
-166.01981573
-165.96575678
-165.91458239
-165.86452295
-165.79605987
-165.73829134
-165.67300588
-165.60890197
-165.54608173
-165.47902080
-165.41544821
-165.35109549
-165.28877308
-165.22588735
-165.15778194
-165.08780361
-165.02636757
-164.95751312
-164.89586987
-164.83288944
-164.76640685
-164.69733180
-164.63238734
-164.56535434
-164.50085202
-164.43607123
-164.36855640
-164.31568726
-164.25750513
-164.19212423
-164.12884930
-164.07047010
-163.99809445
-163.92565555
-163.85591315
-163.79305630
-163.72555755
-163.65254629
-163.58168694
-163.51182636
-163.43645872
-163.37719159
-163.30682756
-163.23823698
-163.16527854
-163.09019057
-163.01475723
-162.93959964
-162.86470771
-162.79537806
-162.72345769
-162.64924287
-162.57240334
-162.49681214
-162.42721539
-162.35181717
-162.27716308
-162.22061530
-162.16800008
-162.10341866
-162.03868995
-162.16630840
-162.26674007
-162.20434335
-162.15750265
-162.09900811
-162.06219066
-162.00737384
-161.94066748
-161.85572178
-161.77150256
-161.69207561
-161.61373504
-161.53237882
-161.44908217
-161.36609427
-161.29017502
-161.21859820
-161.13643977
-161.05524855
-160.97168519
-160.89143581
-160.80995286
-160.72259038
-160.64562800
-160.56209215
-160.48128936
-160.39718761
-160.31469688
-160.22939957
-160.14463444
-160.06317506
-159.97874196
-159.89707199
-159.81356994
-159.73220407
-159.65264160
-159.57242367
-160.22437020
-160.14317435
-160.06233482
-160.14037656
-160.05682209
-159.97455974
-159.89142364
-159.80728757
-159.72330106
-159.63902100
-159.55258790
-159.46985710
-159.38465069
-159.30025700
-159.21463104
-159.12990689
-159.05925179
-159.26669019
-159.39282999
-159.59485137
-159.91656888
-160.12160531
-160.76152545
-160.66956025
-160.57869779
-160.48922838
-160.39931482
-160.31140085
-160.22187606
-160.92148364
-160.83687966
-160.74566273
-160.65541102
-160.56625168
-160.47329693
-160.38011066
-160.28925657
-160.20138296
-160.11228986
-160.02500807
-159.94012761
-159.84824065
-159.75600504
-159.66984394
-159.58346065
-160.18826505
-160.09328983
-160.00046615
-159.90992838
-159.81893438
-159.72772247
-159.63498417
-159.54183854
-159.44679512
-159.37601373
-159.31149424
-159.27485736
-159.35838935
-159.32009571
-159.35670797
-159.44630064
-159.36805537
-159.44840769
-159.38329085
-159.47970891
-159.41390459
-159.55658114
-159.46635583
-159.37342404
-159.28195456
-159.18991642
-159.10245935
-159.01238504
-158.92283260
-158.83109053
-158.74688216
-158.90195760
-158.81482668
-158.90416281
-158.97776410
-158.88217136
-158.79094314
-158.69758799
-158.60143613
-158.50565874
-158.40881442
-158.31714332
-158.22925294
-158.13775486
-158.04741854
-157.95591561
-157.86083381
-157.76503061
-157.67090335
-157.57841167
-157.48571730
-157.39408759
-157.30946795
-157.22378481
-157.14056900
-157.04666935
-156.95264303
-156.86452120
-156.77183920
-156.67740831
-156.58404158
-156.49247186
-156.40272314
-156.31118014
-156.22555882
-156.14491313
-156.05907521
-156.09636734
-156.01836303
-155.93362011
-155.84062105
-155.74780425
-155.65508074
-155.56095407
-155.46673726
-155.37281628
-155.28054854
-155.18898846
-155.10269479
-155.00990844
-154.92506199
-154.84344565
-154.76326279
-154.68337636
-154.59041232
-154.49849237
-154.41162134
-154.31878010
-154.22816625
-154.13796641
-154.05215104
-153.96065440
-153.86740695
-153.77975211
-153.69041815
-153.60771187
-153.52053523
-153.43050780
-153.34321121
-153.25043478
-153.15783386
-153.06456708
-152.97175372
-152.88518249
-152.79441603
-152.70696901
-152.61940586
-152.52786547
-152.43639629
-152.35271356
-152.26610456
-152.17637776
-152.08909116
-152.00484656
-151.91471075
-151.82964907
-151.73758610
-151.65054858
-151.56450308
-151.47877974
-151.39829452
-151.31789824
-151.23044564
-151.14170901
-151.06073478
-150.97574095
-150.90028756
-150.94308455
-150.86590381
-150.78202711
-150.69106078
-150.60006418
-150.51331334
-150.42594204
-150.34270410
-150.26054623
-150.17148365
-150.08703573
-149.99691577
-149.91102824
-149.82067811
-149.73276206
-149.64674309
-149.55577069
-149.46775576
-149.38309572
-149.29333918
-149.21025055
-149.12370518
-149.03792974
-148.94991936
-148.86266653
-148.78102218
-148.69601927
-148.60594207
-148.52379865
-148.43342629
-148.34591177
-148.26954434
-148.18145407
-148.09743873
-148.01815315
-147.92979038
-147.84313058
-147.76270747
-147.68123839
-147.59438352
-147.50649368
-147.41780874
-147.33924398
-147.27278247
-147.19141154
-147.10990975
-147.02151616
-146.93341039
-146.84779030
-146.76138160
-146.69032672
-146.61208294
-146.52877806
-146.44237329
-146.35714368
-146.27316982
-146.19845947
-146.12279937
-146.04568156
-145.96411852
-145.87736688
-145.79714681
-145.73194047
-145.67137666
-145.60054291
-145.53719548
-145.46278362
-145.39127310
-145.31604505
-145.23966391
-145.15706678
-145.06995541
-144.98751160
-144.90070031
-144.82257427
-144.73790371
-144.65232557
-144.56633352
-144.47957186
-144.39863255
-144.31664902
-144.23029606
-144.14887496
-144.06848559
-143.98597181
-143.90273115
-143.82616908
-143.74451566
-143.66022334
-143.57501005
-143.49027070
-143.41122301
-143.32951424
-143.25075212
-143.17119174
-143.08842912
-143.00458473
-142.92212097
-142.85854515
-142.77350047
-142.68799392
-142.60407237
-142.52588215
-142.44134688
-142.36173123
-142.27719405
-142.19784676
-142.11679188
-142.03507768
-141.95467754
-141.87907755
-141.79793388
-141.71383965
-141.63505659
-141.55213548
-141.48034444
-141.40226967
-141.32122697
-141.23944267
-141.16922935
-141.10357427
-141.01989885
-140.94697092
-140.86983191
-140.78700267
-140.70550939
-140.62741341
-140.54762165
-140.47908996
-140.40749665
-140.33080196
-140.25782608
-140.17944160
-140.09708355
-140.02267705
-139.94847708
-139.87299385
-139.79073640
-139.70822744
-139.62976488
-139.55575359
-139.48028294
-139.41086186
-139.34479937
-139.28284427
-139.22752720
-139.15596416
-139.07406811
-139.00587498
-138.93114050
-138.85253499
-138.78726762
-138.71565609
-138.64102047
-138.56687660
-138.49541625
-138.43289219
-138.37549983
-138.29730635
-138.22288800
-138.14254650
-138.06459616
-137.99147610
-137.91286661
-137.83376042
-137.76266203
-137.68636214
-137.61188148
-137.53419379
-137.46395297
-137.38587867
-137.30767022
-137.23614897
-137.18652437
-137.12547520
-137.07172439
-137.02554678
-137.21158276
-137.16217616
-137.11352147
-137.05199112
-136.98524564
-136.90946157
-136.83750579
-136.76224920
-136.69666646
-136.62679466
-136.56138789
-136.49063605
-136.43300678
-136.36253498
-136.29271240
-136.22513549
-136.15041200
-136.07295723
-135.99472329
-135.92192908
-135.84414949
-135.77998615
-135.70545726
-135.62714377
-135.56583840
-135.50843781
-135.46304911
-135.42394668
-135.54544020
-135.64789083
-135.57727089
-135.50388752
-135.43951446
-135.37552019
-135.30129285
-135.23570533
-135.18178116
-135.11481273
-135.05352722
-134.98580310
-134.93134697
-134.85821046
-134.79699193
-134.73187903
-134.66560238
-134.59607347
-134.53074033
-134.47706947
-134.40283019
-134.34945275
-134.29174854
-134.23521206
-134.16895339
-134.09956950
-134.03183940
-133.96310611
-133.90987413
-133.85358190
-133.80978786
-133.75914502
-133.70066204
-133.64401413
-133.57670433
-133.52320325
-133.45323087
-133.38956424
-133.33562939
-133.28413309
-133.23637890
-133.17213954
-133.10257142
-133.04925289
-132.99070011
-132.92635452
-132.87475716
-132.81173943
-132.75904643
-132.68849530
-132.63488386
-132.56719687
-132.49981823
-132.43837288
-132.37112713
-132.31012963
-132.25637223
-132.22148196
-132.17524376
-132.12169546
-132.06372279
-132.00553910
-131.95278229
-131.92357429
-131.88546692
-131.83047853
-131.76684904
-131.71425374
-131.66033648
-131.62605734
-131.60824033
-131.56242191
-131.49766627
-131.44044948
-131.38574930
-131.34704303
-131.29088335
-131.25122494
-131.22190978
-131.20488187
-131.19502539
-131.18365051
-131.17068245
-131.12665068
-131.07275674
-131.01948439
-130.96177307
-130.91066431
-130.88136025
-130.85269724
-130.83734573
-130.84173218
-130.79532158
-130.73876896
-130.69386896
-130.64480980
-130.62427884
-130.58965664
-130.59564750
-130.54358640
-130.53174378
-130.51741843
-130.54631961
-130.52390998
-130.52406819
-130.49261613
-130.52819126
-130.52172096
-130.51627469
-130.51238668
-130.47650166
-130.46386463
-130.46409655
-130.40784407
-130.36552580
-130.38333536
-130.33083359
-130.34429691
-130.35084293
-130.33650901
-130.33401728
-130.32024220
-130.28144545
-130.24426234
-130.23757422
-130.24416921
-130.20839537
-130.21178602
-130.16081937
-130.25303572
-130.33991939
-130.36053257
-130.37655355
-130.38121175
-130.35889336
-130.31604615
-130.30056411
-130.33282307
-130.32994243
-130.33603484
-130.35746780
-130.36123129
-130.40060568
-130.52295191
-130.63439546
-130.65173582
-130.62675837
-130.61056745
-130.58641749
-130.62832048
-130.64024491
-130.65279957
-130.67358302
-130.68015824
-130.67965627
-130.65281711
-130.67396991
-130.77330095
-130.83844478
-130.83209107
-130.86818317
-130.97114020
-130.92785970
-130.91508027
-130.87172008
-130.85667769
-130.91376593
-130.93835978
-130.91423000
-130.97349496
-130.92207705
-130.89422648
-130.87809141
-130.83564710
-130.83284592
-130.83263142
-130.79599067
-130.76100425
-130.77700081
-130.76522688
-130.76021691
-130.71117852
-130.67383879
-130.66099637
-130.75071084
-130.91687428
-130.94250079
-131.00246479
-131.23895815
-131.37026986
-131.36813612
-131.33536520
-131.30594126
-131.32898925
-131.34605298
-131.32909422
-131.30774209
-131.32493696
-131.35499299
-131.37751709
-131.42168566
-131.44133970
-131.39536946
-131.43880641
-131.46314876
-131.44829061
-131.61204647
-131.57666350
-131.54115664
-131.54292396
-131.53162872
-131.54529355
-131.59320728
-131.57339370
-131.58288995
-131.61578008
-131.58521720
-131.75734491
-131.82721396
-131.81126262
-131.82715328
-131.86158618
-131.84863005
-131.92176442
-131.96624633
-132.02665489
-132.00681487
-132.00735144
-132.05181243
-132.02564774
-132.05504337
-132.06521681
-132.36352714
-132.37966826
-132.44272484
-132.49169374
-132.47854889
-132.55409431
-132.60015356
-132.79681839
-132.77982836
-132.83364055
-132.83398947
-132.83053073
-132.83100145
-132.91116514
-133.01822269
-133.04540845
-133.04818044
-133.26685189
-133.27431222
-133.51431799
-133.69395832
-133.90154997
-134.04318641
-134.05546841
-134.29128171
-134.28037845
-134.35694038
-134.38239676
-134.41101819
-134.63818005
-134.82114291
-134.99300024
-135.15306089
-135.15548076
-135.32592613
-135.65172661
-135.93045672
-136.09201240
-136.22374632
-136.58192927
-136.75756753
-137.10804591
-137.39953554
-137.43910251
-137.56546266
-137.58738492
-137.60125596
-137.75713050
-137.91209601
-139.82710077
-141.46281738
-141.67713479
-141.97918808
-142.17067773
-142.45827401
-142.88093822
-143.13286370
-143.43495396
-143.66264660
-143.89157936
-144.17631146
-144.42533662
-144.52280980
-144.70083852
-144.99104920
-145.19183588
-146.06480837
-146.38679165
-146.67580063
-146.75396034
-147.68732596
-148.19190841
-148.25374763
-148.42422054
-148.55806846
-149.44815023
-149.57236854
-150.46131761
-151.19437656
-151.85182494
-152.08201276
-152.34781317
-153.37970980
-153.68527066
-154.75234465
-154.86365258
-154.90104972
-154.99368019
-155.10890222
-155.18024288
-155.23642263
-155.26414396
-156.20771993
-156.69501645
-157.12712850
-157.97327307
-159.08575095
-159.48388959
-160.61015952
-161.34277295
-162.14881383
-162.42050423
-163.48155897
-164.03338506
-164.19293447
-164.30480165
-164.46866175
-164.71757951
-164.79927506
-165.58949253
-165.93828485
-166.27711084
-166.37293436
-167.16908403
-168.26871978
-168.46385394
-168.56070115
-169.13286788
-169.41145977
-169.84158380
-170.40000943
-171.05484729
-171.78399429
-172.51220251
-174.44188734
-175.24174181
-175.44992938
-175.60133226
-175.71815265
-175.79138096
-175.92556355
-176.10565967
-176.57424285
-177.25026159
-178.42892448
-178.50692315
-179.03552865
-179.26456444
-179.49540916
-179.78859501
-180.21686560
-180.87555406
-181.80583295
-182.34857603
-182.94628255
-183.77985798
-184.35998319
-184.67921345
-184.79648539
-184.96025731
-185.14991851
-186.22825915
-187.15031700
-188.12423013
-190.49361301
-190.68519814
-190.99293430
-191.58945649
-192.74880078
-192.89661768
-193.33203606
-193.85243702
-194.66063065
-195.12749034
-195.33429326
-195.84925262
-196.36211353
-196.55361946
-196.80921939
-197.20739596
-197.36458502
-198.00015038
-198.31607427
-198.54389637
-199.21656753
-199.67449724
-200.28036908
-201.26492012
-202.14624539
-202.89749375
-203.50892604
-204.55753268
-205.65853028
-207.05479984
-207.49913698
-207.86733078
-208.74227501
-209.05965376
-209.45715035
-210.49819481
-211.67451329
-212.70160486
-213.85810796
-214.30340060
-215.08420271
-215.71332796
-216.06768076
-217.05089660
-217.91465025
-218.95392776
-219.87053731
-220.40887334
-221.41490701
-222.09304888
-223.29367757
-224.32864555
-224.98751836
-225.40046914
-226.47471353
-226.91925838
-227.91839152
-228.57447392
-229.18869882
-229.82863776
-230.89886948
-231.79287397
-232.47701735
-232.77476021
-233.83149266
-234.57371410
-235.54328755
-236.48383826
-237.46009994
-238.08868841
-238.48706969
-239.35063374
-239.83710733
-240.89850700
-241.42118929
-242.23407401
-243.14424808
-243.82933811
-244.76335547
-246.55135513
-247.91024509
-248.66065674
-249.75787890
-250.53278342
-251.21216734
-251.86151342
-252.62772318
-253.49854912
-254.24048755
-254.63953220
-255.59224879
-256.52201966
-257.55833923
-259.85032652
-260.88274567
-261.46071541
-262.00461779
-262.74441022
-263.71944152
-264.56823682
-265.36158627
-266.48067646
-267.48804744
-268.40287630
-269.80383910
-270.68628806
-271.53440130
-272.32867728
-273.01519671
-274.03220432
-274.57288827
-275.24352697
-275.75839945
-276.39231745
-276.96253587
-277.40785872
-278.19105418
-279.14100663
-279.75692058
-281.58034610
-282.35055764
-283.00702796
-283.90961661
-284.49429264
-285.47469729
-286.37761660
-287.12090165
-287.86570624
-288.51413680
-289.26349500
-289.98327498
-290.67303181
-291.29980521
-291.78985883
-292.93075467
-293.45078535
-294.38303825
-294.93597468
-296.97217643
-297.46137269
-298.06703631
-298.32462648
-299.24856833
-299.80397969
-300.68407840
-301.17175175
-303.43587488
-304.22807233
-304.85845972
-305.52508707
-306.20326259
-307.01843270
-307.22623802
-308.08134847
-308.92105025
-309.64440467
-310.27582874
-311.00030236
-311.26321424
-311.62238352
-312.35829390
-313.05381487
-313.83642751
-314.76633665
-315.55875251
-316.28502569
-316.88514159
-317.78273176
-318.63959395
-319.59250379
-319.96651667
-320.77787594
-321.35306462
-322.02209000
-322.82474039
-323.58629364
-324.54876206
-325.25365500
-326.20501880
-326.95084131
-327.59165820
-328.29327544
-329.11681512
-330.03906737
-331.00411495
-332.37797575
-332.93369651
-333.60775171
-333.77558258
-334.65769649
-335.50847507
-336.34889729
-337.02983416
-337.87568737
-338.74125238
-339.64864973
-340.55314931
-341.32073360
-342.15287604
-343.10165496
-343.94180749
-344.72224819
-345.60011161
-346.26846309
-347.01324395
-347.18099526
-348.09354528
-348.95548753
-349.73639201
-350.49987524
-351.39390404
-352.19804371
-353.02037481
-353.90231239
-354.25792917
-355.10984405
-355.96506233
-356.82705895
-357.63517617
-357.89365637
-358.69474319
-359.44715715
-360.44607492
-361.22941890
-363.11207675
-363.83721759
-365.19043274
-365.90846607
-366.62736370
-367.44828420
-368.25815097
-369.07637213
-369.91945256
-372.26782642
-373.43692144
-375.11275979
-375.92385533
-376.91827073
-377.63383747
-378.76934681
-379.48423950
-380.20498541
-380.92032352
-381.64202889
-382.35150151
-383.05082508
-384.25294442
-384.95442587
-385.48421431
-386.17590122
-388.25570494
-388.93972563
-389.62061497
-390.29297404
-390.95415423
-392.08143510
-392.79246651
-393.13514963
-393.77885259
-394.47342999
-395.17392443
-395.86943302
-397.52469438
-398.20735097
-399.34968711
-400.03102475
-400.71062900
-401.50150692
-402.18380866
-402.85121747
-403.51440398
-404.18078669
-404.84607632
-405.49703956
-406.94641891
-407.61283871
-408.26848729
-408.93397194
-409.60665967
-410.18660622
-410.86844232
-411.72119661
-413.79512752
-414.45227062
-415.11207842
-416.20403264
-416.96195407
-417.73636608
-418.39901007
-419.50137548
-421.35622021
-422.76618356
-423.50774523
-424.77750538
-425.34049349
-426.13606437
-427.34664741
-429.07765510
-430.26792245
-430.96526245
-432.34798610
-433.91368672
-434.77934533
-435.65882936
-436.96553753
-437.81906048
-438.89354858
-439.88728545
-441.21692599
-442.22923923
-443.57570220
-444.44653096
-445.47545849
-446.43780433
-447.61937056
-448.62402562
-449.33421070
-450.36837490
-451.41492293
-454.53422070
-458.45850047
-460.24100777
-461.48061107
-462.51968468
-463.56386710
-465.27315667
-466.31706170
-467.30893215
-469.09769366
-470.09383907
-471.05152536
-472.19833750
-474.02598685
-475.03791249
-476.13940990
-477.12869107
-478.10738711
-479.01296177
-479.91354940
-480.81882931
-481.87201816
-482.99990525
-484.11263590
-485.05505102
-486.42468840
-487.52624271
-490.39623217
-491.76029545
-492.65972751
-493.51944803
-494.33280912
-495.13639769
-495.90656428
-497.66180929
-498.44188901
-500.36418106
-501.13364653
-501.93906931
-502.73514357
-503.74008188
-504.52748771
-505.37855727
-506.40461927
-507.91296474
-508.88889398
-509.59250817
-510.34383879
-511.06540831
-511.80896615
-512.52124676
-513.22704420
-513.93599095
-514.61278178
-515.29557399
-515.98590477
-516.70292106
-517.42349089
-522.66321547
-523.39896969
-524.18197765
-524.90041638
-525.63397779
-526.35071004
-527.06536469
-527.79881989
-528.52299241
-529.22978394
-529.98381456
-530.71873543
-533.29116674
-534.02022314
-534.75955588
-535.49958083
-536.26020534
-537.11677247
-539.58564131
-540.43840564
-541.16866344
-542.53144571
-543.06479217
-543.75228079
-547.42003517
-547.96313887
-549.39604190
-550.19613523
-551.87959570
-552.60421544
-553.46612793
-554.00210015
-555.20625305
-556.02734204
-556.80625909
-557.92836424
-559.41221088
-560.02376391
-560.76349254
-561.59108930
-562.96721795
-564.43541726
-565.91293008
-567.17453557
-568.24567194
-569.16923498
-570.56433672
-571.21318192
-572.09893987
-572.99843987
-574.08728559
-574.96383103
-575.93536645
-578.29847409
-579.46778028
-580.49228722
-581.19890839
-581.81279217
-582.57973431
-583.67939041
-584.59341985
-586.80598309
-587.21655636
-587.62817327
-588.03834862
-588.44021899
-588.82962863
-589.23843235
-589.66818964
-590.08132710
-590.47081816
-590.85918658
-591.25178924
-591.65314840
-592.10450720
-592.49306754
-592.96871967
-593.44558565
-593.91524889
-594.23733998
-594.87838001
-595.54795889
-597.07026309
-597.61696138
-597.93974178
-598.24729712
-598.60689871
-599.09548803
-599.57082334
-600.96949293
-601.36371517
-602.11726628
-602.85625261
-603.46316470
-604.08962327
-604.67880970
-605.47553410
-606.16181030
-606.78888767
-607.46992109
-608.81698698
-610.57454411
-611.13317752
-611.97902524
-613.14362352
-614.28868504
-615.04248932
-616.21673717
-617.38172394
-618.59723131
-619.36614447
-619.81752063
-621.37681856
-622.50583222
-623.03397044
-623.69190896
-624.86406394
-625.40761956
-626.24992293
-626.86156496
-627.72260713
-628.37471480
-629.20333453
-629.74568061
-630.36488271
-630.92609147
-631.60867026
-632.07611787
-632.74089148
-633.33109924
-633.86650396
-634.48838020
-635.06709817
-636.09978670
-636.69584585
-637.58280795
-638.20532364
-639.88896000
-640.51093288
-641.13886910
-642.28936393
-642.66444091
-643.09159915
-643.71183501
-644.27163546
-644.85000655
-645.47390759
-646.07303977
-646.59655924
-647.23389398
-647.80272782
-649.62421772
-650.10818560
-650.58747638
-651.00306627
-651.45266140
-651.89239105
-652.29258364
-652.70681737
-653.11114720
-653.48032264
-653.83563646
-654.26014749
-655.30545765
-655.65620501
-656.00202834
-656.53564583
-657.08031715
-657.49200685
-657.77513981
-658.33673598
-658.89117617
-659.21722882
-659.64042860
-660.20142819
-660.67935947
-661.77688651
-662.13919699
-662.46695133
-662.97538446
-663.95595960
-665.02702839
-665.91833811
-666.85774758
-667.39286918
-668.01098220
-668.61184144
-669.18779340
-669.82568382
-670.43387251
-670.90700325
-671.51943217
-672.10943189
-672.76242661
-673.38120599
-673.96407088
-674.42816837
-674.88868725
-676.31341702
-676.62291045
-676.96273865
-677.42201741
-677.88532068
-678.47847688
-679.06378365
-679.70378731
-680.40832289
-680.97066385
-681.72000426
-682.16211476
-682.78893039
-683.32812688
-683.85918337
-684.31347715
-686.04508310
-686.48740663
-686.91866489
-687.37683721
-687.80958510
-688.22405991
-688.62631054
-689.10622601
-689.58351756
-690.06723801
-692.68217329
-693.15294822
-693.64506893
-694.14395852
-696.56251593
-697.05276526
-697.52144913
-697.95750376
-698.41219041
-698.87129068
-699.35406161
-699.83187008
-700.30277365
-700.75372045
-701.19479560
-701.64432226
-702.08248471
-702.51117957
-702.95860055
-704.98975260
-705.43328906
-706.66542155
-707.12056870
-707.57178413
-708.00181536
-708.34817608
-708.57293112
-708.83535975
-709.09562176
-709.33740701
-709.57641347
-709.91951785
-710.26595576
-710.44120578
-711.38166160
-711.78555056
-712.16388378
-712.39431655
-713.86863843
-714.22506975
-714.49826468
-714.81743773
-715.03726966
-716.00407852
-716.35088766
-716.64859713
-717.00367962
-717.35465131
-717.69027352
-718.03347082
-718.28778595
-718.60632167
-718.87558500
-719.13264797
-719.97595408
-721.15779082
-721.47193271
-721.71668338
-722.70300931
-723.03461444
-723.39520146
-723.72277072
-724.06594096
-724.43614236
-724.76232133
-725.06612593
-725.36230331
-725.61443210
-725.92101417
-726.20315712
-726.53786671
-726.84681440
-727.77011791
-728.09163747
-728.99483337
-729.30760211
-729.59373511
-731.27393486
-731.66882263
-731.97031782
-732.32483078
-732.73118209
-733.01447307
-733.44045596
-733.78643185
-734.14024320
-734.46006596
-734.82702570
-735.14091826
-735.48867927
-735.80916712
-736.12957160
-737.12053832
-737.43392117
-737.74199158
-738.04172944
-738.33778664
-738.62849580
-740.07352166
-740.33537729
-740.57495632
-740.80126347
-741.00755272
-741.19295589
-742.52957671
-742.74680557
-742.96325849
-743.19206922
-743.45572324
-744.66921465
-744.81544961
-747.17740519
-747.39883673
-749.00352391
-749.19695116
-749.44115684
-749.52970648
-749.88707716
-750.22124438
-750.59198854
-750.74548643
-750.82652825
-751.04581576
-751.31064435
-754.59852459
-754.87081878
-755.10117713
-755.24263179
-755.43548972
-755.75131659
-755.98964666
-756.13287039
-756.37967788
-756.62044182
-756.80686350
-757.02270486
-757.19614266
-757.40277728
-757.54677525
-757.76670955
-757.89606247
-758.08466962
-758.22135324
-758.37506275
-758.62246942
-758.83095424
-760.76753367
-762.80343532
-762.93935992
-763.10064823
-763.24159004
-763.33614500
-763.68654317
-763.81461266
-764.00772221
-764.29401694
-764.46116642
-764.64437474
-764.82247415
-764.92235682
-765.01620734
-765.11180371
-765.20896288
-765.31598440
-767.29992792
-767.39343772
-767.48918202
-767.58729875
-768.14943861
-768.28711945
-768.48787945
-771.62937824
-771.72436117
-771.82509068
-771.93185211
-772.04426062
-772.15412992
-772.26649617
-774.87414957
-774.98136471
-777.78337465
-777.86619531
-779.79123665
-779.87086023
-779.95523177
-780.03786475
-780.14089655
-782.56931792
-782.68895754
-782.90473918
-784.79260611
-784.87457318
-784.96739159
-785.05490694
-785.16333320
-785.25761425
-785.34193323
-785.44085674
-785.53142911
-785.62162923
-785.70856085
-785.79433487
-785.88134686
-785.96738344
-789.00351599
-789.09120034
-789.16999918
-789.25495206
-789.35275809
-789.43696226
-789.52217236
-789.60401260
-789.69085203
-789.78299778
-789.86812596
-789.96150200
-790.05537836
-790.16045463
-790.25883679
-790.35939497
-790.45955406
-794.27591654
-794.37615987
-794.48567842
-794.60049405
-794.70602579
-794.80541209
-794.90147578
-795.00769295
-797.10110844
-797.19598345
-797.30071265
-797.41351680
-797.53158690
-797.64315978
-797.74326253
-799.92848915
-800.03096127
-800.14529685
-800.24134568
-800.34529277
-800.45455291
-800.54932692
-800.63652355
-800.74218351
-800.85257779
-803.14957403
-803.26514902
-803.37443403
-803.47647828
-803.59533434
-806.61705110
-806.73056138
-806.83112561
-806.93357500
-810.20768043
-810.31412875
-810.42402326
-810.53615738
-810.65437388
-810.76134080
-810.87917422
-810.99135823
-811.09151384
-811.20748459
-811.31359942
-811.41905605
-811.51092145
-811.59509864
-811.67640233
-811.74798216
-811.79524234
-811.83557546
-811.88861578
-811.91842329
-811.99685297
-812.06969130
-812.23958060
-812.40211935
-812.48096287
-812.64829103
-812.77063465
-812.90749333
-813.05761746
-813.15442274
-815.81872634
-815.87702081
-815.96623705
-816.04622756
-816.19887011
-816.33222576
-816.53698228
-816.67013166
-816.74933309
-816.82102033
-816.92445052
-817.01057856
-817.12410668
-817.19508711
-817.26803199
-819.82092999
-819.95861915
-822.62515820
-822.75657265
-822.82189134
-822.95351210
-825.54497482
-825.65277246
-825.68904164
-825.72753238
-825.76409184
-825.84157576
-825.87847698
-825.94322296
-826.08421560
-826.12260683
-826.16103701
-826.19476864
-826.23128095
-826.26857032
-826.30637372
-826.34359792
-826.38245772
-826.46815124
-826.55979590
-826.66487095
-826.78691772
-826.85601299
-826.89320614
-830.92671748
-830.96552274
-831.01498366
-831.12524865
-831.22660743
-831.26577314
-831.32366534
-831.41170402
-831.51802874
-831.57619654
-831.70301798
-831.83991798
-831.90295335
-832.02927456
-832.08191533
-832.13237654
-832.17058088
-832.21922619
-832.26803519
-832.30712834
-832.35490588
-832.40211919
-832.44330486
-835.11909734
-835.15929245
-835.20309502
-835.32702365
-835.48669447
-835.58802256
-838.29727617
-842.52261780
-842.57176701
-842.63547601
-842.74993902
-842.79035212
-842.82797857
-842.90584334
-842.94331346
-842.97708169
-843.19514738
-843.44458505
-843.58325399
-843.69637293
-843.79006950
-844.06237601
-844.33808139
-844.61783821
-848.80338564
-849.04825317
-849.38721850
-849.51808100
-849.70343828
-850.02252610
-850.15361730
-853.48605396
-853.72799405
-853.82652783
-854.03357985
-854.08694625
-854.33153421
-854.59260798
-854.84770815
-855.07295373
-855.17196746
-855.31323072
-858.27708435
-858.42737920
-858.57478157
-862.03156335
-862.16484080
-862.29373869
-862.46131879
-862.62543226
-862.79454995
-865.79766889
-865.97148019
-866.15047665
-866.28162344
-866.46300025
-866.60811886
-866.76687146
-866.94146010
-870.08974615
-870.29709883
-870.50075991
-870.67164014
-870.74758717
-870.80267847
-870.86519697
-870.92608600
-870.94455988
-870.99191523
-871.02989256
-874.54537787
-878.71203427
-878.75364455
-878.80514944
-883.82428336
-883.83759453
-883.86268045
-883.90058629
-883.92259595
-883.93563105
-883.94671473
-883.96245057
-883.97441743
-887.59847502
-890.67862093
-890.69153656
-890.71869925
-890.74555707
-890.75869813
-894.55055319
-894.58010921
-894.59749568
-898.83974235
-902.63125469
-902.67596710
-902.69501242
-902.76647676
-902.84466329
-902.93254024
-902.95451968
-902.97363259
-903.00303517
-903.03310433
-903.07613647
-903.12739493
-903.16585264
-903.24730815
-903.28133622
-903.35615155
-906.95626242
-911.89860351
-912.01252601
-912.07739276
-912.15067880
-916.92940554
-916.98133084
-917.03217206
-917.08150213
-917.13492176
-917.18627562
-917.24304706
-917.30374861
-917.36993557
-921.80585326
-921.87665510
-921.94930430
-922.02856729
-922.11173276
-922.19710978
-922.28484397
-922.39187518
-922.50757286
-922.63415398
-922.76808338
-922.88514315
-922.97088106
-923.10405519
-923.26778974
-923.42533524
-923.59049508
-923.70908689
-923.85269621
-923.99066319
-924.15717861
-924.34245018
-924.47526168
-924.63804133
-924.79135315
-924.92839830
-930.40861230
-930.64165563
-930.81758920
-931.03617105
-931.19572287
-931.35342372
-931.47273931
-931.63690921
-931.75727236
-931.89454703
-932.08206146
-932.27897635
-932.58456203
-932.80657663
-933.04655559
-933.10640349
-933.24699990
-940.12977250
-940.40641046
-940.59409900
-947.81563528
-947.81307228
-947.81129853
-953.57282708
-960.53711312
-960.76039557
-961.01407293
-961.01327922
-961.02096722
-961.02223906
-961.03311548
-961.03678900
-961.07167821
-961.08691650
-967.30028347
-967.30485476
-967.30638170
-967.31773446
-967.35385752
-967.39429768
-967.41122838
-967.44138744
-967.49887369
-967.54480566
-972.93773825
-972.95258906
-979.57401953
-979.61913682
-979.69822048
-979.80404411
-979.87568954
-979.89817646
-979.94162337
-980.02028147
-980.12035801
-980.15200736
-980.19931565
-986.98001837
-987.04321287
-987.14047803
-993.71736428
-993.84219988
-994.06556474
-1001.79811106
-1001.83243055
-1002.06171982
-1002.28985565
-1010.78622279
-1011.08139034
-1011.33651360
-1011.33413602
-1011.50601044
-1011.55808973
-1011.83668519
-1011.93756270
-1012.24940822
-1012.23391270
-1018.05426173
-1018.04478389
-1018.05910093
-1018.30208273
-1018.43558740
-1018.48488239
-1018.59384164
-1018.64729009
-1018.95271489
-1024.98373864
-1032.95348318
-1039.94908210
-1039.96051172
-1039.96465116
-1040.08005960
-1040.23554001
-1040.38298592
-1040.48162309
-1040.70207979
-1040.77344721
-1041.00925375
-1041.19613810
-1047.82296100
-1047.82131761
-1047.79965097
-1056.85721308
-1056.87713809
-1056.88251599
-1056.90203036
-1056.90178452
-1056.88837725
-1056.86976960
-1056.82865887
-1056.82506315
-1056.80083154
-1056.79498770
-1063.50318632
-1063.48007361
-1063.47819914
-1063.46492423
-1063.43735775
-1063.42374664
-1063.40321767
-1063.38540396
-1063.37603521
-1063.39066366
-1063.38227949
-1063.42176646
-1063.45141151
-1063.44728505
-1063.54660115
-1063.54794955
-1063.63388952
-1063.64495558
-1063.74206094
-1069.98956953
-1070.09324356
-1070.15422672
-1070.24851465
-1070.35803404
-1070.36782459
-1070.48543970
-1070.65921168
-1070.85315709
-1070.86854787
-1080.87143568
-1081.02994092
-1081.07703099
-1081.27755192
-1081.43025125
-1081.58098552
-1081.62339089
-1081.74685910
-1081.86686903
-1082.03242801
-1091.41366888
-1091.50001936
-1091.43951940
-1091.47038888
-1091.50554970
-1097.75916593
-1097.74629627
-1104.75754373
-1104.74452431
-1104.79954240
-1105.08797952
-1105.01320719
-1104.93375003
-1104.85954813
-1104.78589460
-1104.71193792
-1104.63076851
-1104.74023491
-1104.66639854
-1104.59097878
-1104.51542775
-1104.50657994
-1104.43845599
-1104.37463350
-1104.31345296
-1104.25419455
-1104.19205840
-1104.13093105
-1112.87285344
-1112.80383222
-1113.08439773
-1113.01993891
-1112.95821478
-1112.90487459
-1112.85489351
-1112.80579038
-1112.75691411
-1112.71391657
-1112.67405486
-1112.63813548
-1112.59962753
-1112.56058031
-1112.52142081
-1112.49212264
-1112.46765381
-1112.44152240
-1112.42901512
-1112.41817376
-1112.41403436
-1112.39908046
-1112.38637805
-1112.38344298
-1120.76452371
-1120.75054682
-1120.74632455
-1120.74457934
-1120.74723531
-1120.75399739
-1120.76704488
-1120.77720207
-1120.78151344
-1120.79247359
-1120.80088301
-1120.80678256
-1120.83268962
-1120.84949377
-1120.85317774
-1120.87711221
-1127.22185378
-1127.26499327
-1127.31156785
-1127.34258247
-1127.37080246
-1127.38201647
-1127.39185774
-1127.41681743
-1133.38912569
-1133.39752263
-1142.59587095
-1142.63661397
-1142.64402471
-1142.68819931
-1142.70803597
-1142.71379133
-1142.77834698
-1142.87907922
-1142.96116654
-1143.06724894
-1143.16064583
-1143.19249154
-1143.28389138
-1143.39865438
-1143.50766950
-1143.61726829
-1143.73571191
-1143.84135505
-1143.96083532
-1151.36820143
-1151.48516890
-1151.64671278
-1151.78027650
-1151.92147791
-1152.05927108
-1159.57850950
-1159.73407713
-1159.88660111
-1160.02171472
-1160.20696078
-1160.41075869
-1160.65121132
-1170.29298854
-1170.39309405
-1170.67079716
-1170.94652430
-1171.14831623
-1171.42127312
-1171.48228359
-1171.68766714
-1172.08137502
-1172.46104861
-1178.94750343
-1178.87128528
-1179.00795524
-1179.15629001
-1179.28257691
-1179.41606180
-1179.57050799
-1179.71348623
-1179.87327707
-1180.02556744
-1180.17813944
-1180.34332804
-1180.50261904
-1180.66108954
-1180.80026657
-1180.92432070
-1181.09313095
-1181.26818223
-1181.41116469
-1181.47505479
-1191.86228997
-1192.00800629
-1192.13126973
-1192.19690610
-1192.14048640
-1192.26828944
-1192.18461762
-1192.06231720
-1191.96479219
-1191.91565545
-1202.83314092
-1202.78411922
-1202.67202344
-1202.62237121
-1202.52521987
-1202.60267135
-1202.63477553
-1202.72189079
-1202.81395104
-1202.72370600
-1202.82435655
-1202.92229666
-1202.95871234
-1203.08924144
-1203.21566760
-1203.33357316
-1203.35118727
-1203.42567729
-1203.43345929
-1203.50484652
-1203.58933146
-1213.66188280
-1213.76967520
-1213.85543060
-1213.95242813
-1213.85818211
-1213.99867118
-1214.10721182
-1214.19446933
-1214.32853859
-1214.24189575
-1214.33708408
-1214.40760175
-1214.51548566
-1214.57892162
-1214.91013839
-1214.92559194
-1214.82054255
-1214.82687097
-1215.02972814
-1215.06925315
-1215.13667267
-1215.14691407
-1215.25630633
-1215.26982263
-1215.20985164
-1215.12770568
-1215.18689124
-1215.30729027
-1215.32192736
-1225.61840077
-1225.64107664
-1225.63250669
-1225.55297967
-1225.45028271
-1225.35139142
-1225.25321389
-1225.16050002
-1225.07374271
-1224.97476865
-1224.92199769
-1224.82509751
-1224.72245933
-1224.63552398
-1224.55742393
-1224.59472876
-1233.61086518
-1233.56667206
-1233.51995895
-1233.44363768
-1233.45541325
-1233.52599941
-1233.47584218
-1233.47187657
-1233.61388444
-1233.77718781
-1233.94731742
-1234.12081381
-1234.02135490
-1242.93267169
-1242.82373375
-1242.88019345
-1243.06828348
-1251.95570584
-1252.11633105
-1252.26494014
-1252.43676955
-1268.77008467
-1268.90771170
-1269.05880070
-1269.18436855
-1269.31339968
-1269.42599287
-1269.61089296
-1269.69080839
-1269.82934602
-1269.93068265
-1276.70497215
-1276.83765766
-1276.95568804
-1277.00584225
-1277.05314528
-1277.23404889
-1277.34309638
-1277.42558205
-1277.40596375
-1277.40440190
-1277.51527035
-1277.51613154
-1283.57084636
-1283.59634974
-1283.51856711
-1283.42140554
-1283.32970514
-1283.33881549
-1283.28156382
-1283.19537517
-1283.17490729
-1283.09410289
-1283.12944432
-1283.18661199
-1293.86051654
-1293.96219125
-1293.93950568
-1300.94369874
-1301.12154003
-1311.86626710
-1312.05086655
-1312.24646979
-1312.28890626
-1312.20116959
-1312.19254194
-1312.25035911
-1312.43651987
-1312.63877700
-1312.75346287
-1312.67748895
-1312.73045331
-1312.73054273
-1312.74331057
-1312.72287079
-1312.72506562
-1312.75577170
-1312.83090756
-1312.91474462
-1312.94362082
-1312.89111821
-1312.83037187
-1312.92233314
-1312.82617548
-1312.75297887
-1312.94269388
-1312.85338555
-1312.79148030
-1312.74888519
-1321.73852457
-1321.73922008
-1321.85084142
-1321.87494804
-1321.98738017
-1322.07542323
-1322.08009546
-1322.15892020
-1338.37280196
-1355.14469770
-1355.21787039
-1355.24488263
-1355.32335424
-1355.45381504
-1355.56388195
-1370.77183085
-1370.81439203
-1370.86062610
-1370.83052422
-1370.90895064
-1370.96190874
-1371.02973625
-1382.44273523
-1382.37536298
-1382.33164675
-1390.19339521
-1390.15003141
-1390.13471780
-1404.71134479
-1404.72511515
-1404.67894087
-1404.69274094
-1404.55823407
-1404.41345542
-1404.26248242
-1404.40801692
-1404.45461993
-1404.43078349
-1404.30082899
-1404.31539834
-1404.47197968
-1404.65627934
-1404.80517847
-1404.92785133
-1405.03150573
-1405.06835093
-1405.07204261
-1404.93758445
-1404.89494437
-1405.01694714
-1404.87506727
-1404.83245266
-1417.34011194
-1417.21760407
-1417.13785535
-1417.11220166
-1417.10109439
-1417.13783281
-1417.05742723
-1416.99558072
-1417.00684803
-1417.05463977
-1417.04819369
-1416.97788492
-1416.94435613
-1416.96661349
-1416.93825050
-1416.99563641
-1416.98304352
-1433.98703277
-1434.02541114
-1433.93012285
-1433.81600488
-1433.70429248
-1433.71382038
-1433.57815349
-1433.46686622
-1433.33122069
-1433.21415685
-1433.09535414
-1433.00287878
-1433.00897295
-1432.94912609
-1432.97775955
-1433.07284920
-1433.23287124
-1433.32996939
-1433.47919545
-1433.54680111
-1433.64133233
-1433.57276738
-1433.43197400
-1442.71736700
-1442.62291315
-1442.56595606
-1442.72821575
-1442.80527466
-1442.84793241
-1442.84396561
-1454.25570959
-1454.41739334
-1454.59712998
-1454.82443217
-1455.03675997
-1455.24577714
-1455.32689448
-1455.47631540
-1455.59874535
-1455.60059579
-1455.70101450
-1455.60878965
-1455.78254286
-1455.96014015
-1456.14879825
-1456.30650321
-1456.50717580
-1456.64089989
-1468.10253702
-1479.95617103
-1480.17038559
-1489.95846218
-1490.17080540
-1490.35042197
-1490.53097241
-1500.36818274
-1500.24106304
-1500.31639575
-1500.40566297
-1500.64979382
-1500.86669043
-1501.04075479
-1501.27681302
-1513.06243703
-1513.31572229
-1513.55942703
-1513.79892012
-1514.07944894
-1527.69539576
-1537.41814532
-1537.69739674
-1537.95418214
-1538.21723962
-1538.48417942
-1538.66826632
-1538.90463699
-1538.76393075
-1538.80830525
-1538.91050786
-1539.18230793
-1539.31558874
-1539.34219845
-1539.48377547
-1539.52560583
-1539.80698050
-1539.85804594
-1539.98806528
-1540.14150381
-1540.24897884
-1557.70643150
-1579.04365833
-1579.29768905
-1579.28984526
-1596.58467865
-1596.58761679
-1610.08163493
-1624.41323617
-1624.62565877
-1624.77797295
-1625.16847603
-1625.14633345
-1625.16820300
-1625.40502807
-1625.48583464
-1625.59069421
-1625.62395235
-1625.59788682
-1625.70537633
-1625.81647233
-1626.06282514
-1626.27319506
-1626.40495800
-1626.54095314
-1626.84197248
-1627.17150765
-1627.36722605
-1627.56492450
-1627.61160462
-1627.55646305
-1627.36982819
-1627.17859118
-1627.02298343
-1644.57564851
-1644.36631595
-1667.28201459
-1667.07007574
-1666.93618198
-1666.73000756
-1666.51312709
-1666.29537066
-1666.07798879
-1665.86012250
-1665.81475297
-1665.74044832
-1665.52917139
-1665.40360303
-1665.19385644
-1665.15516786
-1665.11175574
-1684.43802615
-1684.53189821
-1685.10052001
-1685.53303379
-1686.00695407
-1686.36397452
-1686.35143614
-1686.17919047
-1703.56562887
-1703.34584251
-1703.15253005
-1702.86698208
-1720.73232650
-1720.49123739
-1720.35646681
-1720.17484271
-1720.07462098
-1719.89184575
-1719.74664508
-1719.60567531
-1719.47759265
-1719.31530881
-1719.08643777
-1718.85132183
-1718.65347814
-1718.50333409
-1718.43991207
-1718.30806991
-1735.96663570
-1735.90325361
-1735.85833783
-1735.80462069
-1735.72980363
-1735.58488692
-1735.52117684
-1735.51595639
-1735.49697266
-1735.48509720
-1735.48292477
-1735.42728084
-1762.22698975
-1762.14006307
-1762.06367493
-1762.08300038
-1787.21600357
-1787.09550283
-1786.85537575
-1787.42418181
-1787.84088988
-1788.25771837
-1788.01911664
-1803.69502669
-1803.47087076
-1803.30390225
-1803.08538527
-1802.89502384
-1802.76652140
-1817.33981662
-1817.79425848
-1842.73858372
-1842.93237545
-1843.28577710
-1843.66631578
-1844.12693739
-1844.53935914
-1845.00667903
-1845.44581360
-1845.83822134
-1845.97043459
-1845.91864604
-1845.84534240
-1846.29820106
-1846.60822532
-1846.88983428
-1846.82586019
-1847.26874840
-1847.63475240
-1847.56844376
-1848.09372489
-1848.08382152
-1848.07190790
-1848.31563950
-1848.37999254
-1848.61086789
-1848.83327450
-1868.27386237
-1889.51930634
-1889.65336513
-1889.75787043
-1912.66696852
-1913.00927294
-1913.31362211
-1913.76031933
-1914.32054318
-1915.03181886
-1915.73695235
-1932.38068791
-1933.04013026
-1933.72326322
-1934.25488119
-1934.99571923
-1935.67794104
-1951.60234864
-1952.20440359
-1952.90446983
-1953.38725212
-1954.04423132
-1970.90055634
-1971.06542896
-1971.67824116
-1972.44370538
-1973.54813431
-1974.42337144
-1974.54831054
-1974.91120152
-1975.19651879
-1975.09338091
-1975.32821487
-1975.53098087
-1975.86373616
-1976.01265801
-1976.14052712
-2001.66048240
-2001.98344124
-2002.19448125
-2019.70942896
-2019.89453494
-2020.15513208
-2020.48915451
-2020.86776102
-2021.36750042
-2021.37390535
-2021.44005706
-2022.15396742
-2022.26208713
-2022.59259035
-2022.86934580
-2023.27966499
-2023.90808078
-2040.21137466
-2040.60934819
-2040.96050124
-2041.35751859
-2041.84719576
-2042.12877432
-2042.44229242
-2042.74052706
-2043.53085556
-2044.46494493
-2045.47855331
-2046.62596948
-2046.95755160
-2047.31758199
-2048.20765938
-2064.38580936
-2064.78273688
-2065.90538025
-2067.07648578
-2067.80241775
-2067.87090670
-2067.93015647
-2068.01387939
-2068.10049322
-2068.19139179
-2083.60982259
-2083.69584099
-2083.70250024
-2083.74349899
-2083.80039317
-2083.79537531
-2083.83161056
-2083.80058694
-2098.05006172
-2098.05015718
-2098.13043856
-2098.23168268
-2098.29921565
-2098.40874385
-2098.47843799
-2098.67010752
-2098.85999278
-2099.05664291
-2099.19175736
-2099.36577777
-2099.64531804
-2099.84583760
-2100.13910273
-2100.45361410
-2100.69681397
-2100.95407307
-2101.15179127
-2101.56810348
-2101.82767970
-2102.20757928
-2102.48464066
-2102.76378445
-2103.06164876
-2103.39177946
-2103.75792998
-2104.17679925
-2104.62958989
-2119.28252843
-2119.66384780
-2119.94681279
-2120.29432940
-2120.77891736
-2121.28321523
-2121.71971378
-2122.21301000
-2122.60615976
-2123.25213352
-2123.95348140
-2124.56122108
-2125.28324266
-2125.91581007
-2139.17372600
-2139.98160894
-2140.86137858
-2141.57413244
-2141.96588725
-2142.24871790
-2159.89170917
-2172.98092903
-2173.54546362
-2174.48445868
-2175.05206085
-2175.75224845
-2176.18130652
-2176.49959430
-2176.89740618
-2177.04955748
-2177.27021555
-2178.10661485
-2178.73994531
-2179.43978235
-2179.95310557
-2180.90418318
-2181.71721123
-2181.95154660
-2182.55176730
-2182.71758751
-2183.43096861
-2184.22993172
-2196.52150423
-2196.81334954
-2197.05280123
-2197.35882680
-2213.00870270
-2213.71988343
-2214.51272850
-2226.93356862
-2227.71956430
-2243.46689401
-2244.30058996
-2244.57283236
-2245.49271754
-2267.03752685
-2267.75489132
-2268.64724647
-2269.47609341
-2270.20990902
-2270.68254898
-2271.68361413
-2272.61515539
-2273.12867387
-2287.86185954
-2301.99902360
-2303.50571678
-2304.86368512
-2326.94624034
-2328.40509815
-2343.35578293
-2343.88021834
-2344.87820735
-2346.38590809
-2346.82882120
-2347.13186971
-2347.30150455
-2347.40459631
-2347.86059863
-2348.21103505
-2348.30979755
-2349.08984993
-2372.33568892
-2372.66796630
-2373.17110349
-2373.59403984
-2392.28182249
-2392.76389929
-2393.36982870
-2393.75347858
-2394.15943013
-2394.90188492
-2395.50796811
-2396.19332349
-2396.88014496
-2397.07936314
-2397.80148170
-2398.26374672
-2399.08772413
-2399.41926531
-2400.22724595
-2401.03247192
-2401.82010060
-2402.87207188
-2403.91126475
-2404.88771698
-2405.50902029
-2422.03786437
-2438.30087131
-2439.01482231
-2440.00211768
-2456.29251684
-2457.41767440
-2458.37389455
-2459.03238855
-2460.20026431
-2479.93796784
-2481.21790474
-2482.21369142
-2483.41981827
-2501.56793831
-2502.48589011
-2503.69625900
-2504.56284004
-2505.81804604
-2506.84042865
-2534.55228608
-2535.82414109
-2536.93231678
-2561.03419130
-2561.91200275
-2563.04863975
-2563.80970342
-2564.88392256
-2565.93706416
-2567.29677006
-2568.02886993
-2569.17928018
-2570.25936051
-2571.21240055
-2572.14664989
-2573.70065773
-2591.70226990
-2593.41737452
-2594.88882052
-2610.48881570
-2611.79191245
-2612.72650737
-2614.12253639
-2615.06046054
-2616.39193011
-2617.40200202
-2618.62812225
-2641.88709431
-2642.29821953
-2642.89660747
-2669.20985953
-2669.66708751
-2704.51773407
-2704.88756153
-2705.27555950
-2727.46250102
-2751.32621118
-2751.84078120
-2752.19430997
-2752.62254162
-2753.05946975
-2753.43727128
-2753.82246587
-2754.27161830
-2754.67914127
-2755.15589254
-2755.53209713
-2756.20154373
-2756.70108691
-2757.14056142
-2757.64861987
-2790.53275019
-2791.07597822
-2791.57789272
-2792.17501341
-2793.22105763
-2794.16366550
-2795.06885957
-2795.50547016
-2796.15706133
-2796.67854437
-2797.27687355
-2798.76438805
-2799.31537514
-2799.83278366
-2801.58575869
-2802.17250039
-2803.07180595
-2803.62236691
-2804.28871889
-2804.92673749
-2805.70736197
-2829.65571635
-2830.99386132
-2851.17314109
-2851.96493482
-2852.64854947
-2853.36025348
-2854.37978694
-2855.71868846
-2871.84299772
-2872.88746389
-2873.60309284
-2874.33975757
-2875.03035227
-2875.95072652
-2877.23823360
-2878.73693471
-2880.14325011
-2902.78825051
-2904.58460258
-2906.11852740
-2939.92692470
-2942.25356888
-2943.91946294
-2944.62664588
-2945.15489813
-2945.66529804
-2946.30031970
-2947.01705120
-2947.54959134
-2948.15182255
-2948.66461157
-2949.36211799
-2950.07121899
-2950.90141110
-3002.69957650
-3049.47271342
-3050.38305198
-3097.44246638
-3097.96773857
-3098.47304209
-3099.14876595
-3127.17621033
-3127.82604177
-3128.50717481
-3129.23731668
-3130.25603809
-3131.06399210
-3131.78990306
-3132.69263231
-3133.65175115
-3134.50893323
-3135.36245327
-3136.15742369
-3137.03794571
-3137.96903402
-3138.90445959
-3171.04035919
-3172.02174417
-3172.56541226
-3173.62918624
-3174.50069857
-3175.50256481
-3176.51918801
-3177.36288374
-3178.38071311
-3179.33527059
-3180.28307119
-3181.16450853
-3182.23985811
-3182.66886856
-3183.54050554
-3184.28115638
-3184.69024590
-3185.75298184
-3186.52980671
-3187.53494512
-3189.01407484
-3190.51720761
-3192.56465086
-3194.08857913
-3195.07088350
-3195.92418047
-3196.70497234
-3197.48563025
-3198.77040850
-3199.86759723
-3200.95924237
-3202.08617725
-3203.23452756
-3204.77251620
-3227.46132423
-3250.03453133
-3251.34919353
-3252.40942852
-3253.38112508
-3254.72745806
-3255.66951302
-3256.56758338
-3257.37343343
-3259.09434455
-3260.62184184
-3291.69594534
-3292.81516513
-3294.18584666
-3296.41157541
-3298.22272736
-3299.97339860
-3300.80398833
-3302.43683744
-3304.30511515
-3306.16264769
-3307.30833781
-3308.76737562
-3309.28201921
-3310.29155375
-3311.73350743
-3314.19913489
-3315.46115886
-3317.54360888
-3318.82687344
-3321.80055296
-3323.38157010
-3324.59075566
-3325.84110987
-3326.59627552
-3328.13355513
-3330.01099792
-3371.89626776
-3372.90914752
-3374.00332648
-3374.99710092
-3376.01750980
-3377.64489365
-3378.77630338
-3417.91775320
-3418.97881797
-3420.00961957
-3421.18662150
-3421.97363263
-3423.05202174
-3424.11737520
-3460.73917386
-3461.65381408
-3462.62386555
-3463.60063775
-3464.53225270
-3495.83220655
-3496.76119939
-3497.79591548
-3499.11257093
-3500.22774466
-3558.37452139
-3559.96207621
-3561.52830333
-3562.48964747
-3563.52968079
-3564.35563230
-3565.19543207
-3566.05371784
-3566.87022515
-3567.65083509
-3568.40530575
-3569.16557681
-3569.94645859
-3570.68770273
-3571.42139884
-3572.19221831
-3572.95323600
-3573.76261537
-3574.70896315
-3575.67743974
-3576.86225368
-3577.81155331
-3578.72052234
-3579.46148618
-3580.20617342
-3627.45749208
-3628.21514296
-3628.89360876
-3669.28061147
-3709.23394937
-3709.89511891
-3710.62299368
-3711.39489458
-3712.19100048
-3712.85612764
-3713.59228967
-3714.29216687
-3715.00996381
-3715.81002942
-3716.46198656
-3717.09634641
-3717.80285737
-3718.52808282
-3719.30000554
-3720.02546549
-3720.74799011
-3721.49323863
-3722.13986075
-3723.00590005
-3723.86493340
-3724.59240812
-3725.42835790
-3726.10873691
-3726.91946658
-3727.70152402
-3728.43377170
-3757.94952813
-3758.67391554
-3759.37031414
-3760.06582999
-3760.76497818
-3761.42123378
-3762.16624286
-3762.85783894
-3763.52277290
-3764.14709023
-3764.73265532
-3765.46165194
-3766.03246917
-3766.76528060
-3805.47880723
-3806.23245444
-3806.97720267
-3807.74995718
-3808.59631295
-3809.39512430
-3810.26052278
-3811.10805361
-3811.92228745
-3812.76656885
-3813.56822019
-3814.41222349
-3815.22551713
-3816.02448019
-3816.89448085
-3817.84975278
-3818.67848787
-3819.60343702
-3820.46718142
-3821.40641520
-3822.37492210
-3823.30178008
-3824.20712696
-3825.11830640
-3826.06356326
-3873.13577737
-3927.38527051
-3928.29572351
-3929.26397491
-3930.17891076
-3931.16127553
-3932.14439679
-3933.17373705
-3934.10619065
-3975.49594956
-3976.48093335
-3977.47362753
-3978.47199631
-3979.39944938
-4012.88094701
-4013.22112923
-4013.49770320
-4013.91786682
-4014.22082764
-4014.51428170
-4015.04793511
-4047.25710519
-4048.14454279
-4049.35607820
-4049.79307257
-4051.64280434
-4052.98776799
-4054.76362095
-4056.04903662
-4056.57624976
-4057.31566133
-4058.38672760
-4059.04281107
-4060.16226997
-4060.70836668
-4061.60611958
-4062.98186604
-4063.50289970
-4064.42443735
-4065.13397477
-4065.58779526
-4067.18315979
-4067.72395407
-4068.12193829
-4069.65806936
-4070.69538740
-4071.42414892
-4072.65581380
-4073.73009212
-4075.04966996
-4075.98001216
-4077.16973666
-4078.57216209
-4079.71636919
-4080.59123795
-4081.16773107
-4082.04374342
-4082.91110526
-4083.15027476
-4083.41179108
-4084.15583709
-4084.37641878
-4085.43784657
-4086.55800852
-4087.46822892
-4088.69053695
-4088.83529002
-4088.94527708
-4089.07200219
-4117.71721239
-4117.80918840
-4117.99475008
-4117.94625602
-4118.19123748
-4118.64913426
-4118.69248194
-4118.82415623
-4119.73682383
-4120.31141375
-4120.34718242
-4120.87201776
-4121.01615996
-4120.88759527
-4121.83260317
-4121.89335042
-4122.54238125
-4151.84330195
-4152.52156216
-4153.21786085
-4153.59888705
-4153.94212880
-4154.54240317
-4155.12230822
-4155.38237025
-4156.29025547
-4156.98369715
-4157.56760586
-4158.00078684
-4158.88210457
-4159.81229402
-4160.47011064
-4160.84670604
-4161.33270680
-4161.79298436
-4162.54550743
-4163.35829362
-4164.34927041
-4164.91367154
-4165.66594253
-4166.73769909
-4167.37888635
-4168.12129876
-4203.50468958
-4243.09235957
-4244.39503634
-4276.57507882
-4277.36652545
-4278.15352414
-4278.94372206
-4279.90687158
-4310.93241504
-4311.82688178
-4312.70472106
-4313.60524479
-4314.37803317
-4315.24755936
-4357.45698180
-4358.40371118
-4359.26440679
-4360.04847404
-4360.94507519
-4362.24427884
-4363.23892109
-4395.59973663
-4396.43694108
-4397.06347745
-4429.10352912
-4430.01665747
-4468.82594123
-4469.76601629
-4470.68264686
-4471.66236187
-4472.58602890
-4473.54427447
-4524.43014470
-4525.33293392
-4526.40939794
-4527.38380252
-4528.73978767
-4529.61490994
-4530.53395639
-4531.91369511
-4532.82709894
-4533.75286222
-4577.53895738
-4578.39297374
-4579.47790529
-4580.20690209
-4581.05720321
-4582.33430237
-4617.74361130
-4619.19740452
-4620.15786403
-4651.32734672
-4680.07771632
-4680.86997515
-4681.66529648
-4683.07324675
-4683.72895780
-4724.05819098
-4725.36496953
-4726.80345474
-4786.66064749
-4787.40616523
-4788.15151212
-4789.42894107
-4790.92500930
-4825.91751133
-4826.57181456
-4827.22520779
-4867.33126203
-4867.93736318
-4869.23023441
-4870.66385682
-4871.35686311
-4871.93802434
-4873.14294038
-4873.84014255
-4874.61079579
-4908.69013498
-4909.55659025
-4910.07441589
-4910.99038268
-4911.99780867
-4912.94832753
-4913.21387220
-4914.04481408
-4915.00607120
-4916.22320921
-4917.27754232
-4918.31056990
-4978.45613246
-4979.56101291
-4979.91650830
-5036.25868002
-5036.55275846
-5036.80450134
-5037.92649006
-5088.73485334
-5089.88007979
-5090.98329696
-5091.73946586
-5092.80011995
-5093.98692694
-5094.84856976
-5096.18146240
-5155.99523237
-5157.13105403
-5218.70258246
-5219.64415358
-5294.87554764
-5296.20540818
-5297.31018571
-5334.50685217
-5334.87320973
-5335.74790151
-5366.63391653
-5367.47395150
-5368.39984121
-5369.27335004
-5369.66518175
-5370.90279461
-5371.72989150
-5372.65640924
-5373.69238078
-5374.53685156
-5375.61110777
-5376.50722752
-5377.29059524
-5378.41258442
-5379.34872116
-5380.16423925
-5381.10437814
-5382.16126348
-5383.39967086
-5432.28315320
-5432.87759881
-5433.54947281
-5434.78066059
-5435.91500409
-5436.40850847
-5436.91097972
-5437.49109477
-5464.90579561
-5465.38980685
-5504.22895446
-5504.78364353
-5505.18352213
-5505.72703832
-5506.21542536
-5506.60377010
-5507.56600059
-5507.89620837
-5508.34616434
-5508.76429291
-5509.15961840
-5509.52874168
-5509.92951933
-5510.35830595
-5510.79770501
-5511.24542570
-5511.66660486
-5512.09520721
-5512.52572413
-5512.95375778
-5513.38671996
-5513.82318678
-5514.26103405
-5514.71069027
-5515.16643124
-5515.63422199
-5516.09086328
-5516.54445866
-5517.01568142
-5517.47792293
-5517.93666492
-5518.40926645
-5564.34473015
-5564.82431392
-5565.33374162
-5565.82426341
-5592.45262507
-5592.92103349
-5593.39678997
-5593.87232541
-5594.39039294
-5594.88690538
-5595.41674242
-5595.98867047
-5596.56335270
-5597.09470461
-5597.56385042
-5598.11958204
-5626.67474739
-5627.24919060
-5627.85956798
-5654.91818255
-5655.44282796
-5655.92580153
-5656.40545770
-5656.99177754
-5657.41233085
-5658.08966096
-5658.76161626
-5659.28797164
-5659.88883836
-5660.42392892
-5660.96810635
-5661.38838590
-5661.63006320
-5662.14467402
-5662.61966980
-5663.17692862
-5663.49775050
-5664.10301225
-5664.57175305
-5665.03103278
-5665.54502170
-5666.07920796
-5666.61184968
-5667.13849660
-5667.71057039
-5668.28393509
-5668.70040572
-5731.97573576
-5732.46993487
-5732.91820997
-5733.31837540
-5733.70894051
-5734.03558326
-5768.77134209
-5769.31109878
-5769.86624763
-5770.49216848
-5808.25321238
-5808.62307438
-5809.03245146
-5809.44064314
-5809.97270721
-5810.40935608
-5810.89039566
-5811.52261590
-5811.88482697
-5812.42138592
-5812.82853055
-5813.33948755
-5813.83442066
-5814.33581630
-5814.74193003
-5852.89301609
-5853.29691153
-5853.93649046
-5854.47051422
-5854.97773147
-5855.37049230
-5855.76976834
-5856.37855472
-5857.03125095
-5857.64163849
-5910.41993217
-5911.07252578
-5911.73027686
-5912.30431080
-5912.98838534
-5913.61084943
-5914.28550169
-5914.86538223
-5915.53157196
-5916.17085604
-5961.98963089
-5962.51245608
-5963.24900878
-5963.69286669
-5964.34226830
-5964.84292264
-5965.26340559
-5965.77589939
-5965.85139542
-5966.01217833
-5966.40822430
-5966.95104895
-5967.48650542
-5968.11013671
-5968.77359428
-5969.37631417
-5970.11340244
-5970.85861382
-6004.14433730
-6004.87045285
-6005.59186136
-6006.30683888
-6007.02252818
-6007.73334145
-6008.44449628
-6009.11002174
-6009.68213830
-6010.32714984
-6011.02109136
-6042.71817241
-6043.37034694
-6044.02610514
-6044.63900466
-6045.24261569
-6045.82089476
-6046.30277980
-6100.80439746
-6101.44426678
-6102.03374846
-6102.57305047
-6102.83855111
-6103.18375749
-6103.79237159
-6104.20452932
-6104.41344164
-6104.97502263
-6105.28212736
-6105.80089291
-6106.26960556
-6106.81589000
-6107.39606450
-6107.99251661
-6108.58356539
-6108.63359752
-6108.61339169
-6109.29912047
-6142.48371715
-6142.87431357
-6143.12463366
-6143.11438432
-6143.17515595
-6143.59695290
-6144.01654785
-6144.41671110
-6144.44210696
-6144.71610256
-6144.71899697
-6144.82368381
-6144.89703710
-6145.59794798
-6224.94815821
-6224.99776036
-6225.07625047
-6225.15180533
-6225.21784798
-6225.45590831
-6259.40885689
-6259.41290085
-6295.76033502
-6295.95897479
-6327.81186208
-6327.96464797
-6328.25382308
-6328.33085181
-6328.44987095
-6366.71159046
-6366.86477682
-6367.02450665
-6367.40526045
-6367.57673125
-6367.89510943
-6368.14658349
-6368.29579836
-6368.59301007
-6400.28049566
-6400.67631216
-6446.13511098
-6446.11992510
-6446.14155764
-6446.76946981
-6446.89816396
-6447.44007112
-6447.54065566
-6447.82960112
-6447.88913016
-6447.98145670
-6448.40992105
-6448.73273238
-6448.98236556
-6449.41039087
-6449.93293940
-6450.05675233
-6481.01402911
-6481.11243290
-6481.55587028
-6481.87337619
-6482.01630387
-6527.13887002
-6527.26560496
-6527.41368401
-6527.71930422
-6528.07696920
-6545.53296370
-6545.63715396
-6545.92590438
-6795.57551029
-7031.39925641
-7031.73450031
-7032.13262756
-7152.03834049
-7341.06934296
-7400.83587741
-7401.21292453
-7447.51500439
-7447.26042530
-7447.31824652
-7447.30540171
-7446.77860587
-7446.76162616
-7447.02901418
-7447.17866473
-7446.88182502
-7446.33042849
-7446.03936761
-7445.67494606
-7507.80633445
-7507.64123421
-7507.33013521
-7507.17075689
-7507.08982577
-7506.98227038
-7506.89004992
-7506.84339114
-7506.79233504
-7506.83671438
-7506.86336553
-7506.82182656
-7507.00416287
-7507.33453555
-7507.23394724
-7549.71702594
-7550.20034623
-7550.44766329
-7550.70446145
-7550.97507659
-7550.96537274
-7551.17435161
-7552.15025070
-7552.66817701
-7553.25642371
-7554.78851892
-7556.11413861
-7556.91752391
-7558.51345561
-7559.25368713
-7560.91454420
-7561.39925922
-7618.43500730
-7620.21931050
-7620.60476517
-7622.60271100
-7625.31521092
-7629.40522153
-7630.24388244
-7635.37708383
-7640.44016894
-7646.45176660
-7652.51061673
-7658.75800598
-7664.99911877
-7671.51873314
-7675.60960222
-7684.22836001
-7684.41535149
-7685.04027570
-7690.76398261
-7694.41612327
-7701.61253560
-7705.06997109
-7705.57538430
-7747.36933135
-7787.48976112
-7790.54829273
-7791.16905790
-7833.83949369
-7874.08223664
-7874.46121969
-7874.45199913
-7874.67962147
-7874.82958553
-7874.99544483
-7875.38651655
-7880.80061636
-7885.80592363
-7888.25385406
-7894.69817361
-7898.91378076
-7898.83916629
-7899.10133106
-7942.19765516
-7942.32238541
-7942.27678277
-7944.38579365
-7946.18147416
-7956.75169424
-7965.82058662
-7972.18297371
-7982.22182681
-7992.29852881
-7991.56179057
-7997.18020551
-8003.89669132
-8003.24547599
-8009.99436182
-8009.46443052
-8015.67392776
-8056.76984440
-8055.75912557
-8055.97737432
-8056.63380666
-8057.22470433
-8057.37083040
-8058.19547372
-8059.22379465
-8060.55966650
-8098.73118638
-8099.56360638
-8098.87441563
-8099.26846082
-8100.78618281
-8102.57949657
-8104.43010044
-8173.94940213
-8175.24668319
-8176.17582087
-8175.60075228
-8175.64589855
-8177.73036607
-8180.13291618
-8182.04975428
-8184.15729487
-8186.34295996
-8185.96854151
-8187.64304828
-8188.74430576
-8190.30713928
-8190.88888689
-8190.80407432
-8226.23481670
-8229.09317563
-8232.21138163
-8234.26567508
-8283.01038505
-8285.54971955
-8288.77101957
-8290.42987683
-8291.37061144
-8330.18541701
-8330.98824100
-8332.61982418
-8366.36816883
-8366.93119380
-8369.94645866
-8373.22656988
-8464.92237819
-8466.61960400
-8467.42080853
-8471.75467145
-8506.02595376
-8510.55089173
-8510.82344112
-8606.74062130
-8608.95336545
-8612.13593555
-8614.89839783
-8615.88296746
-8618.82924016
-8620.75510646
-8623.02558812
-8624.42495189
-8627.13699639
-8716.75438297
-8719.00760054
-8721.49817787
-8723.54211642
-8725.37154919
-8790.22458393
-8791.82270676
-8793.67802433
-8797.63893269
-8801.12920779
-8802.69392224
-8805.07433821
-8807.02329111
-8810.55488624
-8812.16632810
-8814.22639735
-8816.92150669
-8818.11060038
-8819.68070776
-8820.81655147
-8861.33235911
-8864.09195242
-8868.73710324
-8872.53481209
-8874.94500431
-8877.99044081
-8881.49737872
-8884.56047833
-8887.08680621
-8890.14642926
-8893.69341009
-8897.44935711
-8901.45398949
-8905.15323913
-8908.04829536
-8941.85625285
-8943.40386894
-8946.73060024
-8949.80828802
-8952.78032664
-8956.21132878
-8958.84819911
-8963.13082961
-8965.62776061
-8968.27725200
-8972.85280399
-8977.31703459
-8981.53712999
-8986.17245918
-8990.12970148
-8992.92525444
-8996.51764429
-8999.26150380
-9004.07290245
-9007.70811905
-9012.46667614
-9016.80993573
-9019.63863148
-9024.16666720
-9099.61811789
-9102.57392137
-9101.91436489
-9106.86207263
-9110.64009455
-9114.72151760
-9118.83662665
-9123.92661037
-9128.90121785
-9128.34071159
-9168.78837313
-9168.59628395
-9170.66612078
-9169.90906967
-9169.21927044
-9168.91666513
-9175.11953981
-9178.94051580
-9183.63685914
-9189.66539439
-9194.89728400
-9201.16554162
-9205.56660973
-9211.44326049
-9217.27082497
-9223.37668099
-9226.60335023
-9229.74258999
-9273.41346339
-9275.34311562
-9277.37526707
-9278.34592261
-9283.11025202
-9287.80184469
-9288.43331810
-9292.06430275
-9295.51315322
-9300.79084829
-9305.95552753
-9310.45820904
-9310.06925783
-9309.70458747
-9313.39927795
-9316.09218606
-9320.47855023
-9320.42186136
-9325.42413272
-9372.45960621
-9420.30122119
-9419.46844001
-9418.60904205
-9423.73865798
-9461.08930812
-9461.16136493
-9465.57465016
-9469.02425427
-9473.75335137
-9479.07718453
-9480.11995072
-9479.38546507
-9518.80423720
-9517.96926641
-9517.69853112
-9521.06246483
-9595.65807020
-9601.09302177
-9604.56679286
-9608.20777347
-9612.86255223
-9617.19116059
-9616.30154782
-9621.70877886
-9626.00818076
-9667.84935749
-9672.66708094
-9675.45920209
-9679.24401807
-9684.40675671
-9739.32806115
-9743.83314477
-9747.71257628
-9751.22072955
-9755.33506513
-9760.38594520
-9760.24839817
-9806.63764841
-9805.64006192
-9805.23839912
-9804.19723812
-9803.33631704
-9805.49350501
-9809.60419962
-9853.52339697
-9853.56224415
-9853.83346873
-9852.99806891
-9854.03696223
-9854.42593942
-9853.40097581
-9854.11138647
-9855.35460322
-9856.75495541
-9857.87691300
-9859.58006613
-9860.84013301
-9862.53789315
-9863.43808439
-9865.37355986
-9867.37967443
-9869.76447300
-9872.79182496
-9975.19870948
-9977.15186182
-9979.00928464
-9983.85731152
-9989.69801214
-9994.51380304
-10000.30889350
-10006.08296929
-10049.24770996
-10055.22347430
-10061.09754104
-10067.49708281
-10072.01512916
-10077.68033983
-10082.89488771
-10087.10458528
-10094.19227234
-10098.26070709
-10138.46563602
-10144.23171148
-10181.70054548
-10185.48918104
-10191.57353966
-10196.95025406
-10198.55588472
-10203.62021466
-10240.37965468
-10246.88194045
-10251.61444497
-10292.55621403
-10293.91997866
-10369.53184447
-10375.69321142
-10375.93768987
-10384.18698194
-10392.58777561
-10400.45658243
-10446.08184438
-10453.69488963
-10461.46642021
-10468.53003393
-10474.11489193
-10481.44261301
-10486.93561803
-10492.25589690
-10543.52969663
-10549.57770617
-10555.88563556
-10563.26887955
-10568.55245138
-10575.02353798
-10579.55020705
-10580.29779145
-10586.64184613
-10592.83702916
-10634.33261504
-10641.38463312
-10647.36276055
-10654.36135374
-10691.65488555
-10727.06630115
-10763.70529106
-10765.79725203
-10771.56909471
-10771.79549484
-10775.29888325
-10779.46339973
-10783.34757299
-10788.04679754
-10794.54736975
-10796.11516562
-10799.37804561
-10803.33100865
-10807.35506303
-10810.61895398
-10815.12003675
-10817.84068939
-10822.78118299
-10827.07138771
-10830.16737569
-10871.82974879
-10875.34915287
-10877.29893451
-10880.63381537
-10884.10768172
-10887.24383715
-10891.63017381
-10893.87361460
-10894.60815416
-10987.02197848
-11068.14425132
-11068.97660684
-11107.40538885
-11146.17385972
-11184.75736895
-11187.58715114
-11191.15063196
-11192.96286391
-11233.05090021
-11240.20169407
-11242.56282562
-11245.46844652
-11284.40424436
-11288.26182488
-11296.50458444
-11297.27392175
-11297.91798735
-11297.91337996
-11298.46257530
-11298.29918199
-11300.63622614
-11309.55595783
-11318.56838573
-11327.10223103
-11330.48924612
-11339.97412382
-11345.22318742
-11345.60610647
-11346.66793010
-11348.51126220
-11350.00728702
-11351.12883332
-11353.97919106
-11355.11324142
-11357.57354802
-11360.31834281
-11362.91645349
-11365.42287396
-11368.40117653
-11371.19922503
-11372.81121425
-11379.39393525
-11388.13389434
-11397.00843384
-11439.65727031
-11448.52018490
-11456.77656194
-11456.43102034
-11458.85560299
-11461.26291109
-11463.91233060
-11490.84437376
-11493.09589743
-11522.18961446
-11522.09666685
-11524.11383115
-11526.19793078
-11535.53495457
-11536.05833018
-11538.78839180
-11541.92656782
-11545.01543830
-11548.24916865
-11552.55028512
-11556.78101515
-11560.44349639
-11563.89706282
-11588.91596128
-11592.44349225
-11597.15924468
-11601.53854765
-11606.51915096
-11610.64294248
-11637.04066221
-11639.64839821
-11647.38163055
-11654.35837939
-12201.99710203
-12236.15400286
-12243.31382563
-12251.89006595
-12255.83556688
-12255.95419001
-12258.75749657
-12258.99669972
-12263.50881487
-12265.79749485
-12267.46223168
-12268.37137034
-12268.75046474
-12277.25589968
-12277.72719966
-12289.03651905
-12295.62255140
-12296.51530213
-12324.23929062
-12569.45737245
-12581.43903983
-12589.18194624
-12599.84723225
-13241.24962359
-13252.21771203
-13279.45849304
-13280.20301031
-13281.16618130
-13309.13430194
-13312.09986303
-13316.81675230
-13317.23454898
-13317.85955135
-13318.78782479
-13356.49523784
-13358.27798860
-13362.28220465
-13362.67390174
-13391.07927810
-13391.33623918
-13392.65181021
-13396.94528600
-13398.20734036
-13399.42676620
-13399.90795679
-13427.73707524
-13428.44846651
-13429.48765815
-13430.39632675
-13430.60392459
-13430.81904027
-13431.44209501
-13432.11836430
-13433.18052200
-13433.72490113
-13434.21178386
-13434.65877623
-13435.47465151
-13436.82407584
-13467.50574286
-13467.97049835
-13468.42702079
-13469.12584794
-13497.43939540
-13498.38022806
-13499.26778581
-13501.05627610
-13502.18355801
-13503.29923949
-13504.50753154
-13531.78149854
-13532.77172569
-13533.77881563
-13534.79266092
-13535.80037748
-13536.80596373
-13537.68913713
-13538.67046148
-13540.16189858
-13542.34207520
-13543.84181494
-13544.76322016
-13545.81041938
-13546.77220622
-13547.82006301
-13549.01021929
-13574.61533547
-13576.54964196
-13578.40499972
-13580.21401072
-13605.40391944
-13606.92752533
-13608.36095918
-13609.70795282
-13611.15188013
-13612.71017331
-13614.82390919
-13616.69032637
-13618.09377197
-13619.58049047
-13621.09177049
-13622.77257639
-13624.23709354
-13649.77631389
-13651.06273455
-13652.23979712
-13653.41428113
-13654.55744285
-13655.90307658
-13657.13525110
-13658.57569275
-13660.02188702
-13661.33384342
-13662.59120541
-13663.87390565
-13665.31588929
-13666.79379835
-13668.10602215
-13669.45467795
-13670.84110626
-13695.73498371
-13719.75857261
-13721.22026422
-13722.71125792
-13747.83089337
-13749.34295141
-13750.84063029
-13774.54691497
-13797.12370662
-13798.76711502
-13800.47789428
-13802.26326566
-13804.06710601
-13805.90593527
-13807.67240801
-13809.51087613
-13811.28740732
-13813.08881111
-13814.92313150
-13816.74768181
-13843.63589859
-13845.64412821
-13869.22109894
-13896.31716142
-13917.57506410
-13919.74207772
-13922.60256376
-13926.21654426
-13928.38718473
-13930.65392195
-13932.72757394
-13934.57446050
-13961.26246001
-13962.97093929
-13964.67616122
-13966.33212781
-13967.98193385
-13991.11311728
-13992.86913021
-13994.62192403
-13996.31606151
-13998.02597398
-13999.88017432
-14001.82230491
-14003.88411253
-14005.89575827
-14007.78054594
-14009.68656817
-14011.57745835
-14013.49667070
-14015.40298974
-14017.35215368
