-0.00088663
-2.81845174
-4.58865093
-6.56770127
-8.18274244
-7.55998710
-6.86736542
-7.39982604
-7.41788657
-7.70671181
-8.09770805
-8.77677102
-9.33730503
-9.95768639
-10.63974733
-11.24633798
-11.85778626
-12.48204536
-13.13314094
-13.50863530
-13.98897632
-14.57580261
-15.08695020
-15.71703797
-16.52451154
-16.94373452
-17.65874917
-18.01000995
-18.83998060
-19.54258720
-20.29980313
-20.95018785
-21.78695995
-22.54264566
-23.29805389
-24.08965517
-24.94013084
-25.71179916
-26.26548350
-26.42224878
-27.23253123
-28.07819551
-28.39124133
-29.27528341
-30.05757271
-30.24429266
-30.98351964
-31.79289241
-31.94184816
-32.56180278
-33.26257978
-32.90286439
-32.54003968
-32.02140860
-31.50457121
-31.01401952
-30.82684072
-30.65804024
-30.62095914
-30.19016547
-30.25815534
-29.82801246
-29.40895812
-29.70107417
-29.79982974
-29.39178880
-30.14784489
-29.84528316
-30.40635105
-30.35065824
-30.56643418
-31.41437561
-31.01609474
-31.09822877
-30.71661750
-30.47305222
-30.45701517
-30.09688932
-29.74537952
-29.39907071
-29.98821369
-29.66901233
-29.37569733
-29.02645430
-28.69009951
-28.38413039
-28.07633215
-27.76831011
-27.46452984
-27.17817404
-26.90081090
-26.61072158
-26.33153709
-26.05367211
-25.78155102
-25.51092143
-25.24833839
-24.99419790
-24.74050834
-24.49068742
-24.25235376
-24.01319131
-23.77635745
-23.54272766
-23.30883030
-23.07641050
-22.84548449
-22.62390975
-23.35062497
-23.12911895
-22.91164055
-22.69794416
-22.48867708
-22.28445417
-22.76770924
-22.56292100
-22.36031277
-22.71343193
-22.79977446
-22.82617139
-22.62470727
-23.33867129
-23.12861149
-22.92418365
-22.72130727
-22.52591132
-22.33167970
-22.14132143
-21.95207619
-21.76651997
-21.58374231
-21.40229413
-21.22461934
-21.04789221
-20.87599840
-20.70711623
-20.53646929
-20.37080076
-20.20761565
-20.04316057
-19.88269273
-19.72356828
-19.56655563
-19.40885383
-19.25579158
-19.11160241
-18.96552322
-18.82327576
-18.68187804
-18.54183057
-18.40381102
-18.26709835
-18.13104604
-17.99726831
-17.86426712
-17.73456869
-17.60301212
-17.47009993
-17.31113098
-17.16316984
-17.00522227
-16.87966629
-17.43065950
-17.28679915
-17.15618163
-17.03019247
-16.90397635
-16.77686109
-16.64713440
-16.52449721
-16.40071689
-16.26991624
-16.13876366
-16.01186896
-15.87446498
-15.76079370
-15.64665940
-15.51523684
-15.37625319
-15.23565446
-15.08538605
-14.94252581
-14.80285747
-14.64317884
-14.48791192
-14.34194540
-14.19524757
-14.05855883
-13.92929947
-13.77655604
-13.62962134
-13.48147012
-13.35798417
-13.23616263
-13.11072720
-12.96918311
-12.82557410
-12.68461338
-12.54495014
-12.40524642
-12.26958323
-12.13600760
-12.00083417
-11.86846808
-11.74981520
-11.63705805
-11.56621985
-11.46289233
-11.35728113
-11.25041667
-11.14685850
-11.04334957
-10.99815913
-10.89611150
-10.79333065
-10.69278681
-10.59527150
-10.49831450
-10.40131803
-10.30374587
-10.20295192
-10.10758831
-10.01400711
-9.91887032
-9.82460353
-9.73341282
-9.64044467
-9.55044224
-9.45810987
-9.36622085
-9.27826378
-9.19024912
-9.10426329
-9.01830990
-8.93303153
-8.84818662
-8.76147536
-8.67406231
-8.58667335
-8.50054834
-8.41614898
-8.33163829
-8.24572712
-8.16175080
-8.07792044
-7.99882444
-7.92020159
-7.84124530
-7.76255666
-7.68548870
-7.60981486
-7.53139668
-7.45553526
-7.37824931
-7.30256671
-7.22747108
-7.15231264
-7.07968660
-7.00932303
-6.93887894
-6.86883666
-6.79600813
-6.72403252
-6.65313633
-6.58307497
-6.51330190
-6.44409444
-6.37581829
-6.30968639
-6.24083000
-6.17396408
-6.10467344
-6.03635016
-5.96842169
-5.90143937
-5.83373487
-5.76742300
-5.70424770
-5.64065568
-5.57803864
-5.51606415
-5.45443545
-5.39278776
-5.33135438
-5.26900436
-5.20545666
-5.14252430
-5.08157508
-5.01800906
-4.95422770
-4.89029389
-4.82645460
-4.76906767
-4.70301528
-4.64448350
-4.59386183
-4.56863992
-4.51350171
-4.45424446
-4.39736258
-4.33495557
-4.27440160
-4.21332485
-4.15131210
-4.09118578
-4.03090285
-3.97130835
-3.91126977
-3.85379571
-3.79671857
-3.73959158
-3.68367019
-3.62824978
-3.57193943
-3.51328980
-3.45571785
-3.39727574
-3.33922364
-3.28130937
-3.22469903
-3.16858744
-3.11240444
-3.05701087
-3.00257661
-2.94702085
-2.89410386
-2.84142833
-2.78703274
-2.72651598
-2.66939942
-2.61766397
-2.56604461
-2.51411153
-2.46253213
-2.41029829
-2.35951899
-2.30866707
-2.25842533
-2.20921964
-2.15017704
-2.10098128
-2.15971470
-2.11115386
-2.06248582
-2.01488116
-1.96761676
-1.90994232
-1.85150700
-1.79322379
-1.74053619
-1.68902630
-1.63981549
-1.58966440
-1.53766116
-1.48607012
-1.43312123
-1.38452891
-1.33466518
-1.40671518
-1.64729177
-1.83261444
-1.78205661
-1.73211010
-1.67806895
-1.62385995
-1.56910696
-1.51407400
-1.46003538
-1.40556332
-1.35021006
-1.29655404
-1.24285013
-1.19051891
-1.13824297
-1.08373265
-1.02856024
-0.96066239
-0.89027278
-0.81789154
-0.74915506
-0.67716157
-0.60297064
-0.52731651
-0.45991334
-0.38736857
-0.30972690
-0.23469458
-0.16487722
-0.09820065
-0.02650694
0.05490773
0.13322055
0.21297778
0.28898124
0.13115233
0.21144439
0.27820802
0.34377038
0.41014878
0.47567786
0.54167713
0.61206524
0.68565928
0.76538260
0.84989400
0.93269078
1.01495253
1.09589783
1.17571936
1.25704954
1.32738154
1.41011252
1.49037647
1.57051583
1.64055943
1.71863982
1.79663779
1.87635035
1.95888728
2.03612697
2.11653856
2.18459567
2.25560847
2.32866336
2.39530494
2.45459306
2.51819940
2.57875939
2.64404082
2.70916539
2.78593150
2.86899041
2.94325926
3.02435709
3.09433686
3.17175949
3.23946296
3.30628668
3.38810865
3.45896818
3.53982464
3.62287960
3.70226370
3.77747647
3.85659098
3.93847538
4.01064400
4.08066611
4.14742161
4.21349975
4.27977622
4.34690289
4.41441636
4.48473323
4.55674800
4.62572248
4.69855835
4.77039330
4.85067726
4.93113556
5.00806317
5.09213660
5.17658400
5.26048848
5.34430405
5.42313025
5.49716241
5.57835712
5.65733519
5.73785087
5.81647562
5.89419016
5.97363980
6.04615155
6.11824931
6.19066665
6.26312129
6.33551170
6.40516402
6.47542432
6.54437788
6.61913550
6.68677897
6.75505662
6.80192513
6.86931613
6.93857833
7.00549432
7.07247957
7.13920258
7.20600314
7.24408795
7.30792402
7.38141981
7.20079276
7.04369245
6.98608581
7.05145711
7.11670918
7.19081559
7.25510670
7.31842082
7.38133768
7.44416196
7.50761161
7.56807625
7.63031189
7.65985725
7.71172576
7.77320902
7.83385921
7.89510145
7.76371038
7.72871783
7.59203441
7.42793499
7.34801156
7.41055138
7.38919659
7.45923272
7.52855309
7.59508225
7.66088832
7.72688704
7.78990499
7.86110221
7.93790417
8.01481831
8.08551994
8.15826828
8.23350407
8.30721258
8.37835821
8.44724956
8.52073931
8.36676302
8.43872142
8.51090476
8.58035125
8.64425149
8.55210141
8.43617705
8.50479371
8.57400233
8.64195201
8.70785579
8.77653525
8.84565484
8.91377279
8.98131573
9.04956411
9.11548895
9.18035036
9.24619687
9.31231449
9.37721553
9.44183873
9.50531327
9.56955798
9.63296130
9.69801090
9.76241184
9.82685565
9.88871855
9.89673880
9.95483420
9.80405011
9.85584891
9.90865873
9.97155636
10.03157947
10.09308565
10.15494719
10.21385038
10.27592458
10.12955424
10.19040152
10.24955841
10.30997394
10.37038689
10.43135955
10.49072379
10.54943002
10.60649187
10.66706489
10.72439292
10.78420880
10.84156657
10.89708898
10.95399216
11.00964964
11.06752650
11.04002361
11.08461008
10.98023983
11.01678335
11.07406895
10.93378579
10.98542521
11.02374743
10.98287753
10.85958083
10.90099284
10.76220896
10.73105552
10.78004726
10.83002666
10.88008205
10.92841597
10.80257289
10.82785660
10.88357667
10.93981550
10.99548168
11.05106262
11.10596097
11.16110177
11.21532566
11.26983133
11.31350310
11.18318489
11.23693292
11.28816003
11.34048887
11.39291498
11.44595468
11.49808986
11.49500545
11.40899148
11.28985332
11.34343373
11.40025444
11.45301349
11.50445471
11.55701460
11.60879968
11.65948286
11.71070062
11.76123828
11.67640030
11.55507009
11.43592462
11.30799648
11.19491742
11.24507319
11.29513449
11.34545137
11.38938670
11.43877787
11.48774484
11.40028554
11.40134165
11.44993090
11.49865110
11.54746603
11.59792326
11.64911128
11.69926139
11.74881560
11.79730038
11.84710689
11.89673658
11.94382817
11.99201849
12.04056882
12.08961538
12.13905099
12.17861238
12.22433424
12.27335386
12.32203103
12.36971706
12.41692712
12.42358623
12.46980773
12.51472585
12.47630079
12.51505146
12.55666281
12.60334730
12.64886659
12.69235755
12.64064264
12.58856156
12.52871334
12.40857945
12.31994013
12.23283019
12.19478769
12.18387167
12.05826612
12.10415869
12.15004669
12.19722511
12.24457240
12.29333744
12.34192989
12.39029298
12.43752128
12.48532912
12.47569392
12.37679475
12.42286503
12.46950753
12.51598165
12.56234744
12.60834862
12.65397448
12.69897708
12.74370405
12.78762336
12.83215803
12.87632006
12.92042148
12.96383311
13.00693465
13.05064103
13.09458667
13.13799454
13.18113388
13.22425943
13.26751796
13.31043749
13.35300019
13.39537576
13.43747471
13.47936462
13.37314860
13.41416755
13.42168146
13.46261969
13.50311459
13.41304970
13.45367682
13.49478558
13.53475031
13.57451071
13.61396724
13.65351892
13.69301122
13.73243209
13.77173760
13.81005256
13.84886311
13.88727048
13.92510769
13.96272158
14.00010612
14.03812386
14.07582260
14.11302495
14.14980763
14.18638035
14.07921994
14.11585528
14.02841415
14.06531451
14.10116802
13.99820697
14.02091333
14.05711323
14.09242027
14.12750524
14.16263660
14.19722217
14.23232898
14.26678969
14.16575343
14.20112132
14.23606682
14.27043036
14.30414365
14.33875681
14.37223992
14.40585973
14.43880696
14.47203634
14.50503646
14.53713867
14.57138820
14.45965078
14.49391192
14.52581692
14.55832341
14.59428455
14.48858640
14.52562223
14.55841962
14.59037735
14.62299993
14.65562489
14.68840812
14.71940641
14.75214518
14.78460490
14.81596414
14.84733661
14.87895934
14.77249335
14.80401123
14.69994592
14.60705616
14.61465803
14.63859945
14.53302086
14.55811151
14.54857586
14.46568253
14.35977889
14.33207162
14.35168682
14.24357604
14.25787366
14.29137451
14.32022926
14.35089528
14.38081040
14.41655650
14.45075071
14.43882950
14.43010755
14.41917182
14.32848808
14.23825651
14.14228114
14.17568024
14.21051961
14.24317233
14.27640250
14.30914518
14.20290903
14.23520084
14.23700445
14.27057894
14.30357771
14.33152314
14.36015088
14.39027186
14.42114553
14.45353878
14.48589198
14.51419165
14.51736642
14.54567056
14.57293496
14.60047028
14.62796870
14.65547129
14.63436011
14.66313667
14.69112540
14.71875754
14.74749947
14.77672443
14.80694215
14.83605665
14.86535400
14.89412589
14.92298031
14.94911747
14.97863257
15.00624744
15.03487823
15.06024553
15.08257629
15.11158698
15.13973389
15.16764322
15.19196957
15.21641238
15.24073973
15.26513686
15.29383166
15.32149234
15.29047177
15.19729527
15.20987096
15.13609301
15.03872983
15.06546221
15.01812845
15.04470259
15.07181708
15.09804754
15.12437303
15.14722167
15.17095675
15.19439075
15.21778347
15.24391393
15.27048656
15.29777035
15.29472197
15.30974763
15.21607958
15.24260077
15.25842114
15.28315553
15.29333151
15.31825125
15.34212464
15.36601691
15.39045777
15.41216595
15.43574911
15.46047553
15.36590507
15.39094658
15.41664391
15.44063524
15.46291231
15.48657311
15.51030624
15.53069338
15.55428180
15.57583035
15.59963922
15.62419341
15.64571734
15.60815106
15.63030920
15.65409824
15.67809978
15.70149598
15.61005076
15.63121001
15.64658454
15.64435263
15.66842469
15.57707910
15.59843175
15.51655951
15.42096704
15.32852476
15.23931396
15.16597302
15.18777911
15.20888570
15.22853155
15.25529544
15.16354108
15.15474884
15.13877595
15.07286765
15.07162324
14.98221993
15.00769392
15.03320070
15.05297869
15.07446510
15.10118369
15.12760923
15.14726237
15.05409616
15.07488905
15.09553593
15.11634833
15.13615045
15.15613751
15.17578850
15.19439050
15.21293075
15.23154184
15.25734550
15.28281615
15.30851051
15.32614109
15.34446798
15.36260753
15.38172039
15.40039124
15.41783773
15.43604412
15.45558405
15.47841316
15.49955947
15.51808457
15.53755310
15.56017858
15.47367772
15.38879127
15.40763384
15.42554700
15.44374967
15.46703745
15.48599912
15.51260862
15.53823694
15.55662423
15.58065318
15.58319689
15.51908652
15.51259977
15.42763146
15.44347766
15.35074305
15.25916779
15.28463471
15.30990114
15.33499468
15.32936543
15.32088055
15.34573035
15.25768599
15.17868098
15.20199575
15.21951945
15.24401971
15.26830710
15.29294628
15.31780258
15.34205720
15.36722531
15.39144669
15.40672085
15.42726499
15.45184860
15.36272342
15.38636883
15.40997487
15.43481567
15.38750810
15.30498426
15.21655886
15.23867214
15.26165927
15.28273175
15.30617922
15.32985613
15.35276175
15.37665312
15.40070617
15.42425553
15.44712630
15.46666361
15.48647166
15.51010545
15.53303991
15.44616559
15.46879736
15.49123675
15.51366245
15.53593693
15.55811422
15.58004354
15.60193507
15.62439380
15.64637782
15.66792977
15.69003319
15.71130715
15.73331812
15.75438996
15.77611581
15.79629896
15.81699144
15.83822645
15.85926610
15.77443938
15.75811851
15.69421183
15.69331977
15.71764597
15.74094091
15.76276620
15.78458173
15.80759286
15.83198310
15.85716370
15.88241295
15.79555644
15.81797657
15.84092186
15.86434503
15.88754625
15.90991385
15.93406953
15.95515279
15.97673899
15.89161356
15.91289227
15.93390138
15.95712269
15.98189403
16.00787673
16.02809084
16.05403774
16.07785414
16.10060701
16.09055121
16.11186051
16.13269755
16.15316114
16.17467549
16.19575407
16.21677920
16.23923879
16.26210924
16.28760457
16.30143729
16.22738569
16.14191304
16.16159120
16.18192943
16.20723031
16.23224682
16.25710553
16.28234161
16.30670578
16.32652249
16.34629933
16.36903356
16.39238862
16.41645331
16.43801288
16.45955120
16.48036281
16.49736818
16.50207362
16.47827948
16.49979041
16.52354566
16.46488978
16.48303701
16.50660448
16.52999786
16.55378996
16.57691314
16.59904566
16.62227144
16.64496794
16.66722249
16.68868346
16.68964499
16.69783642
16.71564086
16.73423278
16.75330248
16.77215181
16.79049989
16.80932260
16.82811992
16.84676117
16.86582026
16.88439402
16.90345375
16.92198221
16.94111082
16.96206204
16.97643523
16.99729513
16.99893499
17.00946828
17.00991847
16.93040225
16.85171064
16.87008103
16.79606177
16.81674938
16.74750097
16.76474832
16.78211371
16.80225693
16.81889162
16.74072114
16.76084457
16.68194648
16.70124897
16.72080778
16.73794334
16.75705974
16.77608828
16.79543043
16.71675966
16.73569659
16.75455243
16.77136086
16.78790236
16.80448786
16.82084964
16.74454051
16.76271400
16.77883442
16.79503198
16.81118416
16.82762761
16.84440076
16.86112058
16.87716152
16.81164884
16.82844550
16.84589878
16.85529177
16.80900778
16.81969809
16.83678109
16.85396120
16.87229926
16.88709597
16.90205001
16.91694017
16.93182007
16.94772360
16.96444944
16.88578448
16.82323519
16.83780681
16.85258818
16.85197243
16.84881207
16.86396598
16.87834632
16.89266817
16.90689779
16.92144730
16.93507507
16.85986436
16.87341467
16.88942012
16.90403419
16.92013491
16.93335207
16.94608310
16.95956393
16.97278330
16.98530608
17.00123796
17.01597361
17.03140113
17.04580649
17.06121421
17.07617950
17.09080159
17.10274122
17.11554197
17.13037772
17.14372798
17.15862557
17.13960387
17.06332200
17.06838297
16.99701571
16.96341776
16.97888745
16.99335448
17.00784748
17.02207281
17.03306820
17.03595399
17.04774551
17.05324943
17.06697998
17.08075913
17.09485773
17.10893500
17.12149443
17.13555936
17.14945333
17.07556550
17.08770100
17.09907780
17.02464872
17.03754808
17.04927942
17.05984468
17.07086310
17.06889907
17.08177732
17.09615457
17.02097922
16.95089181
16.96098081
16.88662774
16.90116452
16.91607037
16.92851725
16.94105337
16.95364050
16.96659979
16.97961635
16.99223439
17.00448592
17.01861209
17.03048339
17.04209636
17.05374790
17.06550335
17.07946826
17.09436390
17.02735791
16.96733435
16.89037792
16.82769468
16.75170411
16.74194965
16.75727446
16.77198293
16.78266395
16.79959303
16.81460180
16.82952693
16.84535544
16.86273504
16.87993025
16.89848032
16.91605655
16.93338818
16.94442378
16.95481865
16.96704448
16.98601901
17.00453339
17.02233694
17.04090277
17.06008725
16.98818743
16.91568771
16.91998637
16.84694372
16.78186812
16.80187206
16.74977782
16.76902745
16.78779940
16.80683186
16.82527805
16.84392990
16.81946488
16.76619903
16.69483698
16.62552578
16.55356663
16.54182894
16.53629629
16.54986593
16.48789484
16.48821757
16.41867603
16.35226380
16.36952709
16.38642839
16.40341196
16.42050853
16.35996990
16.33826224
16.33748978
16.26472347
16.22217334
16.17973737
16.11781700
16.06962041
16.06132594
16.07949044
16.09749751
16.11491946
16.13207175
16.14920944
16.16624820
16.18446820
16.20211108
16.22022386
16.18736259
16.20546170
16.22341380
16.24086110
16.25778187
16.27426788
16.25791833
16.19426076
16.21074539
16.15068140
16.16747836
16.09893706
16.11519832
16.13156907
16.13983924
16.06963402
16.08565966
16.10191205
16.11802057
16.13373466
16.14918982
16.16468290
16.18015290
16.19549107
16.20551228
16.22136829
16.23312317
16.20126386
16.21394410
16.22867986
16.24355266
16.25822640
16.27287525
16.28759874
16.30194559
16.31644974
16.33078632
16.34528448
16.35979230
16.36456291
16.29527958
16.30988154
16.32378078
16.25416285
16.21324798
16.14663865
16.14718804
16.16082483
16.17631475
16.19030688
16.16710222
16.18064503
16.19407874
16.20800057
16.22321276
16.23698527
16.24861271
16.25954209
16.26990731
16.21704194
16.15453849
16.16575150
16.17788760
16.18991711
16.12036448
16.05049699
16.06411320
16.07615307
16.08940997
16.10231344
16.11479645
16.12746201
16.13965144
16.15207750
16.15729544
16.16952158
16.18163423
16.19373829
16.20560700
16.21741432
16.22945239
16.24141546
16.25319472
16.26648520
16.27803803
16.28948845
16.30077669
16.31183445
16.32410860
16.33398621
16.34748536
16.35936112
16.37123473
16.38308718
16.39498454
16.40691231
16.41874104
16.43057694
16.44221526
16.45391776
16.46558357
16.47728869
16.48896133
16.50057046
16.49742564
16.43157588
16.44298014
16.45434369
16.46560956
16.47671643
16.48761657
16.49850088
16.50940948
16.52021544
16.53109080
16.54182328
16.55244561
16.56262122
16.57290635
16.58352909
16.59358164
16.60366473
16.61370709
16.62358142
16.63332942
16.64341727
16.65308988
16.66287073
16.67295024
16.68269155
16.63317019
16.60412119
16.53974558
16.47762614
16.41321418
16.41714011
16.42526275
16.43419588
16.44537858
16.45610106
16.46688093
16.47796533
16.43151238
16.42622036
16.43519349
16.44557069
16.42804228
16.43862737
16.44919099
16.45932932
16.46960961
16.47982207
16.49019623
16.50050033
16.51102377
16.52149710
16.53196248
16.54221518
16.51996327
16.49922471
16.43240029
16.36889518
16.32281439
16.33175195
16.34011211
16.35035411
16.35866016
16.36845732
16.37853459
16.38897830
16.33950551
16.34953511
16.35932825
16.36892650
16.34588695
16.35566257
16.36550899
16.36510347
16.37482504
16.38496027
16.39539612
16.40569183
16.41587718
16.42622427
16.43636920
16.44613341
16.45584438
16.46585005
16.41522266
16.35433078
16.29504330
16.27042822
16.20942399
16.21787502
16.18250947
16.12385996
16.13175585
16.13651386
16.11373031
16.12093025
16.12848827
16.13594597
16.14348611
16.15273858
16.09511686
16.08487403
16.09004373
16.07026272
16.07683061
16.08644701
16.09574971
16.10283957
16.11228648
16.05467351
15.99724069
15.96725899
15.97410049
15.91975599
15.92768561
15.93718310
15.87659833
15.81426525
15.82233953
15.82986966
15.83766403
15.84692391
15.79855544
15.76510261
15.77417734
15.78361240
15.79308955
15.80265939
15.81118156
15.82040016
15.82942990
15.83891191
15.84688908
15.85578513
15.86432156
15.87301098
15.88161859
15.89002172
15.89865924
15.90766252
15.91587107
15.92424956
15.93284728
15.94168505
15.94968835
15.95813687
15.96644686
15.97473149
15.98284517
15.99087396
15.99886371
16.00679700
16.01464483
16.02260794
16.03035491
16.03789590
16.04596226
16.05409464
16.06218273
16.06433468
16.06945369
16.00849984
16.01661938
16.02533571
16.03352216
16.04134458
16.04932821
16.05724457
16.06481456
16.07277781
16.08061814
16.08887097
16.09719377
16.10593721
16.11456356
16.12321137
16.13168934
16.14006333
16.14820851
16.15644667
16.16488903
16.17319070
16.18156267
16.18979764
16.19810696
16.20546364
16.21360867
16.22167402
16.22866351
16.17413662
16.11665827
16.12461778
16.13145957
16.13842194
16.14613675
16.15378186
16.16153908
16.16931592
16.17714619
16.18486825
16.19274686
16.20028244
16.20784998
16.21531596
16.22274456
16.22950609
16.23679774
16.24397541
16.25135332
16.25867510
16.26595078
16.27334717
16.28066931
16.28786133
16.29501412
16.30226892
16.27458814
16.28210260
16.28918654
16.29652961
16.30344523
16.31003899
16.31686643
16.32195713
16.32890783
16.26748530
16.21507991
16.22192505
16.22880382
16.23554986
16.24242884
16.24648650
16.25160335
16.25164291
16.25702544
16.22149693
16.16890114
16.11062484
16.05084018
16.03806701
16.02263835
15.98219920
15.98764563
15.92922230
15.93488536
15.94159131
15.94674390
15.95196602
15.95741466
15.96244243
15.96900141
15.97435928
15.98077814
15.98732988
15.99270877
15.99835614
16.00459641
16.00920105
15.94888227
15.94384636
15.89780539
15.87603255
15.81642737
15.75864948
15.74320367
15.74964469
15.75405408
15.75960189
15.76510394
15.77055367
15.77603746
15.78140764
15.78697992
15.79243814
15.79781132
15.74048845
15.68077831
15.67832063
15.67729735
15.66663349
15.67246731
15.67783497
15.68420976
15.69010039
15.69649052
15.70271068
15.70755154
15.71447711
15.72146935
15.72887857
15.72710203
15.69684567
15.63858808
15.58681683
15.58956092
15.59927754
15.60810398
15.61774712
15.62634958
15.57043200
15.51286243
15.51853027
15.52639816
15.53584946
15.54502453
15.49574708
15.49082039
15.48678920
15.43909362
15.43635011
15.44518098
15.45414719
15.46363620
15.47185783
15.48111563
15.48881240
15.49737138
15.50640363
15.50129994
15.47494428
15.41777357
15.42669601
15.43539594
15.38575119
15.38290250
15.34132486
15.28494665
15.23034327
15.23911930
15.24841036
15.21036645
15.21930173
15.20069710
15.20942746
15.16018176
15.16925494
15.17870089
15.18737549
15.19661271
15.20561849
15.21459381
15.22339734
15.23208925
15.24082414
15.24938294
15.25786820
15.26647709
15.27491656
15.28336272
15.29178520
15.30019733
15.30610775
15.31076123
15.31533182
15.31977486
15.32847975
15.27145828
15.25742612
15.24201574
15.18576980
15.19393676
15.20237094
15.21097181
15.21926050
15.21602039
15.16317344
15.17166211
15.12043435
15.12871661
15.13704214
15.14528407
15.09574991
15.10245960
15.09487466
15.09865710
15.04403979
15.05203589
15.05977248
15.06820006
15.07389342
15.07161210
15.03200278
14.97711905
14.92787354
14.92519848
14.87256746
14.88018299
14.88783772
14.89577069
14.90328671
14.91044764
14.91770569
14.91773285
14.92551961
14.93336293
14.94123928
14.94855550
14.95629090
14.96423706
14.97207057
14.98002713
14.98788238
14.99568392
15.00320829
15.01084869
15.01849213
15.02606899
15.03375301
15.04119788
15.04857043
15.05606505
15.06349580
15.07103407
15.07846757
15.08578132
15.09284650
15.10024950
15.10756620
15.11458433
15.12179353
15.12877863
15.13593897
15.14295325
15.14994366
15.15671295
15.16366693
15.17055490
15.17751905
15.18435319
15.19107501
15.19783373
15.20459924
15.21120934
15.21788782
15.22447517
15.23110456
15.23766913
15.24425587
15.25069768
15.25723953
15.26347017
15.26869777
15.27507347
15.28150164
15.28786797
15.29404912
15.30034344
15.30653127
15.31275805
15.31894211
15.32510299
15.33127517
15.33737361
15.34353432
15.34956147
15.35568305
15.36187438
15.36774372
15.37373547
15.37959342
15.38552103
15.39160806
15.39749230
15.40323813
15.40906038
15.41495636
15.42072941
15.42638272
15.43209283
15.43760608
15.44330254
15.44891620
15.45439470
15.45981255
15.46530708
15.47075954
15.47622298
15.48175383
15.48717153
15.49252593
15.49784756
15.50315642
15.50850810
15.51370118
15.51895995
15.52416879
15.52948244
15.53459404
15.53970109
15.54474401
15.54967872
15.55461796
15.55949945
15.56447613
15.56935853
15.57417586
15.57904787
15.58394914
15.58881144
15.59361165
15.59838955
15.60313703
15.60781055
15.61244059
15.61708346
15.62170316
15.62634786
15.63092228
15.63544118
15.64000867
15.64453312
15.64899941
15.65341694
15.65782472
15.60808690
15.61258765
15.61674321
15.62112658
15.62540102
15.62967982
15.63389791
15.63806560
15.64215488
15.64613596
15.65009596
15.65410465
15.65819122
15.66221761
15.66621299
15.67020298
15.67421477
15.67815479
15.68209265
15.68585777
15.68957707
15.69336359
15.65827780
15.66188382
15.66557449
15.66911021
15.67274410
15.67623579
15.67982728
15.68350257
15.68711442
15.69072002
15.69415283
15.69755862
15.70110828
15.70446775
15.70792988
15.71137620
15.71480055
15.71817614
15.72135470
15.72454055
15.72771563
15.73108611
15.73429119
15.73757128
15.74075040
15.74397042
15.74732226
15.75079677
15.75426120
15.75763017
15.76116842
15.76449647
15.76810261
15.77138445
15.77461762
15.77770195
15.78085727
15.78411979
15.78725590
15.79043714
15.79368854
15.79681244
15.79990032
15.80317607
15.80631138
15.77808102
15.78103548
15.78416778
15.78726544
15.79031842
15.79347862
15.79656033
15.79977045
15.80287937
15.78102247
15.72876409
15.69535026
15.69841274
15.70138159
15.70442121
15.70721814
15.71012431
15.71303264
15.71577702
15.71869665
15.72151148
15.72424131
15.72719053
15.72988514
15.73246479
15.73509153
15.73789260
15.74055635
15.74347473
15.74022451
15.69272436
15.69378689
15.69549098
15.69749216
15.69981973
15.70264095
15.70534978
15.70811087
15.71031948
15.71270400
15.71536726
15.71751126
15.71975810
15.72190921
15.72417347
15.72696314
15.72963812
15.73186351
15.73470383
15.73657503
15.73866195
15.74148518
15.74433271
15.74005816
15.73568669
15.73746818
15.73702744
15.73897225
15.74122880
15.69343217
15.64883071
15.60471423
15.56211350
15.51704315
15.51889525
15.52157807
15.52423838
15.52697934
15.53019765
15.53352597
15.53572426
15.53901363
15.54221840
15.54553380
15.54882092
15.55206077
15.55519768
15.55843422
15.55191970
15.50404776
15.50699995
15.51009523
15.49793813
15.45421393
15.45603700
15.45904529
15.46191060
15.46306130
15.46581186
15.46867815
15.47144761
15.47427538
15.47706756
15.47977961
15.48254455
15.48524815
15.48797894
15.49062382
15.44638724
15.44208118
15.39207629
15.34130293
15.34347147
15.34599312
15.34842524
15.35093299
15.35336178
15.35578098
15.30758356
15.25945250
15.26198614
15.26461268
15.21744892
15.16988431
15.12074644
15.07193029
15.07511425
15.07583067
15.07819995
15.07993324
15.08221204
15.08404170
15.08565808
15.08815618
15.09071955
15.07978465
15.08181609
15.08421996
15.08667425
15.08918071
15.04106489
14.99520092
14.99737534
15.00002069
15.00242435
14.98622907
14.98873515
14.97450563
14.97690428
14.97930704
14.98206074
14.96630003
14.96914055
14.97189345
14.93135449
14.92881537
14.88071897
14.88288834
14.88589118
14.88745745
14.89035933
14.89382029
14.89633791
14.89930792
14.90226184
14.90499211
14.90616942
14.90837932
14.91196102
14.91295208
14.91583317
14.91678995
14.91788360
14.91992569
14.87232176
14.87335892
14.87657610
14.83198052
14.79793205
14.75612013
14.75611636
14.71243191
14.66525870
14.61806824
14.57189216
14.52564628
14.52845543
14.53113944
14.53392743
14.51318058
14.51531070
14.51416661
14.51676802
14.51888512
14.47189381
14.47305507
14.47553303
14.47653347
14.43627415
14.43849504
14.39258342
14.34551979
14.29814542
14.26500797
14.26714063
14.26960379
14.22255652
14.17836975
14.15818774
14.11591686
14.11819628
14.12076211
14.07519984
14.07605877
14.07708879
14.07805962
14.08010685
14.03407411
14.03630160
14.03847843
14.04074782
14.04182776
14.04437721
13.99761601
13.97797225
13.93347549
13.88666034
13.88823005
13.88610559
13.88802549
13.88999469
13.87373905
13.87434888
13.83835035
13.83916321
13.84020751
13.84156483
13.84285891
13.84539556
13.84776365
13.82667457
13.82819341
13.83032776
13.81760187
13.78248688
13.78496066
13.78674781
13.76811795
13.77052157
13.77136652
13.77224127
13.77361487
13.77571931
13.77726625
13.73161706
13.73268594
13.73195117
13.73376423
13.73439014
13.73681117
13.73893366
13.74092521
13.73924669
13.69524708
13.68335088
13.68556850
13.68855606
13.69134965
13.69427260
13.69655460
13.69909422
13.70179083
13.70455037
13.70492620
13.70147503
13.65611174
13.65590688
13.65679386
13.65950321
13.66229010
13.66094660
13.66249957
13.66432974
13.66687754
13.66904054
13.67183563
13.67463070
13.67677150
13.67872805
13.68082812
13.68370314
13.68648974
13.68928205
13.69209161
13.69487522
13.69766380
13.70041010
13.70310248
13.70533001
13.70800745
13.71068631
13.71341713
13.71616585
13.71887260
13.72164580
13.72429915
13.72683408
13.72917219
13.73167023
13.73410576
13.73739883
13.74026482
13.74324246
13.74608615
13.70216639
13.70516338
13.70795551
13.71091146
13.71273401
13.71559199
13.71830307
13.69690837
13.65496665
13.65204820
13.64711568
13.64988263
13.65256232
13.65519709
13.65766727
13.61360950
13.60721551
13.60979512
13.61228752
13.61491492
13.61781735
13.62025945
13.57537723
13.57791007
13.57754646
13.57996336
13.53720641
13.52099651
13.47984116
13.47720133
13.48035298
13.48340150
13.48632349
13.48885400
13.49142726
13.49423147
13.49703312
13.49982107
13.50254279
13.50531666
13.50800036
13.51081148
13.51348093
13.51621427
13.51888734
13.52162249
13.52414548
13.52673026
13.52933934
13.53195476
13.53462617
13.53726985
13.53990764
13.54252322
13.54525074
13.54790732
13.55069242
13.55336244
13.55601542
13.52992347
13.53254907
13.49098029
13.49369683
13.48936889
13.48707444
13.44170729
13.44448199
13.44719779
13.44978062
13.45224234
13.45492911
13.45747389
13.46012234
13.46277251
13.46543988
13.46805374
13.47060634
13.47320942
13.43206747
13.43476749
13.43666011
13.43922142
13.44174844
13.44397453
13.44643767
13.44892669
13.45118861
13.45351757
13.45603695
13.45850343
13.46082739
13.46328869
13.46565163
13.46798831
13.47034527
13.47266905
13.47508956
13.47732511
13.47963195
13.48194391
13.48426380
13.48649920
13.48876889
13.49099612
13.49321936
13.49543109
13.49760648
13.49976911
13.50186756
13.50400761
13.50608705
13.50819002
13.51033371
13.51215489
13.51393166
13.51608039
13.49527678
13.49149847
13.49348661
13.49538112
13.49725587
13.49930228
13.50123960
13.50317995
13.50518062
13.50698131
13.50894564
13.51077049
13.51254303
13.51437115
13.51612345
13.51791560
13.51966578
13.52139476
13.52311600
13.52489831
13.49798421
13.47104989
13.47273251
13.47437808
13.47605731
13.47763367
13.47913653
13.48085930
13.48240491
13.47551188
13.47700368
13.47853550
13.48011357
13.48161890
13.48313757
13.48459469
13.48602709
13.48738812
13.48879059
13.49024055
13.49487332
13.49629072
13.49763640
13.49900140
13.50030665
13.50165631
13.50289938
13.49847361
13.49794536
13.49938926
13.50107115
13.46330678
13.42184841
13.38377358
13.34397550
13.34545199
13.34678350
13.33889593
13.33730918
13.33859317
13.34018661
13.29943392
13.30076413
13.30626557
13.31264568
13.27243198
13.23381817
13.23946245
13.24466900
13.24608072
13.24768067
13.24913675
13.25055702
13.25408410
13.25560638
13.25925568
13.26029965
13.26137686
13.26093591
13.22103414
13.22191657
13.22299456
13.22402605
13.18210066
13.18315693
13.18810936
13.19400399
13.19906886
13.20452999
13.20967507
13.21047154
13.21131053
13.21502170
13.21926435
13.21938999
13.22375324
13.18353969
13.18457754
13.14715868
13.15206397
13.15699954
13.15620384
13.15687588
13.11562912
13.09125008
13.09429902
13.06446328
13.06528124
13.06998339
13.07484366
13.07951502
13.08438027
13.04404439
13.00286927
12.96435918
12.92391203
12.88414116
12.84817036
12.85285214
12.85804749
12.86311070
12.86776866
12.87232887
12.87746837
12.86810193
12.87368402
12.87941975
12.88472370
12.88985298
12.88125403
12.86218116
12.82301455
12.82755043
12.83126257
12.83304778
12.83572005
12.79701184
12.75987470
12.76471314
12.76976312
12.77465599
12.77966565
12.78467017
12.78954560
12.79431681
12.79912165
12.80351358
12.80774450
12.81201073
12.81589756
12.82033691
12.82470778
12.82899674
12.83294851
12.83737855
12.84171721
12.84629809
12.85091136
12.85546032
12.85993710
12.86449334
12.86895526
12.87344924
12.87793378
12.88200452
12.88428289
12.84684407
12.85125588
12.81385787
12.81793557
12.82185407
12.82689387
12.78867038
12.75144615
12.72665250
12.68991386
12.67284270
12.63640342
12.64071290
12.64670332
12.65263257
12.65780291
12.66188029
12.66691690
12.67562306
12.63926961
12.60308989
12.58369446
12.57411385
12.53711363
12.50412112
12.50977125
12.51495049
12.52046537
12.47865308
12.48506711
12.49089613
12.49674584
12.50271895
12.51012692
12.51840198
12.52557397
12.53354466
12.54043045
12.50651265
12.49992645
12.50063664
12.50853061
12.51640466
12.52431877
12.53229228
12.54030924
12.54829521
12.55579034
12.55025062
12.51409456
12.47815239
12.44170017
12.40591714
12.36925277
12.33326066
12.34126518
12.34904425
12.35650021
12.36390301
12.37171895
12.37918274
12.38623903
12.39348397
12.40117024
12.40856659
12.41588195
12.42362869
12.43087501
12.43871458
12.44654281
12.45427231
12.46162353
12.46932406
12.47702385
12.44157959
12.44752506
12.45500465
12.46244602
12.46998602
12.47729682
12.48475912
12.49199007
12.49923226
12.50642588
12.51344024
12.52056696
12.48819924
12.45169554
12.41839589
12.42590543
12.43367958
12.44122948
12.44864373
12.45617164
12.46359206
12.43149759
12.43897955
12.40405036
12.39232979
12.39985181
12.40736536
12.41509042
12.42272638
12.43025251
12.39575345
12.36044470
12.32600925
12.33365306
12.34137768
12.34915713
12.35674360
12.36411601
12.37175155
12.37931289
12.38687002
12.39428807
12.40154529
12.40907753
12.41652852
12.42398491
12.43141930
12.43906720
12.44654997
12.45392704
12.46129523
12.46866226
12.47605811
12.48343280
12.49084833
12.49816194
12.50534789
12.51252432
12.51959976
12.50927589
12.51318144
12.52025670
12.52728422
12.53448457
12.54154171
12.54850582
12.55572609
12.56296546
12.56991203
12.57693117
12.58428923
12.59130189
12.59830039
12.60543682
12.61228858
12.61910434
12.62596173
12.63282451
12.63942804
12.64635775
12.65403104
12.66251181
12.67092806
12.67406391
12.65255288
12.66091307
12.66909331
12.64013107
12.64834476
12.61646351
12.62324011
12.62896301
12.59737903
12.58571487
12.59204411
12.56016662
12.54287305
12.51005340
12.47666014
12.45765974
12.46366020
12.46966239
12.47913310
12.44707848
12.45050407
12.42065697
12.41458329
12.42230122
12.43037756
12.43963492
12.44782843
12.45636189
12.46371273
12.47249528
12.44062807
12.41979758
12.39756364
12.40224057
12.41079517
12.41954039
12.42877843
12.43783419
12.44547559
12.44251783
12.41204476
12.40270098
12.37089158
12.37795670
12.38516029
12.35668548
12.36559547
12.37440121
12.36100720
12.33067816
12.33882189
12.34764207
12.35656322
12.36553717
12.37419756
12.38314818
12.39040647
12.39362328
12.36224445
12.33293130
12.30112992
12.27649409
12.28703073
12.29529193
12.30246108
12.30995781
12.31661204
12.32281158
12.32961759
12.29979732
12.30676597
12.31370917
12.32041349
12.30548301
12.31333487
12.32017916
12.32672909
12.33339800
12.34006661
12.34684943
12.35374756
12.36056366
12.36742168
12.37424730
12.34518554
12.35196117
12.35867348
12.36541995
12.37219239
12.37891096
12.38562309
12.39225739
12.39896911
12.40558274
12.41220851
12.41873174
12.42522411
12.43171478
12.43826117
12.44471320
12.45131522
12.45792157
12.45503469
12.42137941
12.42392682
12.42716073
12.43394392
12.44041867
12.44689937
12.45330075
12.42235824
12.42875442
12.43506950
12.40955830
12.37922502
12.38544532
12.39171048
12.39842158
12.36824081
12.37511229
12.38280813
12.39028928
12.39670030
12.36861454
12.33762794
12.30649369
12.30303646
12.29398075
12.30188646
12.30814864
12.28216154
12.29000308
12.26282091
12.23267029
12.20206729
12.20097203
12.19919325
12.17109720
12.17877176
12.18631287
12.19384114
12.19856754
12.16966921
12.14028130
12.14791570
12.15573323
12.16308475
12.17047057
12.17794641
12.18535401
12.19279213
12.20005314
12.20123737
12.17199881
12.17665213
12.16613990
12.17392729
12.18186648
12.18900042
12.16078265
12.16782430
12.14005105
12.14786855
12.15487285
12.13231852
12.10321111
12.10628581
12.07838333
12.05435798
12.02493992
11.99681399
11.96744739
11.97511478
11.98269120
11.99062919
11.99849165
12.00621443
12.01389272
12.01510213
11.98557395
11.99331448
12.00108321
12.00874069
12.01628351
12.02373673
12.03123513
12.03862854
12.04604921
12.05387049
12.06162238
12.06933427
12.07370243
12.08164597
12.08947582
12.09743388
12.10530844
12.11299978
12.12087105
12.12856548
12.13638319
12.14409054
12.15177694
12.15953775
12.16720453
12.17485436
12.18251032
12.15301132
12.16060522
12.16826018
12.17581487
12.18336161
12.19094170
12.18944495
12.19682256
12.18024326
12.18765045
12.19500994
12.20233380
12.20926943
12.21651048
12.22367377
12.23093395
12.23807445
12.24526872
12.25231505
12.25951156
12.22965838
12.19884908
12.20592202
12.20066092
12.20777005
12.21470315
12.22183186
12.22875055
12.23573473
12.24270217
12.24964291
12.25661892
12.26352278
12.27042693
12.24155970
12.24837703
12.25523040
12.26208625
12.26883349
12.27546845
12.28219421
12.28897959
12.29567833
12.29322626
12.26403279
12.27016387
12.27671614
12.28329534
12.29000632
12.29656532
12.30305750
12.30950788
12.31593060
12.32238673
12.32879836
12.33514553
12.34152345
12.34785992
12.35416196
12.36044200
12.36667238
12.37286036
12.37936215
12.38590536
12.37392301
12.37946835
12.37905834
12.38548441
12.39191900
12.39840144
12.36885243
12.37478590
12.34419061
12.34996756
12.35586467
12.36175126
12.36765093
12.37345299
12.38001371
12.38659212
12.39297575
12.39948440
12.40593227
12.41236887
12.41807547
12.42455329
12.43017400
12.43681227
12.44345568
12.45015552
12.43308579
12.43866461
12.40955845
12.41631435
12.42297745
12.42958738
12.43232785
12.40264162
12.40519966
12.37797296
12.35176952
12.35394512
12.34729439
12.31937030
12.32590237
12.29535546
12.30151322
12.30786220
12.31404503
12.32047813
12.32679766
12.33300484
12.33915501
12.34527010
12.35129391
12.35750278
12.36353238
12.36946965
12.37313038
12.37891965
12.38492269
12.39231181
12.39820741
12.40479296
12.41146104
12.41828541
12.42519974
12.43193743
12.43829567
12.44393981
12.45017736
12.45639533
12.46289910
12.46987605
12.47683912
12.48372117
12.49010887
12.49657857
12.50314493
12.50998802
12.51669644
12.52312687
12.52961225
12.53601461
12.54261935
12.54895079
12.55530620
12.56148683
12.56769878
12.57430675
12.54595844
12.54837243
12.55415153
12.54847377
12.54028672
12.54419153
12.55078797
12.55672941
12.56325394
12.56966596
12.57625363
12.58285845
12.58931036
12.59579519
12.60228224
12.60875668
12.61522581
12.62160203
12.62782967
12.63418944
12.64058226
12.64692424
12.65328675
12.65965331
12.66598336
12.67231419
12.67859601
12.68484535
12.69106223
12.69726983
12.70347012
12.70966299
12.68104937
12.68299454
12.67202497
12.67865719
12.65901123
12.66016550
12.63556647
12.62467803
12.63147315
12.63782765
12.64434092
12.65101117
12.65741743
12.66131127
12.66784927
12.64218418
12.61491596
12.61201795
12.61388038
12.58464241
12.59067534
12.59688488
12.60334510
12.60997005
12.61663100
12.62366075
12.60576883
12.61249481
12.61891811
12.62536070
12.63182933
12.63811840
12.64463963
12.65138032
12.65814023
12.65448653
12.66121596
12.66774334
12.67407610
12.68043516
12.68677777
12.69307980
12.69932880
12.70550976
12.71186896
12.68779189
12.68489559
12.65983764
12.65703395
12.63353926
12.63944701
12.64548940
12.64282802
12.64917781
12.65564484
12.66166495
12.66765948
12.67352783
12.64581951
12.65183587
12.62297351
12.62920421
12.63545712
12.64171677
12.64788216
12.65393705
12.65969257
12.66571923
12.67186196
12.67789326
12.68381701
12.68978423
12.69567775
12.70167710
12.67596503
12.68180466
12.68758029
12.65901943
12.63035036
12.63598970
12.64161810
12.64711624
12.65287665
12.65834224
12.66386859
12.66949734
12.67490308
12.68042790
12.68634124
12.69168839
12.69707214
12.67040145
12.67569170
12.68088560
12.68733359
12.69386832
12.70047184
12.70698470
12.71342000
12.68596024
12.65964499
12.66600105
12.67241996
12.67887550
12.65058305
12.65715111
12.63543926
12.60840560
12.58044392
12.58628399
12.57182275
12.57821392
12.58451052
12.59093374
12.59731223
12.57019603
12.54161874
12.54629794
12.55256971
12.55864920
12.56462892
12.57061379
12.57678097
12.54993001
12.55602260
12.56220407
12.56818751
12.57379112
12.55035448
12.54830083
12.55435195
12.54916129
12.55515916
12.52844551
12.52386257
12.52932873
12.53540892
12.54138932
12.54734448
12.55336131
12.55933011
12.56468981
12.57066780
12.57660566
12.58282710
12.58896559
12.56553443
12.57190812
12.56283245
12.56900763
12.57535622
12.58151181
12.55340652
12.55950749
12.56574267
12.57175092
12.57770190
12.58363341
12.58949263
12.59523179
12.60105503
12.60674356
12.61252625
12.61814159
12.62370511
12.62928456
12.63484133
12.64035936
12.64633047
12.65337159
12.65972236
12.66610143
12.67275632
12.67921515
12.65188982
12.65849159
12.66525303
12.67197588
12.64423625
12.64053791
12.64579565
12.65238884
12.65913009
12.66581920
12.67253337
12.67913080
12.68573600
12.69225494
12.69876341
12.70520540
12.71209359
12.71885472
12.72567997
12.73253072
12.73923513
12.74584367
12.75263912
12.75938546
12.76619368
12.77291960
12.77952837
12.78623116
12.79276679
12.79932454
12.80577325
12.81222932
12.81863859
12.82500521
12.83138674
12.83781873
12.84414986
12.85042931
12.82352566
12.82966118
12.80253297
12.80861470
12.78200764
12.78803863
12.79413870
12.80021414
12.80632656
12.81233021
12.81827922
12.82420685
12.83013703
12.83607624
12.84187430
12.84774001
12.85385739
12.85985109
12.86576435
12.87168568
12.87776110
12.88356485
12.88950659
12.89531667
12.90118428
12.90713296
12.91292045
12.91866140
12.92441725
12.93014461
12.93587786
12.94156560
12.94717168
12.95278368
12.95834484
12.96393412
12.96941598
12.97499487
12.98054758
12.98610272
12.99163716
12.99712350
13.00261503
13.00808484
13.01355072
13.01889175
13.02430866
13.02962834
13.03508825
13.04047205
13.04586146
13.05123564
13.05651402
13.06176490
13.06707227
13.07227451
13.07744088
13.08250146
13.08756426
13.09274487
13.09791286
13.10293415
13.10802131
13.11314431
13.11818797
13.12320890
13.12813459
13.13304140
13.13793556
13.14277910
13.14767993
13.15250114
13.15723236
13.16201220
13.16666652
13.17130396
13.14765919
13.15238895
13.15700583
13.16176779
13.16653231
13.17134123
13.17611309
13.15092555
13.15580421
13.16073358
13.16560187
13.17046773
13.17531947
13.18017588
13.18504153
13.18983928
13.19462953
13.19941993
13.19464062
13.19935801
13.20417706
13.20889179
13.21354544
13.21836623
13.22305171
13.22782125
13.23262206
13.23713192
13.24166073
13.24616584
13.25081638
13.25511234
13.25947324
13.26399423
13.26854064
13.27307316
13.27756946
13.28195717
13.28639004
13.28908069
13.26227645
13.26565470
13.26996976
13.27429573
13.27877798
13.28300524
13.28722123
13.29157900
13.29592531
13.30014617
13.30444312
13.30875117
13.31303771
13.31730124
13.32152527
13.32581140
13.33010603
13.33433486
13.33846476
13.34264362
13.34673003
13.35080217
13.32653687
13.32749667
13.30252744
13.29397776
13.26748930
13.24289339
13.21702947
13.21584235
13.19342934
13.16957981
13.17351182
13.17739460
13.18126283
13.18519003
13.18917924
13.19317554
13.19702355
13.20083007
13.20471079
13.20853793
13.21225601
13.21599872
13.21982236
13.22359635
13.22741766
13.23124424
13.23503668
13.23884772
13.24259890
13.24659270
13.25044122
13.25416195
13.25809732
13.26198305
13.26588857
13.26976203
13.27361333
13.27751419
13.28110409
13.28489243
13.28863167
13.29241831
13.29622281
13.29997911
13.30348228
13.30703879
13.31071206
13.31436630
13.31782949
13.32105310
13.32338272
13.32697204
13.33057588
13.33170450
13.30490811
13.30845020
13.31201933
13.31558557
13.31901077
13.30139099
13.30478679
13.30807105
13.31147051
13.31488973
13.31833158
13.30469768
13.30078781
13.29627320
13.29958484
13.30275096
13.30605840
13.30931199
13.28316464
13.28606768
13.28642812
13.28020400
13.28314436
13.26149324
13.24456406
13.24763654
13.25075283
13.22755895
13.20254709
13.20553235
13.20857092
13.21147226
13.21435144
13.21732859
13.22026627
13.22322921
13.22628705
13.22918862
13.23204615
13.23489736
13.23808289
13.24112809
13.24395862
13.24685523
13.24972892
13.25267135
13.25522560
13.25829416
13.26131637
13.26423729
13.26658355
13.26898965
13.24469726
13.24654402
13.24886245
13.25124814
13.25374513
13.25649094
13.25925762
13.26193630
13.26468403
13.26725916
13.26980574
13.27248577
13.24700524
13.24951685
13.25198081
13.22543151
13.22794295
13.23072184
13.23361485
13.23626113
13.23163039
13.23440707
13.23515611
13.21088568
13.18354584
13.15623827
13.15907101
13.16170052
13.13983647
13.14249825
13.14518746
13.14788528
13.15055993
13.15320889
13.15586850
13.15853021
13.16101843
13.16347406
13.16597463
13.16845103
13.17100530
13.17354134
13.17606118
13.17854549
13.15219869
13.15462014
13.15709058
13.15952549
13.16183327
13.16248320
13.13549244
13.10882730
13.11113705
13.11347078
13.11580891
13.11812988
13.12048037
13.12248732
13.12480287
13.12701344
13.12783006
13.12983168
13.13183259
13.11302130
13.11503392
13.11697963
13.11890695
13.12080504
13.12282703
13.12472260
13.12653900
13.12837620
13.13019599
13.13209386
13.13393093
13.13600684
13.13803105
13.14004737
13.11275815
13.11356559
13.11556221
13.11730520
13.11937669
13.11969862
13.12157356
13.12317123
13.12485584
13.12652943
13.12722154
13.11775037
13.09667199
13.09875981
13.10046076
13.10228361
13.10403864
13.10588851
13.10775849
13.10937261
13.11096839
13.11250406
13.11458732
13.11585641
13.11446345
13.08830075
13.09035383
13.09191331
13.09406864
13.09602546
13.09825318
13.10035671
13.10233308
13.10443413
13.10592470
13.10798002
13.11001496
13.11211164
13.11253254
13.11474308
13.11703704
13.11926837
13.12157466
13.12383234
13.12604999
13.12829591
13.13054807
13.13279810
13.13501986
13.13721553
13.13937523
13.14153595
13.14369976
13.14582113
13.14794618
13.15002171
13.14856953
13.15073227
13.15282897
13.15414950
13.15624207
13.15794256
13.15980365
13.16178104
13.16379703
13.16588567
13.16797009
13.16988414
13.17186968
13.17380335
13.17556788
13.17739493
13.17951777
13.18114511
13.18277081
13.15815568
13.15926089
13.16040269
13.16165301
13.16289618
13.16439704
13.16596339
13.16771887
13.16933869
13.17095484
13.17259915
13.15949287
13.13304402
13.11121139
13.10088887
13.07493733
13.07645785
13.07817848
13.07998861
13.08184035
13.08368055
13.08557995
13.08745621
13.08930566
13.09123605
13.09313880
13.09505050
13.09695526
13.09882853
13.10071128
13.10259707
13.10428720
13.10617297
13.10794545
13.10973929
13.11151868
13.09930073
13.10108126
13.10278569
13.10454941
13.10629183
13.10809796
13.10986820
13.11164156
13.11351295
13.11537282
13.11728746
13.11926045
13.12122168
13.12311997
13.12510547
13.12700110
13.12842529
13.13003581
13.13164520
13.13351209
13.13536358
13.13719593
13.13897563
13.14074149
13.14243870
13.14420703
13.14260745
13.14442666
13.14615113
13.14787262
13.14959183
13.15084647
13.15258051
13.15430872
13.12842663
13.10348661
13.10519344
13.10692282
13.10845428
13.08229832
13.08361033
13.08531143
13.08704386
13.06198499
13.06372932
13.06546188
13.06719282
13.04030262
13.01563226
13.01738064
13.01907129
13.02073057
13.02241839
13.02406554
13.02517589
13.00135309
12.98482363
12.95865431
12.93593775
12.93768352
12.91339242
12.91502483
12.89623626
12.89779685
12.89927902
12.90073320
12.90233455
12.90379077
12.90538312
12.90695786
12.90849639
12.91009636
12.91168139
12.91319595
12.91433988
12.91583463
12.91734034
12.91886685
12.92030802
12.92180923
12.92325606
12.92470959
12.92605393
12.92747608
12.91997696
12.89307732
12.86463444
12.83818622
12.82280545
12.79544258
12.77055942
12.77178526
12.74478703
12.74614709
12.74760763
12.74865886
12.75008299
12.75147565
12.75288321
12.75401087
12.75529618
12.75658191
12.75807474
12.75955808
12.76103930
12.76248153
12.76395113
12.76540812
12.76680421
12.76823818
12.76958907
12.77099616
12.74416138
12.71770249
12.71496363
12.71660394
12.71188992
12.71357577
12.71523279
12.71665416
12.69093319
12.66421052
12.64105542
12.64263452
12.64435840
12.64605434
12.64786193
12.64954688
12.64872881
12.63120012
12.63297826
12.63468587
12.63637970
12.63809876
12.63979797
12.64143452
12.64306098
12.64459219
12.64266227
12.64127526
12.62765637
12.62919697
12.62238703
12.62169312
12.59495268
12.59646995
12.59799958
12.59948203
12.60096614
12.60247316
12.57569149
12.57489910
12.56743977
12.55060854
12.52416928
12.52553659
12.51902354
12.49310249
12.46667687
12.46569889
12.46717003
12.46858115
12.46992785
12.47137457
12.47277886
12.47428986
12.47565938
12.47702675
12.47837897
12.47970555
12.48112754
12.48262487
12.48414163
12.48553878
12.48688098
12.48833443
12.48970079
12.49106288
12.49240335
12.49366587
12.49491740
12.49603812
12.49736391
12.49861714
12.49991186
12.50111356
12.50230334
12.50350006
12.50466492
12.50588206
12.50704746
12.50828164
12.50948419
12.51076424
12.51209182
12.51334712
12.51463220
12.51578525
12.51699794
12.51817290
12.51938079
12.52049476
12.52169438
12.52296379
12.52420263
12.52535913
12.52661634
12.52771899
12.52888344
12.53005735
12.53117055
12.53227884
12.53337678
12.53441370
12.53549416
12.53664511
12.53787113
12.53914965
12.54036260
12.54157238
12.54279817
12.54402926
12.54527748
12.54649008
12.54777118
12.54896894
12.55023384
12.55152704
12.55276531
12.55400431
12.55525645
12.55646312
12.52982556
12.53096206
12.53211741
12.53332114
12.53445185
12.53559954
12.53677308
12.53797502
12.53908822
12.54022302
12.54125142
12.54229955
12.54339656
12.54455032
12.54563197
12.54665118
12.54777560
12.54889312
12.54996070
12.55099003
12.55204501
12.55310530
12.53351872
12.53449749
12.53549591
12.53651180
12.53756756
12.53852305
12.53950327
12.54048752
12.54144097
12.54242140
12.54336692
12.54434474
12.54533659
12.54623440
12.54723734
12.54818957
12.54916946
12.55015552
12.55113586
12.55211857
12.55310177
12.55405435
12.55501134
12.55599387
12.55086900
12.55058679
12.52888709
12.52963663
12.53045495
12.53117011
12.53190315
12.53261937
12.53335375
12.53414189
12.53481422
12.50835405
12.48675276
12.46993264
12.44578668
12.44692925
12.44764074
12.42816694
12.42900125
12.42975259
12.43042847
12.43110042
12.43183439
12.43255040
12.43343499
12.43416551
12.43477479
12.43550781
12.43614650
12.43669831
12.41232677
12.38730040
12.37601999
12.37676258
12.37740381
12.37798231
12.37859506
12.37919500
12.37979985
12.38040970
12.38098699
12.38155856
12.38212610
12.38277742
12.35656132
12.33065745
12.33125152
12.33184238
12.33240029
12.33293608
12.33350745
12.33404792
12.33458704
12.33513323
12.33565189
12.33619327
12.33670030
12.33729697
12.33774993
12.33828162
12.33876401
12.33923241
12.33968243
12.31454933
12.30943046
12.31094624
12.31215980
12.31362748
12.31509297
12.31680815
12.29128743
12.27032650
12.25503314
12.23376068
12.23529274
12.23691120
12.23843937
12.23999092
12.21992152
12.22154848
12.22348380
12.20263977
12.20423675
12.20501669
12.20262313
12.17671821
12.17825088
12.15306086
12.13153207
12.10513698
12.08017705
12.05587887
12.05207252
12.02829197
12.02194056
12.02349107
12.02502635
12.02649881
12.02804108
12.02968526
12.03110689
12.03268440
12.03423664
12.01322604
12.00386655
12.00520283
12.00677926
12.00820668
12.00968438
12.01115954
12.01255543
12.01398127
11.99701462
11.99852557
12.00025232
12.00221230
12.00444066
12.00666303
12.00850948
11.98360196
11.98562893
11.98759496
11.98956634
11.99150666
11.96687808
11.94125138
11.91966516
11.89422746
11.87237318
11.87441104
11.87639101
11.87832985
11.87502657
11.87704286
11.85431800
11.85620715
11.85822164
11.86013078
11.86206879
11.86406073
11.86610341
11.86810177
11.86999749
11.87195794
11.87380523
11.87581382
11.87678771
11.87882069
11.88091961
11.88303705
11.88515426
11.88730127
11.88947767
11.89162255
11.89358459
11.86800727
11.86975581
11.87154391
11.87336454
11.87509285
11.87676049
11.87857367
11.85648907
11.85761731
11.85924891
11.86114784
11.86312657
11.86496481
11.86685308
11.86876480
11.87070439
11.87261133
11.87447795
11.87637149
11.87817829
11.88001999
11.88192785
11.88378095
11.88562059
11.88745652
11.88927385
11.89109112
11.89288873
11.89460040
11.89639997
11.89817889
11.89998083
11.90173240
11.90352516
11.90528477
11.90700454
11.90871171
11.91040786
11.91210160
11.91381000
11.91550336
11.91718813
11.91886343
11.92053205
11.92218642
11.92385133
11.89743870
11.89909621
11.90078104
11.90239135
11.90401398
11.90560298
11.90720598
11.90882444
11.91041528
11.91192079
11.91348397
11.91503636
11.91659038
11.91811321
11.91963951
11.92115802
11.92267017
11.92415849
11.92564790
11.92717312
11.92865796
11.93009820
11.93153760
11.93299092
11.93440752
11.93583820
11.93725379
11.93866931
11.94004969
11.94141136
11.94280056
11.94418055
11.94557984
11.94688514
11.94820876
11.94949521
11.95076833
11.95203698
11.95340394
11.95474449
11.95604031
11.94700748
11.94829589
11.94961280
11.95088685
11.95221332
11.95350236
11.95475924
11.95606146
11.95730480
11.95854123
11.95971525
11.96092378
11.96212791
11.96332121
11.96447917
11.96561073
11.96677372
11.96793378
11.96907048
11.97022290
11.97135673
11.97246438
11.97355558
11.97466307
11.97573924
11.97680076
11.97787975
11.97895594
11.98000810
11.98102754
11.98206097
11.98306481
11.98409896
11.98508864
11.98610834
11.98710807
11.98811123
11.98903867
11.98997881
11.99095109
11.99191700
11.99286425
11.99387616
11.99487523
11.99578837
11.99663708
11.99758579
11.99849169
11.99930000
11.99036189
11.99126320
11.99213663
11.99300802
11.99388708
11.99474610
11.99565635
11.99658271
11.99753174
11.99846827
11.99940597
12.00020167
12.00104886
12.00200978
12.00288608
12.00376798
12.00463804
12.00552047
12.00636893
12.00722796
12.00804376
12.00889028
12.00969964
11.98664547
11.98727377
11.98801505
11.96976944
11.94450597
11.94345860
11.91971736
11.92106015
11.92242656
11.92389733
11.92508028
11.92638742
11.92764078
11.92908518
11.93035517
11.93219204
11.93365136
11.91480303
11.89142004
11.86823360
11.85098334
11.84136240
11.81852101
11.81955040
11.82124704
11.82298221
11.80257723
11.80402982
11.80592411
11.80772802
11.80938173
11.81101354
11.81247012
11.81430496
11.79178750
11.76805147
11.76781265
11.76779068
11.76852004
11.76929791
11.74615020
11.72310271
11.70063812
11.67690753
11.67854848
11.68026291
11.68209128
11.68454619
11.68629890
11.67934822
11.68029040
11.66995093
11.64766296
11.64771400
11.62665706
11.62713167
11.60213882
11.59909183
11.57579003
11.55140800
11.52665272
11.52862945
11.53069110
11.53273150
11.53471299
11.51250333
11.51461801
11.51649626
11.51865196
11.52073045
11.52275768
11.52476376
11.52689934
11.52915375
11.53163240
11.53411746
11.53668816
11.53916392
11.53857835
11.53933400
11.54171803
11.54412193
11.54658716
11.54875905
11.55111308
11.55358850
11.55608657
11.55861550
11.56105637
11.56336426
11.56586190
11.56841368
11.57086057
11.57332060
11.57579043
11.57823369
11.58069242
11.58312226
11.58553824
11.58794659
11.59031256
11.59272011
11.59513817
11.59746799
11.59984457
11.60221488
11.60457097
11.60691589
11.60920555
11.61150811
11.61380070
11.61610417
11.61832046
11.62056130
11.62279830
11.62504864
11.62721262
11.62944516
11.63168094
11.63394505
11.63615869
11.63838045
11.64058242
11.64274088
11.64490948
11.64705224
11.64922365
11.65133347
11.65347628
11.65562424
11.65777593
11.65992427
11.66204941
11.66405381
11.64086529
11.64293091
11.64506512
11.64710872
11.64926533
11.65138806
11.65348453
11.65555795
11.65771782
11.65983327
11.66188574
11.66398971
11.66607560
11.66817011
11.67026972
11.67229570
11.67439028
11.67642382
11.67844317
11.68051094
11.68256785
11.68456869
11.68655364
11.68864540
11.69066549
11.69264513
11.69467281
11.69662229
11.69863613
11.70058676
11.67934855
11.65600848
11.63458955
11.62953064
11.62645342
11.60459353
11.60397127
11.59843563
11.60049908
11.60249860
11.60476041
11.60710416
11.60960564
11.61217239
11.61478138
11.61761258
11.61929547
11.61588889
11.61870399
11.62110879
11.62349650
11.62598802
11.62842833
11.63107091
11.63370939
11.63635903
11.63869621
11.64099608
11.64364633
11.64627753
11.62485142
11.60654264
11.58408931
11.56643908
11.56554231
11.54386204
11.53913527
11.51726726
11.49586414
11.49839960
11.50068022
11.50292235
11.50462408
11.50691955
11.48502354
11.46300003
11.44169428
11.42093916
11.40299366
11.40519839
11.39928877
11.40173840
11.37924367
11.35785466
11.36032609
11.36278427
11.34050683
11.31953914
11.30023453
11.30254010
11.30490804
11.30727270
11.30965430
11.28710743
11.26455569
11.24182513
11.22082670
11.22309221
11.22533316
11.20404721
11.19708190
11.19212104
11.17095020
11.17298607
11.17548814
11.17776409
11.15549886
11.15034320
11.15265487
11.15496998
11.13429426
11.13670160
11.13906641
11.14155903
11.14383994
11.14607048
11.14819466
11.15035867
11.13088787
11.13297357
11.13500613
11.13716542
11.13911265
11.14122826
11.14334261
11.14548467
11.14754879
11.14952623
11.15145620
11.15343590
11.15537443
11.15741675
11.15945997
11.16160428
11.16373010
11.16598557
11.14631718
11.14847300
11.15040144
11.15268788
11.15460985
11.15609787
11.15828150
11.16021856
11.16215507
11.16409387
11.14268426
11.14490036
11.12305256
11.10126691
11.07911727
11.05751144
11.03511909
11.03655689
11.03348569
11.02166959
11.00121975
10.99458345
10.97882827
10.97969061
10.97030690
10.97114432
10.95444586
10.95640223
10.95849215
10.96036854
10.96174494
10.96363675
10.96578635
10.96793511
10.97005725
10.97204122
10.97386617
10.97146790
10.97345936
10.97546030
10.97742334
10.95504074
10.95698299
10.95896508
10.96094408
10.96297393
10.96501420
10.96698373
10.96897232
10.96060933
10.96253897
10.96448460
10.96642197
10.96832635
10.97025511
10.97216189
10.97403505
10.97586044
10.97763758
10.97949054
10.98126982
10.98312284
10.98489534
10.98672373
10.98853095
10.99021219
10.99196512
10.99373522
10.99554507
10.99728526
10.99903239
11.00074443
11.00247136
11.00420307
11.00589562
11.00760660
11.00929070
11.01096583
11.01261885
11.01428386
11.01593470
11.01748924
11.01910389
11.02073242
11.02235680
11.02417606
11.02599823
11.02799205
11.03000399
11.03207886
11.03408097
11.03610834
11.03815374
11.04015960
11.04205916
11.04404861
11.04601740
11.04792503
11.04984378
11.05178862
11.05370434
11.05563987
11.05761259
11.04798279
11.04981868
11.05172981
11.05366148
11.05559797
11.05748079
11.05933001
11.06117698
11.06300539
11.06482012
11.06517084
11.04408250
11.04283345
11.02332479
11.02509916
11.02689963
11.02868758
11.03049340
11.03228821
11.03409216
11.03583844
11.03757908
11.03933150
11.04105868
11.04281544
11.04459497
11.04643644
11.04825082
11.05007824
11.05188818
11.05367547
11.05545927
11.05725306
11.05902085
11.06081378
11.06252584
11.06426378
11.06600627
11.06774307
11.06946008
11.07124335
11.07289609
11.07461912
11.07629666
11.07800590
11.07967775
11.08139570
11.08312721
11.08485299
11.08655289
11.08822813
11.08989828
11.09153930
11.09315474
11.09476810
11.09636597
11.09794772
11.09950240
11.10110843
11.10268469
11.10426679
11.10585506
11.10752050
11.10823947
11.10983652
11.11128756
11.11285899
11.11439756
11.11594445
11.11749133
11.11903050
11.12061204
11.12210013
11.12361319
11.12511662
11.12282858
11.10150725
11.10202055
11.10107131
11.10194600
11.10334753
11.10471062
11.10614269
11.10761860
11.10904518
11.11043834
11.11189386
11.11321805
11.11454851
11.11594960
11.11733484
11.11869803
11.12004462
11.12146261
11.12282699
11.12238708
11.12372471
11.12504381
11.12634116
11.12763831
11.12893040
11.13014660
11.13145974
11.13274267
11.13395705
11.13522256
11.13651041
11.13774583
11.13896774
11.14025255
11.14146991
11.14278642
11.14404265
11.14524012
11.14643525
11.14761496
11.14880371
11.14991419
11.15111104
11.15229405
11.15344494
11.15459619
11.15574712
11.15687616
11.15801214
11.15914622
11.16025086
11.16135577
11.16247670
11.16356929
11.16465742
11.16574336
11.16684289
11.16790187
11.16895358
11.17002654
11.17106803
11.17212336
11.17315025
11.17418987
11.17520577
11.17623422
11.17724786
11.17826526
11.17928147
11.18029245
11.18130972
11.18228948
11.18326154
11.18373145
11.17951801
11.18051385
11.18145355
11.18240833
11.18333470
11.18421155
11.18512386
11.18602326
11.18690659
11.18779072
11.18870895
11.18922826
11.19017711
11.19064352
11.19153658
11.19251479
11.19339733
11.19430612
11.19492354
11.19545493
11.19598643
11.19654449
11.19746546
11.19806510
11.19865401
11.19935167
11.20016545
11.20102592
11.20184562
11.20265456
11.20077116
11.20161950
11.19988942
11.20072873
11.19908618
11.19759518
11.19828449
11.17947724
11.16894651
11.16973290
11.17052735
11.17132935
11.17212963
11.17290088
11.17189811
11.17275459
11.17352743
11.17440885
11.17524245
11.17609130
11.17695586
11.17777050
11.17864412
11.17953009
11.18035580
11.18123011
11.18205013
11.18284259
11.18366924
11.18450785
11.18533880
11.18616177
