-5.78435612
-6.63561702
-6.50252374
-7.08167362
-7.37794666
-7.86340539
-7.98925754
-8.59188748
-8.96424315
-8.75892224
-8.95580773
-8.39702123
-9.15336090
-9.54502428
-9.46550962
-10.25934966
-10.58195559
-11.59941722
-11.91288262
-12.71182524
-13.19415353
-14.66544165
-14.72339640
-14.56644206
-14.66426862
-15.05731110
-15.14309089
-16.05459558
-16.98620544
-17.62420264
-18.27251537
-19.18917397
-19.63685369
-20.01648985
-20.64857203
-21.59164252
-22.32843206
-22.73612849
-23.55621850
-24.20002483
-25.03397484
-25.82436873
-26.57601674
-27.06653641
-27.85889556
-27.58272049
-28.27562700
-29.25125808
-30.20554058
-30.74546633
-31.33478212
-31.84310637
-32.65833083
-33.23460666
-34.04533909
-34.98818693
-35.55654046
-36.19190751
-36.26838124
-37.02398563
-37.78585473
-38.45242121
-39.37311719
-40.18655058
-40.59826773
-40.53332400
-41.52426314
-41.48348776
-42.23006430
-42.54758019
-42.48553656
-43.27002935
-43.98674917
-44.26324635
-43.70615018
-44.60554110
-44.46317967
-44.61662950
-44.74746947
-44.66744854
-45.26640152
-45.35167496
-45.44872263
-45.47405331
-46.38867319
-46.98914299
-47.60144961
-47.98180525
-48.53789218
-48.99128720
-49.85670938
-50.01058692
-50.43114526
-50.47203130
-51.24894362
-52.10789475
-52.50045314
-52.91066183
-53.96667466
-54.61702745
-55.29681345
-55.49936977
-55.54795283
-56.21543159
-56.61433034
-57.02558123
-57.57018652
-58.12909149
-58.65133612
-59.30614889
-59.80562696
-60.25692457
-60.51784658
-60.64712700
-60.98045801
-61.11645937
-61.28835396
-61.30802004
-61.85497981
-62.45756923
-63.04773111
-63.32173086
-63.94655706
-64.55174481
-65.25576677
-65.83684229
-66.42009373
-67.16210441
-67.82414770
-68.37534266
-68.90397147
-69.38255800
-69.37190262
-69.96801762
-70.29993516
-70.67327666
-71.32604299
-71.80749875
-72.33439810
-72.86680798
-73.37340052
-73.90946099
-74.68311783
-75.27027287
-75.87824621
-76.48488553
-77.11921265
-77.94797896
-78.73029382
-79.51877542
-80.01809347
-80.32027263
-80.92776049
-81.40085561
-81.80267697
-82.41089678
-82.26266245
-82.78798819
-83.54821277
-84.23564804
-84.77188668
-85.37722475
-85.86599056
-86.22102727
-86.80958047
-86.81224321
-87.55524133
-88.26764900
-88.90151159
-89.30253326
-89.69087267
-89.84272627
-90.58669518
-91.01765673
-91.43198420
-92.09841584
-92.78769493
-93.54480352
-94.19494419
-94.86256267
-95.38429069
-95.96741514
-96.46867132
-96.99761195
-97.50806038
-98.18187052
-98.69351558
-98.85785540
-99.27216895
-99.79578129
-100.31236845
-100.94179593
-101.23728305
-101.91730321
-102.44172343
-102.76293131
-103.18476034
-103.51172325
-103.50881508
-103.71092303
-104.00689670
-104.63226404
-104.98189822
-105.37632604
-105.81869800
-106.38312496
-106.79164207
-107.42179096
-107.89170044
-108.64030997
-109.20025919
-109.75991414
-110.25090932
-110.80992243
-111.35323900
-111.70868050
-112.27586044
-112.62361245
-113.03172430
-113.38380136
-113.77077980
-114.27035834
-114.70208756
-114.86085574
-115.39714833
-115.51650301
-115.65165659
-115.76331773
-115.96340392
-116.39049725
-116.81742022
-117.07845440
-117.23178365
-118.05661026
-118.25619996
-118.78633611
-119.09984504
-119.15135234
-119.33478845
-119.32242224
-119.53298959
-119.36237044
-119.19199647
-119.57796568
-119.53172105
-119.59968141
-119.97809631
-120.21635150
-120.30136803
-120.13258251
-120.07431391
-119.90120869
-119.74741583
-120.01404793
-120.11843309
-120.14363774
-119.99326754
-119.82719027
-119.66880562
-119.93604501
-119.78708543
-119.64128371
-119.49666365
-119.33381007
-119.55431855
-119.93581358
-120.15645890
-120.36253917
-120.74711197
-120.70775403
-120.68888953
-120.68920956
-120.53865721
-120.38459755
-120.23526960
-120.38049470
-120.23137400
-120.09763956
-120.00743843
-119.95481973
-119.81715313
-119.73817862
-119.75433144
-119.59877457
-119.44804831
-119.29529192
-119.14461123
-118.99469719
-118.85666463
-119.36220081
-119.43486158
-119.29066856
-119.70631957
-119.58098589
-119.44240212
-119.31492013
-119.17535194
-119.04600278
-119.04796171
-119.39054221
-119.27072110
-119.86597384
-119.84599422
-119.71477854
-119.58204668
-119.43252859
-119.29641556
-119.15225851
-119.35157857
-119.20807076
-119.21941451
-119.42207257
-120.08002127
-120.19105859
-120.52254047
-120.54647735
-121.19674427
-121.49144946
-121.80817099
-122.11562385
-122.26221268
-122.14693642
-122.89572216
-122.72038127
-123.04640995
-123.17619711
-123.59267567
-123.76507382
-123.90553130
-123.73394539
-123.55312095
-123.37529607
-123.19432474
-123.46664756
-123.28726160
-123.10467510
-123.32547621
-123.60005666
-123.42546301
-123.69715006
-123.76471461
-124.02198737
-124.01923590
-124.79192427
-125.11387213
-125.21025976
-125.24823151
-125.08345235
-124.89620677
-124.71808384
-124.53734439
-124.83591327
-125.13492289
-125.09275288
-124.96642422
-125.24506139
-125.57526434
-125.93832108
-126.19595053
-126.11555077
-126.26012404
-126.27241426
-126.08356659
-125.93705593
-125.74897034
-125.57502573
-125.39702490
-125.24982795
-125.10111855
-124.93521302
-124.76166100
-124.59597435
-124.42290303
-124.31330062
-124.21449026
-124.04754019
-123.91404212
-123.82546288
-124.13603345
-123.95611129
-124.21755059
-124.47479254
-124.30019299
-124.12110745
-123.94795122
-123.76924205
-123.59299960
-123.82970791
-123.68719997
-123.97178533
-124.02084999
-123.95539508
-124.16729393
-124.01448645
-123.87447229
-123.79842185
-123.99910997
-123.83047894
-123.66824692
-123.49860605
-123.32996377
-124.04720002
-123.91610706
-123.75277180
-123.58055709
-123.40666952
-123.24164455
-123.41027742
-124.00256877
-124.30091124
-124.47913811
-124.67819769
-124.51379704
-124.33907739
-124.17875650
-124.04400499
-123.87898867
-124.17154658
-124.30705128
-124.50017789
-124.32812686
-124.15758565
-123.98405903
-123.83148069
-123.66368808
-123.49348421
-123.31745204
-123.13280385
-122.95980608
-122.77888434
-122.66395585
-122.48763537
-122.31208763
-122.15245950
-122.30229563
-122.43332301
-122.61984606
-122.48553849
-122.30538768
-122.13131893
-121.99230993
-121.81621074
-121.63917944
-121.45899431
-121.28273136
-121.11733134
-120.95061776
-120.81586153
-120.99805085
-121.27101036
-121.50659453
-121.33227697
-121.17549453
-121.02184698
-121.28489500
-121.41610282
-121.26539721
-121.41832453
-121.61723001
-121.91908134
-122.17558791
-122.00719314
-121.85755077
-122.04830025
-121.85663407
-121.67304953
-121.50018270
-121.31509121
-121.13057601
-121.30861684
-121.38231691
-121.71550086
-121.53424369
-121.53513162
-121.35447500
-121.17167321
-121.00116301
-120.84497771
-121.01897348
-121.23583131
-121.07042954
-120.89208329
-120.71802613
-120.54265570
-120.36901080
-120.19486298
-120.02160484
-119.84869036
-119.67546853
-119.50220447
-119.32863258
-119.15796432
-118.98614737
-118.81689755
-118.65167660
-118.48410631
-118.31518654
-118.14836292
-117.97837887
-117.81616067
-117.65629415
-117.50145052
-117.33570797
-117.17162849
-117.00804832
-116.84540349
-116.68024185
-116.51709119
-116.35488195
-116.58382340
-116.42964765
-116.26938904
-116.12160312
-115.98469585
-115.83575434
-115.67634442
-115.53125706
-115.71262508
-115.58321746
-115.59129697
-115.44886324
-115.31299001
-115.31633613
-115.17925111
-115.03877681
-114.89393613
-114.75196868
-114.61689242
-114.48120066
-114.69712718
-114.83201617
-114.98359144
-114.84620312
-114.72007031
-114.58319806
-114.43628000
-114.29243806
-114.16649236
-114.02694067
-113.88974118
-113.77200813
-113.63731104
-113.48305973
-113.33090810
-113.17888117
-113.03580339
-112.88542538
-112.73427279
-112.58475757
-112.46729759
-112.35095755
-112.23773766
-112.10864986
-111.99394302
-111.87204896
-111.72548256
-111.58340485
-111.43792088
-111.29328084
-111.20120137
-111.34281578
-111.19974814
-111.06872624
-110.93494986
-110.79225413
-110.65107597
-110.50845982
-110.36661476
-110.22615385
-110.08561097
-109.94483462
-109.80481402
-109.66605498
-109.52893145
-109.39260497
-109.42529799
-109.28863339
-109.15250642
-109.01602320
-108.88399523
-108.75381266
-108.62251400
-108.49074271
-108.35978445
-108.26007513
-108.35261190
-108.45888778
-108.35523465
-108.25059633
-108.12952988
-108.01168782
-107.87688097
-107.74252958
-107.60772780
-107.49679624
-107.40814407
-107.28120578
-107.16072325
-107.03000115
-106.89627109
-106.76377827
-106.66883763
-106.53851736
-106.40730663
-106.27667479
-106.14655282
-106.14377553
-106.18146162
-106.05119897
-106.10327639
-106.21017244
-106.28676211
-106.17179393
-106.25393332
-106.12363381
-106.25220149
-106.37865040
-106.29330352
-106.28229697
-106.37369944
-106.24454346
-106.11484131
-105.99604350
-105.86892382
-105.75282792
-105.83103615
-105.96866116
-105.84172337
-105.76674360
-105.65726767
-105.53583644
-105.44890194
-105.33109548
-105.20651263
-105.08014801
-105.07138543
-104.99275305
-104.86965997
-104.98648284
-104.86908146
-104.76290971
-104.63963751
-104.52888098
-104.40467316
-104.28870857
-104.34789187
-104.23096437
-104.11177487
-103.99591071
-103.95375534
-103.96815091
-103.97584166
-103.85403773
-103.73799024
-103.61729388
-103.56815065
-103.45246689
-103.33405555
-103.21554106
-103.09854460
-102.98297786
-102.87278093
-102.76599437
-102.65579290
-102.53767523
-102.51920803
-102.40110036
-102.28865516
-102.17810977
-102.16618019
-102.05535645
-101.95482571
-101.84786332
-101.73138183
-101.61750741
-101.50424038
-101.55878294
-101.57842469
-101.63048587
-101.71040004
-101.78935469
-101.89169657
-101.84774726
-101.81759068
-101.70299426
-101.60044199
-101.49865750
-101.38870178
-101.29193982
-101.18970350
-101.08244360
-100.97617032
-100.86803410
-100.75695338
-100.66476051
-100.56858878
-100.47221704
-100.36256597
-100.25300163
-100.16765670
-100.07924450
-99.98041701
-99.89134129
-100.01027891
-100.10329925
-100.01607463
-99.90707587
-99.80117207
-99.70011029
-99.60376035
-99.53612683
-99.46703678
-99.40176487
-99.29402310
-99.19875210
-99.11959667
-99.01154897
-98.90494607
-98.81748585
-98.75787053
-98.66984287
-98.60583031
-98.50507816
-98.40705153
-98.32507890
-98.22978523
-98.14811346
-98.24285808
-98.13612221
-98.06326976
-98.15653658
-98.23698738
-98.20867903
-98.19002080
-98.09294118
-97.99241299
-97.96141472
-97.90343404
-97.87232812
-97.79787077
-97.69371435
-97.61204622
-97.51848350
-97.43310623
-97.37844930
-97.31301468
-97.21151154
-97.12623438
-97.07982637
-97.01100638
-96.90832589
-96.82831670
-96.77514851
-96.70859413
-96.68467751
-96.58597699
-96.54158165
-96.49571341
-96.45596454
-96.40804830
-96.33699966
-96.26489421
-96.24413949
-96.15642176
-96.09890181
-96.18161350
-96.29443360
-96.39913071
-96.47295242
-96.40137522
-96.48231011
-96.43210001
-96.43222363
-96.35099658
-96.26565731
-96.23583465
-96.21604430
-96.33250955
-96.44554152
-96.38981629
-96.47704876
-96.54586496
-96.49964694
-96.41050197
-96.47276983
-96.42639402
-96.51674455
-96.75898287
-96.74103355
-96.70225496
-96.61575595
-96.56748598
-96.59812925
-96.64105449
-96.66152089
-96.74692185
-96.73085660
-96.69705558
-96.67956819
-96.65109978
-96.58944267
-96.49241156
-96.38578035
-96.28536874
-96.18214395
-96.10126469
-96.01478113
-95.91292442
-95.81954986
-95.76284659
-95.66424043
-95.56069838
-95.45906223
-95.35624413
-95.25247048
-95.15222298
-95.05493820
-94.95292510
-94.85538057
-94.75780863
-94.73779943
-94.64522097
-94.54688510
-94.46454887
-94.44635353
-94.34102813
-94.23541899
-94.13330031
-94.03329683
-93.93294422
-93.87272499
-93.80847342
-93.73045736
-93.73684074
-93.70184667
-93.64530804
-93.54092390
-93.47166180
-93.36982093
-93.27807623
-93.20414239
-93.10346073
-93.01235548
-92.91462992
-92.84978532
-92.87544867
-92.79960994
-92.70775219
-92.63408881
-92.52909315
-92.54260957
-92.46618231
-92.36171745
-92.25787548
-92.15570076
-92.05111713
-91.98432756
-91.91329675
-91.87316573
-91.76926113
-91.68979161
-91.60208147
-91.51626031
-91.42316565
-91.34598980
-91.26309451
-91.16244979
-91.08814240
-90.98520891
-90.93883026
-90.86358920
-90.78077836
-90.69893563
-90.59876889
-90.49621200
-90.44633170
-90.42764455
-90.32903318
-90.24452057
-90.16006248
-90.07640284
-89.97698157
-89.90380454
-89.81611519
-89.73134309
-89.64839297
-89.57505202
-89.48206876
-89.45469188
-89.35681637
-89.28015740
-89.18852131
-89.11563593
-89.10177458
-89.00638239
-89.12362944
-89.27696908
-89.38143101
-89.37895315
-89.37174169
-89.29025002
-89.19983943
-89.29642079
-89.32137857
-89.33902985
-89.46441856
-89.45691124
-89.39207566
-89.35285019
-89.26065632
-89.26246479
-89.19011907
-89.23241898
-89.28404841
-89.21112684
-89.37882624
-89.48610831
-89.98271405
-90.24970014
-90.40670929
-90.43053690
-90.66900798
-90.69106794
-90.69649297
-90.62816699
-90.54658825
-90.50350862
-90.52776375
-90.75067000
-90.68453134
-90.61399854
-90.52967565
-90.45759251
-90.50256528
-90.63220440
-90.76593023
-91.07201792
-91.46284432
-91.89481461
-91.80810245
-91.72065776
-91.77887315
-91.81762577
-91.96307011
-92.05283610
-92.21055365
-92.70222626
-93.24504196
-93.62337109
-93.69688785
-94.35464911
-94.41455921
-94.54502339
-94.87252501
-95.02671995
-95.51696321
-95.89950750
-95.84243001
-96.00744666
-96.58722800
-96.98657632
-97.74908230
-97.92545990
-98.02517482
-97.92894089
-98.30266924
-98.69554440
-98.88548318
-98.79886759
-99.02419072
-99.41774256
-99.83055313
-100.29337878
-100.39394789
-100.32574141
-100.28652730
-100.33324694
-100.29354637
-100.31711596
-100.36165514
-100.76531900
-101.29010909
-101.90545088
-102.66398210
-102.99398412
-103.23667333
-104.02653847
-104.28245129
-104.78343620
-105.27645990
-105.28905947
-105.31904197
-105.82527197
-106.29322304
-106.94673491
-107.35845532
-107.92528937
-108.82697966
-108.83502688
-108.82904719
-108.85677117
-108.81574972
-108.76781192
-108.72724103
-109.21309466
-109.85844962
-109.81058938
-109.75051923
-109.68658317
-109.64726504
-110.48679554
-111.15860922
-111.66783947
-111.62983029
-112.38388572
-112.82817537
-112.79791694
-112.75040888
-112.67743395
-112.67364894
-112.69457686
-112.69881047
-112.63459272
-112.56902869
-112.59616952
-112.60661354
-112.53640347
-112.48478184
-112.41908488
-112.34918224
-112.29198963
-112.25128940
-112.19630101
-112.13886675
-112.08804630
-112.04976205
-111.97887940
-111.96623271
-111.91848498
-111.87602318
-111.84532654
-111.83490421
-111.84957364
-111.83395047
-112.02668572
-112.22587890
-112.16791620
-112.14559352
-112.09880761
-112.06419834
-112.03785919
-111.98103456
-111.92822925
-111.86100103
-111.84246096
-111.77320136
-111.76171393
-111.72831367
-111.66164634
-111.65048661
-111.61073788
-111.59156195
-112.32984830
-112.31826999
-112.26861417
-112.20062236
-112.17439562
-112.10969498
-112.05467360
-112.03193930
-111.97009186
-111.97670115
-111.94403274
-111.98997961
-111.98307866
-111.91822931
-111.85980859
-111.80090620
-111.75762254
-111.72038114
-111.67456539
-111.61593932
-111.55517180
-111.53244194
-111.53384344
-111.58192307
-111.58357633
-111.58065473
-111.57721583
-111.54959211
-111.54907030
-111.51666140
-111.50004280
-111.48570392
-111.47689492
-111.49004408
-111.46399721
-111.40724234
-111.35057745
-111.29960206
-111.28357245
-111.26437594
-111.23666884
-111.19870081
-111.20686473
-111.17216626
-111.13281900
-111.11432649
-111.10628855
-111.07721779
-111.05276233
-111.01036296
-110.96464358
-110.94364265
-110.89523439
-110.86161289
-110.81339526
-110.76973362
-110.73711372
-110.69863770
-110.65496211
-110.65083266
-110.66766157
-110.70050130
-110.65999283
-110.66876288
-111.65250137
-111.65830868
-111.63635024
-111.64125332
-111.63756641
-111.73595471
-111.79986223
-111.83561813
-111.86451091
-111.84717599
-111.83496084
-111.82423289
-111.82514492
-111.79017414
-111.78413570
-112.92081633
-112.99037444
-113.03163234
-113.14424127
-113.20655277
-113.32653975
-113.40324101
-114.55872095
-114.55680468
-114.54832327
-114.60871750
-114.56705943
-114.52941033
-114.51819186
-114.53579122
-114.54146056
-115.60643436
-115.60180108
-115.62413050
-115.62712037
-115.61150609
-115.62478659
-115.65043325
-115.66038194
-115.67121777
-115.66292764
-115.68469409
-115.78626824
-115.78942248
-115.79108919
-115.78220140
-115.81438895
-115.80714167
-115.83237247
-115.84494425
-115.84430698
-115.82373220
-115.87595496
-115.95067124
-115.95422452
-116.05154430
-116.14298663
-116.13864898
-116.13748461
-116.11304882
-116.27678826
-116.42306488
-116.53074255
-116.50932520
-116.59901066
-116.72028438
-116.88395805
-117.06648656
-117.14569485
-117.18557848
-117.37016493
-117.58516436
-117.73348288
-117.94705438
-118.11930387
-118.32756384
-118.51674703
-118.54927580
-118.60481058
-118.73903427
-118.77355954
-118.81504810
-118.84702685
-118.89412463
-118.94609949
-118.98896991
-118.98382188
-119.00621727
-119.05303240
-119.06550890
-119.17060054
-119.16526382
-119.16211146
-119.15688245
-119.39206111
-120.34393856
-121.57238895
-122.38085984
-122.61398214
-122.63722389
-122.76488269
-122.96551135
-123.24546069
-123.35612268
-124.55309544
-124.54623048
-124.54556651
-124.56947954
-124.62273042
-124.62292512
-124.82896160
-126.03207172
-127.66121810
-127.82944823
-127.95188462
-127.97120722
-127.98114078
-127.98100659
-128.01595505
-128.19881109
-128.29799170
-128.39918905
-128.47575952
-128.51339731
-128.76416659
-129.02971734
-129.39405699
-129.86478483
-131.23796133
-131.57996698
-131.69054498
-131.70778088
-131.84937569
-132.19751067
-132.25276636
-132.40760419
-132.54650904
-132.87384758
-133.26807124
-133.40656022
-135.10093040
-135.14181123
-135.37082755
-135.50887501
-135.56402443
-136.02916290
-136.20236452
-136.50882398
-136.60363798
-136.66372415
-137.08892724
-137.54519617
-137.77295103
-138.40978340
-138.68060233
-138.75119461
-138.88714994
-138.94837035
-139.01470330
-139.03783579
-139.29150440
-139.71773777
-139.87172095
-139.96684007
-139.99785512
-140.03898014
-141.24572068
-141.51011295
-141.64563458
-141.86662474
-141.93209638
-142.27129905
-142.31845448
-142.38030970
-142.56388098
-143.96579642
-144.31643203
-144.74714087
-145.57741126
-146.41407331
-147.03823674
-147.44980672
-147.61528225
-147.78410532
-147.87018757
-148.33059417
-148.68231252
-148.75957988
-148.82326878
-149.45960965
-150.13361397
-150.60540562
-150.79136357
-152.13366595
-152.46199179
-152.53921824
-153.56863255
-155.07417917
-155.23847230
-155.75345909
-155.89761074
-156.00203755
-157.33686230
-158.29301890
-158.42964088
-158.99934251
-159.77234900
-160.07325945
-160.42965917
-161.38368656
-161.80135250
-162.86149232
-164.35978631
-165.31640312
-166.27711050
-166.48932450
-166.83074048
-167.16940763
-168.13478316
-169.40624439
-170.35333059
-171.21295946
-172.07835088
-172.33030148
-172.73341982
-173.92817911
-174.88695258
-175.83482532
-176.61814385
-177.22753332
-178.09966103
-178.63286232
-178.80893635
-179.22876755
-180.17001602
-181.06076168
-181.54735268
-182.45253816
-182.72527707
-183.69740147
-184.60186193
-185.91675574
-186.07221301
-186.32840219
-186.70737266
-186.95661112
-187.89330627
-188.19270078
-188.35754323
-189.16566981
-190.09530827
-190.90732914
-191.23752824
-191.56140587
-192.47995041
-193.25647961
-194.13893869
-195.79243663
-197.00001031
-197.79598527
-198.68905566
-199.55915740
-200.10784305
-200.56720638
-201.75812745
-202.83796419
-203.04396051
-204.17114586
-205.02143550
-206.21767449
-206.46992832
-207.06676495
-207.47261829
-207.98291115
-208.50605511
-209.58019684
-210.86771262
-211.35810930
-212.63580756
-213.83724680
-214.89771501
-215.64332671
-216.39555550
-216.90950633
-218.49153354
-219.88617297
-221.05164800
-222.23037542
-223.83137810
-225.36292271
-226.11996315
-226.60676309
-228.09449270
-229.59205403
-231.13056416
-232.83667004
-233.24077614
-233.58111786
-234.04496042
-234.63754182
-235.38231070
-235.76614773
-237.42341715
-238.77122888
-239.86291495
-240.76593776
-241.67013151
-242.62008254
-243.40854577
-244.85931158
-245.24192288
-246.22662565
-247.28977218
-248.67945844
-250.13957185
-251.52587856
-252.82422653
-254.11855597
-255.25182083
-256.58940308
-257.91521048
-259.23383023
-260.51944447
-261.76479391
-263.05797826
-263.97565596
-265.29304612
-266.33663104
-267.40941669
-268.42654226
-269.42770488
-270.43628909
-271.50042193
-272.57784590
-273.92186129
-275.03207635
-276.13541001
-277.25917920
-278.39102453
-279.45063321
-280.55264991
-281.58347929
-282.54452400
-283.48496002
-284.37383008
-285.28281021
-286.16465735
-287.00650873
-288.02683502
-288.80593350
-289.78689457
-290.67784859
-291.53929987
-292.44122207
-293.49833049
-294.36456652
-295.43980460
-296.42784673
-297.28394319
-298.31143020
-299.39275412
-300.38446651
-301.70460050
-302.92125694
-303.98962697
-305.35625541
-306.36698685
-307.41728894
-308.50933662
-309.54109420
-311.09327582
-311.98108154
-312.86542313
-314.23670589
-315.45326309
-316.86493269
-318.21396139
-319.14216573
-320.13030352
-321.51668561
-322.69316229
-323.88211108
-324.80999678
-325.82881433
-326.74808193
-327.71362522
-328.62364657
-329.53896631
-330.43510468
-331.38431873
-332.38132375
-333.51850764
-334.44605818
-335.47603984
-336.62755392
-337.53276994
-338.43878354
-339.45867519
-340.33878161
-341.26157740
-342.17142676
-343.08750132
-343.90865907
-344.59441197
-345.39874271
-346.09645506
-346.79596548
-347.76918899
-348.76026694
-349.70882121
-350.63784239
-351.56313320
-352.52668953
-353.47155103
-354.15065060
-354.90779780
-355.87571114
-356.83433303
-357.78417557
-358.50023095
-359.69935186
-360.38251134
-361.08918824
-361.74524870
-363.13541745
-363.83176437
-364.54459362
-365.25427175
-366.04326375
-366.75193759
-367.42109412
-368.25548289
-369.26609832
-370.18914074
-370.97287646
-371.84119660
-372.40714486
-373.42826004
-374.67128992
-375.67033649
-376.82746930
-377.75242147
-378.70771099
-379.72305115
-380.57247806
-381.32486707
-382.30473600
-383.55809980
-384.23408629
-385.27453148
-386.28902844
-387.40252337
-387.98243068
-388.64691432
-389.63329336
-390.88745672
-391.84729235
-392.94494713
-394.40554876
-395.33590101
-396.04149544
-396.65464602
-397.47967694
-398.50645667
-399.53543998
-400.40324900
-401.24774365
-402.01850085
-403.00649505
-403.91553361
-405.06094236
-405.85858253
-407.02458079
-407.76894660
-408.84827620
-409.73612650
-410.67625841
-411.69600222
-412.42714889
-413.49259809
-414.24900657
-415.24551209
-416.24023391
-417.23051325
-418.29715967
-419.24661080
-420.20350362
-421.17220664
-422.16349198
-422.77462700
-423.34968690
-423.89363571
-424.42926594
-424.98737423
-425.54034894
-426.07905143
-426.60879804
-429.37107939
-429.98317563
-430.55461678
-431.07667351
-431.58471792
-432.11328469
-432.62997664
-433.15034227
-433.66321645
-434.16297717
-434.66389515
-435.19846967
-435.72387889
-436.25142412
-436.78368618
-437.32436011
-437.86858006
-438.39241796
-438.91889394
-439.42730567
-439.94661064
-440.45295083
-441.11200603
-441.75935724
-442.29819177
-442.79664048
-443.48453783
-444.14642382
-444.83814185
-447.10399297
-447.82514674
-448.58554259
-449.37866026
-450.16951507
-450.60423413
-451.21942348
-452.04775934
-452.72090397
-453.49523727
-454.32894146
-455.21834571
-455.76960625
-456.65200157
-457.61556712
-458.48590819
-459.41133555
-460.23539425
-460.94414417
-461.39247343
-462.27779722
-462.80842034
-463.72215324
-466.48793965
-467.26826439
-467.82387487
-468.36129199
-468.84165961
-469.53147337
-470.15463463
-471.16924254
-472.12443415
-472.94072794
-473.87898509
-474.81193950
-475.41129349
-476.04649231
-476.68736962
-477.22401786
-477.78573774
-478.27906528
-478.76953586
-481.19407926
-481.81919990
-482.44647651
-482.88507324
-483.39549258
-484.23913610
-484.92230048
-485.56349564
-486.39900921
-487.07520498
-487.71335384
-488.38025124
-489.03819499
-489.54765402
-493.05734347
-493.48651251
-493.92354153
-494.42255444
-494.85599593
-496.89009199
-497.32013362
-497.74752700
-498.16229308
-498.58410807
-499.00458228
-499.43087860
-499.84369268
-500.29502147
-500.75793471
-501.20529104
-501.65636952
-502.09534738
-502.54826781
-502.98348426
-505.03209376
-505.59034854
-506.14510091
-506.57521864
-507.05244325
-507.52827011
-507.98180026
-508.45145560
-508.91642343
-509.42623553
-509.97772950
-510.44752218
-511.02323507
-511.49964191
-512.06787550
-512.52809199
-513.10334108
-516.25495279
-516.82869028
-517.38821159
-517.91664461
-518.41016824
-518.89910201
-519.45618985
-519.97017027
-520.51323265
-522.83630983
-523.33737870
-525.52380655
-526.08700981
-528.79824705
-529.36028726
-529.85661597
-530.36702815
-530.83558859
-531.35666350
-531.83702472
-535.30713886
-537.83467023
-538.40816818
-538.89695464
-539.38936815
-539.91348902
-540.41447837
-540.96693980
-541.49137690
-542.04238157
-542.64835625
-543.16709577
-543.86727586
-544.38160277
-544.91252715
-545.47084438
-548.46974526
-549.01157155
-549.49528551
-549.97942325
-550.53926241
-551.06664513
-551.60083717
-554.56487999
-555.09745957
-555.65070415
-556.41358702
-556.96380509
-557.45744481
-557.90789240
-558.34910158
-558.78182299
-559.23374088
-564.11673613
-564.56096021
-564.96692402
-565.44503408
-568.37777193
-568.92640702
-569.43186535
-569.96412707
-570.62821787
-573.27880008
-573.81421559
-574.27348983
-574.69163940
-575.08978891
-575.46727027
-575.86312008
-576.26056799
-576.65394659
-577.03178201
-577.43333497
-577.83229559
-578.22082445
-578.65962935
-579.09545349
-579.47499165
-579.95847849
-587.49093435
-587.85897268
-588.29901373
-588.73920666
-589.18915332
-589.65728499
-590.11676968
-590.51758132
-590.93227668
-591.37472510
-591.83392650
-592.20032994
-592.60677304
-593.06977088
-593.53996365
-594.00077806
-594.38505936
-594.86216909
-595.33593763
-595.80703212
-596.28121870
-596.70090247
-597.16027580
-597.58169192
-598.05873549
-598.53543166
-599.01486890
-602.78937327
-603.27272279
-603.74953496
-604.20928208
-604.66495454
-605.13700601
-605.59596296
-606.05322206
-606.50880225
-609.50366283
-609.80319531
-610.26429389
-610.71678371
-611.20857221
-617.22808327
-617.67440591
-618.12794314
-618.56543700
-619.05413531
-619.48521168
-619.97046081
-620.38937940
-620.86066768
-621.29163378
-624.44910598
-627.59842697
-628.03957749
-628.40511830
-628.85063859
-629.14827467
-629.52387518
-629.96078852
-630.41686901
-630.89824115
-635.39030914
-635.75093723
-636.08986728
-636.42636665
-636.76650558
-637.12378730
-640.48105316
-640.75487739
-641.02877314
-641.35152114
-641.62328129
-644.40332604
-648.66880388
-648.95141955
-649.23569939
-649.49979669
-649.76350064
-650.02713116
-650.33974463
-650.68076101
-651.04240361
-651.41484081
-651.70789201
-652.00432163
-652.39874555
-657.62181148
-657.92089945
-658.27801906
-658.57712005
-658.92902844
-659.35482354
-659.73260259
-660.11113789
-660.39713047
-660.68881181
-665.05013976
-665.39387834
-665.71446985
-666.13588989
-666.48375234
-666.80158877
-667.10353279
-667.44883892
-667.80788328
-668.20087093
-668.53666736
-668.86865436
-669.28035578
-669.68098798
-670.00289795
-670.34407465
-676.92187279
-677.19591957
-677.48107318
-677.79670504
-678.13185568
-678.54017163
-678.95207581
-679.28822860
-679.63462554
-680.04351819
-680.42109085
-680.79856418
-681.18475088
-681.57901035
-681.90128822
-682.30196912
-682.64043748
-682.97902152
-683.30795923
-683.63047094
-683.95058959
-684.27190732
-684.59805318
-684.91950459
-685.24818693
-685.56679753
-685.88986179
-686.21252851
-686.54294483
-686.86505592
-687.16479597
-687.42188535
-687.70004404
-688.01590997
-688.30290463
-691.17582959
-691.43256113
-691.68836846
-691.99866662
-692.30949673
-692.62025426
-692.93193284
-693.24406561
-693.51210142
-693.80176976
-694.08915745
-694.37774119
-694.67840982
-694.98158288
-695.28164632
-697.58637442
-697.85833519
-698.12923680
-701.13317159
-701.39535478
-701.67388376
-701.94615700
-702.20416388
-702.55772763
-704.86171176
-705.15203854
-705.44556513
-705.70216639
-706.02079815
-706.35087711
-706.67007107
-706.99654906
-707.33262515
-710.22446727
-710.46462401
-710.79150092
-711.08665375
-713.40548792
-713.69583381
-713.98833952
-714.34279042
-716.65616631
-719.04291589
-719.34420647
-719.63565753
-719.99436116
-720.41497210
-720.91965802
-728.37690357
-729.48923824
-729.87041958
-730.13836268
-732.22307843
-734.43707561
-734.81632647
-735.31843953
-735.59143939
-735.91674864
-736.33905564
-736.91471546
-737.18625652
-737.50888291
-737.91281929
-743.84237207
-748.41488923
-748.70371341
-748.99754961
-749.64969580
-749.91685090
-750.20674470
-750.80228877
-751.69838487
-752.38838282
-752.71656688
-753.33946238
-753.97271302
-754.29482811
-754.91562290
-755.16253316
-755.54620769
-756.19610322
-756.77916642
-757.04118102
-757.30157711
-757.55240260
-757.87152767
-758.10799296
-758.34524098
-758.57149527
-758.91585991
-759.26468745
-759.47359399
-759.78532344
-760.00994734
-762.56464704
-762.79367004
-763.04230214
-763.46274141
-763.76849677
-764.10685160
-764.36103155
-764.60439043
-765.01484561
-765.47658214
-765.86797984
-766.14156900
-766.35494087
-766.72303667
-771.57406093
-772.04391615
-772.51863835
-772.98336661
-773.31299841
-773.92313686
-774.32405782
-774.79418155
-775.23033428
-775.84179839
-776.09892601
-776.35476341
-776.62385410
-780.10614821
-780.32435032
-780.95383277
-784.45590786
-784.72905478
-785.38385923
-785.74088270
-786.19069748
-786.85354264
-787.33975315
-787.81066192
-788.08560041
-788.46387803
-788.74186528
-789.39124079
-790.03604705
-790.72399717
-791.17894136
-791.63604288
-792.35257986
-792.67360888
-793.23184004
-793.77789679
-794.47737014
-795.11031592
-799.11426830
-803.28569718
-803.84578523
-804.42789195
-804.99532209
-805.43138101
-805.85919407
-806.40007060
-810.30149535
-815.18846353
-815.78795050
-816.43645228
-817.04799902
-817.67484495
-818.02931645
-818.66351195
-819.24488860
-819.78571851
-820.11273942
-820.77963304
-821.33405597
-821.96281666
-822.63174159
-823.26834133
-823.98105038
-824.75783528
-829.66529003
-830.34489114
-831.01511794
-831.69378704
-832.35616877
-833.01093270
-833.30481837
-833.62485988
-833.95517467
-834.28693956
-834.58444494
-834.93551254
-835.26434541
-835.53995508
-840.18588695
-840.56123072
-840.92558667
-841.24795728
-841.63224748
-841.95081774
-842.32045301
-842.68505977
-842.93663987
-843.22245987
-843.56943779
-843.86396797
-844.52522512
-844.86245059
-845.13515403
-845.81267532
-846.47125861
-846.80886707
-854.75802915
-860.62297813
-866.56697647
-866.87163530
-867.25985785
-867.69183106
-868.03965416
-868.50242256
-868.96390139
-869.40586663
-869.88658646
-874.60526730
-880.36037471
-880.62815749
-880.96477524
-881.24804208
-881.67904607
-882.05323340
-882.53597630
-883.03742586
-883.42722591
-883.90247637
-884.37672009
-884.87399601
-885.33049893
-885.83981169
-886.33857199
-886.82068946
-887.25149076
-891.92800564
-896.40329087
-896.74268076
-897.18408711
-897.57296743
-902.08707424
-902.40783818
-902.89332837
-903.24051244
-903.64170863
-904.07047981
-904.48104406
-904.72049251
-905.20605496
-905.66874628
-906.16465201
-906.67349417
-906.93525136
-907.18343461
-907.71876251
-908.07175655
-908.62757417
-909.16401815
-909.68384616
-909.93994211
-910.24287656
-916.21107910
-916.72958680
-917.27241042
-925.23867795
-925.71143643
-926.23392455
-926.78274567
-930.81458103
-931.07425691
-931.26540053
-931.47994397
-931.69745178
-931.89396182
-932.10418701
-932.35642579
-937.24100228
-937.44018114
-937.63497110
-937.82903453
-938.02150662
-938.21037357
-938.38249176
-938.55759746
-938.71803821
-938.87299745
-939.02527109
-939.18387266
-939.33042698
-939.48117264
-939.62254438
-939.75876849
-939.89190630
-940.02498487
-940.15584879
-940.27364229
-940.41354227
-940.56841155
-940.68902878
-940.81360573
-944.19066291
-944.32278965
-944.45289461
-944.57849174
-944.70753783
-944.85030912
-944.99149954
-945.14116560
-945.28431070
-945.43882156
-945.59740713
-945.76958599
-945.94100580
-946.10358732
-946.26479199
-946.41273174
-946.59096935
-946.76666310
-946.94329375
-947.11971652
-947.30367015
-947.54958873
-947.79501071
-948.05559767
-948.30895166
-948.51248308
-948.74737182
-948.93720941
-949.26691125
-949.47868240
-949.81966319
-950.17049164
-953.46063142
-953.77319420
-954.01201677
-954.30716407
-954.62735782
-954.86341475
-955.22250387
-955.46115499
-955.82629072
-956.15562670
-956.40830634
-956.65923151
-956.91844041
-957.15785937
-957.37698696
-957.61087825
-957.86576905
-958.16938227
-958.59031845
-958.79450528
-959.01877743
-959.27456135
-959.69779629
-960.11580613
-960.37128210
-960.72168598
-961.13689923
-961.36369405
-961.78502255
-962.06892835
-962.36274140
-966.55242080
-967.03773327
-967.43899720
-967.72339123
-971.45220824
-971.78602771
-972.04650884
-972.49393978
-972.82751324
-973.06404860
-973.28448541
-976.07043228
-980.71393735
-981.29520056
-981.58097786
-981.77856279
-982.11153890
-982.36777878
-982.65064245
-983.05344474
-983.28181137
-983.53033214
-984.19780854
-987.88131294
-988.14518987
-988.41685986
-988.85758265
-989.10166103
-991.70710865
-991.98230264
-992.25099108
-992.52315483
-992.97880704
-995.48605354
-995.77464226
-995.97448287
-996.28377127
-1000.30799184
-1000.59308600
-1000.86773192
-1001.13652373
-1001.40923655
-1001.58051249
-1001.71571052
-1001.85398341
-1001.99421967
-1002.12699130
-1002.26196812
-1002.36966833
-1002.50733426
-1002.63320719
-1002.75884887
-1002.88942610
-1003.00920449
-1010.42434075
-1010.54466260
-1010.66951207
-1010.81306152
-1010.92827412
-1011.04658125
-1011.17383195
-1011.32877364
-1022.45288447
-1032.51301653
-1032.66090140
-1032.80145798
-1032.86605213
-1033.11433176
-1033.27541197
-1033.40245799
-1033.56236055
-1033.67186560
-1033.81289626
-1036.87578087
-1037.03295858
-1042.81383719
-1042.91583254
-1043.01410282
-1043.28970120
-1043.44887263
-1043.63226381
-1043.76317333
-1043.97445167
-1044.20945522
-1044.36244665
-1044.51748755
-1044.67741565
-1044.81119712
-1044.96958578
-1045.14951415
-1045.25573105
-1045.37219036
-1048.12689211
-1048.30630229
-1051.55791554
-1051.64178934
-1051.73345995
-1051.79333013
-1052.19697458
-1059.91852750
-1059.97006487
-1067.85353082
-1068.18776965
-1068.50647599
-1068.58120065
-1068.72062506
-1068.86346803
-1072.66254062
-1072.74314856
-1072.83366915
-1072.91219971
-1073.00578355
-1073.12202418
-1073.22591806
-1073.32546344
-1077.47294183
-1077.57505200
-1077.64832081
-1077.72502549
-1077.80593852
-1077.88273994
-1077.91918209
-1077.99076149
-1078.08014651
-1078.17165947
-1078.25467522
-1078.32353820
-1078.40415614
-1078.48473704
-1081.79523696
-1084.80833459
-1096.12039477
-1096.17469717
-1096.24557076
-1096.31460998
-1096.33646930
-1096.40862283
-1096.49913587
-1096.56296783
-1096.62793477
-1108.20891759
-1108.27087570
-1108.30275425
-1108.33569917
-1108.35821422
-1108.47790286
-1108.52949428
-1108.59693539
-1108.74022768
-1109.51372863
-1109.56667226
-1109.61618135
-1109.84920897
-1114.42577697
-1114.48275230
-1114.69664227
-1114.76495618
-1114.92586890
-1115.06475842
-1115.29346491
-1115.51734299
-1115.65085546
-1115.87806648
-1116.15596957
-1116.35054233
-1116.76897533
-1116.88185953
-1117.16842788
-1117.45712657
-1117.66248568
-1118.01250789
-1118.28707837
-1118.58799637
-1118.72939817
-1126.55131910
-1131.94670949
-1132.29915721
-1132.76867228
-1132.98566454
-1133.20815102
-1133.27394579
-1133.33683370
-1133.33276124
-1133.36229154
-1133.47605593
-1133.48125028
-1133.61833716
-1134.02979019
-1134.41453983
-1134.44273281
-1134.45609857
-1134.50373751
-1134.47408348
-1134.48513559
-1134.51756600
-1134.67469440
-1134.75841397
-1134.97541200
-1135.01275820
-1135.18182382
-1135.35177989
-1135.53594705
-1135.58598387
-1135.72469342
-1135.87614641
-1136.15898797
-1136.31303785
-1136.46835115
-1136.54532248
-1141.57011633
-1141.77523538
-1142.01518959
-1142.10187844
-1142.23127074
-1142.44311260
-1142.55814149
-1148.78433638
-1148.90761489
-1149.07303604
-1149.15451910
-1155.10500581
-1155.22389908
-1160.45485926
-1160.69079828
-1160.88194707
-1161.07233720
-1165.83605790
-1173.77499294
-1174.08621848
-1185.95938875
-1186.29877549
-1186.46952955
-1186.70012250
-1186.76760238
-1186.81705107
-1186.87747610
-1187.21250393
-1187.30936702
-1187.57048960
-1187.64721741
-1194.27279175
-1194.44840779
-1199.60573479
-1204.94703797
-1205.11625977
-1210.06510992
-1216.24180500
-1216.31534916
-1216.64876611
-1217.06415915
-1217.27750410
-1217.51925673
-1217.70773496
-1217.98791329
-1218.00756335
-1218.02660647
-1218.04131587
-1218.09130586
-1218.11816547
-1218.14590604
-1218.18072163
-1218.22977600
-1218.26681588
-1218.29206643
-1218.32437866
-1218.51885887
-1218.64602897
-1218.85815716
-1218.89080146
-1224.18105026
-1224.21662809
-1224.23895582
-1224.27880882
-1224.30520993
-1229.20956092
-1229.23427764
-1229.27009832
-1229.29849834
-1229.33069773
-1229.37031571
-1235.28163980
-1235.34775651
-1235.39546286
-1235.43346981
-1235.48121796
-1235.51762037
-1235.55309480
-1235.60067348
-1235.65656274
-1235.71172863
-1235.76417612
-1235.83545238
-1235.91410016
-1236.02817160
-1236.13029005
-1236.20823746
-1236.27658486
-1236.34448001
-1236.41494803
-1236.49030691
-1236.58540211
-1236.67715989
-1236.76008500
-1236.84595476
-1236.96194776
-1237.11044947
-1237.31746774
-1237.53481149
-1245.31934740
-1245.48867084
-1245.67901974
-1245.82984003
-1246.04524872
-1246.25334148
-1246.50008785
-1246.69931025
-1246.98939311
-1255.50626179
-1255.73412832
-1264.63609067
-1264.80242006
-1264.98485192
-1271.65786698
-1271.81627770
-1279.59415076
-1279.82739625
-1280.01816671
-1280.18380801
-1280.56805307
-1280.86373005
-1281.08891797
-1281.48071206
-1281.78358404
-1282.12622519
-1282.32668588
-1282.67078753
-1282.87728869
-1283.23003446
-1283.34835010
-1292.93892601
-1293.33609651
-1293.47770016
-1293.64593581
-1293.83602508
-1294.03409651
-1300.37384657
-1300.53757669
-1307.85608384
-1308.16751844
-1308.48167953
-1308.95612821
-1309.29757640
-1309.60266909
-1309.73421266
-1310.25042004
-1310.93965566
-1318.40748968
-1318.84626719
-1326.80487757
-1327.34731525
-1327.41490230
-1327.99850801
-1328.76502425
-1328.77271997
-1335.54555015
-1335.55276555
-1336.00938937
-1336.78019110
-1337.18652673
-1337.37241474
-1337.67681860
-1345.07723051
-1345.88233432
-1346.71501093
-1346.95829894
-1347.40882718
-1347.60441468
-1348.02107762
-1349.32301407
-1350.72657033
-1350.92151140
-1351.10591623
-1351.54609109
-1351.61290677
-1351.65641084
-1363.43185458
-1376.32162829
-1376.33903517
-1376.48338865
-1376.65939616
-1376.67876509
-1377.61006162
-1378.63360674
-1378.65367815
-1378.71035615
-1378.72985352
-1378.90891121
-1379.01095963
-1379.20145803
-1379.31794285
-1379.37017101
-1379.69973699
-1379.95884150
-1396.22716281
-1396.32076675
-1396.47429296
-1396.78460294
-1397.15744152
-1397.51070143
-1407.55387142
-1407.86309411
-1408.16491410
-1408.46390441
-1408.93521911
-1409.44508387
-1426.53010743
-1427.07998847
-1427.66843532
-1428.08484659
-1437.67129334
-1438.29458262
-1438.90285610
-1448.08680058
-1448.47647165
-1449.02192692
-1449.01542445
-1449.27899800
-1457.58484262
-1458.12882759
-1458.88137501
-1459.35756541
-1459.97307205
-1460.60782455
-1461.06335171
-1461.60506239
-1461.59015086
-1462.14774713
-1462.82901818
-1463.44456413
-1464.07952845
-1464.63888969
-1464.64613163
-1465.51871067
-1466.39441920
-1466.95266168
-1467.93619475
-1468.75087263
-1491.28280521
-1492.05063165
-1492.74625425
-1493.41675199
-1504.73170787
-1505.28324099
-1506.23481158
-1507.04849918
-1507.78566301
-1508.39270312
-1509.19123255
-1509.63883974
-1510.42893488
-1511.13594760
-1512.07326857
-1512.94002412
-1512.84769379
-1512.74690721
-1512.64471693
-1512.54375573
-1512.45157741
-1512.35201740
-1512.25864952
-1512.17636220
-1512.20664906
-1512.22649400
-1512.21850029
-1512.26666379
-1512.31190399
-1512.40037402
-1512.46947138
-1512.54112610
-1512.60681855
-1512.77336681
-1512.92952001
-1512.98327528
-1513.04766646
-1513.25544883
-1513.62257878
-1513.72083108
-1513.72780675
-1513.65585670
-1513.73072076
-1513.85235489
-1513.77578121
-1513.71878828
-1513.62403259
-1513.52046485
-1513.46287241
-1513.60488800
-1513.98762315
-1514.61993242
-1526.25205842
-1538.03469343
-1537.99243797
-1538.16809448
-1538.15687042
-1538.63933588
-1552.24201373
-1552.65959650
-1553.07926971
-1553.75707939
-1554.38275494
-1555.14672645
-1556.04836894
-1556.31304097
-1557.04080597
-1566.38122811
-1566.70651742
-1567.60581889
-1568.28742067
-1568.47211350
-1569.36500752
-1570.36286895
-1571.22460184
-1571.28288779
-1571.37004102
-1571.87364727
-1572.80994412
-1573.31050324
-1574.30655312
-1575.34469473
-1576.13674033
-1576.38687309
-1576.88771884
-1576.84017089
-1576.88538436
-1576.99556008
-1576.98481284
-1583.04987782
-1583.10345501
-1583.18139129
-1583.25862444
-1583.33116584
-1583.40892764
-1583.49976736
-1583.56547557
-1583.64747014
-1583.74629666
-1583.84503269
-1583.74224768
-1583.66375844
-1583.57835308
-1583.48135859
-1583.45983721
-1583.35412970
-1583.25295193
-1583.15218328
-1583.05563506
-1582.95484281
-1592.39782111
-1592.29997126
-1592.19551156
-1592.09453913
-1592.00455844
-1591.90943993
-1591.80713426
-1591.70588395
-1591.60661275
-1591.50489422
-1591.40370433
-1591.30369385
-1591.20306291
-1591.10547047
-1591.00556210
-1590.90762992
-1590.81251588
-1590.71679402
-1590.62293122
-1590.52740980
-1590.43011651
-1590.33415915
-1590.24249498
-1590.14812564
-1590.05628447
-1589.96755019
-1597.23722050
-1597.15754967
-1597.08671422
-1597.02070641
-1596.93547108
-1597.06559079
-1597.16079877
-1597.28152462
-1597.54804552
-1597.68567474
-1597.84859902
-1597.97654686
-1598.13777223
-1598.27478365
-1598.41230023
-1598.58823001
-1598.65073585
-1598.89322989
-1611.96709626
-1612.13656253
-1612.31437088
-1612.40221794
-1612.37721654
-1623.49426905
-1623.61626894
-1623.74274555
-1623.87380199
-1623.98735944
-1624.11003324
-1639.28404485
-1639.41635672
-1639.54780513
-1639.67880004
-1639.80792499
-1639.93875575
-1640.05551270
-1640.18122404
-1640.32514686
-1640.48569000
-1640.63342925
-1640.78388797
-1640.93282607
-1641.09978088
-1641.34722044
-1641.69405575
-1641.94639369
-1642.09040151
-1642.04260447
-1641.97936159
-1641.87086924
-1641.76946523
-1641.65678251
-1641.96921002
-1641.87971592
-1642.14533942
-1642.67516317
-1642.81148207
-1643.08224693
-1643.02987459
-1643.34776133
-1643.31651068
-1643.63882941
-1650.40540469
-1656.53508159
-1662.87936970
-1663.19572879
-1663.16537633
-1663.49499176
-1663.47520528
-1663.75800172
-1679.51670372
-1679.49823086
-1679.47647478
-1679.81711919
-1679.70894326
-1680.11825977
-1680.11866246
-1680.39353503
-1680.43686147
-1680.44657526
-1680.49372641
-1680.77030187
-1680.79056354
-1680.90900490
-1680.92886942
-1680.97004176
-1681.09083491
-1681.16645943
-1681.48819177
-1681.53039278
-1681.58595671
-1681.62125073
-1690.33566718
-1690.47289142
-1698.62855346
-1698.70383828
-1698.92851705
-1698.98954024
-1699.16822897
-1699.39015554
-1699.65909602
-1699.85821907
-1699.93750178
-1699.93937630
-1700.16644982
-1700.30257008
-1700.42813241
-1700.56791196
-1700.71864319
-1719.13754947
-1719.05212229
-1718.99952910
-1718.93536719
-1718.87817395
-1718.80039143
-1718.74672065
-1718.71623995
-1718.75451451
-1726.90013735
-1726.84899793
-1726.78180293
-1726.84885279
-1726.86984890
-1726.90985141
-1727.01628149
-1727.14433805
-1727.29493170
-1727.40409233
-1727.51466067
-1727.69158957
-1727.92663305
-1728.11309652
-1728.41532601
-1729.01437223
-1729.22790619
-1729.40220639
-1729.55633077
-1729.57226074
-1729.65334981
-1737.62875033
-1737.58596067
-1737.54585970
-1737.50966982
-1737.67496008
-1737.96247901
-1738.29797614
-1738.58655479
-1738.90512478
-1739.19587464
-1739.29233458
-1739.61123707
-1739.65587694
-1740.04811619
-1740.44657787
-1740.78453862
-1740.70517114
-1741.13759676
-1747.52375147
-1747.56259483
-1748.03745879
-1748.04064016
-1748.07017015
-1754.34451383
-1754.80054313
-1755.04401475
-1755.05783371
-1755.11123802
-1755.48108686
-1755.63244601
-1756.07565577
-1756.02434440
-1756.23713421
-1756.29971610
-1756.30201479
-1756.79481975
-1756.75226033
-1756.81119453
-1756.89963468
-1757.08643343
-1757.55794668
-1758.04426839
-1758.19375274
-1758.63414644
-1765.48741206
-1773.54865856
-1773.94031978
-1774.13991257
-1774.20188836
-1774.18749087
-1774.23398217
-1774.30574789
-1774.33193912
-1779.41914856
-1779.40591453
-1779.84457803
-1781.93021517
-1782.90152126
-1782.90987219
-1783.24582899
-1783.33159234
-1783.38499668
-1784.30779616
-1784.33918266
-1785.29086353
-1785.72717747
-1785.97881131
-1793.93582245
-1795.00222924
-1795.03035905
-1795.70543051
-1795.74558231
-1803.90710972
-1804.08323810
-1804.25198773
-1812.50367377
-1812.70065977
-1813.13557915
-1813.92341594
-1814.02418764
-1814.16959032
-1814.70745230
-1814.71430624
-1823.34813531
-1823.41837692
-1823.65823477
-1823.69204990
-1823.73490745
-1824.19293265
-1824.49022610
-1825.17047532
-1825.32993304
-1834.45350998
-1834.79222923
-1834.85579840
-1835.48018593
-1835.98843985
-1836.27853966
-1836.53404147
-1846.14558916
-1846.39189546
-1846.56421269
-1846.86524597
-1847.08069072
-1847.32141588
-1847.65327565
-1847.96168174
-1848.08369707
-1847.91075834
-1848.14900645
-1848.50129903
-1856.72047799
-1857.23146323
-1857.71071251
-1857.93971109
-1858.39279473
-1858.64227766
-1859.11630510
-1858.92081372
-1859.20462769
-1859.71846541
-1860.07461840
-1860.30759083
-1860.27045515
-1859.61974635
-1867.62184116
-1878.48460888
-1878.07849346
-1878.64553330
-1878.70013744
-1879.06465934
-1879.79088951
-1879.74439988
-1879.90163968
-1880.77066493
-1880.57822880
-1881.17167946
-1881.88018357
-1882.48162968
-1883.30463516
-1884.19054899
-1885.92444927
-1885.60665396
-1892.55566714
-1892.74180624
-1893.96885134
-1896.11810825
-1895.82383531
-1896.83441831
-1896.64222228
-1897.48583741
-1899.09913572
-1900.19537477
-1900.74088347
-1902.55850466
-1904.68885631
-1904.79082661
-1907.21768998
-1909.68505161
-1911.34310934
-1910.84654574
-1910.69766817
-1911.64635511
-1925.32264198
-1924.76401988
-1924.95052797
-1926.46260301
-1927.15889702
-1928.53319824
-1930.11353383
-1930.55868932
-1932.03014633
-1932.70353797
-1941.31487625
-1943.18444892
-1944.48545697
-1946.40588190
-1946.69511629
-1947.40821993
-1949.12685563
-1949.90678601
-1950.68284884
-1952.01504172
-1995.40106337
-1996.28472635
-1996.66805469
-2001.55986202
-2010.35758427
-2012.46694266
-2012.71180934
-2017.47126412
-2017.00136080
-2016.38788239
-2033.18650450
-2034.14422136
-2036.00397221
-2036.34908467
-2036.15791195
-2037.95085903
-2043.61924863
-2048.93024070
-2060.69021730
-2060.68946951
-2190.05139531
-2191.95082567
-2193.82220051
-2195.85822374
-2329.62861515
-2333.16104052
-2337.91380060
-2469.80349966
-2474.12662500
-2474.37438502
-2507.32271704
-2507.89979305
-2510.66969509
-2586.83158242
-2615.47056363
-2619.94118266
-2630.09268056
-2634.34907760
-2642.16383494
-2647.63930503
-2663.93751389
-2669.95717678
-2669.89040554
-2671.18356708
-2671.46507499
-2673.08099821
-2685.85120064
-2686.79809388
-2687.09803877
-2775.93300286
-2783.80425361
-2922.33809049
-2929.62604398
-3058.66953348
-3075.42552410
-3077.37418895
-3078.96353429
-3168.62623504
-3172.84930690
-3238.38863074
-3257.84187953
-3292.20030073
-3318.30593132
-3341.17219543
-3349.18478299
-3358.22593367
-3361.13115794
-3374.72491671
-3419.62893406
-3428.37528766
-3437.94074915
-3440.57736037
-3441.09373027
-3441.49612741
-3441.99442166
-3446.95701095
-3447.26324596
-3447.74600895
-3528.93843890
-3566.65976295
-3606.68834651
-3618.29809552
-3653.02185504
-3712.93558396
-3712.13544800
-3712.24912211
-3816.89977859
-3816.70364963
-3817.51789956
-3817.62199642
-3817.28169097
-3816.47153367
-3816.85399313
-3816.18650808
-3860.10359084
-3862.54500205
-3862.19129396
-3865.50925952
-3865.22144268
-3864.95327773
-3864.07028178
-3864.44993516
-3865.18317550
-3873.64663389
-3876.39069089
-3881.29750175
-3883.45518545
-3883.95641539
-3886.61801157
-3905.92314232
-3914.40789146
-3916.67314622
-3922.51439351
-3926.89331354
-3932.74102492
-3938.60357664
-3937.76248360
-3937.33850374
-3949.97259234
-3956.72517442
-3961.15834283
-3969.46880244
-3969.21639314
-3970.23030281
-3992.56198438
-3992.13980869
-3995.00390476
-3997.43127318
-3997.61956243
-4010.55282251
-4031.92392609
-4054.40624127
-4075.39126075
-4090.54622431
-4090.51167679
-4133.67726220
-4168.12129495
-4169.87066150
-4189.37776484
-4190.93548590
-4191.45534774
-4196.95633145
-4231.67956229
-4262.95083700
-4271.45842726
-4326.42011373
-4358.61916447
-4386.20975888
-4395.60709500
-4431.95259639
-4438.09123210
-4438.73521343
-4447.96020972
-4453.52464521
-4498.19462431
-4536.86202569
-4575.14093622
-4608.20967692
-4609.20632015
-4681.54892849
-4688.30158915
-4747.83143110
-4748.76916623
-4817.16471980
-4826.88848045
-4838.40055682
-4850.72239723
-4861.61449418
-4876.74520639
-4888.66188670
-4909.16497978
-4973.79757201
-4982.40886098
-4999.33300155
-5043.64378742
-5051.66960517
-5054.66694159
-5060.00250192
-5088.42366035
-5095.30331715
-5101.39410529
-5112.13242208
-5122.94801179
-5137.77481603
-5156.36420049
-5171.39296930
-5195.53909705
-5197.80352507
-5216.57487410
-5329.11554929
-5380.62853338
-5389.04565811
-5405.28602608
-5413.39634580
-5416.36920924
-5419.66614168
-5426.81798659
-5431.27441922
-5433.02619869
-5436.38422666
-5448.87755904
-5454.07220461
-5455.73134684
-5470.56516238
-5471.75575585
-5482.93751677
-5487.98879424
-5489.99967149
-5498.70206431
-5512.25528345
-5516.78495775
-5534.33897822
-5538.30700270
-5557.35702150
-5568.89202000
-5574.71139202
-5595.15029425
-5605.76175242
-5626.14560590
-5629.72803628
-5640.88766118
-5662.55075785
-5674.60876793
-5694.11620364
-5702.82355110
-5708.93640955
-5714.47848381
-5734.71403520
-5755.35653917
-5774.96721069
-5781.16287957
-5793.40454943
-5803.25641411
-5816.79482428
-5826.02729063
-5835.58912367
-5843.25756769
-5866.70706417
-5872.22847717
-5890.20535594
-5908.18655633
-5936.49027848
-5961.14839685
-5969.09660229
-5973.94152043
-5992.63067464
-6007.57542267
-6024.62491009
-6034.99531808
-6045.16733109
-6064.60648987
-6076.80813671
-6083.62496170
-6101.05120956
-6109.12566758
-6119.32662287
-6136.46012448
-6145.52293207
-6157.27149195
-6171.57475692
-6191.34785143
-6201.03055983
-6220.30877878
-6232.42620388
-6241.97835811
-6263.67715148
-6282.67816890
-6299.43370941
-6304.66231080
-6314.88325111
-6322.30643661
-6328.46963699
-6345.71654957
-6355.29122510
-6364.75209414
-6373.03652147
-6381.20066696
-6396.91609595
-6415.12961704
-6433.13853669
-6446.75729372
-6453.55161354
-6460.89626385
-6473.66476840
-6488.62934022
-6497.66374237
-6502.86401371
-6520.68578323
-6539.70898857
-6557.98791331
-6573.45765991
-6580.84965894
-6594.08746490
-6604.96023201
-6616.96970476
-6624.12846043
-6631.35944937
-6655.77466549
-6664.89105283
-6671.08266383
-6677.09491899
-6697.62451079
-6717.34226119
-6732.33979828
-6744.45948923
-6754.22632742
-6773.34138551
-6787.64087159
-6804.33880140
-6810.23415010
-6831.21682746
-6849.53226457
-6856.41572819
-6871.72524221
-6886.75743725
-6898.06588049
-6908.85371103
-6925.64878558
-6934.99401955
-6947.91464540
-6965.02700866
-6977.45432331
-6984.75468507
-6997.39388052
-7012.17409766
-7028.97166054
-7046.23636844
-7056.41738120
-7070.77677937
-7084.25604366
-7095.65839448
-7100.92461154
-7118.65994210
-7133.33521804
-7147.86303660
-7163.66355881
-7178.84435581
-7196.28477304
-7210.15421089
-7222.45751315
-7239.73289054
-7252.95710032
-7268.45811396
-7284.22547198
-7298.11467743
-7312.93581156
-7328.76509888
-7344.16093236
-7358.64760885
-7371.30136962
-7385.69220893
-7401.41454388
-7407.47034545
-7424.83254608
-7441.37085264
-7458.32403097
-7472.61206860
-7479.39561379
-7487.26707005
-7497.32463064
-7508.55586359
-7513.79897930
-7520.82681617
-7541.50316729
-7548.29501599
-7554.05685668
-7566.85970534
-7575.32379159
-7580.54223677
-7587.76386549
-7597.28071114
-7602.51472316
-7610.75954573
-7618.33946814
-7648.48904453
-7659.62177357
-7703.01435367
-7713.39480008
-7721.34781265
-7765.31623754
-7773.66542157
-7779.68606312
-7790.69541586
-7801.01644571
-7805.69205364
-7813.36147129
-7820.86732793
-7830.65836776
-7835.53446224
-7857.33381775
-7866.16432713
-7874.15718839
-7879.43202295
-7892.47745895
-7900.49448294
-7908.06026601
-7941.80615614
-7950.26374686
-7957.96344636
-7965.06798216
-7974.51975811
-7981.37388070
-7988.23682851
-7995.85135789
-8005.08140733
-8009.90127286
-8020.50743547
-8029.34114721
-8040.78197563
-8053.57027746
-8062.75956355
-8072.15602122
-8081.74180681
-8090.77209720
-8098.29113252
-8102.85297592
-8118.05602035
-8132.19678820
-8139.55192212
-8152.99047608
-8160.95909413
-8169.12443289
-8177.27342019
-8185.43635382
-8192.63857884
-8199.60862935
-8208.74809035
-8219.06694319
-8226.36611427
-8234.42153069
-8242.86603392
-8250.49434534
-8258.11184305
-8265.49521671
-8273.90208502
-8278.82171503
-8286.22591583
-8294.75706184
-8303.15330414
-8309.77656641
-8316.79832926
-8325.53027984
-8332.26683327
-8340.15689869
-8346.95839375
-8356.02483781
-8363.69329712
-8371.90963183
-8380.78483756
-8388.06488834
-8393.89755444
-8398.39670757
-8404.13084644
-8409.83321634
-8415.47629247
-8421.15157401
-8425.54758538
-8431.57630432
-8437.39900693
-8443.16757916
-8448.74670354
-8454.18707630
-8459.52691119
-8463.66480162
-8470.24539763
-8474.09566650
-8481.26953208
-8488.41108488
-8495.09784575
-8500.79901072
-8505.91731063
-8511.01532777
-8516.11980846
-8521.22397337
-8525.65023833
-8530.69433334
-8535.84490356
-8541.02960315
-8546.23348073
-8551.48623174
-8556.69680942
-8561.87066130
-8567.01848515
-8572.09595222
-8577.13811646
-8582.07284876
-8586.98932839
-8591.90812215
-8596.89508719
-8601.86916136
-8606.85055061
-8611.84580713
-8616.86157819
-8621.74621706
-8626.62840727
-8631.68687820
-8636.59650528
-8641.41033016
-8646.25278203
-8651.09435604
-8656.07170161
-8661.04588907
-8665.85846558
-8670.74619324
-8675.26536693
-8680.20720061
-8684.96654051
-8689.75506225
-8694.47390840
-8699.45911550
-8704.27166081
-8709.15878326
-8714.00652009
-8718.81720373
-8749.52210361
-8754.14593407
-8758.81300184
-8763.56201760
-8768.25209538
-8772.86046909
-8777.48196897
-8782.45451675
-8787.23465216
-8792.14162133
-8796.74731773
-8801.53434322
-8806.36317621
-8810.86033292
-8815.59916988
-8820.10093439
-8824.90496480
-8829.37726331
-8833.91076268
-8838.40458617
-8842.93103354
-8847.41465758
-8851.71856864
-8856.12385429
-8864.25860884
-8868.66968326
-8873.08529933
-8877.46550714
-8881.81792306
-8886.25419220
-8890.63594027
-8895.03342387
-8899.37932772
-8903.69656259
-8907.96219138
-8912.24586918
-8916.64122804
-8921.01633303
-8925.36287752
-8933.40464287
-8937.57874491
-8941.72883981
-8945.93048726
-8950.18831396
-8954.45192285
-8962.27157314
-8970.14285251
-8974.25148557
-8982.43564534
-8986.61916815
-8991.09856838
-8995.55705588
-9000.04626789
-9004.42143487
-9012.02646139
-9016.11124838
-9020.22931450
-9027.53548727
-9031.54161005
-9035.78952352
-9039.88099032
-9043.90492413
-9048.18037348
-9052.45201690
-9056.35820474
-9060.34494560
-9064.38403695
-9068.41152869
-9075.58003904
-9079.53679786
-9083.54966598
-9087.41810800
-9091.40201920
-9095.40996148
-9099.39848628
-9107.52098860
-9111.40642580
-9115.44985359
-9119.32933541
-9123.26741323
-9127.08701833
-9130.94364399
-9134.89163394
-9138.90665874
-9142.84850225
-9146.79168375
-9150.80285222
-9154.83473610
-9158.74986601
-9162.67546983
-9166.67986317
-9173.22264688
-9177.14869692
-9181.26424565
-9189.24108681
-9193.24232690
-9197.45151832
-9201.85714865
-9205.91856512
-9210.55577720
-9214.43151517
-9219.09992040
-9223.09904106
-9227.25399267
-9233.62842332
-9238.02899130
-9242.30823004
-9246.40437308
-9251.00864211
-9255.39776702
-9261.45950607
-9265.70080459
-9269.90535510
-9276.46945624
-9280.77899202
-9285.12982931
-9289.25452964
-9298.15533354
-9302.03268359
-9306.15578458
-9310.34691907
-9314.52115132
-9318.99295109
-9323.50561117
-9327.89615662
-9332.31249021
-9340.31608219
-9344.24092145
-9348.21719584
-9352.07991385
-9357.79743325
-9362.53743158
-9369.22224871
-9375.58291584
-9379.04589169
-9383.51566096
-9389.20549385
-9392.91860434
-9399.14125239
-9403.53990005
-9408.03117702
-9412.20916928
-9420.69945828
-9424.98352634
-9429.49436750
-9433.25929830
-9437.05555712
-9441.88684176
-9446.33540092
-9450.83676439
-9454.88424084
-9462.64740743
-9467.66966351
-9471.75752369
-9475.53649462
-9479.39570981
-9482.37135092
-9485.11912392
-9487.76668027
-9490.39395823
-9493.04978100
-9495.68594197
-9498.28041294
-9500.86252523
-9506.13823425
-9511.24928774
-9513.92079653
-9516.48294146
-9519.03622726
-9521.58135758
-9524.13584904
-9529.21360634
-9531.75124363
-9534.27638314
-9539.24423145
-9541.81344725
-9546.75206081
-9549.29464328
-9551.81887651
-9556.74016907
-9559.29560118
-9561.85986443
-9566.72119045
-9569.34579126
-9572.00314682
-9574.59184081
-9577.43294977
-9580.08172212
-9582.59177336
-9585.59133130
-9588.73424497
-9591.78829005
-9595.03660602
-9597.45397139
-9600.80422350
-9604.10535621
-9606.95987959
-9610.08116946
-9613.17654350
-9616.39847436
-9626.02956205
-9629.71408067
-9632.04351338
-9636.13900747
-9641.36001217
-9645.35996709
-9649.40104869
-9653.68778197
-9657.78150724
-9662.28779455
-9666.50950710
-9671.33649863
-9675.32414808
-9679.26294509
-9683.99650622
-9687.44118054
-9692.46493607
-9697.38081783
-9702.42937636
-9707.66516747
-9711.93872762
-9717.33106996
-9722.23630383
-9726.99889670
-9730.04975044
-9733.13067745
-9738.01466246
-9742.06266521
-9747.08637159
-9752.41976172
-9755.68036024
-9760.62633996
-9764.87773093
-9770.54715415
-9774.21315305
-9777.58910677
-9780.82811646
-9785.96019795
-9789.23938291
-9794.82016254
-9800.12260731
-9805.51776036
-9811.18250597
-9816.91488656
-9822.60656778
-9826.49766161
-9829.80436340
-9834.40132864
-9839.38870877
-9842.38347521
-9846.30467118
-9850.79620244
-9854.45473451
-9858.07462135
-9861.74232916
-9864.91728614
-9868.55985030
-9872.37175757
-9876.15646361
-9879.71823266
-9883.16453158
-9886.90307699
-9890.72467485
-9894.23606669
-9897.68362710
-9901.36951917
-9905.01421414
-9908.53090086
-9912.10118332
-9915.78035167
-9919.43499550
-9922.57573327
-9926.37854541
-9928.93212421
-9932.42056106
-9936.09910427
-9939.27418208
-9942.67075401
-9946.31684416
-9949.35708976
-9952.95159068
-9955.90468894
-9959.33524929
-9962.87637400
-9965.64239644
-9969.80764093
-9972.25273310
-9974.66766921
-9978.97863676
-9983.25508149
-9986.37649918
-9988.99103706
-9991.33588706
-9997.22096414
-10000.06551975
-10003.50956031
-10008.70436865
-10012.45605665
-10015.96962508
-10020.97500307
-10023.91770343
-10027.38362043
-10030.23659434
-10033.06503139
-10036.06424008
-10038.39814362
-10040.74787051
-10043.06458091
-10045.46272445
-10048.37765125
-10051.10274801
-10053.79903270
-10056.71896558
-10059.40787475
-10063.02228204
-10066.45236506
-10070.37422248
-10074.07822559
-10077.80263435
-10080.34619420
-10083.05602215
-10085.76245558
-10087.89730828
-10090.02506258
-10092.15359707
-10094.28333849
-10096.39071340
-10098.49761094
-10100.58440447
-10103.14756195
-10105.24593469
-10107.33869692
-10109.45112719
-10111.52152003
-10113.87037701
-10116.09132213
-10118.30170266
-10120.73318209
-10123.28394692
-10125.66598916
-10127.99868148
-10130.29615901
-10132.65359060
-10134.97013391
-10137.25038746
-10139.48527007
-10141.87151057
-10144.28992092
-10146.92035707
-10149.50445850
-10151.70617971
-10154.04178562
-10156.05372834
-10158.13242928
-10160.19496029
-10162.26959477
-10164.34843102
-10166.45831110
-10168.60498240
-10170.73778029
-10172.84612138
-10174.96909550
-10177.12238487
-10179.35984278
-10181.59390733
-10183.82768455
-10186.11506959
-10188.65961786
-10191.06126487
-10193.59417303
-10195.44562028
-10197.18224772
-10200.41133957
-10203.28839089
-10206.40631985
-10209.03333496
-10211.29569525
-10213.69959980
-10216.05980467
-10218.60508842
-10220.98908508
-10223.67742842
-10226.24684049
-10229.03073778
-10231.62322234
-10234.44932430
-10237.42097611
-10240.15153993
-10242.51716512
-10245.08128206
-10247.64720280
-10250.13719469
-10252.42786472
-10255.43684294
-10258.72892715
-10261.04262803
-10263.69907635
-10265.94773522
-10268.34066150
-10270.49937353
-10272.75445501
-10275.73301377
-10278.26106688
-10280.57249481
-10282.93796787
-10286.36218914
-10289.73127225
-10292.40248302
-10295.16631355
-10298.33464413
-10300.48282994
-10303.57286032
-10306.90644774
-10309.26154551
-10312.33830346
-10315.05242763
-10317.25576639
-10319.64770130
-10321.75162740
-10323.97104897
-10326.25505114
-10328.42996906
-10330.34446853
-10332.66675410
-10337.22614557
-10338.85490510
-10341.13699997
-10348.74303043
-10351.02978355
-10354.12964694
-10356.96012093
-10359.96834311
-10365.12998437
-10371.96356480
-10377.17985387
-10379.12490883
-10381.09889564
-10382.67180999
-10384.65979339
-10386.56831537
-10388.62793927
-10390.64163560
-10392.56487670
-10394.54755408
-10396.52171412
-10398.37243519
-10400.44024711
-10402.38699763
-10404.35081499
-10406.35862674
-10408.34757750
-10410.28890291
-10412.30076525
-10414.28882356
-10416.29838956
-10418.32831468
-10420.34702806
-10422.31223808
-10424.35270727
-10426.35974631
-10428.44974300
-10430.52633801
-10432.62218413
-10437.38203754
-10439.37319538
-10441.42365192
-10443.42263419
-10445.37620991
-10447.35787061
-10453.06090250
-10454.97395320
-10460.84884189
-10462.94291759
-10464.97529889
-10467.14561299
-10469.25115957
-10471.21555033
-10473.11980224
-10474.87393643
-10476.72515297
-10478.66448505
-10480.54376309
-10482.23871743
-10483.94589708
-10486.00695838
-10488.17330519
-10490.17347491
-10492.21713993
-10494.20119517
-10498.57484764
-10500.60349010
-10502.77554831
-10504.93646847
-10506.81430845
-10508.61918642
-10510.60056435
-10512.77205889
-10514.76845911
-10516.86032517
-10518.54872271
-10520.12663047
-10521.74518840
-10523.70058078
-10525.47965746
-10527.04268081
-10528.60481246
-10530.19185236
-10532.17161386
-10533.69961743
-10535.27282721
-10536.82241115
-10538.35203649
-10540.31008725
-10545.42559742
-10546.96271370
-10548.92161115
-10550.88957685
-10552.66312440
-10554.17669266
-10556.00742222
-10557.48775757
-10561.74060122
-10563.21315730
-10564.66077283
-10566.41976044
-10567.88926898
-10569.64286738
-10571.08086301
-10572.53582961
-10574.14855501
-10578.24521962
-10580.10559259
-10581.76733128
-10583.26593293
-10584.91021757
-10586.64028584
-10590.58006472
-10592.02059573
-10593.80571212
-10595.53395760
-10599.43039083
-10601.26531179
-10602.89980504
-10604.70187926
-10608.45711061
-10610.20317753
-10612.00591962
-10613.63555504
-10615.39687117
-10617.02086250
-10618.55860763
-10620.07464204
-10621.69964648
-10623.09775995
-10624.49049317
-10625.88975775
-10627.10230674
-10627.97798919
-10628.54691423
-10633.14195996
-10634.42956727
-10635.64651135
-10636.11457793
-10637.29108242
-10643.94461043
-10644.65156787
-10651.35556784
-10654.69946886
-10655.12167723
-10656.07086353
-10657.02455237
-10657.98643229
-10658.90731716
-10659.32960805
-10660.42375276
-10661.35279232
-10662.42808392
-10663.04175107
-10664.10974197
-10665.27291960
-10668.31478972
-10669.28557436
-10670.15609410
-10670.50563773
-10671.60043552
-10672.62876127
-10673.19311898
-10674.25457990
-10677.18066747
-10678.21235254
-10679.21050098
-10680.21894318
-10680.58462623
-10681.36083684
-10682.23871159
-10683.29071709
-10684.40203495
-10684.72534974
-10685.70404300
-10686.33956412
-10686.92924749
-10687.30396649
-10688.34594606
-10689.30806749
-10690.22587248
-10691.11679596
-10692.07910921
-10692.48251085
-10692.85394167
-10693.45609973
-10694.41337231
-10695.37523930
-10696.40593227
-10696.78445154
-10697.66359393
-10698.14489578
-10699.10104675
-10699.69046906
-10700.41952122
-10700.97947903
-10701.61926172
-10701.88540300
-10731.69899730
-10732.14383775
-10732.60304969
-10732.88459297
-10733.48661256
-10734.39627098
-10735.38965426
-10735.74923880
-10735.91047519
-10736.04710630
-10736.21278841
-10736.39501589
-10736.59105034
-10736.84442808
-10737.12336783
-10737.43369902
-10737.76011112
-10738.10277350
-10768.99966850
-10769.31671172
-10788.27552534
-10788.63752336
-10788.90555737
-10789.02206097
-10789.30521667
-10827.84638535
-10849.84091245
-10865.53121963
-10887.26240539
-10887.82007964
-10888.51127130
-10893.37898875
-10895.59573418
-10897.60131434
-10901.40112308
-10942.32607533
-10942.99879582
-10946.92087212
-10946.95316443
-10989.06093549
-10989.82442431
-10990.88484727
-10994.61606833
-11000.63379572
-11000.63211912
-11019.11233433
-11019.24073241
-11022.54775241
-11023.68299552
-11024.44525071
-11024.36208883
-11024.37591811
-11024.40517241
-11024.33604121
-11024.39876217
-11024.46444469
-11024.73409132
-11025.16298723
-11028.69589137
-11032.13245015
-11033.00909083
-11033.47209456
-11034.32595880
-11037.64122149
-11036.74145159
-11037.66969322
-11037.03873052
-11039.44756526
-11078.61133002
-11080.77294397
-11079.92096373
-11077.83739078
-11080.07983143
-11078.30473864
-11081.23793192
-11091.20155795
-11091.53259302
-11094.31306735
-11094.12868073
-11094.83986522
-11097.59902043
-11130.65249848
-11134.13136955
-11134.63111965
-11135.41389577
-11136.53769739
-11168.41444062
-11169.08838643
-11172.16690002
-11172.96822767
-11172.38128791
-11173.92291059
-11176.56725837
-11174.49892544
-11176.04572200
-11176.80055394
-11194.31612568
-11192.06103551
-11193.29659180
-11197.35459963
-11197.01365641
-11202.77320294
-11207.12703366
-11212.08094434
-11213.12111319
-11214.42725888
-11215.91981444
-11225.37629870
-11239.70429965
-11249.01192246
-11252.07369805
-11255.05821818
-11260.33893013
-11263.58684227
-11265.02548879
-11267.26206489
-11270.29542758
-11272.82813916
-11276.60363501
-11279.05053850
-11282.89201903
-11286.39627041
-11290.28768783
-11293.72888113
-11300.86439831
-11304.98843474
-11308.92031752
-11313.65389790
-11317.65376437
-11325.81495954
-11329.42216058
-11333.35639548
-11337.69687967
-11341.98354711
-11348.74086588
-11352.11309220
-11359.52268984
-11359.86348932
-11363.90042810
-11373.90366829
-11379.69667829
-11383.69727755
-11386.14833914
-11391.67592505
-11393.88116136
-11396.95213118
-11401.14255071
-11403.77049056
-11404.26196044
-11409.39857722
-11412.15425826
-11416.25924834
-11417.67993329
-11422.58996868
-11427.20957729
-11438.28727306
-11444.53868333
-11447.40592566
-11453.61531090
-11457.55984093
-11466.69437710
-11470.51275348
-11480.83203838
-11484.54154709
-11487.51185887
-11491.69824394
-11494.81929101
-11499.55736001
-11503.76907009
-11508.00976415
-11511.03640256
-11520.45458418
-11523.05158147
-11530.27515677
-11531.74996846
-11537.00204482
-11540.61730407
-11553.90056768
-11561.75911154
-11564.57041655
-11569.44389572
-11575.69718397
-11579.31904124
-11582.81616476
-11586.70180588
-11590.29492769
-11594.04575648
-11597.60979190
-11601.56246642
-11605.06868022
-11608.71605892
-11612.19622705
-11615.82465402
-11619.37489931
-11622.81371325
-11626.47414837
-11630.21416275
-11634.17143898
-11638.06248700
-11641.80037105
-11645.17876840
-11648.49694483
-11652.28025874
-11656.25074402
-11660.21292713
-11664.19909103
-11667.71135864
-11671.68940263
-11682.32893940
-11686.24280526
-11690.22087337
-11693.88202553
-11706.55755823
-11710.54267349
-11714.54196050
-11718.60631595
-11722.38562073
-11726.45785384
-11730.56368904
-11734.20578724
-11741.84568976
-11745.11710315
-11748.93625935
-11753.38045004
-11757.45731737
-11761.39511713
-11765.48619589
-11769.52574829
-11773.55269133
-11777.47711393
-11781.50484318
-11785.24995401
-11789.15365597
-11795.96383923
-11806.63370707
-11811.24370312
-11815.05128693
-11820.79737295
-11824.66951218
-11828.34069629
-11832.01823533
-11841.91704046
-11845.77704780
-11852.89178265
-11861.28911265
-11867.29661138
-11874.82036178
-11879.81990867
-11886.23866265
-11889.72037805
-11893.55662861
-11897.12213706
-11900.93256423
-11905.81498523
-11917.62676894
-11921.04440904
-11924.62291466
-11927.95578479
-11931.39220604
-11935.62328614
-11939.27227235
-11942.56000690
-11947.15415682
-11951.73295620
-11956.83982167
-11960.39717762
-11964.16672008
-11968.59040960
-11972.28365777
-11975.94455639
-11981.77389279
-11989.87998964
-11993.50706276
-11999.44222607
-12002.83806693
-12006.42052162
-12009.58506198
-12012.82177874
-12017.01768164
-12023.25196302
-12028.09250719
-12031.76404637
-12034.93216270
-12037.51863356
-12040.69212476
-12043.78818029
-12047.01665587
-12050.13724739
-12053.18827696
-12056.50297453
-12062.88392456
-12070.03571793
-12074.97052128
-12080.86014402
-12083.86708774
-12086.04013321
-12089.05665885
-12093.04900398
-12098.74801492
-12101.78254382
-12104.79092059
-12113.07026678
-12117.13138883
-12119.23923445
-12122.26914696
-12127.45718301
-12130.45664295
-12136.11781569
-12140.17186689
-12144.21780558
-12147.97741212
-12151.76781474
-12157.19564951
-12163.27273849
-12167.42322801
-12171.02219480
-12173.66883811
-12182.21932189
-12186.27414664
-12189.24889154
-12194.66907079
-12198.11793113
-12202.60799399
-12206.28287320
-12211.65135079
-12214.87252921
-12218.63943050
-12222.20993064
-12226.19766255
-12229.29785533
-12234.21972265
-12237.41174680
-12240.33434153
-12244.52302362
-12248.03866323
-12252.72850342
-12260.45548267
-12266.41998844
-12272.65657396
-12279.02168436
-12283.25051565
-12288.23343575
-12291.72060024
-12294.95660624
-12298.90809241
-12302.16462727
-12307.14631578
-12310.09020184
-12319.20588782
-12323.05724462
-12325.96983016
-12334.03096254
-12337.25019736
-12339.77648291
-12344.73843268
-12347.54196578
-12356.31312746
-12366.29986540
-12371.51985962
-12374.54307380
-12382.47647857
-12385.43234621
-12388.57428084
-12392.12590237
-12395.68468556
-12401.28889128
-12403.88387171
-12410.09208672
-12418.27660672
-12421.21382356
-12424.25111966
-12427.01937466
-12430.70403101
-12434.29559153
-12437.28284013
-12442.75771608
-12446.24314744
-12450.36862287
-12453.13094469
-12457.11240745
-12460.07330117
-12462.48956960
-12465.23965105
-12472.17377252
-12476.65836550
-12483.30436720
-12486.89110859
-12491.18031949
-12494.14096114
-12496.29866638
-12500.90191269
-12504.14564269
-12510.33145817
-12514.37053226
-12519.90761308
-12523.63393612
-12527.06965227
-12530.23109655
-12535.69193651
-12539.97450321
-12542.29539750
-12547.26583793
-12551.54513312
-12555.51133138
-12560.33438602
-12566.18876962
-12569.86024964
-12573.71382677
-12577.13236836
-12581.01189906
-12583.85548899
-12587.88080613
-12592.64943184
-12596.11798049
-12599.55014635
-12603.33175741
-12607.24435492
-12610.80179983
-12614.21021468
-12617.25057317
-12620.61638717
-12624.20290079
-12628.02843986
-12633.40219048
-12636.22049534
-12638.86986488
-12642.11105492
-12648.15054260
-12651.23155658
-12657.42847348
-12662.50305189
-12667.30181393
-12670.37254643
-12673.85034949
-12677.17948868
-12681.00174460
-12684.83248504
-12687.26808013
-12689.79928254
-12692.20438484
-12698.27226115
-12702.12585936
-12705.23505087
-12711.10151975
-12717.38438561
-12722.28134020
-12725.30107526
-12729.53048089
-12735.94075233
-12741.45046099
-12743.54220174
-12749.43747473
-12754.99536995
-12758.00615579
-12760.33749319
-12762.79860186
-12764.97512761
-12768.68914892
-12774.31118332
-12777.13523868
-12779.69114951
-12782.44998084
-12785.20161071
-12788.05188261
-12791.23244511
-12794.02067696
-12796.76422778
-12799.46959506
-12801.93185141
-12803.79359085
-12808.90280686
-12811.50483809
-12813.90544455
-12816.24023138
-12817.44338861
-12818.92497187
-12821.86730894
-12824.35674368
-12828.59297494
-12831.09090164
-12832.48341235
-12835.24792400
-12837.72465706
-12840.37928086
-12842.72937622
-12845.42705931
-12847.83556278
-12849.94602350
-12852.67558705
-12854.92812659
-12857.47257215
-12859.16831062
-12861.63675109
-12864.42877758
-12866.93049859
-12869.48737491
-12871.48726240
-12873.51910605
-12876.31127431
-12879.44048903
-12882.33754863
-12884.82105351
-12888.28944005
-12893.02632116
-12895.54659655
-12898.08413392
-12900.38294840
-12904.18474961
-12905.65000799
-12909.35479340
-12912.03203524
-12916.09959121
-12920.68801949
-12923.69403982
-12926.29001132
-12928.92308489
-12931.45201166
-12933.60388763
-12935.04955339
-12938.01584038
-12939.88813653
-12946.55015903
-12949.09240785
-12950.90141468
-12952.34402736
-12956.01684518
-12957.92111670
-12962.39592429
-12963.95604376
-12968.41227053
-12972.88528480
-12975.63791195
-12979.24119763
-12983.79435292
-12986.13956868
-12988.57309978
-12991.45835331
-12994.33741559
-12996.40117854
-13000.30550507
-13003.01772104
-13005.97713932
-13007.55077710
-13010.81367083
-13012.66526764
-13016.87755966
-13019.23915165
-13022.20014374
-13024.86746232
-13026.52899558
-13028.24009458
-13030.16600197
-13031.86112772
-13033.46472981
-13035.63767374
-13039.65575055
-13041.43329249
-13044.18920500
-13047.97904532
-13050.90146501
-13053.42764078
-13055.73295243
-13057.74848592
-13058.82542637
-13061.66945063
-13064.06526323
-13066.95104005
-13069.61499624
-13072.26636426
-13073.53660462
-13076.27485990
-13078.34189505
-13080.52792525
-13084.81719925
-13087.07500685
-13088.17645869
-13090.90038927
-13092.01631243
-13093.86101045
-13094.99048263
-13096.94709041
-13099.36321368
-13101.46908796
-13104.20174539
-13106.24456748
-13108.36370762
-13114.69869446
-13116.29439651
-13117.75694440
-13120.07421700
-13121.21109550
-13122.27077730
-13123.74416091
-13124.77693620
-13127.07352193
-13128.61372288
-13133.06894553
-13135.26042514
-13138.02315096
-13139.01530435
-13141.39297612
-13143.78815427
-13144.72036657
-13147.01063312
-13148.44906478
-13150.61766041
-13153.22572774
-13156.07784094
-13157.03302811
-13159.88558151
-13161.73580911
-13164.22301027
-13166.85181225
-13168.38886126
-13171.18381638
-13172.65088529
-13175.21360595
-13177.29516629
-13178.08847185
-13179.82518282
-13180.58870393
-13182.42831408
-13184.42329511
-13185.64303917
-13187.79911479
-13189.86273214
-13191.59896546
