-9.84553242
-10.65223884
-9.54873594
-9.54975653
-8.41241961
-7.84726294
-9.26462194
-10.54994577
-10.77441242
-11.83371720
-11.15626769
-11.66564147
-12.15896915
-12.56814875
-13.02680918
-14.24230361
-13.52935675
-14.14075604
-14.60540356
-15.24503418
-15.74457701
-16.30835599
-16.89056833
-18.32199960
-18.32529531
-18.36590133
-19.79150021
-19.46625816
-20.44091742
-20.03425106
-20.67764951
-21.27682034
-21.27831948
-21.52704506
-22.24876184
-22.50360344
-23.20353125
-23.65620737
-24.63320985
-24.77512911
-25.05927824
-25.35501006
-25.60791821
-25.88796311
-26.85582028
-27.20857967
-27.60365992
-27.52631023
-28.41152388
-29.42386714
-29.77406478
-30.57679369
-31.35256039
-31.05957199
-30.84456519
-31.29468872
-31.97669175
-32.45185591
-32.98008193
-33.56126285
-34.30398568
-34.87363946
-35.62271744
-36.37559672
-37.05590077
-37.63806114
-38.26255533
-38.79251454
-39.29726561
-39.93381595
-40.67750814
-41.27219059
-42.18614601
-42.68435191
-43.15410651
-43.06883297
-43.70395905
-44.35013557
-45.00527941
-45.61607091
-46.33992943
-46.99352447
-47.52077067
-48.06829558
-48.87461733
-49.60454885
-50.20698615
-50.57463938
-51.00758685
-51.72400434
-52.16078351
-52.74490818
-53.34729616
-53.83009660
-54.70990566
-55.29541569
-55.92888017
-56.38271594
-56.52729394
-58.13294965
-59.69262134
-60.49021774
-60.97035318
-61.50894089
-62.73109550
-63.78389378
-64.46090553
-64.82258180
-65.96105479
-66.43847640
-66.88496129
-67.29147050
-67.73075905
-68.20434387
-68.93520844
-69.65375471
-70.49317519
-70.88055857
-71.57150677
-72.22073070
-72.82102674
-73.42838310
-74.11586220
-74.63210418
-75.37671971
-75.92632049
-76.58829322
-77.02967010
-77.43612657
-77.86977654
-78.45934789
-78.69900621
-79.11254084
-79.27867887
-79.77158699
-80.41956821
-80.84044740
-81.70037652
-82.06094479
-83.15115464
-83.68787442
-84.55981906
-84.91724677
-85.74445182
-86.59540446
-86.93735074
-87.88796175
-88.17017425
-88.63589435
-88.89972034
-89.31130939
-90.23425924
-90.99893885
-91.86641969
-92.32636569
-92.77036822
-93.23636669
-94.08166705
-94.70721175
-95.19282463
-95.55220059
-96.40365495
-96.69386749
-97.15218566
-97.89177309
-98.63449536
-99.44915578
-100.17963780
-100.70503477
-101.27047890
-101.90016913
-102.46556454
-102.73528275
-103.25120999
-103.75246345
-104.27496371
-104.95868065
-105.72453555
-106.17829280
-106.63901273
-107.10241243
-107.57844198
-107.93225972
-108.23218253
-108.79711632
-109.19125759
-109.69492579
-110.22381712
-110.84305672
-111.56784554
-111.97945327
-112.45619391
-113.00325556
-113.70559754
-114.15832964
-114.64375685
-115.19967371
-115.46533687
-115.90194647
-116.24235030
-117.00091643
-117.53050578
-117.86225687
-118.34689868
-118.74287138
-119.19263524
-119.72337981
-120.25241814
-120.86515770
-121.44987770
-122.08551046
-122.58625087
-123.21668726
-123.69559642
-124.02250791
-124.37159149
-124.97620514
-125.57154873
-126.01449221
-126.61798982
-127.03277587
-127.25850017
-127.91675467
-128.19703448
-128.80413159
-129.28697291
-129.79090074
-130.47882942
-131.08154316
-131.69901752
-132.21611735
-132.87624891
-133.56276096
-134.16692769
-134.82565871
-135.38541069
-135.91186799
-136.62141526
-137.00618491
-137.59386589
-138.14322918
-138.74596631
-139.42040556
-139.82078289
-140.07209914
-140.62561202
-141.09384123
-141.62120726
-142.29994397
-142.71486956
-143.13337439
-143.83310704
-144.46328113
-144.99929562
-145.54320516
-146.24935155
-146.89555714
-147.33627537
-147.83070667
-148.01126884
-148.49766276
-149.15668842
-149.51078401
-150.02159123
-150.65505422
-151.12188725
-151.86099477
-152.35499577
-152.80098834
-153.22453426
-153.82530887
-154.52635411
-155.09509483
-155.70179653
-156.17111699
-156.59975770
-157.23827072
-157.74935446
-158.09626162
-158.81957549
-159.36787061
-159.82537917
-160.30891682
-160.73093274
-161.34362685
-161.77848474
-161.93826064
-162.56289317
-163.17155255
-163.79161055
-164.39934835
-164.82720649
-165.44055066
-166.03164220
-166.34308869
-166.56482835
-167.01658105
-167.47747643
-168.08901625
-168.51202376
-169.14907628
-169.77299251
-170.45043879
-171.14441595
-171.74280370
-172.43633399
-172.81715710
-173.42419160
-174.02025196
-174.68816316
-175.08153938
-175.38641234
-176.08651942
-176.68900823
-177.31082341
-177.91533105
-178.31872746
-178.45307298
-179.04933802
-179.59066772
-179.71185834
-180.12740728
-180.36756428
-180.91351148
-181.25450166
-181.61384132
-182.15160833
-182.81849195
-183.14258888
-183.47342501
-184.11403874
-184.47043351
-185.06788657
-185.69424246
-186.22024071
-186.68112936
-187.31264678
-187.84569156
-188.11010651
-188.60091489
-188.88487346
-189.28948242
-189.59060490
-190.21166521
-190.81081171
-191.26623764
-191.86899357
-192.15361443
-192.53544139
-193.04284667
-193.65021899
-193.94170821
-194.55341379
-194.77487328
-195.42190594
-195.97865063
-196.59559532
-197.23710964
-197.56568470
-197.94577178
-198.37815007
-198.74721000
-199.11179530
-199.74622453
-200.05034890
-200.69250571
-201.22055760
-201.72518887
-202.04349565
-202.40239843
-202.97474666
-203.37328830
-203.80759239
-204.46861715
-204.89300398
-205.11013241
-205.76908821
-206.03350434
-206.43702435
-206.92437270
-207.40094690
-207.91614248
-208.42509472
-208.86325605
-209.26325295
-209.67429829
-210.06098515
-210.52739322
-210.97891274
-211.43468643
-211.74839146
-212.28953777
-212.73082967
-213.03002317
-213.33310693
-213.58771707
-214.15589647
-214.63909827
-215.05566283
-215.34389495
-215.80225278
-216.14012920
-216.58921953
-216.74925450
-217.17458910
-217.56903564
-218.00186914
-218.41840968
-218.74179770
-219.03393070
-219.59371910
-220.03175272
-220.37038379
-220.88622516
-221.26049341
-221.80897991
-222.12331340
-222.39942216
-222.91665875
-223.38807067
-223.63825412
-224.01067442
-224.43005782
-224.85247730
-225.27844209
-225.74313905
-226.12379473
-226.50959635
-226.87582617
-227.22836899
-227.57706014
-227.98156038
-228.35239281
-228.66365641
-228.89128901
-229.24592961
-229.53267601
-229.99416396
-230.47346312
-230.92068127
-231.35187909
-231.81903483
-232.18804015
-232.52377992
-232.98063374
-233.44900943
-233.87544117
-234.30256700
-234.51673403
-235.01800611
-235.28077917
-235.50688151
-235.91430030
-236.34873511
-236.75853143
-237.05308840
-237.36447737
-237.68558485
-238.15392029
-238.54536769
-239.03841229
-239.37311114
-239.58536333
-240.03597233
-240.52027594
-240.91504554
-241.34847257
-241.79430493
-242.11617671
-242.52132763
-242.84850743
-243.13026169
-243.56182183
-243.86098103
-244.14239861
-244.49540819
-244.90283497
-245.31707699
-245.66691350
-246.14159444
-246.58172480
-246.96292456
-247.27144172
-247.53578583
-247.86824793
-248.11647460
-248.52633798
-248.78665136
-249.15550934
-249.42813353
-249.60347969
-249.90469496
-250.16999040
-250.33618355
-250.66876183
-250.92735561
-251.19307814
-251.63068484
-252.05250167
-252.48183197
-252.91142336
-253.33417428
-253.78450700
-254.05579115
-254.33223357
-254.62725558
-254.91962717
-255.15619076
-255.45012240
-255.85020225
-256.26134626
-256.69773501
-257.08089597
-257.40861790
-257.74068307
-258.15543176
-258.58648203
-258.84022009
-259.04421891
-259.45523716
-259.88866806
-260.19221291
-260.63040902
-260.84250833
-261.09572835
-261.49423983
-261.93183299
-262.25021275
-262.57194948
-262.87349254
-263.14132736
-263.42978811
-263.78753089
-264.20533843
-264.44402220
-264.72015665
-265.02455721
-265.29127014
-265.58741978
-266.00159708
-266.30270899
-266.59050438
-266.83595334
-267.27800481
-267.47378243
-267.88518599
-268.06864887
-268.48152934
-268.90391354
-269.17903336
-269.60936187
-269.74680770
-270.15137745
-270.53851268
-270.82966995
-271.03812452
-271.31847043
-271.55142868
-271.69699680
-271.83154378
-271.97971636
-272.14956703
-272.36856875
-272.79202422
-272.89709299
-273.07960235
-273.36372044
-273.55641910
-273.99934872
-274.14591080
-274.53659896
-274.88845302
-275.33174673
-275.47239679
-275.90463378
-276.20276795
-276.51099907
-276.68380879
-277.08050147
-277.26275261
-277.65107004
-278.09873826
-278.49550302
-278.91322457
-279.03822381
-279.36634514
-279.60210349
-279.86417570
-280.13464236
-280.26189875
-280.67112760
-281.01229652
-281.27086964
-281.57023600
-281.89752387
-282.23729168
-282.43303804
-282.87458617
-283.18762777
-283.61148132
-284.01155331
-284.21180583
-284.35542932
-284.49006678
-284.93278420
-285.22529174
-285.66750047
-286.03175278
-286.40367645
-286.67390702
-286.98843428
-287.11984966
-287.29753150
-287.50243832
-287.64583258
-287.82614893
-288.24830689
-288.34398001
-288.53319425
-288.95759178
-289.21242160
-289.54991856
-289.73030323
-289.90542284
-290.19624091
-290.55085769
-290.83177265
-291.23023262
-291.60355196
-291.79310370
-291.99347160
-292.18609430
-292.29233631
-292.47126457
-292.85231299
-293.00894337
-293.45447764
-293.84961798
-294.16749708
-294.46471896
-294.87080385
-295.09677865
-295.49608976
-295.76661189
-296.03122208
-296.46292737
-296.53774529
-296.96592156
-297.23006572
-297.39772061
-297.83545986
-298.25228886
-298.49582591
-298.57950697
-298.85839461
-298.97336257
-299.16632145
-299.43871908
-299.69556747
-300.01525000
-300.14542267
-300.47600424
-300.83173749
-301.11096761
-301.36139264
-301.79202298
-302.18540595
-302.58674859
-302.93584922
-303.36508488
-303.69508082
-304.10145786
-304.37555711
-304.60436971
-304.76187472
-305.18957465
-305.25043684
-305.52613299
-305.60128820
-306.01753329
-306.45689407
-306.88764139
-307.31453556
-307.75504312
-308.19553173
-308.61660806
-309.04824633
-309.16356517
-309.32288873
-309.42714472
-309.52669016
-309.85544039
-309.92994613
-310.19929227
-310.48148983
-310.91047703
-311.02931828
-311.25482820
-311.33115405
-311.75203735
-311.87288727
-312.29042744
-312.55994251
-312.66431773
-312.74764209
-313.18291428
-313.55981605
-313.77428880
-314.02898421
-314.25291219
-314.46190436
-314.74619499
-315.17754630
-315.42193313
-315.68332903
-316.06298904
-316.49501393
-316.76189072
-316.81793747
-317.22462726
-317.64829164
-318.04767369
-318.25907102
-318.50829968
-318.76240777
-319.09534939
-319.29346887
-319.53526247
-319.79543992
-319.99990828
-320.39834548
-320.64271303
-320.84729549
-321.09356897
-321.17913585
-321.55085256
-321.92831773
-322.09630595
-322.26769292
-322.52572805
-322.81198165
-323.06609021
-323.34897249
-323.67780550
-323.87318811
-323.99763124
-324.09471794
-324.20207124
-324.62298673
-324.81640271
-325.17436773
-325.45854369
-325.52178716
-325.65701812
-326.06631231
-326.13870021
-326.47551692
-326.55270148
-326.85909793
-327.22137142
-327.31891065
-327.71463833
-327.81748264
-327.93856040
-328.27561382
-328.67773943
-328.96415569
-329.32071983
-329.73083571
-329.83553716
-330.22326806
-330.54229945
-330.61448624
-330.71483610
-330.87771866
-330.96995261
-331.10307577
-331.52696032
-331.58893602
-331.70088062
-331.98845294
-332.09998030
-332.45188492
-332.52918442
-332.59883772
-332.70006446
-332.74634944
-332.82466555
-333.01566936
-333.11656865
-333.31617546
-333.40482538
-333.43617885
-333.48926000
-333.52406746
-333.90487636
-334.26106080
-334.68617271
-334.82350252
-335.15969749
-335.53549457
-335.78176948
-335.89288558
-336.15865208
-336.42283928
-336.71300285
-336.80558204
-337.19910291
-337.29958672
-337.67278668
-338.04351076
-338.13312662
-338.27332248
-338.65388665
-338.80212380
-339.18307039
-339.47355504
-339.65127884
-339.91024493
-340.30811068
-340.33008823
-340.47347855
-340.67271388
-340.91139365
-341.27685299
-341.41460531
-341.83116347
-342.10296048
-342.27338787
-342.45727075
-342.70648913
-343.09516833
-343.18545968
-343.21647289
-343.55523396
-343.59710332
-343.74301916
-343.86946208
-344.12100285
-344.48166921
-344.61389998
-344.75035929
-345.10490940
-345.46543627
-345.58717644
-345.74062771
-345.89220737
-346.18125224
-346.37079015
-346.73276884
-346.86437081
-347.25774612
-347.31174099
-347.71711009
-347.98117129
-348.12386350
-348.29724894
-348.51742585
-348.88444215
-349.23572128
-349.63677684
-349.95577942
-350.13448347
-350.28961796
-350.55528917
-350.71028236
-351.07314908
-351.25688178
-351.62601147
-351.64372102
-351.69914117
-351.91775939
-351.98982422
-352.08703561
-352.23549532
-352.27026019
-352.59355833
-352.66146284
-352.87141041
-353.11819135
-353.20432374
-353.26345233
-353.64320537
-353.73511384
-354.12954329
-354.20668646
-354.27140816
-354.33660253
-354.34977123
-354.71657341
-354.83233180
-354.87123682
-354.90215798
-354.91172818
-355.30889377
-355.32788280
-355.42949691
-355.82794590
-356.12103203
-356.45872558
-356.75018283
-356.78888521
-356.86160599
-356.93092873
-357.26889109
-357.54136358
-357.63042735
-357.96742040
-358.35436018
-358.54301918
-358.84355416
-359.23054417
-359.53239917
-359.64377435
-359.77575540
-359.84794726
-360.23996085
-360.28978844
-360.56603768
-360.79899885
-361.08507522
-361.15065469
-361.34270949
-361.70255923
-361.73505862
-361.76759829
-362.05400439
-362.11318953
-362.16768065
-362.23386424
-362.62238653
-362.90476829
-362.97910354
-362.99989198
-363.33059695
-363.70812427
-364.08796019
-364.16076793
-364.20721097
-364.27413687
-364.55213109
-364.55441320
-364.85269249
-365.14156959
-365.52020280
-365.83895483
-365.91153834
-365.96323967
-366.03428224
-366.10652957
-366.11954454
-366.35439297
-366.52528882
-366.76877269
-366.93884050
-367.00229459
-366.99858222
-367.10970225
-367.28562642
-367.66841713
-367.69890281
-368.04305570
-368.41527144
-368.78964103
-368.96363332
-369.03333274
-369.19898347
-369.50759607
-369.51199803
-369.79413685
-369.93967184
-370.26828408
-370.56374287
-370.86789946
-371.05262980
-371.05665588
-371.09309788
-371.43409392
-371.49550684
-371.54349760
-371.67310755
-372.03334567
-372.33154480
-372.63225130
-372.91249402
-372.91713187
-373.21160972
-373.58152224
-373.83913505
-373.84299775
-373.89944676
-374.12986601
-374.50203469
-374.63627818
-374.63066682
-374.99790127
-375.15992686
-375.50996683
-375.57614640
-375.68064608
-375.89349045
-376.26147427
-376.36428081
-376.62463737
-376.84366825
-377.15787119
-377.31737863
-377.68398291
-377.85731359
-378.21295111
-378.57078726
-378.84564317
-379.09272047
-379.24010357
-379.60852447
-379.81785265
-380.17145645
-380.20824551
-380.47794903
-380.82008532
-380.98394844
-381.26504543
-381.62855850
-381.62145650
-381.97742086
-382.23234781
-382.24772743
-382.35398669
-382.61274895
-382.70197887
-382.74089747
-382.88985697
-383.02597492
-383.28647606
-383.50454768
-383.87067758
-384.22432986
-384.53025962
-384.54012277
-384.65599089
-384.87126307
-385.23667354
-385.30631265
-385.31144445
-385.63263459
-385.76649816
-385.99439753
-386.34835250
-386.71286101
-386.88455967
-387.24259366
-387.24547994
-387.52140453
-387.53650791
-387.83046964
-388.15730901
-388.42286926
-388.78653736
-388.93030341
-388.97221107
-388.97631686
-388.97000765
-389.33414813
-389.33808110
-389.36426658
-389.70814603
-389.76229707
-389.82140567
-389.83493984
-389.84082450
-390.19671388
-390.23432575
-390.52425155
-390.61552665
-390.95351375
-391.10678458
-391.45246064
-391.74673405
-391.79445562
-392.14860707
-392.14784208
-392.28852867
-392.28080813
-392.50983671
-392.50338947
-392.52788955
-392.52394703
-392.75441245
-392.74887827
-393.10337435
-393.41875544
-393.68316986
-393.71814012
-393.91799338
-393.95435849
-394.31151149
-394.66622702
-394.79627590
-395.14351611
-395.37666684
-395.73331509
-395.77697981
-396.11467166
-396.17674109
-396.31665031
-396.43389194
-396.45116049
-396.47181790
-396.47206384
-396.58781441
-396.61832992
-396.84881740
-397.14754144
-397.26992962
-397.47269276
-397.66736031
-397.67396760
-397.69380021
-398.00158337
-398.30305094
-398.29297305
-398.65418916
-398.67180622
-398.71347991
-398.69785973
-398.95202460
-398.98355966
-399.08294558
-399.09588885
-399.21542858
-399.40265284
-399.43218897
-399.44330152
-399.47569428
-399.82317459
-400.08824732
-400.10800780
-400.42265092
-400.42262960
-400.77187120
-400.74940567
-400.94177970
-400.98249279
-401.07447129
-401.37811212
-401.39997336
-401.75569561
-402.05102217
-402.03675610
-402.05213349
-402.11906994
-402.46359772
-402.65232231
-402.97663046
-403.32466459
-403.30763031
-403.33237364
-403.63765865
-403.88924897
-403.89268696
-403.89633536
-404.03636663
-404.16267504
-404.48838457
-404.62458388
-404.83835841
-405.17022571
-405.15002295
-405.50157292
-405.53543568
-405.83640558
-406.01221221
-406.20822305
-406.23777573
-406.27035091
-406.27229540
-406.61287793
-406.91357694
-406.94731436
-407.20960701
-407.36867309
-407.50908430
-407.85067914
-407.88621039
-408.03177632
-408.05647357
-408.11852896
-408.39260944
-408.39884521
-408.61215869
-408.90235971
-409.01428706
-409.20218678
-409.45131360
-409.76773475
-410.07412574
-410.10899724
-410.13225302
-410.16977371
-410.20662056
-410.52376165
-410.78002947
-410.83891338
-410.83276352
-411.09910514
-411.16173828
-411.47888085
-411.81785379
-412.11659595
-412.37780835
-412.56595962
-412.59201090
-412.58045135
-412.56576747
-412.59039972
-412.59131361
-412.85177745
-413.18682335
-413.19981871
-413.18937933
-413.17516940
-413.50484260
-413.84141694
-414.16238872
-414.43148118
-414.61800171
-414.95026381
-415.25141146
-415.37966201
-415.70815866
-416.04006906
-416.26205657
-416.25766776
-416.43749461
-416.74456713
-417.00237667
-417.06262323
-417.14048836
-417.45443041
-417.67189338
-417.99444641
-418.06375928
-418.29099623
-418.36799989
-418.43924828
-418.56152821
-418.59370602
-418.81361602
-419.12621589
-419.15569507
-419.14680863
-419.13062401
-419.31729494
-419.53934830
-419.84933056
-419.87654364
-419.88863645
-420.16770794
-420.25459817
-420.34583873
-420.37700295
-420.37132698
-420.40109212
-420.68382485
-420.84332989
-421.14804419
-421.45150475
-421.68908802
-421.99337145
-422.32525711
-422.64954050
-422.66802194
-422.69672551
-423.00196606
-423.11920654
-423.10612765
-423.29994946
-423.62979193
-423.89931308
-423.88103230
-424.03076760
-424.22399390
-424.24732204
-424.23973573
-424.23416767
-424.21845576
-424.19044842
-424.28801869
-424.61285107
-424.58018072
-424.72155759
-424.83962788
-425.16534242
-425.30043209
-425.39231237
-425.62230011
-425.95114131
-426.20089169
-426.46077354
-426.48434652
-426.51074033
-426.79133981
-427.08390734
-427.35716053
-427.66556469
-427.78887287
-427.87591695
-427.97710680
-428.28334667
-428.27722643
-428.28763979
-428.46367617
-428.68030171
-428.95904685
-428.94992399
-428.97091060
-428.94341170
-429.24673605
-429.26302108
-429.43779269
-429.73007846
-429.83170391
-430.07925606
-430.09927359
-430.08370928
-430.24921377
-430.56950405
-430.71346384
-430.95396512
-431.02126029
-431.19992732
-431.34242253
-431.64178943
-431.72053315
-432.04771993
-432.17420457
-432.19059713
-432.48655434
-432.60208743
-432.77135615
-433.05094952
-433.27948093
-433.56113486
-433.87430082
-434.18154465
-434.34615508
-434.66257957
-434.88130627
-434.88546203
-435.20141728
-435.37752114
-435.54152688
-435.54345416
-435.70444674
-435.70732451
-435.97351468
-436.01087743
-436.27873048
-436.26137286
-436.52522904
-436.62067415
-436.93039619
-437.07688238
-437.17230835
-437.28635251
-437.29441858
-437.58708837
-437.59961198
-437.91639942
-438.12740895
-438.29720188
-438.31373198
-438.29477164
-438.29820358
-438.43700592
-438.58476561
-438.60076594
-438.85709508
-438.98420181
-439.14155092
-439.12558693
-439.14124776
-439.28988905
-439.30137619
-439.39339972
-439.59361152
-439.74553301
-439.98299689
-439.95969052
-440.15337063
-440.38242874
-440.69285377
-440.93298287
-441.21343127
-441.51572462
-441.69176087
-441.93774750
-442.07571699
-442.27851790
-442.55684915
-442.70325469
-442.68189604
-442.93355808
-443.19871260
-443.32232983
-443.56700015
-443.66403113
-443.68038197
-443.76956519
-443.80575516
-444.02056913
-443.98726665
-443.99472247
-443.96185674
-443.97055694
-444.19654743
-444.48542233
-444.75805815
-445.04591715
-445.32729767
-445.47206677
-445.46639778
-445.65521081
-445.82959173
-446.04536210
-446.33605751
-446.49659828
-446.77760088
-446.92748370
-447.03178019
-447.13557085
-447.25366232
-447.53218571
-447.61301476
-447.78758787
-448.04777259
-448.16671572
-448.43010880
-448.68885456
-448.97479659
-449.20491111
-449.20728095
-449.19183187
-449.21251023
-449.50358525
-449.70428692
-449.65670027
-449.90775771
-450.15732256
-450.32277693
-450.29982950
-450.57081759
-450.81978431
-451.06385448
-451.32485570
-451.35919485
-451.57531774
-451.84124984
-452.03914631
-452.20649654
-452.46948227
-452.75621751
-453.04005035
-453.29590154
-453.43857182
-453.55441303
-453.79404011
-453.78496917
-453.88117039
-453.97098083
-454.03241255
-454.30575862
-454.54340961
-454.83325408
-455.03972592
-455.30693267
-455.38627627
-455.66288993
-455.92122517
-455.98453858
-456.19105292
-456.28766851
-456.26332603
-456.22993091
-456.50617622
-456.71588599
-456.92519864
-457.18221517
-457.14203385
-457.40509971
-457.66255774
-457.90573693
-458.10997954
-458.37178376
-458.65646581
-458.82853233
-459.07127748
-459.34725553
-459.47511822
-459.70726949
-459.97502621
-460.02619278
-460.19538551
-460.36458324
-460.31689767
-460.52026049
-460.46890368
-460.68910130
-460.87802613
-461.07130529
-461.16228818
-461.11256342
-461.24179448
-461.30137477
-461.42044728
-461.40114297
-461.38189283
-461.65329976
-461.92004792
-462.05098146
-462.32792456
-462.59312244
-462.54037564
-462.51290453
-462.78683786
-463.05838233
-463.32947209
-463.38122031
-463.36810504
-463.31774932
-463.58284370
-463.72627300
-463.76897976
-464.03269879
-464.22155414
-464.20900237
-464.19534065
-464.18101690
-464.30071593
-464.29100003
-464.24498062
-464.37032950
-464.58194122
-464.55986126
-464.70941166
-464.96914767
-464.95033074
-465.19988507
-465.18932266
-465.14149532
-465.24973665
-465.40080867
-465.61337321
-465.60211071
-465.78970166
-465.83225523
-466.08932183
-466.32792023
-466.57555906
-466.83223572
-467.09895128
-467.37032518
-467.34117990
-467.45949004
-467.43753633
-467.70417236
-467.67382051
-467.84178171
-467.88467360
-467.93580896
-468.15702891
-468.14293203
-468.41462578
-468.35822685
-468.53009944
-468.77753057
-468.74765361
-468.93837255
-468.89907011
-469.16661759
-469.12395491
-469.10841987
-469.35666344
-469.58113119
-469.72142648
-469.70768330
-469.74498506
-469.72772349
-469.94343153
-470.16114554
-470.16978918
-470.15001732
-470.11203340
-470.25058988
-470.42473185
-470.50025747
-470.58333934
-470.71624456
-470.95004917
-471.15592962
-471.30805894
-471.50349544
-471.47515686
-471.72029528
-471.85797899
-472.01029696
-471.95346941
-471.92823702
-471.90999482
-472.13993820
-472.17865920
-472.45091609
-472.72400839
-472.86719085
-473.13098834
-473.07706769
-473.02281090
-473.27885501
-473.26269084
-473.23964207
-473.48281919
-473.44730423
-473.69434993
-473.67665679
-473.89249865
-474.11320865
-474.38290501
-474.33877044
-474.58101375
-474.52538079
-474.79283270
-475.03588151
-475.25782194
-475.22327629
-475.35536376
-475.33494917
-475.31182925
-475.25484402
-475.40743532
-475.64039076
-475.85230913
-476.11072926
-476.06012769
-476.23636629
-476.47460088
-476.59426290
-476.84450703
-477.00560838
-477.25444716
-477.40641072
-477.45800049
-477.55191202
-477.80487629
-477.80883014
-478.06754324
-478.05119580
-478.08558044
-478.34430780
-478.58378182
-478.67631907
-478.65534125
-478.77434585
-478.86350386
-479.05434621
-479.01480405
-479.18312485
-479.12671462
-479.38749486
-479.34519045
-479.55624335
-479.80286905
-480.00296320
-480.23690170
-480.34734035
-480.60336302
-480.82347806
-480.80433113
-480.95060934
-480.94048378
-481.16559626
-481.11904533
-481.29578009
-481.37411575
-481.46017661
-481.44682901
-481.61023284
-481.58702832
-481.81185660
-481.79560799
-482.04605859
-482.01995016
-481.98926912
-481.96843258
-482.06200244
-482.02927212
-482.20710411
-482.17086605
-482.15130680
-482.11843362
-482.34383507
-482.56455458
-482.52277943
-482.70153656
-482.66381050
-482.66693009
-482.64555121
-482.61411427
-482.71566685
-482.93147850
-483.09881197
-483.35487925
-483.55881128
-483.62995202
-483.66964738
-483.79156823
-483.83148608
-484.01033661
-484.17855925
-484.12880017
-484.30900771
-484.48489674
-484.59077631
-484.84530445
-484.95510813
-485.19746035
-485.16995821
-485.32636772
-485.30241247
-485.44077230
-485.40425346
-485.35405812
-485.59332129
-485.82422415
-486.06482516
-486.30225058
-486.46114428
-486.66518515
-486.71002494
-486.79356708
-486.94590677
-487.07219069
-487.30787848
-487.29702860
-487.26912119
-487.43676996
-487.56234661
-487.51536942
-487.74120509
-487.73507798
-487.84745942
-487.81888403
-487.78373908
-487.76617599
-487.94696292
-488.14431969
-488.12927679
-488.37757822
-488.44768858
-488.42655566
-488.40058278
-488.64508528
-488.62885367
-488.64916729
-488.89386035
-489.12093229
-489.07764866
-489.06631499
-489.02341891
-489.00933969
-488.99554086
-488.97802724
-489.13122958
-489.11184553
-489.09084529
-489.05517838
-489.28673339
-489.33477263
-489.57419759
-489.62017923
-489.60130694
-489.68040775
-489.65792619
-489.63766276
-489.79137195
-489.92660268
-489.91026754
-490.14841508
-490.39228399
-490.59957231
-490.55559641
-490.53985664
-490.62221111
-490.60708502
-490.58876667
-490.75606256
-490.92084122
-490.87724015
-491.07893266
-491.05820462
-491.01307376
-491.04739134
-491.00165713
-490.98310778
-490.98176148
-491.21830307
-491.17146974
-491.38747541
-491.58535056
-491.78264711
-492.02433733
-492.26242385
-492.21831834
-492.41981711
-492.61232168
-492.59989103
-492.70571320
-492.90615495
-492.88489129
-493.07478112
-493.27827648
-493.40189958
-493.62011075
-493.85739951
-493.86971761
-494.06150628
-494.28115855
-494.50728777
-494.56423800
-494.76356632
-494.98136607
-494.94605970
-495.09025872
-495.24149725
-495.28297484
-495.48408980
-495.62826503
-495.84657913
-495.90028112
-495.94280792
-496.06012187
-496.13232231
-496.10369600
-496.06540318
-496.05100174
-496.25649455
-496.21173142
-496.36853873
-496.58738758
-496.81323873
-497.02178533
-497.25344217
-497.22795317
-497.18792486
-497.17321729
-497.27737183
-497.41112099
-497.48190041
-497.57315709
-497.65874156
-497.83945107
-497.94731313
-498.01189053
-497.98742743
-497.98607490
-497.97288875
-498.10488134
-498.13892705
-498.27825335
-498.44584096
-498.63444522
-498.61067970
-498.56625125
-498.77529407
-498.93970818
-498.90823574
-499.12802462
-499.10010562
-499.26264741
-499.22754648
-499.44762234
-499.41978927
-499.54280233
-499.76685256
-499.83546336
-499.77312204
-499.75257616
-499.70449588
-499.82891167
-500.04713323
-500.03399585
-499.97951741
-499.94244068
-499.92321466
-499.90740633
-500.00720980
-499.98286238
-500.14545405
-500.36367676
-500.57317437
-500.55255093
-500.76293038
-500.83788207
-500.95298518
-501.08069817
-501.27970113
-501.34723680
-501.56686500
-501.52223265
-501.72592543
-501.94226584
-501.89667649
-502.11683942
-502.20277755
-502.28350508
-502.23424931
-502.44910839
-502.62038474
-502.76935605
-502.94560859
-503.07235980
-503.23636284
-503.32640638
-503.48404311
-503.42649369
-503.37947846
-503.34815995
-503.51019295
-503.60682790
-503.55236297
-503.51634083
-503.47538810
-503.69805008
-503.66337386
-503.61172919
-503.81738317
-504.04481776
-504.25877896
-504.47762005
-504.41149864
-504.48436949
-504.70771050
-504.82576037
-505.01350868
-505.19929084
-505.24553364
-505.38501174
-505.50078004
-505.67959698
-505.81427960
-505.78701810
-505.75592906
-505.72781813
-505.92043316
-506.14194506
-506.36415969
-506.55248739
-506.52328767
-506.71140062
-506.92410819
-506.98003506
-506.94159897
-507.15091490
-507.09484736
-507.19260793
-507.40506958
-507.35954292
-507.55363783
-507.57910280
-507.71221518
-507.88045521
-508.09468922
-508.28978830
-508.22369748
-508.36477047
-508.31309340
-508.26222175
-508.26065638
-508.38396175
-508.38839870
-508.34588087
-508.55171680
-508.62035954
-508.81915554
-509.00729195
-508.97066995
-508.94517425
-509.09900742
-509.20041322
-509.39925638
-509.61433960
-509.58368490
-509.72402289
-509.90380764
-509.86785033
-509.99698521
-510.13149570
-510.27325019
-510.33133428
-510.27742529
-510.34344020
-510.30761999
-510.35982886
-510.47728877
-510.46130937
-510.63635884
-510.57569604
-510.53390144
-510.67863770
-510.89111566
-511.02706880
-511.23263155
-511.35353521
-511.51194235
-511.48034630
-511.43396950
-511.62868148
-511.57771608
-511.53900432
-511.48825128
-511.64697219
-511.77670016
-511.92760353
-511.99698947
-511.94944746
-511.91263081
-511.86631942
-511.97840936
-512.12309087
-512.06276793
-512.09364477
-512.13599471
-512.09081988
-512.02945320
-512.13916697
-512.19220690
-512.39156898
-512.60222756
-512.73987152
-512.93774318
-512.97509182
-513.02444295
-513.23177186
-513.43032635
-513.37662161
-513.32962940
-513.27378739
-513.47095731
-513.44067554
-513.58020548
-513.78646566
-513.96552464
-514.02081148
-514.12615751
-514.06561738
-514.25009134
-514.38260593
-514.31793888
-514.37173959
-514.36245295
-514.42491963
-514.53384198
-514.55139212
-514.49106304
-514.61366109
-514.57249768
-514.61523632
-514.70742463
-514.75536292
-514.68903064
-514.86905961
-515.02631380
-515.06441641
-514.99535569
-514.93068191
-515.04811687
-515.25157267
-515.18781283
-515.36632697
-515.56226386
-515.49049046
-515.41930570
-515.34698316
-515.27979371
-515.21010294
-515.18074022
-515.28881170
-515.39225834
-515.59468133
-515.79102131
-515.96118265
-515.88863581
-516.02092186
-516.08016314
-516.03946468
-516.23699919
-516.18078396
-516.11348960
-516.04214719
-516.04859233
-515.98294705
-515.94513793
-516.10818205
-516.05541671
-516.23764634
-516.16680820
-516.20646954
-516.39376005
-516.39881059
-516.46799346
-516.48393750
-516.40813790
-516.54001112
-516.49898805
-516.43344402
-516.62849759
-516.55369649
-516.48591117
-516.57758807
-516.53817580
-516.65646886
-516.59293267
-516.71179247
-516.90814420
-516.83616555
-516.77272755
-516.80914225
-516.98279085
-516.91868491
-516.84766197
-517.04141411
-517.22669438
-517.18023557
-517.22559013
-517.30643065
-517.22205049
-517.30468508
-517.33906521
-517.48645620
-517.50132324
-517.58993982
-517.66666100
-517.61382499
-517.74136717
-517.66476127
-517.61574869
-517.53233842
-517.47328714
-517.40080447
-517.32860342
-517.28591299
-517.46177484
-517.57651535
-517.52854311
-517.45852463
-517.38548456
-517.32470125
-517.46428597
-517.38085377
-517.52859442
-517.44266181
-517.57348236
-517.49282858
-517.42013993
-517.45949616
-517.61086825
-517.54300672
-517.68027770
-517.85393258
-518.00592138
-518.20695619
-518.41054485
-518.32548826
-518.39182573
-518.53680456
-518.73002800
-518.84030749
-518.78099972
-518.70856768
-518.88139971
-518.79200157
-518.72017659
-518.86552154
-518.77808779
-518.91417810
-519.07052475
-519.07402156
-518.98926829
-518.97349285
-519.00500704
-519.18641972
-519.36158233
-519.50136882
-519.55251446
-519.73449984
-519.79159390
-519.90022265
-520.01052826
-519.92816508
-519.99866521
-520.04201883
-520.04238614
-520.10266112
-520.01357679
-520.20635194
-520.40342694
-520.47845116
-520.62221910
-520.81430137
-520.97811150
-521.15011801
-521.07649209
-521.25199164
-521.15651957
-521.07128837
-521.12001746
-521.30436362
-521.29503629
-521.20660142
-521.11991924
-521.03439906
-521.17810888
-521.22066472
-521.17371336
-521.15018746
-521.33119961
-521.48336562
-521.53648162
-521.73350777
-521.84439833
-522.03325628
-521.99205933
-522.01899533
-522.21558259
-522.15963787
-522.35785902
-522.38131240
-522.53363066
-522.70930012
-522.66566191
-522.81787972
-522.97321990
-523.11222905
-523.29859202
-523.20762309
-523.40700766
-523.32736274
-523.51778774
-523.42370901
-523.33202450
-523.25694417
-523.35544727
-523.26694220
-523.19921918
-523.37498056
-523.57036271
-523.71427344
-523.90484862
-523.84673090
-523.85178212
-524.00626560
-524.19172796
-524.11809005
-524.17272189
-524.32097000
-524.51093615
-524.43163998
-524.47773924
-524.37788888
-524.51157385
-524.65193346
-524.83918243
-524.74035798
-524.83419366
-524.73856762
-524.63840763
-524.54622655
-524.62813795
-524.69454963
-524.60935404
-524.62519859
-524.52261129
-524.55109209
-524.74648367
-524.91274509
-525.10944955
-525.00773100
-525.17254418
-525.08636442
-525.28536434
-525.18914719
-525.10696234
-525.03173056
-524.95732647
-524.85034106
-525.03475659
-525.16933224
-525.06403358
-524.95535512
-525.00642595
-525.03556020
-524.93738971
-524.83037203
-524.72628231
-524.84682197
-525.01796356
-525.16106979
-525.07180789
-525.25723411
-525.17127206
-525.15312583
-525.04944191
-525.16977422
-525.36430378
-525.48855881
-525.38370670
-525.27506284
-525.39985909
-525.30129764
-525.20254642
-525.10914497
-525.30427862
-525.19077805
-525.30256819
-525.41717085
-525.57366082
-525.48831010
-525.63966747
-525.83047746
-525.89052299
-526.07682166
-526.24433903
-526.14891764
-526.04744463
-526.17284600
-526.30074608
-526.49035479
-526.68775549
-526.77462498
-526.65657180
-526.54690656
-526.60235489
-526.48524080
-526.36866296
-526.52975885
-526.71823631
-526.90546195
-527.05147450
-527.24477618
-527.33237430
-527.48960934
-527.67695428
-527.80185273
-527.95327534
-527.84369252
-527.72381686
-527.84801526
-528.02419523
-528.19623078
-528.38467691
-528.56968346
-528.71246928
-528.90303406
-528.77949202
-528.65881768
-528.84490438
-528.72656997
-528.61423988
-528.75413788
-528.93168882
-528.94014402
-528.81754157
-528.69475434
-528.73276019
-528.61044070
-528.49516342
-528.63030423
-528.80149965
-528.68058624
-528.75558801
-528.80926360
-528.89138475
-529.07471259
-529.23708393
-529.31865152
-529.19346704
-529.06945526
-529.13688456
-529.01808372
-529.04385759
-529.10480642
-528.97720006
-529.16130672
-529.03792430
-528.90856072
-528.82291075
-529.00626572
-529.13556202
-529.00745137
-529.04336497
-528.91481975
-529.09472319
-529.21966886
-529.15722224
-529.30399803
-529.39132993
-529.28950048
-529.44309749
-529.51063746
-529.58009956
-529.44306532
-529.36996131
-529.25538048
-529.16654390
-529.22949937
-529.33859995
-529.52515373
-529.39808989
-529.45839135
-529.56657625
-529.73451564
-529.60243009
-529.51744342
-529.69609169
-529.85846953
-529.76646893
-529.88825511
-529.75297597
-529.88688167
-530.05905334
-529.92662362
-529.83497210
-530.01417014
-530.17367589
-530.33975858
-530.22315088
-530.09333152
-530.20015295
-530.24671541
-530.23749171
-530.11085912
-530.25776913
-530.13302420
-530.00712983
-529.88207736
-530.00587778
-529.89764628
-529.80251607
-529.91786216
-530.03286028
-530.19268357
-530.28101541
-530.42564586
-530.31753879
-530.46645859
-530.33148005
-530.39495674
-530.47206322
-530.62637625
-530.79499274
-530.90430857
-530.82287284
-530.92736260
-530.79276110
-530.94897966
-530.81851069
-530.96805995
-531.06161577
-531.21687628
-531.30798253
-531.46994476
-531.60429023
-531.78280314
-531.96370856
-532.14241801
-532.29168245
-532.47747647
-532.59747686
-532.70853671
-532.86244067
-532.92270311
-533.05494517
-533.16950134
-533.35155630
-533.50085530
-533.38167968
-533.24670488
-533.11874821
-533.28848564
-533.46139533
-533.54223871
-533.42998308
-533.33137268
-533.24680878
-533.43586056
-533.34873927
-533.26867657
-533.26119691
-533.16576495
-533.04455315
-533.13159607
-533.00537441
-532.90495737
-533.09542440
-533.24672974
-533.12254272
-533.27569648
-533.38318630
-533.39573004
-533.29794662
-533.19615051
-533.35765129
-533.44496199
-533.56668127
-533.74799184
-533.93532225
-533.83983551
-533.95127324
-534.13497084
-534.00266924
-533.87603302
-534.00130256
-534.10704826
-534.23737276
-534.18418916
-534.25106097
-534.42724133
-534.34641250
-534.51546415
-534.64897388
-534.70681948
-534.89542891
-534.76831171
-534.66313591
-534.57230462
-534.54348595
-534.73336385
-534.61923474
-534.79607251
-534.98067732
-535.15494904
-535.25031020
-535.17898228
-535.29080402
-535.46868603
-535.33621480
-535.52731792
-535.69125646
-535.58013574
-535.74328228
-535.92048369
-535.80968866
-535.69289516
-535.83535979
-535.74309553
-535.58876065
-535.65390798
-535.69332761
-535.56388147
-535.64480513
-535.67883026
-535.56293818
-535.42617117
-535.31576038
-535.47268947
-535.64601426
-535.74529835
-535.88751112
-536.07152544
-536.12138468
-536.23409506
-536.14059142
-536.04740180
-535.93232369
-535.79317845
-535.69294999
-535.83843773
-535.71079211
-535.79227524
-535.66477807
-535.52182425
-535.71228672
-535.61172960
-535.62984393
-535.52365974
-535.43166392
-535.51055119
-535.56041673
-535.67202034
-535.54048379
-535.39263774
-535.56034025
-535.42421789
-535.61448059
-535.47769887
-535.35599724
-535.47622719
-535.67211229
-535.82253541
-536.00382010
-536.18038918
-536.15196505
-536.24257635
-536.28361736
-536.47399874
-536.65006745
-536.84507926
-536.96090793
-536.85160893
-536.95384250
-536.82231477
-536.71273264
-536.58021903
-536.75794478
-536.61065778
-536.47063244
-536.60987755
-536.64903184
-536.82964791
-536.82085162
-536.99922782
-536.89875719
-537.08731976
-536.98048982
-537.06617319
-536.93138535
-537.10627401
-537.28826821
-537.14316501
-537.00728557
-537.17939530
-537.31098468
-537.21073128
-537.12229922
-537.00682399
-537.09506496
-537.14063619
-537.30186651
-537.17078926
-537.35643031
-537.45275856
-537.64095997
-537.48949294
-537.37699021
-537.24403089
-537.35374622
-537.54102045
-537.72195328
-537.58394214
-537.68021169
-537.57383548
-537.43501995
-537.32368241
-537.20198500
-537.29641648
-537.47600088
-537.49049384
-537.58112218
-537.44292659
-537.30896004
-537.19077663
-537.08468964
-537.10890733
-536.97769818
-536.87355662
-536.93900100
-536.90548749
-536.77733892
-536.86589908
-536.75560303
-536.62049682
-536.78408255
-536.94599769
-537.02597790
-536.88915223
-536.76883016
-536.95434911
-537.12070230
-537.22588859
-537.13634266
-536.99401641
-537.13879068
-537.28562275
-537.37853016
-537.46555222
-537.53633105
-537.68879382
-537.54329697
-537.64364787
-537.77963884
-537.63630897
-537.80150604
-537.66488698
-537.65682204
-537.76402434
-537.62645344
-537.79016760
-537.94078969
-537.81835630
-537.70581040
-537.79467174
-537.96625575
-537.83914535
-538.02667704
-537.89917876
-537.75596195
-537.92989088
-537.80240300
-537.95992747
-537.83960393
-537.72296756
-537.66414763
-537.53176762
-537.40107216
-537.26134890
-537.13184215
-537.00635564
-537.13802236
-537.24139039
-537.11072624
-536.98377181
-537.08209132
-536.94737514
-536.81540554
-536.68219404
-536.55015156
-536.70624215
-536.87275584
-537.06106564
-537.13863309
-537.01100157
-537.20986855
-537.28281294
-537.32884771
-537.19798096
-537.33662242
-537.40377655
-537.29162289
-537.15016949
-537.02039156
-536.89416021
-537.00076489
-536.87294161
-536.99158703
-537.18935770
-537.27013397
-537.46031592
-537.32922052
-537.20275019
-537.40145437
-537.27348013
-537.13945275
-537.00736592
-536.88082979
-536.75456735
-536.62960639
-536.51207170
-536.37631809
-536.56285866
-536.67067155
-536.53073581
-536.71968487
-536.59515798
-536.47082848
-536.64867490
-536.52341259
-536.68000092
-536.87117448
-537.03274615
-536.90118090
-537.02434105
-537.12305977
-536.98948853
-537.12963562
-537.30451090
-537.44366700
-537.49138049
-537.38564532
-537.27149855
-537.45520874
-537.64138432
-537.54690195
-537.45413685
-537.34555801
-537.23888710
-537.32840387
-537.37285756
-537.24031661
-537.12520992
-537.00931482
-537.12887495
-537.02662474
-537.08518377
-537.24213018
-537.11552367
-537.00520874
-537.19786470
-537.35441189
-537.44616879
-537.30949520
-537.40860965
-537.27363499
-537.38708455
-537.26908094
-537.15127630
-537.03487180
-537.19102848
-537.32812408
-537.45174579
-537.64012507
-537.80213036
-537.68123766
-537.54760813
-537.63964611
-537.51880801
-537.69535845
-537.58897261
-537.46506486
-537.62844056
-537.52056816
-537.64043526
-537.82541279
-537.71413662
-537.60377089
-537.70720172
-537.59529926
-537.70686428
-537.59240621
-537.48352037
-537.37680253
-537.56096394
-537.72394917
-537.60009719
-537.67402716
-537.53952603
-537.41121075
-537.58929470
-537.48745162
-537.38539974
-537.41308699
-537.59971169
-537.66076129
-537.55789617
-537.58777015
-537.47306195
-537.33585132
-537.20453875
-537.37821168
-537.49262554
-537.67313327
-537.55772970
-537.74218244
-537.63041965
-537.51076254
-537.69683199
-537.80834527
-537.66956646
-537.53812846
-537.40415207
-537.56978117
-537.43430312
-537.58869558
-537.45580783
-537.32957913
-537.51952412
-537.71419219
-537.57821594
-537.57928576
-537.76681217
-537.63302047
-537.80556891
-537.85979954
-538.02272696
-537.88836139
-537.75378344
-537.84256658
-537.96643309
-537.83163194
-537.73160712
-537.60416557
-537.48642397
-537.37096526
-537.28713962
-537.19730791
-537.06664902
-537.18876789
-537.06505368
-537.05717704
-536.94412234
-537.13892559
-537.00809751
-537.19445655
-537.07426636
-536.98426956
-536.87867058
-536.75239502
-536.65603786
-536.52263713
-536.72936066
-536.59926172
-536.79162420
-536.98645170
-537.13987858
-537.30844713
-537.21531133
-537.41022300
-537.31999818
-537.19090292
-537.09094296
-536.96089248
-537.15733513
-537.06027691
-537.22164184
-537.13795269
-537.03710882
-537.16233113
-537.25715712
-537.46297793
-537.56885060
-537.47431995
-537.61426482
-537.81369014
-537.70595118
-537.82903328
-537.92507385
-538.11976263
-538.24285638
-538.36973850
-538.58268066
-538.50005936
-538.41531577
-538.32113806
-538.20035944
-538.40115223
-538.27448110
-538.41533664
-538.61950030
-538.82559078
-538.72013648
-538.89060232
-538.79901659
-538.98388585
-538.86046831
-538.74057199
-538.87875439
-538.75800936
-538.66109705
-538.75383690
-538.63285624
-538.53302279
-538.41325173
-538.29908580
-538.49299135
-538.64780052
-538.78947345
-538.99378754
-539.12783399
-539.34156379
-539.22048713
-539.36263303
-539.24131039
-539.12176254
-539.00150217
-538.87912735
-539.05543734
-539.26834323
-539.48840360
-539.36779336
-539.53978694
-539.41794178
-539.29704956
-539.51114481
-539.73054815
-539.90823335
-539.78575462
-539.99587082
-539.87333754
-540.09671767
-540.32205679
-540.20695612
-540.08480739
-540.30902120
-540.54197931
-540.46197080
-540.35095234
-540.51104240
-540.70287776
-540.58014360
-540.72977829
-540.62312829
-540.50370170
-540.37885785
-540.25616394
-540.13259328
-540.01923723
-539.93978725
-540.11547089
-540.24586058
-540.15532742
-540.39523806
-540.62303771
-540.82840660
-541.01185212
-540.91551592
-540.79161306
-541.00616271
-540.92560266
-540.83135855
-541.07534876
-541.33239694
-541.54491106
-541.45540043
-541.68120073
-541.56037657
-541.45109501
-541.36077864
-541.25826866
-541.15147645
-541.05970742
-540.97103185
-541.16013122
-541.04654279
-541.24597970
-541.43435329
-541.68178710
-541.84723804
-542.02013791
-542.27033342
-542.49010849
-542.70310910
-542.93434061
-542.81279986
-543.07291175
-542.98246393
-543.24084255
-543.12260458
-543.33160297
-543.58405183
-543.49850373
-543.37475264
-543.63226920
-543.84993476
-543.73024516
-543.62946178
-543.81474797
-543.98195858
-544.18785569
-544.37266606
-544.61433648
-544.81779916
-544.69131963
-544.93071531
-544.81237797
-544.69100631
-544.56618658
-544.74528014
-544.96343496
-545.23549620
-545.45686396
-545.69207874
-545.96363028
-546.25131866
-546.42268039
-546.70167435
-546.92913070
-547.11467648
-546.98831711
-547.24276297
-547.11781853
-547.36487228
-547.51947437
-547.77274561
-547.65182613
-547.90207512
-548.16452249
-548.36249375
-548.59028332
-548.47771759
-548.45044922
-548.32817913
-548.21669675
-548.45655741
-548.33995041
-548.23335517
-548.12146436
-548.29132621
-548.53074579
-548.77781954
-549.00471181
-548.88897470
-548.76412364
-549.02707413
-549.25747541
-549.15654040
-549.06184347
-549.30705273
-549.51837701
-549.43441938
-549.32370892
-549.51522732
-549.75474098
-549.95930481
-550.18813751
-550.42190931
-550.30920964
-550.54793494
-550.44061440
-550.34204589
-550.24628506
-550.16237612
-550.04245696
-550.31366345
-550.23150868
-550.11008619
-550.35582240
-550.27162913
-550.16241305
-550.40651896
-550.29991021
-550.54420594
-550.42152059
-550.30226423
-550.58888978
-550.84148295
-550.72740340
-550.94974141
-550.84304931
-550.74944569
-550.64037639
-550.90474542
-550.79635739
-550.67798058
-550.90047781
-550.79032905
-550.66078613
-550.55121193
-550.82005142
-550.72332671
-550.60315108
-550.85401953
-551.09951583
-551.34472360
-551.61572440
-551.47345245
-551.33222410
-551.58620512
-551.86325106
-552.11555419
-551.98650957
-551.89908872
-552.15111756
-552.40233617
-552.64875884
-552.53626649
-552.39489422
-552.25528314
-552.49446815
-552.75217101
-553.00135831
-553.26298926
-553.52467361
-553.38667595
-553.25298276
-553.52896605
-553.80400847
-554.06237696
-553.93189140
-553.80553956
-554.08724578
-554.38538306
-554.24612736
-554.50271502
-554.74846384
-555.01930176
-554.92121384
-554.80582590
-555.08772905
-554.97650286
-555.22796918
-555.48645717
-555.39658388
-555.64897414
-555.52732337
-555.41065252
-555.32433724
-555.22011730
-555.13012125
-555.34851366
-555.61029502
-555.90434661
-556.20264893
-556.06786813
-556.33371838
-556.20156553
-556.07780261
-556.32479161
-556.18779217
-556.44680726
-556.30957735
-556.57328902
-556.87290506
-557.16990099
-557.47274288
-557.76862357
-558.03315856
-557.89484712
-557.77241651
-557.68314346
-557.56354196
-557.43804699
-557.73989560
-558.04208789
-558.28847337
-558.56171516
-558.45024107
-558.74512595
-559.04062151
-559.29998606
-559.18300033
-559.05979814
-558.94040813
-559.23742499
-559.58014478
-559.48202540
-559.70724165
-559.56944389
-559.44220919
-559.30254887
-559.16222403
-559.45666322
-559.73284688
-559.60984768
-559.92912119
-560.18699216
-560.05830892
-560.29592048
-560.55569368
-560.84908195
-561.07960051
-560.93928931
-560.81852471
-561.05305702
-561.32282230
-561.59476625
-561.83985501
-561.96590367
-562.20765577
-562.09902208
-562.43202410
-562.75115297
-563.04919112
-563.00617611
-563.26064836
-563.18493069
-563.43458031
-563.77245098
-563.67604198
-563.90674947
-563.77582293
-563.68072489
-563.61097928
-563.95858327
-564.23994248
-564.47681767
-564.77816136
-564.65148870
-564.50563830
-564.35110284
-564.62436425
-564.87850692
-564.73830866
-564.64243665
-564.92720666
-564.78830925
-565.15604596
-565.01373118
-564.87617379
-565.20120056
-565.06359524
-564.92892219
-565.20638932
-565.06721469
-564.92477002
-564.78490466
-565.05440751
-565.40752490
-565.75816038
-565.63330317
-565.88669671
-566.14383339
-566.37167803
-566.23909757
-566.51091631
-566.77183056
-566.62654548
-566.49278989
-566.84879155
-566.72061065
-567.00776058
-567.32036768
-567.18993345
-567.44981722
-567.72309853
-567.99085980
-568.33523200
-568.57221949
-568.44457708
-568.68371615
-568.56504480
-568.79656220
-569.13392208
-569.39162360
-569.25432715
-569.56070033
-569.42952405
-569.72113936
-570.02782933
-570.29699967
-570.53304811
-570.83042104
-571.14208972
-571.46680458
-571.70666958
-571.94984812
-572.18357644
-572.47131644
-572.71116489
-572.60305876
-572.47158710
-572.76784242
-573.04939968
-573.28910496
-573.15799671
-573.39922899
-573.24980008
-573.11531296
-573.40969380
-573.28084309
-573.56651374
-573.82325836
-574.05127755
-574.28393022
-574.51040521
-574.81263793
-575.06796762
-574.92635716
-574.79384037
-574.67597310
-574.97641240
-575.28401786
-575.15143827
-575.01722956
-574.88944773
-575.21410826
-575.52960193
-575.79962544
-576.04226614
-576.34500131
-576.57513397
-576.87498832
-577.13076149
-577.39335415
-577.29708189
-577.20158994
-577.20514513
-577.07973392
-577.32156274
-577.19865414
-577.53325962
-577.79826125
-578.05508366
-578.29526389
-578.52537063
-578.80074201
-579.08169108
-578.94551651
-579.25798184
-579.55694500
-579.43383786
-579.75102851
-580.03525149
-580.28145154
-580.16897095
-580.48375669
-580.34807242
-580.23127128
-580.10877476
-580.36220012
-580.67203554
-580.54899548
-580.41013949
-580.71085235
-580.57467340
-580.80135229
-581.17978437
-581.40958413
-581.65876964
-581.52558833
-581.38914028
-581.25683372
-581.13028933
-580.99630655
-580.86443454
-580.74286493
-581.05139131
-581.40082208
-581.26358910
-581.54950908
-581.93539230
-582.19151953
-582.05263418
-581.91483909
-582.18917633
-582.04519111
-582.35684033
-582.58310385
-582.94189752
-583.37847776
-583.72982906
-584.02362650
-583.88220541
-583.74253216
-584.09769310
-583.96479471
-583.82685674
-584.05757784
-584.34861952
-584.20542601
-584.06145362
-583.92839356
-584.24728277
-584.53812887
-584.85216199
-585.10631242
-585.38071536
-585.66368771
-586.01212044
-586.39724346
-586.66827370
-586.55240428
-586.41947925
-586.32206528
-586.58005928
-586.98208022
-587.20695269
-587.55189053
-587.83690565
-587.74794283
-587.62300015
-587.48429408
-587.86281656
-587.72071451
-588.16775035
-588.06045575
-588.28587264
-588.54928282
-588.78051438
-589.05166528
-588.94121299
-588.83554516
-589.14947103
-589.03432225
-589.41377052
-589.79213844
-590.12457632
-589.98832923
-590.29999251
-590.19080102
-590.42261304
-590.69201669
-590.55109124
-590.42784542
-590.28411074
-590.13784764
-590.43698929
-590.29166816
-590.59857006
-590.90390345
-591.32707712
-591.20230867
-591.07084316
-591.38599177
-591.27140353
-591.14264576
-591.51835682
-591.37593133
-591.63202387
-592.02905651
-592.39486074
-592.66711579
-592.78683649
-593.13967754
-592.99457925
-593.28089694
-593.14565027
-593.43113496
-593.71895854
-593.58488525
-593.88585371
-594.30017814
-594.54712882
-594.80971915
-595.10389291
-595.50842577
-595.75334616
-596.07431469
-595.95824361
-595.82503497
-595.70107607
-595.94379484
-596.21715365
-596.08808265
-595.96128554
-596.30845386
-596.65059271
-596.52993331
-596.41244707
-596.27252835
-596.54436437
-596.42868803
-596.30054190
-596.17387682
-596.05466882
-596.37563153
-596.23716656
-596.09299325
-595.94990937
-595.81103094
-596.18221386
-596.04033054
-596.41334880
-596.27366563
-596.62368899
-596.48330550
-596.34510836
-596.20184294
-596.53584605
-596.90118042
-597.27284096
-597.60068756
-598.03308375
-597.89234831
-598.14933399
-598.01371052
-598.39337588
-598.75331572
-599.01628636
-598.87058415
-598.72558527
-598.58041108
-598.46006984
-598.73784413
-599.11538202
-599.40265699
-599.26137276
-599.61770335
-599.47195469
-599.32942747
-599.18395502
-599.03933698
-598.89613906
-599.32110112
-599.18895696
-599.57835636
-599.95906486
-600.27072955
-600.54975939
-600.89556273
-601.23692598
-601.51363267
-601.86729927
-602.22515976
-602.58066164
-602.92288678
-603.24944737
-603.10807358
-603.50508261
-603.35824520
-603.65691814
-604.10936824
-604.48759083
-604.80682418
-605.18189887
-605.45540484
-605.31753209
-605.17646777
-605.02897295
-605.51141649
-605.91298579
-605.76602380
-606.11942306
-606.54308155
-606.94413666
-607.30806430
-607.66699732
-607.96716357
-608.40448382
-608.75372426
-608.62878219
-608.93682603
-608.80487537
-609.20960258
-609.67348383
-609.53246505
-609.38691660
-609.68076366
-610.09992343
-610.40028488
-610.25200793
-610.75767111
-611.05305977
-610.92675309
-610.78023283
-611.06584811
-611.41467945
-611.26612651
-611.58435443
-611.43542034
-611.28834570
-611.59118845
-612.02972203
-612.35242731
-612.75314164
-612.60400105
-612.45483465
-612.87515025
-613.17595806
-613.02619017
-613.48171800
-613.77942629
-613.62964097
-614.07841635
-614.50510175
-615.00124631
-614.85188349
-615.33679255
-615.63800780
-616.13522436
-616.44086538
-616.29026470
-616.62286660
-617.03092138
-617.37806534
-617.23194705
-617.09128099
-617.40987782
-617.84659579
-618.23739657
-618.53290662
-618.38735532
-618.82478531
-619.16845334
-619.01745746
-618.87232607
-618.72959496
-619.02800224
-618.90013216
-619.27723523
-619.71075833
-620.26648529
-620.16081053
-620.46516955
-620.77405969
-620.64810094
-620.51782533
-621.07176202
-621.46871623
-621.78383937
-622.09497885
-622.54733137
-622.40120468
-622.93927364
-622.78791051
-622.64324300
-622.50449322
-622.36774059
-622.82661822
-622.69162469
-622.55886388
-622.42709525
-622.99494787
-623.34019185
-623.93125249
-624.41676080
-624.79825816
-625.30039270
-625.75325115
-626.12291841
-626.44282110
-626.87273443
-626.76556424
-626.63301134
-626.94474610
-627.40505374
-627.26019726
-627.76491319
-628.20386805
-628.06580587
-627.91410109
-628.28129492
-628.60621939
-628.46703360
-628.34760584
-628.81631273
-629.20651321
-629.07740379
-629.51831214
-630.15307315
-630.46393320
-631.00856622
-631.34255596
-631.76916238
-632.33592488
-632.19141048
-632.65386107
-632.95883968
-633.34797662
-633.81125521
-633.68986095
-633.55382754
-633.43724227
-633.90923899
-634.40224942
-634.89716079
-635.35704150
-635.21917987
-635.09579612
-634.95842526
-635.30902723
-635.78739720
-636.25775832
-636.56523016
-636.88283368
-637.27500344
-637.13679772
-637.01355371
-636.89736539
-636.77196107
-637.08276042
-637.56898577
-637.42980305
-637.91619275
-638.52464621
-638.86901217
-638.73247505
-639.15536011
-639.01788941
-638.89755024
-638.77552721
-639.21974530
-639.09535366
-638.97271365
-638.85180572
-638.72430059
-639.31305535
-639.77883221
-640.45502712
-641.06253537
-641.64685937
-641.53635638
-641.90003472
-642.27163999
-642.14606467
-642.49889959
-642.37457447
-642.25137931
-642.60465995
-642.47641689
-642.35809066
-642.24431350
-642.82706437
-643.26239076
-643.77686225
-644.37196166
-644.23866124
-644.11314680
-644.70230969
-644.57518030
-644.45747070
-644.33273318
-644.21398047
-644.08885887
-644.45617302
-644.80027846
-644.67763051
-645.24889735
-645.12462369
-645.77940804
-646.15725365
-646.68447504
-646.56188423
-646.44374308
-646.80168015
-647.54043766
-647.94102902
-648.53934863
-649.07906771
-648.95720380
-648.82647878
-648.70073528
-649.08548535
-648.97248897
-648.84725272
-649.43788029
-650.11974268
-650.66840755
-651.04290613
-650.91136791
-650.79170765
-651.22402000
-651.09888925
-651.70983082
-651.58017345
-652.19699609
-652.59814871
-653.15627280
-653.03650459
-652.92883975
-653.57718117
-653.46442364
-653.33301358
-653.21275482
-653.67199787
-654.21487482
-654.09173841
-654.42416777
-654.30562074
-654.19919589
-654.69665799
-655.09791911
-654.96652660
-654.83306281
-655.40213211
-655.27262789
-655.58015130
-656.12897164
-656.52440172
-656.39577686
-656.26322997
-656.66777809
-656.53468719
-656.98987006
-657.38278596
-657.27919512
-657.83832881
-657.70514998
-658.12792827
-658.01618074
-658.54286489
-658.43056694
-658.81605074
-659.18232466
-659.52396082
-659.39753659
-659.26184184
-659.13054951
-659.68036416
-660.27146306
-660.16378410
-660.48822435
-660.37327311
-660.80141477
-661.35660587
-661.99024328
-661.85473979
-661.73567952
-662.27004877
-662.73576440
-663.37875457
-663.70017165
-664.11259015
-663.98920303
-663.86576616
-663.74464766
-663.62614486
-663.51743114
-663.38778297
-663.26134171
-663.68963705
-663.56328021
-664.03766136
-664.51623685
-665.08831811
-664.98148204
-665.42653235
-665.30873497
-665.20151079
-665.71035981
-666.52319829
-666.40688316
-666.27546924
-666.14989965
-666.65568946
-666.53677251
-667.21045841
-667.09914924
-666.97155040
-666.84387896
-667.44453195
-668.03503925
-668.62754748
-669.14580831
-669.49598129
-669.37827343
-669.25101373
-669.94896550
-669.82184361
-669.69532077
-670.45523833
-671.23830263
-671.12158179
-670.99563357
-670.85889559
-670.73319033
-671.24390955
-671.88867471
-672.23859385
-672.61171886
-673.13191489
-673.01368740
-672.89256346
-672.78851963
-672.66492173
-673.05544831
-672.93113776
-672.80773213
-672.67621325
-672.55754065
-672.42816311
-673.31048224
-673.73242410
-674.55800473
-675.44300794
-675.96480476
-676.39544519
-676.27672417
-676.97313342
-676.85041682
-676.72647670
-677.27582827
-677.14328495
-677.03306025
-677.66855704
-678.35366848
-678.76717556
-679.55054749
-679.41950944
-679.29009311
-679.93606588
-680.60147167
-681.19110233
-681.06717831
-681.53008134
-681.93248765
-681.81662738
-681.70803242
-681.58540695
-681.47723074
-681.35604899
-681.80038558
-681.67565125
-682.10233236
-682.96218670
-683.35774027
-683.26285158
-683.77320058
-684.26853759
-684.14299806
-684.59190310
-684.47672119
-685.30469635
-685.17788900
-685.97801057
-685.86142971
-686.39297679
-686.28460340
-686.83819019
-686.71828521
-686.61400452
-686.50551275
-687.46525417
-687.47238543
-687.93019001
-688.43411771
-689.13124183
-689.52140786
-689.98492312
-689.87061792
-689.76066168
-689.64159677
-689.54259539
-690.15942665
-690.98076409
-691.63024466
-691.51905201
-692.40416866
-692.81842010
-692.70760584
-693.43935707
-693.32798923
-693.21700408
-694.01244641
-693.90783786
-694.52488877
-694.42472515
-695.25458390
-695.14452422
-695.03598113
-694.93154966
-695.68452596
-695.57388448
-695.98202348
-696.48291860
-696.37917629
-697.06971503
-696.95937462
-697.63201495
-697.50752304
-697.40225028
-697.79775957
-697.67604782
-697.54873336
-698.35745248
-698.25236173
-698.13928846
-698.04985501
-698.69218771
-698.58702577
-699.39958526
-699.29445029
-700.09274433
-699.96235708
-700.44167005
-701.21312597
-701.08015751
-700.97519646
-701.39056686
-702.21786136
-702.63113314
-703.16097087
-703.02928136
-702.90680773
-702.78049474
-703.36986241
-704.21417767
-704.99172130
-704.87800516
-705.40721835
-706.24256528
-706.11143203
-705.98366931
-705.86676281
-705.74966203
-706.28632218
-707.19359916
-707.65623487
-707.54289250
-708.47197512
-708.37225355
-708.25954287
-708.16146406
-709.02705799
-709.50550925
-710.10689758
-710.03301943
-710.75428463
-711.20527088
-711.97340255
-712.91944633
-713.44087148
-714.35068702
-714.23108767
-714.67486335
-715.32367343
-715.19988236
-715.07974607
-715.65880914
-716.52897312
-717.36499344
-717.81270880
-718.25649758
-718.14404703
-718.02495883
-718.55556214
-719.35279172
-720.36663112
-721.18614220
-721.07489681
-720.95814364
-721.59015221
-721.50570982
-721.99794516
-722.71257379
-723.45759353
-723.38818237
-724.16025757
-724.05679760
-723.98176907
-724.93753450
-724.81400877
-724.69293894
-724.61907516
-724.53327996
-724.43585680
-724.38569692
-725.34474042
-726.05362502
-725.99737276
-726.46536132
-726.34711206
-727.31344301
-728.39407225
-728.27819364
-728.17472927
-729.08801676
-729.02203065
-729.89286387
-730.88998725
-731.86990123
-731.76261503
-731.66384857
-731.56428843
-732.03108925
-731.93611385
-731.84322824
-731.74451245
-732.50603223
-733.07169567
-732.96718772
-732.86645488
-733.80678649
-734.50558016
-735.30974134
-736.33721737
-736.24304426
-736.14189877
-736.92248505
-737.94865781
-737.84246412
-738.94858662
-739.58270437
-740.52674088
-741.07790894
-740.98146758
-741.54377027
-741.43039971
-741.34052405
-742.29095021
-743.27097272
-743.90398959
-743.79830107
-744.53421597
-745.14841662
-745.05385241
-745.54904333
-745.47033403
-746.62240059
-747.52182150
-747.43493652
-748.49408351
-749.08693894
-749.64368377
-750.58402121
-751.28473212
-751.20949219
-752.10291405
-752.00615692
-752.55636017
-753.37262286
-753.29069614
-754.05941285
-753.96989963
-754.56871481
-754.50833463
-754.42629651
-755.44678140
-755.37921084
-755.98872470
-756.61289289
-757.30771545
-758.36050435
-758.25810610
-758.19230490
-758.11274523
-759.01254092
-759.82363375
-759.72295264
-759.62852933
-760.41078361
-760.98013636
-760.91701488
-761.84065204
-762.99890157
-763.86328634
-764.84656277
-764.76456301
-765.38837654
-765.30524978
-765.93204674
-766.83349651
-767.84029443
-769.04776131
-769.65622002
-770.32990573
-771.46886906
-771.37538596
-771.35594897
-771.25625231
-772.09119134
-773.16236825
-774.19798395
-775.14976383
-775.83530112
-776.88878540
-778.01714818
-777.91928674
-777.83179808
-777.74564301
-778.50464234
-779.21671386
-779.13100517
-779.75060726
-780.94076410
-782.01458074
-782.68426063
-783.30977459
-783.91779735
-784.62028122
-784.53878165
-784.46379852
-785.53218527
-786.27345727
-786.18030118
-786.08788080
-785.99667976
-786.72612304
-786.63479302
-786.60492445
-787.53147973
-787.52323771
-788.12167451
-788.76761025
-788.68756451
-789.65955420
-789.57261663
-790.28192581
-790.19999076
-790.12192159
-790.94235550
-791.77390032
-791.70410246
-791.64637556
-791.58822796
-791.50676754
-791.42984934
-791.32966382
-791.23727839
-791.16593203
-791.09106259
-791.02502580
-791.81807728
-792.66168445
-792.57496832
-793.36673366
-794.04881291
-795.25772837
-796.37862859
-796.30016454
-797.33860962
-798.29566427
-799.31838495
-799.30483867
-799.27694444
-800.01844961
-801.09415093
-801.01697285
-802.21618786
-803.00989768
-802.93052758
-804.09874284
-805.26800209
-806.25642182
-807.20960302
-808.04936990
-809.30635593
-810.44315497
-810.38689217
-811.48885441
-811.41795324
-811.33012323
-812.11493027
-812.03600240
-811.96021687
-812.96425602
-813.75234562
-815.14165905
-815.85755800
-817.06582021
-816.98235508
-818.04224332
-818.77663155
-820.06591343
-820.85121553
-820.80424518
-821.62688291
-821.56418570
-821.50044464
-822.77781833
-823.98123882
-823.91647864
-823.84959608
-824.58705549
-824.52388622
-825.74504085
-825.68831648
-826.87477987
-826.83535163
-826.76401521
-827.99343586
-828.90470438
-828.84858862
-829.66821634
-829.63485321
-830.41433316
-831.60004631
-832.39840886
-833.29983023
-833.24866246
-833.21105288
-833.16582578
-834.28867367
-835.39015013
-836.16355144
-836.09311320
-836.03472815
-837.00282811
-838.09937224
-838.04095720
-838.84954376
-838.78594795
-840.01578502
-839.96473915
-840.90602307
-841.79630735
-842.96052071
-842.89087420
-843.75680443
-843.70129227
-843.64335884
-844.89397348
-844.85569235
-844.80933588
-846.08541556
-846.01130993
-845.95158303
-846.74663330
-846.68123650
-847.85569477
-847.81952515
-848.81498720
-849.65359848
-850.66468097
-851.90693505
-851.83636905
-852.64449646
-853.84427028
-853.76547525
-854.56693155
-855.67143591
-855.61286365
-855.54138440
-855.46999143
-855.40682646
-856.50948676
-857.34727866
-858.53054738
-858.45229936
-859.26192776
-859.19432556
-859.13776090
-860.01795651
-859.95997005
-860.80027712
-861.64240442
-862.91840488
-864.19865038
-864.17161880
-865.61219023
-866.87652556
-866.81917352
-868.04777627
-869.08678630
-869.04287594
-868.97816797
-868.93246519
-869.80531812
-870.67550070
-871.59444918
-872.72384255
-874.04381702
-873.98384898
-873.93341636
-874.94927844
-876.15185937
-876.10500922
-876.89914873
-877.76644545
-877.72075627
-878.60618541
-878.59276205
-879.47966715
-879.43335151
-880.33705591
-881.43421411
-882.28874764
-882.24018218
-883.24340533
-884.09928471
-884.05941685
-884.01405139
-885.39958802
-886.35461022
-886.30869849
-887.42854728
-888.41309141
-888.36666023
-888.31203220
-889.58901263
-890.84326918
-892.12936263
-892.08454566
-892.03946570
-891.99406202
-891.93882638
-891.88720097
-893.01379804
-893.88922641
-895.16691272
-895.10654808
-896.20351902
-896.15075016
-897.38941318
-897.33847096
-897.29103717
-897.24111295
-898.14885165
-899.09711384
-900.15563261
-901.15417263
-902.11481822
-903.06153849
-904.18427293
-905.07456085
-905.01869609
-905.95476377
-907.13477007
-908.05060686
-908.00617756
-908.94551539
-910.02714132
-911.09252463
-912.04242086
-911.99888337
-911.92679272
-912.84323821
-913.88867013
-914.83236887
-916.43488261
-917.51182804
-917.44463441
-917.36800482
-917.28483902
-918.25282719
-918.18201298
-918.09348297
-919.44861004
-919.39256572
-920.83776447
-921.89115627
-923.00514568
-922.91393772
-923.97040098
-923.89547212
-925.14449350
-925.07419530
-926.05662077
-927.57822325
-929.02278312
-928.96446558
-929.94465160
-929.88694702
-930.88151412
-931.84827682
-933.25623659
-934.64436980
-935.56279797
-935.48981512
-935.40292050
-936.51756822
-936.43079251
-937.42625440
-937.36336266
-937.27944764
-937.21943069
-937.16191057
-937.10836739
-937.03183522
-938.01077800
-937.92915625
-939.27458379
-940.22423979
-941.37244183
-942.56381521
-942.49499459
-942.43255739
-942.34564311
-943.56923106
-943.49170943
-944.40366317
-944.33696207
-945.57746866
-945.51450079
-945.43469227
-946.74244491
-947.86948346
-947.79330077
-947.72215863
-947.63084501
-947.55635214
-948.55278416
-949.63072494
-950.91953950
-952.37385006
-952.29059388
-953.29559029
-954.32602821
-954.24897912
-954.16482923
-955.27771833
-956.24612347
-957.49531511
-958.86541226
-958.76420151
-960.21037878
-961.12890707
-961.02585167
-962.13475794
-963.67788691
-964.62457737
-964.51915808
-964.44780853
-965.41182366
-965.30875415
-966.29257509
-966.18962616
-967.26995595
-968.24995894
-969.66223119
-970.76305428
-971.68670239
-972.69356570
-974.10177692
-975.23818523
-975.13091525
-975.03116348
-976.02303760
-977.07841933
-978.06104107
-979.36573434
-980.35309321
-980.25079854
-981.30579180
-982.55514618
-983.88173469
-984.81958582
-985.93700871
-987.00830129
-986.89302145
-987.88520363
-987.78052088
-987.66276309
-989.05960567
-990.53048547
-991.53507344
-992.76365012
-992.68551536
-994.18301679
-994.06734636
-995.22911040
-996.21154065
-997.20369377
-997.08295212
-998.13035773
-998.01084054
-999.31779735
-999.20213280
-1000.63658763
-1000.51731430
-1001.48469222
-1001.36923295
-1001.25126499
-1002.48037666
-1003.59114310
-1003.47871100
-1003.35356528
-1003.23274587
-1003.13713323
-1003.02860722
-1004.09533035
-1003.99717830
-1005.18100144
-1006.32557911
-1006.20553131
-1007.32457922
-1007.20889769
-1008.52380526
-1010.21817180
-1011.56946675
-1012.84659943
-1012.72758374
-1012.60150239
-1012.48416884
-1012.35921863
-1013.68549986
-1013.57745381
-1014.56746968
-1014.45844900
-1014.34339966
-1014.22690279
-1015.45410117
-1016.54567995
-1016.43972627
-1016.33250988
-1016.21029720
-1017.81513113
-1018.87188138
-1020.46793864
-1021.44036888
-1022.88335137
-1022.77565702
-1024.02347937
-1023.92488473
-1025.28969350
-1025.18011073
-1026.25865074
-1027.81310427
-1027.71639698
-1029.25210706
-1029.15029621
-1030.18883012
-1031.30655329
-1032.34525466
-1033.64765725
-1034.95475893
-1036.59726935
-1037.60100250
-1038.73156144
-1039.77526610
-1041.33844875
-1041.23275394
-1041.13480018
-1041.04123680
-1040.90332175
-1042.65511655
-1042.51380888
-1042.37287264
-1043.66624914
-1044.99359777
-1044.84335012
-1046.39052243
-1046.24773281
-1047.76405847
-1047.63645533
-1049.10618394
-1050.36533190
-1050.27510078
-1050.15820073
-1050.04376779
-1051.13288740
-1050.98591002
-1052.08956836
-1053.65955046
-1053.56098932
-1055.22033678
-1056.85668221
-1056.70711851
-1057.84237417
-1057.75046909
-1058.78243662
-1060.38398762
-1060.22705778
-1061.50562582
-1062.89510375
-1062.74119968
-1063.85138782
-1063.70071169
-1063.54886216
-1063.39911626
-1064.50682111
-1064.35714853
-1064.20373120
-1065.83672326
-1067.08699621
-1066.93331007
-1067.97799679
-1067.82660914
-1068.87455026
-1070.52550944
-1071.60622175
-1073.38924409
-1073.23382492
-1073.07873219
-1074.30600978
-1075.72149550
-1077.14923717
-1078.21755309
-1078.06130130
-1077.90428311
-1079.23987960
-1080.49337607
-1081.58558784
-1081.42629956
-1082.51945322
-1083.56992009
-1083.41021212
-1083.25001583
-1083.08983654
-1084.70613549
-1084.54600509
-1085.81777535
-1086.90233495
-1086.74197615
-1086.60941890
-1087.70097385
-1087.54176473
-1087.38180206
-1087.22026506
-1088.27769680
-1089.51675017
-1090.68468232
-1092.40507844
-1093.45170362
-1093.28978180
-1094.49620808
-1094.34053373
-1095.52488923
-1095.38874861
-1096.43941310
-1096.26623301
-1096.14363753
-1095.97825004
-1095.82267405
-1095.65916111
-1095.49773667
-1097.15016758
-1099.13267412
-1100.26817764
-1100.10119845
-1099.93333454
-1099.76771469
-1100.92343576
-1102.65115172
-1102.48141667
-1102.31376628
-1102.14540279
-1103.25179934
-1104.38602099
-1106.16900362
-1107.93578152
-1109.69111089
-1109.53851538
-1109.36582885
-1110.60496569
-1110.46613503
-1112.08144789
-1113.39726465
-1113.21623085
-1113.04468249
-1112.88709573
-1114.64993482
-1115.91192743
-1115.77453906
-1115.60689904
-1116.97714752
-1119.23411541
-1121.01490238
-1120.84522413
-1121.96809781
-1121.79992206
-1121.63001883
-1121.46100075
-1121.29288285
-1121.13191911
-1121.08666872
-1122.70301048
-1124.13886471
-1123.96579471
-1123.79301981
-1125.53471597
-1126.81439113
-1128.90183784
-1128.72614637
-1130.32149633
-1131.53820950
-1131.36418206
-1131.19900114
-1132.33853410
-1132.19601713
-1133.54075056
-1135.30634637
-1137.21891485
-1138.72306404
-1139.91404331
-1139.73577093
-1141.53961992
-1142.79281883
-1144.05153533
-1145.29446123
-1145.11534554
-1146.57213825
-1148.08424218
-1149.96423128
-1151.74731282
-1152.57743301
-1152.42989124
-1153.64503267
-1155.43954265
-1156.93451153
-1156.76555001
-1157.99274570
-1157.83746922
-1157.66549814
-1159.29538005
-1159.12914637
-1160.61671646
-1162.03740716
-1161.86208891
-1163.19658735
-1163.04726682
-1162.87559595
-1162.71569134
-1162.55567697
-1162.39929220
-1162.23235375
-1164.44025916
-1164.29163564
-1164.12630455
-1163.96241393
-1165.22854715
-1165.07178872
-1166.37809157
-1167.80779504
-1169.71776528
-1171.24066410
-1172.59576489
-1172.44724304
-1172.27794218
-1174.44410567
-1175.84939704
-1175.70058696
-1177.00602589
-1178.98510802
-1181.09188459
-1182.65736446
-1184.70382002
-1186.74669448
-1188.43664480
-1190.09399132
-1191.77380997
-1192.13623557
-1194.47483877
-1194.32791153
-1194.14261903
-1195.61218326
-1195.45798036
-1197.55461618
-1198.90399685
-1200.91463678
-1202.21719326
-1203.51970859
-1203.36661482
-1203.21189049
-1204.52656226
-1205.96022996
-1207.95741579
-1210.32300493
-1210.17458205
-1210.02863757
-1212.09868369
-1213.50041331
-1214.77654376
-1216.21248114
-1217.61951934
-1219.94968900
-1221.30922044
-1221.16251279
-1222.63578350
-1224.01803612
-1223.86709527
-1223.71578100
-1223.56816987
-1223.41702593
-1223.28688510
-1225.31022605
-1226.71269721
-1226.57095095
-1228.53883174
-1229.82369440
-1229.68629764
-1231.40849917
-1231.26552602
-1231.13278875
-1233.59741759
-1233.46141365
-1234.96787588
-1234.84504889
-1236.34969007
-1237.95855126
-1237.81838038
-1237.66760839
-1240.53817026
-1243.25254665
-1245.21629090
-1247.61213366
-1250.61392380
-1252.72471662
-1254.28481880
-1254.13062512
-1253.99340940
-1253.83722347
-1253.69370154
-1256.85680583
-1259.08907794
-1258.93860080
-1258.79041647
-1258.65086662
-1258.50338420
-1260.09989487
-1262.08886547
-1263.39624746
-1263.24962230
-1263.10296615
-1262.97098298
-1264.28208130
-1265.61606571
-1266.99695226
-1266.84736451
-1268.67277051
-1268.52237749
-1269.87402663
-1271.88928054
-1271.74004483
-1273.71784503
-1273.57424285
-1274.92473485
-1274.77711953
-1276.78934572
-1278.32989773
-1279.63773733
-1280.96436065
-1280.81283780
-1282.40962214
-1282.26849904
-1283.81603440
-1285.15491278
-1286.47752849
-1288.20116720
-1288.06671781
-1287.91753439
-1289.51179899
-1289.37434609
-1289.22686597
-1289.08737542
-1291.19532427
-1291.04559018
-1292.68686125
-1294.36438360
-1294.23048354
-1295.58942813
-1297.01142893
-1298.66881027
-1298.52047618
-1300.19095084
-1301.95438292
-1304.58336495
-1304.46693192
-1304.33949225
-1306.03715684
-1308.78457896
-1310.18872151
-1311.88997377
-1311.76498012
-1313.50544899
-1313.37803747
-1314.78605754
-1316.19309389
-1318.30471761
-1319.89579276
-1322.73468353
-1322.61088452
-1324.05773265
