-4.49621010
-4.36421561
-5.14663474
-4.83299375
-5.18484078
-6.06251971
-6.93517631
-6.66369116
-6.46877294
-6.37641721
-7.28920039
-8.09330849
-8.99464670
-8.78522887
-8.88282000
-9.72782135
-10.42206989
-10.84701729
-11.64406285
-12.32164087
-12.89828637
-13.04945382
-13.93554364
-14.39576403
-15.26070145
-16.00864968
-16.89270344
-17.78929738
-18.61326033
-19.44332555
-20.11818621
-20.93106639
-21.74522862
-22.58487443
-23.03180422
-23.86776235
-24.55887428
-25.27844098
-25.63463495
-26.46193085
-27.22930359
-28.11717778
-28.75573039
-29.66646975
-30.57598063
-31.48664143
-32.32659506
-33.13204416
-34.00602909
-34.86019867
-35.74561759
-36.41299703
-36.93315254
-38.15928071
-38.93050828
-39.74364676
-40.64638680
-41.55825161
-42.15415153
-42.72732328
-43.34809513
-44.15280791
-44.84037757
-45.50356221
-46.20435474
-46.69899183
-47.40164196
-47.97802847
-48.65171770
-49.22452567
-50.16039405
-50.94573487
-52.40622952
-52.88571301
-53.40445292
-54.12159839
-54.77261531
-55.81897266
-56.37536302
-57.13159399
-57.75958337
-58.63007085
-59.24762248
-59.02346806
-59.66130546
-60.58864997
-60.31356829
-60.95062282
-61.85313578
-62.54757741
-63.23637751
-63.90715947
-64.80368936
-65.54752423
-66.41562428
-67.13429904
-67.48612614
-69.37342757
-69.86994903
-70.37606232
-70.85778937
-71.59170480
-72.12869707
-72.71506676
-73.39441325
-74.10762297
-74.83631783
-75.43612134
-75.83627305
-76.39236714
-76.81732274
-77.19918721
-77.82872921
-78.55770720
-79.25639947
-79.94710140
-80.65657259
-81.15327253
-81.64659664
-82.33534285
-82.73489903
-82.81319815
-83.57560581
-84.33229262
-84.78192944
-85.34342944
-85.84506658
-86.47954953
-87.12828916
-87.66877958
-88.14933020
-88.88632422
-89.62802514
-90.14002877
-90.03687908
-90.65976552
-91.21781047
-91.96369276
-92.41561654
-92.96741001
-93.44711569
-93.99829773
-94.56057926
-95.11632988
-95.77276585
-97.13471520
-97.68789657
-97.54516339
-98.28734558
-98.70666631
-99.47430051
-100.17033301
-100.00914610
-100.57016695
-101.14092328
-101.74007641
-102.34321779
-103.08910814
-103.79121313
-104.37071877
-105.08658851
-105.64454359
-106.42834388
-107.27041849
-107.88808788
-108.52826047
-109.08368550
-109.56064515
-110.08389788
-110.79382692
-111.69906375
-112.56077425
-113.18463302
-113.53111653
-113.42811750
-113.18365518
-113.02923084
-113.69538022
-114.24444751
-114.10982085
-114.71202884
-115.39672931
-116.03559796
-116.68540826
-117.26435444
-117.80462437
-118.37246047
-118.91833533
-119.45035908
-119.30292933
-119.84799909
-120.51122026
-121.20098422
-120.98789439
-121.62310529
-122.32910690
-122.63962849
-122.44860100
-123.67482340
-124.29496857
-124.79226389
-125.40564909
-126.08722442
-126.59264785
-127.05262861
-128.30263667
-128.83187144
-129.88526550
-130.37352815
-131.64707976
-132.10994442
-132.56562942
-133.03413212
-133.66938425
-134.92236655
-135.28789379
-136.55383849
-137.01454947
-137.43729265
-137.90632747
-138.47372844
-138.95013332
-139.43515288
-140.26619707
-140.71876255
-140.91765986
-141.98641007
-142.46734907
-142.96788265
-144.01322930
-144.74938905
-145.35995806
-145.90637541
-146.70901209
-147.60651745
-147.87302192
-148.36828240
-149.03489018
-149.85818264
-150.45030123
-150.84120045
-151.15785747
-151.58900847
-152.08552376
-153.02986488
-153.85299894
-154.44607482
-154.89240437
-155.40766325
-155.81972864
-156.18735282
-156.65947947
-157.12091022
-157.56921945
-157.73953792
-158.27364057
-158.73616859
-159.17769363
-159.60724661
-160.55823593
-161.05461202
-161.60345034
-162.17333375
-162.62146776
-163.12760419
-163.76316139
-164.14857334
-164.32754323
-164.95080623
-165.45959461
-165.98282570
-166.31889478
-166.76723606
-167.27561294
-167.75440896
-168.14149541
-168.87731449
-169.61745974
-170.09446623
-170.32285451
-170.83301650
-171.32921757
-171.94628680
-172.43976926
-172.95095076
-173.61966156
-174.27534937
-174.75505130
-175.21438958
-175.93609977
-176.52728156
-177.16724155
-177.60370852
-178.27859757
-178.74779560
-179.05156728
-179.53296566
-180.07382038
-180.29786626
-181.06087830
-181.76494560
-182.09385014
-182.44336401
-182.78398082
-183.31546271
-183.89324343
-184.47495809
-184.95331474
-185.32394350
-185.81337044
-186.24814000
-186.70827748
-187.29144258
-187.55004426
-188.19679817
-188.78411943
-189.21604693
-189.85284625
-190.29411072
-190.75464630
-191.09706719
-191.52627298
-192.02436437
-192.49983705
-192.89808875
-193.45820674
-193.87417593
-194.52283571
-195.16417928
-195.42482115
-195.71624267
-196.14641976
-196.68715029
-196.87623477
-197.14366610
-197.62734749
-198.20777961
-198.77655400
-199.21799669
-199.69905925
-200.13104445
-200.61725434
-200.97454585
-201.46555311
-202.09248250
-202.46948436
-202.98362182
-203.43045781
-204.34539165
-204.76524004
-204.96891937
-205.27956486
-205.61316834
-205.93833397
-206.18276926
-206.54329279
-206.89463246
-207.20031900
-207.53074480
-207.73706343
-208.34118145
-208.84124984
-209.07750675
-209.28156155
-209.60321881
-209.84475074
-210.18487233
-210.53315221
-211.05658521
-211.35861058
-211.71044478
-211.97950277
-212.23218813
-212.50450085
-212.82501701
-213.16899279
-213.42555816
-213.71989449
-213.93142000
-214.20211728
-214.46669555
-214.75574178
-215.00937647
-215.30460684
-215.61378729
-215.90293299
-216.02395685
-216.31398679
-216.42545834
-216.51955073
-216.60778883
-216.69014117
-216.77875987
-216.87601490
-216.96783300
-217.29739912
-217.51769481
-217.59087061
-217.96447769
-218.03442947
-218.10369991
-218.17226471
-218.23542858
-218.30089558
-218.57910235
-218.84042580
-218.89065357
-218.96141722
-219.03185341
-219.18101382
-219.31216304
-219.39354098
-219.60522483
-219.92994041
-220.01358051
-220.28377852
-220.53445731
-220.64995677
-220.75055234
-220.79856070
-220.84868921
-220.89987721
-220.96819015
-221.04022224
-221.09297317
-221.30096102
-221.37718955
-221.44804222
-221.79280055
-221.82273694
-221.85028508
-221.94449185
-221.96490859
-222.28336028
-222.59295325
-222.62761524
-222.64584857
-222.66504283
-222.68039201
-223.10293139
-223.15022423
-223.16040250
-223.16968852
-223.18158880
-223.18984094
-223.19918854
-223.20531537
-223.21247636
-223.21952939
-223.22798143
-223.70157990
-223.70270201
-223.70348764
-224.00257316
-224.16078303
-224.37640936
-224.70154143
-224.78189940
-224.82570411
-224.86872904
-225.23207486
-225.42844381
-225.74307851
-225.89884133
-225.92453794
-225.93420580
-225.92707684
-225.91377112
-225.89824242
-225.88167199
-225.86338165
-225.83938974
-225.82180635
-225.79625432
-225.77171387
-225.75371250
-225.72404330
-225.69347133
-225.66291752
-225.63678770
-225.60702454
-225.98198998
-225.95131773
-225.91870007
-225.88639781
-225.85010604
-225.81266396
-225.77645024
-225.74295656
-226.23332794
-226.19543914
-226.15939927
-226.12024734
-226.08453459
-226.04365879
-226.42151996
-226.37182108
-226.32584832
-226.31608994
-226.27410379
-226.22570390
-226.17450182
-226.12773442
-226.09226033
-226.08479832
-226.03651262
-225.99589533
-225.96175814
-225.92408624
-225.89677809
-225.85503105
-225.80902636
-225.75891030
-225.70275288
-225.64453119
-225.58921731
-225.53567248
-225.51649157
-225.48752769
-225.70874114
-225.65725907
-225.59751930
-225.53605932
-225.47459272
-225.41690933
-225.36050392
-225.30398102
-225.25973609
-225.22425663
-225.17166739
-225.16474667
-225.31665943
-225.55975648
-225.94638270
-226.31528061
-226.41184340
-226.48875331
-226.46688329
-226.40301870
-226.33390941
-226.26051734
-226.18741230
-226.12529273
-226.04936712
-225.97915330
-225.91297563
-225.94125994
-225.86987697
-225.81063951
-225.73419056
-225.65848548
-225.58137062
-225.50543809
-225.42754854
-225.35590983
-225.27698775
-225.19947352
-225.12373008
-225.04657605
-224.96556189
-224.88531497
-224.80353459
-224.72043459
-224.64336287
-224.56085456
-224.48508184
-224.39970543
-224.31317246
-224.22768133
-224.14085019
-224.05532367
-223.96887343
-223.88408819
-223.79764748
-223.71567789
-223.83493935
-223.74461664
-223.65690465
-223.56741623
-223.47205866
-223.38369454
-223.29078858
-223.20066983
-223.10498995
-223.01209568
-222.91987800
-222.82751405
-222.73316984
-222.64043104
-222.55064185
-222.46315294
-222.37153497
-222.27916423
-222.43624958
-222.33884757
-222.23777484
-222.39917478
-222.30174380
-222.20189192
-222.10097232
-222.00039170
-221.90229455
-221.93909731
-221.84042553
-221.74190283
-221.64126053
-221.54219246
-221.44128436
-221.33995437
-221.23906285
-221.13628301
-221.03477927
-220.93040942
-220.82708039
-220.72265585
-220.61839329
-220.51469483
-220.41164092
-220.30678843
-220.20132498
-220.09672416
-219.99364312
-219.89398573
-219.78638661
-219.68383364
-219.57611318
-219.47102767
-219.36450166
-219.25537456
-219.14643785
-219.03813800
-218.93773458
-218.82932471
-218.71925985
-218.61078138
-218.50159502
-218.39535041
-218.28818273
-218.17813168
-218.07010198
-217.96142723
-217.85663990
-217.75181029
-217.64657209
-217.54161254
-217.43239310
-217.32909781
-217.22031878
-217.11015964
-216.99962931
-216.89242507
-216.78396539
-216.67430274
-216.56296430
-216.45277740
-216.34280086
-216.23294509
-216.12311257
-216.02078534
-215.92790375
-216.08444034
-215.98275971
-215.87730769
-215.76736397
-215.65445492
-215.54387069
-215.43202111
-215.31919020
-215.20723960
-215.09717728
-214.98834931
-214.88148969
-214.76924190
-214.65763873
-214.54641990
-214.44575663
-214.34311722
-214.24376246
-214.37342318
-214.26270216
-214.16244664
-214.06245378
-213.94861389
-213.83554233
-213.72274707
-213.60805858
-213.49485945
-213.38581001
-213.27600301
-213.16671569
-213.05592817
-212.94640317
-212.83464396
-212.72725935
-212.61751360
-212.70457399
-212.80278843
-212.83949365
-212.88346291
-212.76643372
-212.65224863
-212.53613668
-212.41978478
-212.30294457
-212.74304489
-212.62631429
-212.50765950
-212.38989465
-212.27248892
-212.15551773
-212.03855190
-211.92199576
-211.82732949
-211.93975706
-211.83389451
-211.72187330
-211.61371837
-211.49517793
-211.37640325
-211.27003569
-211.16048408
-211.04954836
-210.93374733
-210.81599032
-210.69629452
-210.57935377
-210.46239023
-210.34593583
-210.23224237
-210.11917669
-210.01133024
-209.89841897
-209.78369000
-209.66920976
-209.55122065
-209.44245445
-209.32970797
-209.21047103
-209.09724337
-208.98113590
-208.86207407
-208.74183700
-208.62276031
-208.51997540
-208.40729389
-208.29067628
-208.17980398
-208.07213179
-207.99373676
-207.87452630
-207.75439922
-207.64194316
-207.54328189
-207.64007303
-207.52691027
-207.41932391
-207.31467214
-207.20227604
-207.08844798
-206.97159332
-206.85472887
-206.73365216
-206.62056984
-206.50273972
-206.38742120
-206.27275569
-206.15691593
-206.03927597
-205.91851833
-205.80966754
-205.71059026
-205.61597444
-205.62445979
-205.66758682
-205.57340953
-205.47593208
-205.38119688
-205.27731226
-205.15672906
-205.04187416
-204.93136340
-204.82249689
-204.70456065
-204.58547487
-204.47991223
-204.58161681
-204.47896912
-204.38010099
-204.27452819
-204.15343303
-204.03532790
-203.91454980
-203.79314154
-203.67715422
-203.56008850
-203.44514075
-203.32819785
-203.21053306
-203.09261431
-202.97749634
-203.04857621
-203.18040185
-203.31645091
-203.30700315
-203.41495047
-203.52432917
-203.63349550
-203.57384351
-203.45273677
-203.33486472
-203.21228275
-203.09009179
-202.96633004
-202.84273513
-202.72091062
-202.60219213
-202.48312926
-202.36560167
-202.24420785
-202.12265168
-202.00028713
-201.88061740
-201.75834791
-201.63906608
-201.51843781
-201.40276335
-201.27960862
-201.15512663
-201.03472540
-201.11312947
-200.99128541
-201.04749304
-200.93707686
-200.82381963
-200.72509976
-200.60605810
-200.48082515
-200.35628619
-200.23961549
-200.12894866
-200.01921616
-199.90881762
-199.78278064
-199.65826725
-199.54355088
-199.43210502
-199.33888415
-199.25884077
-199.14886593
-199.02539020
-198.92832399
-198.82242646
-198.71107694
-198.60725297
-198.50282703
-198.40029716
-198.29762395
-198.18906797
-198.07174807
-197.97725253
-198.06195470
-197.96332118
-197.87517463
-197.78617151
-197.66924588
-197.54539990
-197.42393011
-197.30129530
-197.19929550
-197.10512898
-196.98848822
-196.86558202
-196.74208006
-196.62731021
-196.50868553
-196.39747249
-196.28624682
-196.16381129
-196.06002300
-195.96661000
-195.84484972
-195.72522454
-195.61405337
-195.49593456
-195.37815066
-195.26375882
-195.16128552
-195.04146920
-194.91883960
-194.79785597
-194.67623221
-194.55410218
-194.43927812
-194.31866286
-194.19953480
-194.07828431
-193.95753903
-193.83786855
-193.71889456
-193.59871646
-193.47935420
-193.38666628
-193.29563083
-193.19350354
-193.08737221
-192.97269333
-192.86833343
-192.77549803
-192.66770329
-192.57295871
-192.46122321
-192.34327646
-192.22517955
-192.10859649
-191.99220179
-191.87965802
-191.77663948
-191.66780309
-191.57209779
-191.46951474
-191.35565220
-191.23959557
-191.12396536
-191.00857053
-190.89292097
-190.78143864
-190.66643317
-190.55410322
-190.44377117
-190.32848455
-190.21409563
-190.10927132
-189.99382579
-189.87938455
-189.76625855
-189.65262450
-189.53954739
-189.44564731
-189.34545978
-189.25234531
-189.14980952
-189.04282887
-188.92852280
-188.82832156
-188.71958833
-188.62733499
-188.51982559
-188.41146192
-188.29944123
-188.20178003
-188.10248255
-187.99173721
-187.87848854
-187.76564472
-187.65359635
-187.54346761
-187.43186724
-187.32044716
-187.20919089
-187.09731174
-186.98402095
-186.88466443
-186.77279143
-186.66016168
-186.54761683
-186.43527929
-186.32306734
-186.21116117
-186.10663291
-185.99611258
-185.88779127
-185.77548285
-185.66465617
-185.55626621
-185.46242882
-185.36475739
-185.26678908
-185.16078147
-185.06273732
-184.97127561
-184.88183342
-184.78569294
-184.69454536
-184.60324259
-184.50919291
-184.42332706
-184.33160776
-184.23039420
-184.12508101
-184.01582781
-183.90818366
-183.79692548
-183.69790874
-183.59646759
-183.49035922
-183.38763175
-183.28957419
-183.18243060
-183.07238967
-182.96321389
-182.85194299
-182.74840124
-182.63775817
-182.52732873
-182.42148304
-182.31383524
-182.20426395
-182.09992774
-181.99704876
-181.90742320
-181.80721560
-181.73054627
-181.63249074
-181.52424001
-181.42916477
-181.32889422
-181.22784819
-181.13197698
-181.03775613
-180.95069635
-180.84546238
-180.74107542
-180.63649536
-180.53356826
-180.42775270
-180.32607620
-180.24867252
-180.15398777
-180.06095119
-179.96879441
-179.86581484
-179.77796961
-179.70047267
-179.61028188
-179.54407543
-179.47006078
-179.39274094
-179.30263036
-179.21580005
-179.11187088
-179.00566926
-178.90221858
-178.79665270
-178.68942617
-178.59696831
-178.49778174
-178.42450870
-178.32335693
-178.21890947
-178.11383774
-178.00774723
-177.90251342
-177.79901272
-177.69370598
-177.58990667
-177.48537688
-177.38668538
-177.29672411
-177.23936594
-177.14956885
-177.04721934
-176.94174027
-176.83677561
-176.73178058
-176.63523855
-176.52982029
-176.42669725
-176.32352902
-176.22483420
-176.13745613
-176.03685717
-175.93307858
-175.82854463
-175.72798253
-175.62550800
-175.52252918
-175.41960010
-175.31676460
-175.21500229
-175.11098422
-175.00813027
-174.90512350
-174.80603171
-174.70612775
-174.60441460
-174.50492224
-174.40598227
-174.30626498
-174.20982866
-174.11413693
-174.01784549
-173.92192184
-173.82503587
-173.72794478
-173.62978733
-173.52917423
-173.42815868
-173.32698813
-173.22727243
-173.12827730
-173.02978806
-172.92848616
-172.83507111
-172.74966327
-172.65907920
-172.56211964
-172.46339481
-172.36740003
-172.26885591
-172.17631592
-172.08516861
-171.98538895
-171.88811999
-171.78928241
-171.69188903
-171.59553570
-171.50022101
-171.41154038
-171.31930255
-171.22342333
-171.12698321
-171.02941254
-170.92937701
-170.82959557
-170.73542914
-170.63531247
-170.53566840
-170.43555213
-170.33648406
-170.23674207
-170.14166566
-170.04588150
-169.95205471
-169.85859184
-169.86754000
-169.77275242
-169.67632618
-169.57860017
-169.48091458
-169.39980427
-169.30772543
-169.22068561
-169.12319902
-169.02512121
-168.92941730
-168.83156469
-168.73595997
-168.64235078
-168.54417193
-168.44607911
-168.35242855
-168.25519431
-168.15947387
-168.06507825
-167.96793606
-167.87302698
-167.77746035
-167.68619704
-167.60087063
-167.50715750
-167.41031246
-167.31322790
-167.21688476
-167.12000561
-167.02296167
-166.92648944
-166.83412194
-166.75357655
-166.66672219
-166.57481124
-166.48045912
-166.38437512
-166.30082584
-166.21157344
-166.12137067
-166.02847568
-165.93434251
-165.84054348
-165.74573690
-165.65087695
-165.55666993
-165.46348133
-165.37011539
-165.27607785
-165.18167989
-165.09082304
-164.99954811
-164.90855369
-164.92481690
-164.83355108
-164.74073661
-164.64643640
-164.55449853
-164.46011380
-164.36873462
-164.27513979
-164.18133943
-164.08777433
-163.99570369
-163.90348886
-163.81253565
-163.71912047
-163.62726415
-163.53337256
-163.44096821
-163.34837333
-163.25759181
-163.16547501
-163.07547306
-162.98862521
-162.89627158
-162.80438808
-162.71584700
-162.62972961
-162.54168784
-162.45369226
-162.36078267
-162.27182385
-162.18410361
-162.09359867
-162.00367941
-161.91246668
-161.82214955
-161.73309821
-161.64204575
-161.55129335
-161.46108911
-161.37266467
-161.28852742
-161.20297898
-161.12304666
-161.04015143
-160.95969499
-160.87558451
-160.79332919
-160.70716051
-160.62007854
-160.53564196
-160.44461671
-160.35530729
-160.26682935
-160.17645612
-160.08654874
-159.99882880
-159.91265671
-159.94066265
-159.85802115
-159.77196773
-159.68565481
-159.59750013
-159.50835711
-159.42334319
-159.33971036
-159.27373591
-159.32525181
-159.24796049
-159.16996789
-159.09040711
-159.01137357
-158.92868967
-158.83861980
-158.74839473
-158.66264103
-158.57611070
-158.49244853
-158.41134774
-158.33175424
-158.25088351
-158.17464051
-158.10001214
-158.02098619
-157.93863388
-157.85125822
-157.76354976
-157.67637326
-157.59181015
-157.50810115
-157.41975082
-157.33148757
-157.24342425
-157.15609692
-157.06710959
-156.97910819
-156.89149157
-156.80481548
-156.71815652
-156.62992289
-156.54180075
-156.45449386
-156.36729587
-156.27975647
-156.19144503
-156.10754394
-156.02057346
-155.94035858
-155.85551180
-155.77484564
-155.69665394
-155.62022465
-155.53897505
-155.45158625
-155.36501476
-155.27848844
-155.19800147
-155.12369439
-155.05044629
-154.96708567
-154.88083219
-154.79459425
-154.71037606
-154.62507024
-154.54085246
-154.45527613
-154.37186429
-154.29865042
-154.21951555
-154.13316049
-154.05073461
-153.97577668
-153.89654572
-153.81110694
-153.72577991
-153.64104903
-153.55609233
-153.47504763
-153.38949285
-153.30536655
-153.22157420
-153.13778083
-153.05388198
-152.96957308
-152.88466592
-152.80280085
-152.72082331
-152.63999744
-152.55538232
-152.47192890
-152.38881711
-152.30482592
-152.22113329
-152.13724103
-152.05334335
-151.96968238
-151.88692109
-151.80371033
-151.72605724
-151.64692911
-151.57155368
-151.48773214
-151.40389235
-151.32093193
-151.24022407
-151.16871681
-151.10019333
-151.03055994
-150.95644273
-150.87649029
-150.79353215
-150.71052834
-150.62784014
-150.54612015
-150.46753200
-150.38749714
-150.30518214
-150.22296909
-150.13974215
-150.05709646
-149.98074493
-149.89964326
-149.81889796
-149.74399979
-149.66497609
-149.58594897
-149.50438753
-149.43084047
-149.34901025
-149.26664695
-149.18462778
-149.11144628
-149.03812137
-148.97507843
-148.89426674
-148.82395745
-148.75083420
-148.66928770
-148.58901760
-148.50857754
-148.42747290
-148.34538267
-148.26307134
-148.18209240
-148.10055577
-148.02592887
-147.95353546
-147.87845219
-147.79718966
-147.71840592
-147.63798969
-147.55743798
-147.47684639
-147.40336943
-147.32270489
-147.24323284
-147.17034835
-147.09649346
-147.02405660
-146.94538192
-146.87170474
-146.79563518
-146.71576218
-146.63518999
-146.55464938
-146.47453303
-146.39379725
-146.31367901
-146.23469051
-146.15730226
-146.07675914
-145.99668027
-145.91928272
-145.84001340
-145.76359245
-145.68368746
-145.60362099
-145.53634554
-145.45708964
-145.37995760
-145.30080284
-145.22145274
-145.14194757
-145.06455459
-144.98561418
-144.90600884
-144.82568866
-144.74737813
-144.66777150
-144.59275922
-144.51379348
-144.43404212
-144.36171618
-144.29079277
-144.21265354
-144.13409396
-144.05583393
-143.97671314
-143.89888427
-143.82105815
-143.74288391
-143.66562071
-143.58762177
-143.51088826
-143.43470568
-143.35887801
-143.28292296
-143.20598336
-143.12840805
-143.05047679
-142.97291253
-142.89487703
-142.81699083
-142.73901028
-142.66843545
-142.59608204
-142.51828095
-142.44097483
-142.36326021
-142.28546926
-142.21513298
-142.14279263
-142.06578640
-141.98972464
-141.91365307
-141.83671818
-141.76006815
-141.68437691
-141.60713613
-141.52962255
-141.45327745
-141.37768129
-141.30612269
-141.22967655
-141.15376604
-141.07730229
-141.00078029
-140.92380141
-140.84714936
-140.77278511
-140.69990843
-140.62616029
-140.55075481
-140.47518576
-140.40030358
-140.32469130
-140.24895877
-140.17272311
-140.09694262
-140.02243129
-139.94705017
-139.87240344
-139.79682592
-139.72161212
-139.64525228
-139.56917444
-139.49342649
-139.41772742
-139.34384164
-139.26895420
-139.19426022
-139.11947375
-139.04575648
-138.97110842
-138.89718031
-138.82271436
-138.74813998
-138.67418304
-138.60018883
-138.52535959
-138.45106723
-138.37983497
-138.30583344
-138.23116487
-138.15741072
-138.08559007
-138.01562320
-137.95047166
-137.87948844
-137.81468006
-137.75040740
-137.68460364
-137.61738825
-137.54387354
-137.47616205
-137.41206689
-137.34017209
-137.27036910
-137.19866310
-137.12540907
-137.05221250
-136.97870928
-136.90551409
-136.83147416
-136.76901863
-136.70760850
-136.63510961
-136.56179590
-136.48864391
-136.41751039
-136.34829824
-136.27762900
-136.21589165
-136.14293295
-136.06995629
-135.99715089
-135.92519079
-135.85243589
-135.77977293
-135.71163977
-135.64188296
-135.57601460
-135.51717427
-135.44504598
-135.37954341
-135.30841288
-135.23685375
-135.17778011
-135.10692860
-135.04573608
-134.97458039
-134.91189965
-134.84816777
-134.78548113
-134.72639709
-134.66507868
-134.59534893
-134.52545214
-134.46244822
-134.39041651
-134.31859296
-134.25202210
-134.18402438
-134.12306889
-134.05106471
-133.97965999
-133.90857594
-133.83649159
-133.76398715
-133.69208198
-133.61978971
-133.54731503
-133.48518493
-133.43198048
-133.37487104
-133.32140162
-133.24878491
-133.17579720
-133.10287081
-133.03073135
-132.95990858
-132.88883822
-132.81717336
-132.74397530
-132.67100654
-132.59765200
-132.52433930
-132.45087364
-132.37806090
-132.30534556
-132.23249176
-132.16026155
-132.08785496
-132.01510297
-131.95002715
-131.91395971
-131.84722872
-131.77466653
-131.70229631
-131.63021148
-131.55822308
-131.48574919
-131.41904839
-131.34744806
-131.27756942
-131.20618198
-131.14297248
-131.07511977
-131.00818175
-130.93946297
-130.87019089
-130.79869159
-130.72766743
-130.65939998
-130.58807286
-130.51820999
-130.45145720
-130.38387273
-130.31384287
-130.25042253
-130.19142509
-130.12785895
-130.06306295
-129.99202517
-129.92807364
-129.86101862
-129.79310356
-129.72223160
-129.65385453
-129.58315600
-129.51633505
-129.44900511
-129.39064522
-129.33139199
-129.27178809
-129.20403595
-129.13767893
-129.07610988
-129.00817713
-128.93738594
-128.87046411
-128.80594661
-128.73738494
-128.67057558
-128.60410900
-128.53809243
-128.46772387
-128.39740028
-128.33038926
-128.26251369
-128.19052738
-128.12246685
-128.05547362
-127.99692788
-127.93629690
-127.87404328
-127.81240417
-127.75301296
-127.69051833
-127.62675335
-127.56292362
-127.50089683
-127.43168006
-127.36479479
-127.29564390
-127.22864539
-127.16372260
-127.16274289
-127.09802860
-127.03275541
-126.96633004
-126.89684981
-126.82860229
-126.76209926
-126.70481984
-126.64590405
-126.58714584
-126.52886758
-126.46757227
-126.40635576
-126.34638278
-126.28478047
-126.21940791
-126.15453838
-126.08898956
-126.02334692
-125.96200641
-125.90187175
-125.84018605
-125.77643826
-125.71129499
-125.64618713
-125.57964717
-125.51675542
-125.45263180
-125.38754751
-125.32131510
-125.25736757
-125.19452860
-125.13071117
-125.06730402
-125.06622765
-125.00193083
-124.93765519
-124.87171225
-124.80562248
-124.73946679
-124.67652220
-124.61045302
-124.54558461
-124.48007224
-124.41628285
-124.35234672
-124.28948868
-124.23235805
-124.17269656
-124.11032675
-124.04575311
-123.98077205
-123.91813556
-123.86045892
-123.80503679
-123.75048284
-123.68890412
-123.62754286
-123.56463162
-123.50248529
-123.44129403
-123.38686309
-123.32477654
-123.26849082
-123.21513075
-123.15893482
-123.10289264
-123.04443929
-122.99200917
-122.93480851
-122.87625828
-122.81528571
-122.75461869
-122.69276247
-122.63013900
-122.57134130
-122.51147711
-122.45007635
-122.38910901
-122.32674754
-122.26496338
-122.20428306
-122.14663658
-122.08956534
-122.03065999
-121.97070171
-121.90954087
-121.85071218
-121.79213589
-121.73261165
-121.67480037
-121.61641980
-121.55665943
-121.49926350
-121.44138559
-121.38464571
-121.32637337
-121.27015926
-121.20948801
-121.15146939
-121.09387950
-121.03986312
-120.98567468
-120.92610894
-120.86882100
-120.81460540
-120.76229276
-120.71343918
-120.65869536
-120.60073508
-120.54069642
-120.48612641
-120.42671184
-120.37170391
-120.31853013
-120.26142992
-120.20350497
-120.15176173
-120.09416653
-120.03417218
-119.97685836
-119.91688281
-119.85983540
-119.80426462
-119.75178505
-119.69690818
-119.63719514
-119.57873849
-119.52351087
-119.46517632
-119.41110071
-119.35688374
-119.30413750
-119.24792410
-119.19348523
-119.13973055
-119.08565728
-119.02972116
-118.97459810
-118.92414613
-118.88083017
-118.84217405
-118.80488804
-118.82257418
-118.78170821
-118.72928443
-118.67235605
-118.61810320
-118.56761098
-118.56300304
-118.50787459
-118.45080501
-118.39302897
-118.33757825
-118.28507129
-118.22741848
-118.17428340
-118.12668104
-118.14799591
-118.10681262
-118.12063614
-118.15446588
-118.10878672
-118.06700520
-118.02156080
-117.96736797
-117.91376673
-117.86492312
-117.81625289
-117.76034072
-117.70664668
-117.65365130
-117.59851945
-117.55046881
-117.49458385
-117.44021551
-117.38627144
-117.33630750
-117.28849634
-117.24176481
-117.19626197
-117.14261857
-117.08604599
-117.03536784
-116.98403450
-116.92780881
-116.87595892
-116.82629901
-116.78101844
-116.72413293
-116.66924040
-116.61921387
-116.56729982
-116.51879838
-116.46743310
-116.41673506
-116.35981270
-116.30724232
-116.26180245
-116.22273343
-116.17872697
-116.12836804
-116.07126583
-116.02031638
-115.96422610
-115.91275594
-115.86417042
-115.80663978
-115.76469820
-115.71805851
-115.66589242
-115.61473984
-115.55722378
-115.50530522
-115.45164922
-115.39505762
-115.34781204
-115.29556182
-115.23817024
-115.19067465
-115.15216701
-115.10652828
-115.04924184
-115.00526183
-114.96238475
-114.91854362
-114.87350462
-114.83427465
-114.80425976
-114.76280117
-114.70661674
-114.65667875
-114.60030196
-114.55688798
-114.50104822
-114.44599501
-114.40049678
-114.36230129
-114.31523037
-114.27048593
-114.21595213
-114.16519501
-114.11617329
-114.07537469
-114.02431539
-113.97472481
-113.92350433
-113.86861904
-113.82509079
-113.78862048
-113.74284064
-113.68751101
-113.63628800
-113.58216410
-113.53304237
-113.48977942
-113.43473601
-113.38015151
-113.33057705
-113.27720484
-113.22348385
-113.17103863
-113.12043663
-113.06983357
-113.01514429
-112.96125732
-112.91547764
-112.86887367
-112.82472317
-112.78384204
-112.75938613
-112.72949391
-112.68190544
-112.63003392
-112.58757746
-112.53688833
-112.50874351
-112.48538460
-112.57649338
-112.56297233
-112.54436527
-112.51845404
-112.47527771
-112.42824330
-112.38810819
-112.36067280
-112.34158850
-112.32478074
-112.30678351
-112.27213025
-112.24006029
-112.21661279
-112.18999733
-112.15482955
-112.10788826
-112.06369381
-112.01832325
-111.98011121
-111.93378503
-111.88272717
-111.83364670
-111.82170126
-111.78348015
-111.73374366
-111.69941188
-111.64836958
-111.59743378
-111.56388804
-111.52428589
-111.48477291
-111.44386154
-111.39731716
-111.36354949
-111.32566963
-111.29832105
-111.25660469
-111.21807313
-111.17453988
-111.14087884
-111.09039291
-111.04104840
-111.00606779
-110.97364643
-110.93707771
-110.90891921
-110.88141028
-110.85797460
-110.82232604
-110.79369348
-110.74757662
-110.69940733
-110.65221358
-110.62211466
-110.60414869
-110.57762442
-110.59624758
-110.94447323
-111.00867031
-111.23430651
-111.23039438
-111.22982447
-111.26118726
-111.29845180
-111.35568782
-111.35403085
-111.35201335
-111.41732741
-111.38924512
-111.37984760
-111.42208116
-111.48600797
-111.50637239
-111.46675397
-111.43653850
-111.39281811
-111.37035615
-111.38705736
-111.37839622
-111.39159954
-111.34908951
-111.32686309
-111.29924894
-111.27462956
-111.25303090
-111.20995644
-111.19674058
-111.17757424
-111.15108310
-111.12437399
-111.09959542
-111.08507627
-111.04094441
-111.03830674
-111.02733002
-110.98007336
-110.95606363
-110.93848166
-110.91280723
-110.88742695
-110.85782157
-110.81396567
-110.80833050
-110.77728117
-110.75792473
-110.72079787
-110.71140583
-110.70702530
-110.67826059
-110.65399464
-110.61968245
-110.58926820
-110.54610651
-110.50517366
-110.48194014
-110.45596879
-110.42861643
-110.40261536
-110.36893996
-110.32955887
-110.31524052
-110.33816121
-110.29012065
-110.24631815
-110.23735226
-110.22069727
-110.18161258
-110.14254501
-110.11764160
-110.08186761
-110.05092105
-110.01330921
-109.97216367
-109.94109713
-109.89729536
-109.92613792
-110.00866127
-110.11046785
-110.15456589
-110.11282216
-110.07694995
-110.04402701
-110.01083678
-109.97385686
-109.95350490
-109.91320412
-109.87374621
-109.83095662
-109.90014788
-110.03983579
-110.11537379
-110.08914115
-110.23689042
-110.34861743
-110.40419381
-110.50706837
-110.51980851
-110.55858160
-110.64324898
-110.61885413
-110.58986514
-110.56342199
-110.53386027
-110.50614020
-110.47413921
-110.44270886
-110.41422745
-110.41026317
-110.48241310
-110.44483424
-110.48173725
-110.44223950
-110.50902982
-110.47309291
-110.45016032
-110.50545369
-110.57676833
-110.64191542
-110.67999807
-110.73433902
-110.77280779
-110.79697277
-110.87132639
-111.18564611
-111.37739465
-111.47172469
-111.57809128
-111.53244721
-111.65703364
-111.68068534
-111.63893354
-111.70939403
-112.02181452
-112.69817710
-112.66530393
-112.70707266
-112.66723485
-112.63166367
-112.58637569
-112.56740412
-112.55082575
-112.53537046
-113.20505711
-118.05910812
-118.01531224
-117.97402046
-118.13200516
-118.09960427
-118.58964689
-118.56306108
-118.50676085
-118.47990850
-118.45099321
-118.41640433
-118.36575993
-118.31521671
-118.26915768
-118.21834502
-118.17537567
-118.12753614
-118.44780757
-118.67287380
-119.06780484
-119.37966845
-119.58427641
-120.12705944
-120.28961232
-120.24663123
-120.61679559
-120.59432168
-121.89160136
-122.06271980
-122.63364277
-123.04738897
-124.08642036
-124.24025250
-124.89768852
-125.92057596
-126.65183987
-126.87927961
-127.84520499
-128.17989613
-128.56744651
-128.62791958
-128.90507473
-129.10621523
-129.30903662
-129.53006239
-129.49656198
-129.95030881
-130.21013788
-130.36734127
-130.31371601
-130.28183685
-130.24829846
-130.20840171
-130.12822292
-130.04945594
-130.60087561
-130.52073155
-130.44064636
-130.58486479
-130.96850070
-130.88810083
-130.97112366
-130.93890261
-130.87301879
-131.07521996
-131.88002750
-132.15468320
-132.59007641
-132.59702098
-132.51710990
-133.20035582
-133.11850613
-133.03946966
-133.73775450
-133.76263555
-134.08366384
-134.73395501
-135.87809750
-136.99884459
-137.55999440
-137.73133481
-137.95533274
-137.88235266
-137.80116813
-138.55848501
-138.49297127
-138.41182801
-138.42098608
-138.34528160
-139.05598759
-138.98889959
-139.93303069
-140.38370950
-140.35801609
-140.29852537
-141.46684287
-142.56641198
-143.30315894
-143.23527300
-144.02152146
-144.87600641
-145.68818938
-146.45023579
-147.21378009
-147.98276408
-148.75253610
-148.84049702
-149.61957239
-149.68880747
-150.51866797
-150.95354649
-151.32972459
-152.11215099
-152.33961940
-153.14564062
-153.05077057
-152.97266839
-153.80553691
-154.80450837
-155.40366415
-156.53223451
-157.85079278
-158.75034925
-158.65343373
-158.62863823
-158.85734264
-158.79689887
-158.73182317
-159.61919843
-160.53226393
-161.42020166
-162.34123915
-162.28368897
-162.19274361
-162.12821667
-162.02592255
-162.61629851
-163.35053614
-164.21268197
-165.16364791
-166.28714800
-167.61733274
-168.62422571
-168.56544817
-169.70202873
-170.84814029
-171.70312034
-172.34119875
-172.80255218
-173.90578495
-173.83760032
-173.76456304
-173.67556566
-173.58452297
-173.55832568
-173.50282230
-173.41240207
-174.47776608
-175.72764733
-175.77776596
-175.66756025
-175.78981835
-175.75422096
-175.70277554
-176.05854618
-176.40566390
-177.41506769
-178.56348363
-179.64139837
-179.56977280
-180.74746948
-181.83365742
-183.02732444
-183.45753909
-184.79800617
-186.12329492
-187.32044384
-188.48495707
-188.44744632
-188.36927110
-189.68902307
-189.61022251
-189.52787431
-189.43902501
-189.35175909
-189.27534738
-189.21816059
-190.64156530
-190.52390341
-192.06064638
-191.96247532
-192.07822361
-193.32210370
-194.80486817
-194.86620191
-195.11939370
-195.41282815
-197.00025012
-196.88448426
-198.31295066
-198.23845871
-198.11922449
-199.50322210
-201.00212633
-200.88608227
-200.80094906
-200.93298823
-202.28821433
-202.17870430
-202.06394603
-201.97940265
-201.87048756
-201.79647959
-201.68128536
-203.22698656
-204.76627919
-206.33527850
-207.72559021
-208.11214845
-209.79654304
-211.47955475
-213.13045837
-213.11688485
-213.32761800
-213.67139879
-214.16526578
-214.64709256
-214.54494994
-216.03839136
-215.98683633
-217.24654552
-217.19672618
-217.10591834
-217.53330621
-218.92845941
-219.79196976
-220.32505798
-220.21658679
-220.18874725
-220.40940143
-221.62914950
-222.97466101
-224.13656007
-225.39398120
-226.60295497
-227.79974236
-227.72366511
-227.64356754
-227.63806283
-227.55555249
-228.74603313
-228.67735318
-229.84546177
-231.11176915
-231.13965495
-231.15038079
-232.70454707
-232.75324317
-234.70698660
-234.77797599
-234.77542848
-234.80261314
-234.81202124
-234.82238603
-234.78945956
-234.75742689
-236.24980099
-236.22639106
-236.21764988
-237.81017903
-237.75794849
-238.97363596
-238.99866371
-239.14692232
-239.12756926
-240.29361652
-240.25699728
-240.20599264
-240.84537674
-242.09231494
-242.12369438
-242.06828010
-243.34230889
-244.86493753
-246.54232758
-248.15081469
-249.85175709
-251.80680409
-251.91858421
-255.03959162
-256.35465483
-256.28303737
-256.22171861
-256.19210060
-256.14193143
-256.07641147
-256.14597576
-256.13526504
-256.07335344
-255.99891878
-256.01514907
-256.07224628
-257.68425709
-257.67601250
-257.62340286
-259.24586216
-260.27524254
-261.27129668
-261.20270758
-262.62773972
-263.67286550
-264.61375873
-265.63662828
-266.60583106
-266.65183635
-268.36432959
-268.45199323
-270.41999829
-270.51674274
-270.51715570
-271.10990060
-272.26782895
-273.42723120
-274.56603240
-274.55559257
-275.66647202
-276.85469348
-278.16928455
-279.26259790
-280.52222457
-281.85643822
-283.25937327
-284.37848621
-286.99528618
-287.22137871
-287.94409353
-287.93717604
-289.25989331
-290.67233839
-292.08320398
-293.01336820
-294.28944581
-295.00788359
-295.10507405
-296.77708863
-298.29643863
-299.39366011
-299.31312747
-300.61242266
-301.85809504
-303.69810749
-305.41495678
-305.33201972
-305.22989169
-306.72778733
-306.61523821
-306.50431164
-306.39694455
-308.06919704
-308.01045908
-309.52888828
-310.69653840
-310.61048273
-310.60728787
-312.31150196
-312.28255040
-313.97331249
-315.83366379
-317.73928252
-317.64395889
-319.26870679
-321.16784222
-323.41993270
-325.50117443
-327.35808796
-327.25007328
-327.25556293
-327.33181095
-327.33810289
-328.75036599
-328.64758996
-330.92212087
-330.98210738
-332.64291383
-332.54004564
-334.98948403
-336.89619717
-338.37310659
-338.49734629
-339.89826587
-341.35589098
-341.42871110
-341.43364752
-341.42717279
-341.61417502
-344.60562937
-346.05466393
-346.21960695
-347.79753326
-349.39660823
-351.10937917
-353.35702237
-355.99184992
-358.69251560
-360.35654880
-363.19527546
-366.09935184
-368.69000778
-370.84607894
-370.70926570
-373.51654722
-376.32296796
-376.23861881
-378.89061874
-381.18216067
-383.47100493
-386.14234163
-388.81723767
-391.57000951
-394.45451392
-394.33892217
-394.86848594
-394.83448978
-394.74926560
-397.64122777
-397.58947917
-397.49015867
-400.16319059
-403.03605754
-402.98343371
-404.41645587
-404.23239127
-404.08333269
-404.55917875
-406.85126007
-409.39538584
-411.72563884
-411.69576962
-414.14995217
-415.62894931
-415.49285625
-415.36071931
-415.67123671
-417.07983650
-417.44708529
-418.94931983
-420.65934501
-420.86677210
-448.31520678
-448.26698889
-451.12785639
-453.70522363
-457.15433642
-458.73232853
-461.16876314
-462.71741870
-464.39142642
-465.95694382
-467.48535959
-467.35588033
-467.24118218
-468.95181888
-471.14512954
-470.85583267
-472.92176720
-474.95368065
-476.40461235
-476.10140579
-477.63158627
-477.32825428
-478.70840886
-478.40250941
-481.06903582
-480.76741383
-483.17305341
-486.06225156
-489.30291537
-491.59983980
-491.29999269
-494.16083782
-493.86647259
-495.35912964
-497.35136922
-497.05422243
-496.74838291
-498.80496983
-500.04365514
-499.73768194
-501.96076656
-501.70915398
-501.53030495
-501.29487712
-500.99248040
-503.39535986
-505.87443942
-505.65955511
-505.42742399
-507.89739957
-507.70716584
-507.44921959
-509.82010060
-511.07530102
-510.76431944
-510.55372440
-510.24894062
-511.65289416
-512.72174061
-512.40840179
-513.57896137
-513.26925782
-514.40141607
-515.53280683
-515.22055149
-516.37434693
-517.54470133
-517.22845240
-518.39488363
-518.15452450
-519.62231277
-520.78919525
-522.53891353
-522.70012165
-524.08127013
-525.26275439
-525.12502994
-525.22270742
-526.51903900
-526.19590095
-527.39575416
-528.58270348
-528.29018832
-529.52016394
-529.19827794
-530.43665846
-530.11032335
-529.81395125
-529.49447477
-530.76864565
-532.00382524
-531.69028601
-531.37402704
-531.05433217
-532.36605473
-533.59943593
-534.86030192
-534.68309077
-535.83298196
-535.67691553
-535.42201098
-535.10911307
-536.13746313
-536.18824264
-536.02226133
-536.56841345
-536.25382377
-535.94160356
-537.66440355
-539.10034035
-538.88346967
-539.46800630
-539.16744630
-539.38791094
-539.51724194
-539.24230605
-540.84080472
-540.53566046
-541.96275736
-541.66558717
-543.01250964
-542.71285501
-544.18678344
-544.07702668
-546.31419646
-546.77468935
-549.06092396
-551.15350137
-552.56190843
-554.98587699
-555.46650689
-555.96739003
-558.13690464
-559.76374344
-561.00359741
-561.01810765
-560.72141701
-560.65159984
-560.41893536
-560.36414834
-560.91281806
-562.70493826
-562.62943803
-562.71771922
-562.48601907
-562.62208010
-565.27734044
-566.67782070
-567.75120600
-568.59963920
-571.26987045
-571.03199116
-570.87500373
-570.63628419
-570.93278996
-571.93872842
-572.19838554
-572.67762755
-573.65157198
-573.61449618
-575.57145555
-576.30429854
-577.18039639
-577.96118176
-579.47207865
-579.29801308
-579.15998671
-579.92414254
-580.98329982
-584.03640325
-587.09114290
-588.33826103
-591.20299210
-592.00856829
-595.08606625
-598.32914801
-598.56322620
-598.76817198
-599.16617872
-601.53639966
-601.79461819
-602.25474571
-602.09822196
-604.78612016
-607.99258132
-607.99676339
-608.12293200
-608.22358352
-611.47500640
-614.38647515
-617.74894391
-618.78344311
-619.81542919
-620.53878839
-621.87471225
-625.31781039
-625.15702135
-625.30950791
-625.28716657
-628.46513101
-628.97068794
-631.76368826
-631.74248169
-631.68461787
-634.40951303
-636.63950030
-638.18216413
-638.16164025
-638.58354867
-638.51115577
-639.94177181
-640.41806844
-640.50144247
-641.93358503
-642.55267836
-643.98564755
-644.08833546
-645.55935860
-647.18387126
-648.62123229
-648.65725470
-648.58084008
-650.12564190
-653.04397689
-654.70341868
-654.53050213
-656.47225599
-656.40934509
-657.81827156
-657.78823409
-659.25374834
-659.18423071
-659.15922504
-659.04639958
-659.08354295
-659.12573257
-661.04818294
-661.56373429
-661.64691201
-661.55020981
-662.48244239
-663.07493099
-663.79534640
-665.28077504
-665.54876834
-667.10808890
-668.92071462
-669.54991310
-671.07936650
-673.61881814
-674.13829803
-674.33934247
-676.20345450
-676.55972229
-677.00321126
-677.26947816
-679.18082630
-681.09777151
-681.10676208
-682.23311969
-682.62479234
-683.88118150
-685.32530704
-687.23825263
-688.65720101
-690.15690533
-690.20141355
-692.44545955
-693.63827911
-695.65372816
-697.03601805
-697.01359596
-696.95990731
-698.56081671
-699.98778180
-700.48466602
-702.29255570
-702.52974944
-702.85875206
-702.98262353
-702.94220413
-705.15868139
-705.28794555
-707.03724401
-708.34098101
-709.70330551
-709.92165738
-711.16644873
-711.34851092
-713.06482628
-714.89762454
-716.79983196
-718.84566253
-718.84571145
-718.90283997
-720.71420669
-721.96329593
-722.02047351
-722.07384733
-723.72333056
-724.00781953
-724.54497193
-724.81906254
-724.87996647
-726.07783460
-726.03090497
-727.46998812
-729.70687863
-732.86169775
-734.12248189
-736.07172087
-738.13029912
-738.08283337
-740.13429040
-741.57911495
-744.04552486
-746.17168847
-747.99248765
-749.76916522
-749.79192363
-751.77593848
-752.22458502
-754.27909464
-755.93291494
-756.19687264
-756.57792144
-758.40792940
-758.64557156
-760.90765247
-761.17715750
-763.28676299
-765.07013877
-766.02074720
-767.34860777
-768.29690510
-769.29088533
-772.83842024
-773.73430310
-774.97881761
-777.16830633
-778.77964443
-779.80063156
-780.85726828
-780.88631727
-781.43618133
-784.02730693
-784.53705781
-785.06864165
-785.45405238
-786.20981301
-789.69274743
-792.42098471
-794.18981058
-794.80655418
-794.93844142
-796.82124193
-796.77851380
-798.56443297
-800.79217142
-802.97819798
-806.29355589
-808.04466745
-809.28591718
-809.56818796
-809.98143180
-813.31128775
-815.46304043
-817.49046207
-818.82000191
-818.42157503
-819.71008065
-821.45698331
-822.06746656
-821.83218583
-825.57629699
-829.31736941
-829.68765348
-832.34367528
-832.81988958
-834.07781883
-835.47964636
-836.65506004
-838.11912411
-838.98227108
-841.64498358
-845.35200165
-848.14932232
-850.37558915
-852.93413295
-853.39817445
-854.15211515
-857.09688390
-858.59155365
-858.05800128
-857.54722570
-860.88734932
-860.38189106
-862.58638329
-865.84992667
-867.62540662
-868.52467932
-871.14938232
-874.88518932
-876.58721740
-876.38779619
-880.07266979
-882.26155546
-882.88161187
-884.31977984
-884.07807569
-885.37772398
-887.89161796
-892.18178735
-891.59741606
-891.04843150
-893.93165539
-894.21193160
-895.01328028
-896.75320761
-897.16167297
-896.96146620
-899.19506389
-899.01992832
-899.33213273
-899.30209260
-898.72384351
-899.59707336
-901.33288611
-906.25600055
-907.21742692
-911.09758919
-912.21442196
-912.82287174
-913.86486997
-913.34919949
-913.28010477
-914.58427555
-917.67133223
-918.64349870
-919.82798301
-919.24643419
-918.69171053
-919.38447004
-921.88112146
-924.14987432
-927.64436201
-928.38904609
-934.82510887
-942.95461167
-944.69110967
-948.66969740
-950.40838928
-951.11580272
-950.56825496
-950.74162196
-954.03568929
-955.94846215
-958.44068295
-961.56773578
-962.23086227
-963.08068938
-964.09829524
-965.76937025
-967.14766358
-968.25478360
-969.23787698
-969.06817246
-970.34527673
-971.09660542
-970.79216244
-970.22095792
-971.17830079
-972.05650196
-975.29843524
-977.56000806
-978.71124664
-979.62496427
-980.56274253
-981.53206725
-982.44271577
-982.38384816
-983.45657854
-983.08592552
-982.80997055
-983.76387677
-986.06558648
-987.04334963
-988.02071762
-989.05077022
-992.85320037
-993.87408680
-993.53302276
-994.43662240
-995.56858996
-996.71545433
-998.63338143
-1001.81394361
-1002.79727027
-1006.21218058
-1007.21619087
-1008.24081470
-1010.34278616
-1023.40341919
-1025.05689544
-1025.18958928
-1026.84146317
-1027.19693977
-1029.09056463
-1029.49015756
-1031.44620743
-1034.31794026
-1035.60177535
-1038.22032067
-1039.80038330
-1042.69318720
-1165.54224689
-1166.63272777
-1168.51032807
-1169.59413958
-1172.14325301
-1172.27690335
-1173.44117759
-1174.61210241
-1175.84101053
-1177.78106854
-1179.40219702
-1180.81353772
-1181.97112419
-1183.06454175
-1184.07757979
-1184.77099888
-1185.18744210
-1185.43307416
-1186.29482527
-1187.12649302
-1187.97302195
-1188.76360860
-1191.23097557
-1191.43583843
-1194.14613646
-1195.49266320
-1199.60105127
-1201.03784507
-1207.42575229
-1212.14938140
-1216.06920532
-1217.24127021
-1218.57244038
-1220.43138355
-1221.41478284
-1223.05660062
-1225.38729474
-1225.69079211
-1226.59975930
-1227.86985366
-1229.50846693
-1230.96576499
-1231.79455592
-1233.74620081
-1234.72406367
-1235.62220114
-1237.86672854
-1239.32297764
-1240.54951333
-1245.82247570
-1247.44951612
-1249.18827758
-1250.13429494
-1251.15158206
-1252.46531174
-1254.71389933
-1255.19589759
-1256.63943083
-1258.83072473
-1260.63615233
-1262.40396467
-1269.93444601
-1278.00798164
-1279.18791575
-1286.66226572
-1288.56376322
-1291.54770699
-1293.32726538
-1296.65407758
-1298.67361683
-1300.18867030
-1302.61511077
-1305.88293750
-1308.85863956
-1310.66929334
-1313.32676660
-1316.62143090
-1320.19499059
-1321.20452389
-1322.78248686
-1326.31717209
-1329.83214905
-1331.03973954
-1335.05285408
-1337.09532479
-1340.86761514
-1342.90936578
-1346.87822501
-1353.37431472
-1354.18437011
-1354.94558889
-1355.77234333
-1357.71055882
-1360.61973529
-1361.46822691
-1362.35326039
-1363.06197618
-1363.74737349
-1364.55460645
-1371.03739127
-1376.78953116
-1384.45383833
-1385.33458055
-1386.44223151
-1396.10595615
-1397.09571689
-1406.48475210
-1407.57749782
-1408.32834979
-1409.07634497
-1409.83710420
-1410.65310603
-1411.43907489
-1413.61383664
-1414.41085807
-1416.88102530
-1417.69991728
-1423.56077841
-1424.77363815
-1426.05257608
-1427.56434866
-1432.52900740
-1433.63277372
-1434.83135740
-1436.23991681
-1437.68538677
-1439.15887162
-1440.62554340
-1442.29481317
-1444.90175474
-1448.13360344
-1449.89352395
-1452.53428577
-1455.03833804
-1456.61938233
-1458.84934313
-1460.43089216
-1462.25956889
-1464.23873288
-1466.28382669
-1468.44568262
-1473.06744203
-1474.99538665
-1475.66267310
-1477.33780303
-1481.41639651
-1482.53202590
-1483.27329367
-1483.50075360
-1485.74134901
-1488.88270460
-1488.47082490
-1488.62365612
-1489.47775369
-1491.81686316
-1493.22831957
-1493.33248514
-1493.68481342
-1493.70631717
-1494.44835331
-1496.11663622
-1496.37188167
-1496.87042830
-1497.26326293
-1497.63056514
-1498.70155717
-1502.37209995
-1502.71063990
-1502.20679182
-1502.37010643
-1504.36380257
-1505.82715307
-1507.92694699
-1509.83676480
-1512.51994421
-1515.75438084
-1517.26952421
-1519.03962362
-1520.97839803
-1522.76331099
-1525.14842634
-1527.55419027
-1529.86323530
-1531.17900457
-1533.55543220
-1535.26970702
-1535.50276592
-1538.21442890
-1540.90675474
-1543.13772442
-1543.23918528
-1544.35404505
-1544.67479893
-1545.89341448
-1547.20371535
-1547.40424721
-1548.32567461
-1549.12601469
-1548.85460776
-1549.42134164
-1555.82832085
-1556.07782042
-1560.50326383
-1560.82102305
-1561.99403447
-1561.60924335
-1564.82376601
-1567.58009844
-1571.56702777
-1574.79937283
-1576.16767385
-1575.99114608
-1577.99499799
-1580.93280154
-1584.49509590
-1586.81069200
-1589.93727384
-1593.74862666
-1596.26585196
-1599.35624560
-1599.98807336
-1602.04189510
-1667.07830675
-1728.62853690
-1730.93136019
-1732.06154930
-1732.74021869
-1733.38341397
-1733.81436147
-1736.64403784
-1738.92609394
-1739.08409561
-1739.73327814
-1741.44435593
-1742.26124523
-1744.52857740
-1783.38004785
-1786.08873169
-1831.87474770
-1833.17189829
-1834.74039052
-1835.77837488
-1836.40392258
-1836.81881410
-1837.85503477
-1838.78429155
-1839.21845541
-1843.79967473
-1844.97915137
-1846.94316288
-1848.51752904
-1850.01922886
-1851.73451608
-1853.34165560
-1855.06283464
-1857.13868647
-1858.21446221
-1859.12477528
-1861.14293283
-1862.86002756
-1865.48165664
-1866.67768257
-1868.26640107
-1870.41176532
-1872.33640150
-1873.53566009
-1875.80551758
-1877.71707216
-1878.49071076
-1880.66354666
-1883.41699782
-1885.13674505
-1886.90025947
-1890.12595363
-1891.45462444
-1892.91385316
-1894.29383997
-1896.87337295
-1902.09963620
-1903.04826711
-1903.80018317
-1906.18373592
-1907.67559009
-1909.89266771
-1911.74942307
-1913.89449382
-1917.39465821
-1919.90511771
-1921.49795476
-1923.72190408
-1924.76764397
-1925.74169596
-1929.18829024
-1932.69761371
-1935.17313652
-1938.02394734
-1941.98062527
-1945.22564866
-1947.67253481
-1950.15218743
-1964.68355136
-1968.29993024
-1971.55452847
-1975.02724308
-1980.74884658
-1989.06775953
-1992.06616697
-1993.72047684
-1996.62093712
-2002.68534088
-2006.32504701
-2009.49678867
-2013.31376329
-2016.83552498
-2019.77294060
-2022.87441196
-2025.26308203
-2028.17315034
-2031.28636154
-2033.07676013
-2036.61848409
-2043.93839382
-2047.27203987
-2048.58637108
-2050.25406602
-2052.62027041
-2056.07275337
-2058.35865751
-2068.39724803
-2071.66165938
-2074.23206543
-2076.67341732
-2078.16269303
-2081.02186905
-2084.34681475
-2089.48097298
-2095.44380936
-2097.28537739
-2098.92082060
-2102.14518509
-2103.72842925
-2106.33103840
-2108.79514242
-2117.10957186
-2129.31271817
-2131.29924407
-2132.28252397
-2133.59737106
-2134.40997981
-2136.94830664
-2137.96041501
-2139.06195031
-2140.41034250
-2141.78783432
-2142.66709985
-2145.03356940
-2150.09328528
-2156.61209075
-2160.34339362
-2162.22734904
-2166.83047046
-2168.17644831
-2169.52791847
-2170.62795572
-2171.64002131
-2172.84405473
-2186.27659138
-2187.13882717
-2188.56946494
-2195.91081104
-2205.80346487
-2208.96211771
-2212.57388498
-2213.87983600
-2214.91148289
-2215.81113312
-2216.77148928
-2218.33218903
-2220.61379837
-2224.18837431
-2228.85084847
-2237.19858503
-2326.21426916
-2409.48022012
-2417.09380158
-2419.20130845
-2421.90299135
-2431.23125500
-2432.14830553
-2433.04048269
-2434.55133323
-2435.85833661
-2436.97726473
-2437.84516428
-2438.73271523
-2439.57291475
-2440.41782199
-2441.65862955
-2447.45994491
-2453.53977426
-2460.04662383
-2484.27328154
-2486.16512563
-2503.64168009
-2504.69273364
-2505.94883409
-2510.99009949
-2511.99455880
-2512.91706591
-2515.79178912
-2522.41305038
-2524.40299463
-2525.63495396
-2527.76189298
-2531.14264263
-2536.68819037
-2543.48565618
-2548.19300314
-2553.34431923
-2561.03824473
-2570.31463251
-2571.22998242
-2597.55380210
-2598.88371804
-2614.48001773
-2627.22865424
-2627.95189485
-2628.74116360
-2641.16965910
-2641.82384972
-2642.72872619
-2644.03245805
-2649.41366636
-2654.72254692
-2659.56426381
-2660.44294590
-2666.31512971
-2667.05923811
-2668.55623120
-2669.60283364
-2670.58792115
-2672.02861076
-2673.06742918
-2675.64679147
-2680.23682422
-2688.79685413
-2690.48885353
-2710.59479607
-2712.48073448
-2733.53552559
-2750.59889294
-2765.01450407
-2769.51946080
-2774.44329331
-2775.49544841
-2782.31902066
-2790.14522394
-2791.38813053
-2792.44759362
-2799.44490193
-2805.57766449
-2806.82511987
-2807.66052643
-2809.63067825
-2814.82058520
-2816.79942808
-2830.71096102
-2832.54987680
-2834.89555819
-2840.05169231
-2841.70154150
-2843.75989623
-2845.85912492
-2851.40820952
-2857.59537677
-2859.80506881
-2864.53221941
-2875.16615359
-2877.32528669
-2882.14583864
-2884.38325360
-2895.18941218
-2902.62605946
-2911.74796595
-2915.01008356
-2915.99169020
-2921.58514056
-2924.99549547
-2930.21174512
-2935.34124534
-2943.80963131
-2949.33652330
-2954.77486435
-2963.03951105
-2971.64228389
-2976.92992028
-2982.11929039
-2982.73228337
-2983.92640657
-2988.34415125
-2992.55273521
-2997.68763262
-3005.10427039
-3011.80508616
-3020.03129060
-3025.13892202
-3034.48697516
-3035.96175540
-3036.56759141
-3045.32425822
-3046.38314829
-3048.28136925
-3050.33593846
-3055.52046776
-3059.75986575
-3065.25008455
-3067.67339920
-3069.99992036
-3073.99501348
-3078.25343378
-3083.53290737
-3087.98775608
-3095.46697085
-3105.08242225
-3109.05407724
-3113.44636644
-3118.57263654
-3131.92411188
-3134.81492955
-3137.32921408
-3148.18176032
-3152.39887459
-3154.18127437
-3156.70073961
-3158.66407785
-3161.59605501
-3166.39825652
-3171.54257317
-3175.28051800
-3179.96702860
-3189.25024177
-3196.93708836
-3204.90734533
-3206.98081402
-3209.76662618
-3217.97595839
-3224.82958575
-3227.29180165
-3231.49626410
-3233.46107171
-3239.20599726
-3243.93155244
-3251.41767106
-3255.63200579
-3260.32812171
-3266.32336478
-3271.60664974
-3282.69695933
-3293.36515430
-3295.45321305
-3326.45688426
-3329.40421184
-3331.72480448
-3335.42649777
-3336.63013755
-3337.50745533
-3359.92382828
-3378.04826776
-3381.60124259
-3389.17121620
-3393.07656899
-3395.42726512
-3398.07242432
-3400.49225992
-3415.20762779
-3416.94105822
-3418.73490718
-3425.83264917
-3432.18656336
-3436.96833810
-3448.30167400
-3452.92712849
-3466.33154602
-3476.06968327
-3489.60726716
-3497.26476163
-3498.07200653
-3510.85383303
-3511.66052084
-3516.83502057
-3526.55868828
-3531.66090057
-3532.49352722
-3533.23456362
-3534.60929399
-3535.92617531
-3546.31194937
-3547.15156845
-3573.93483570
-3575.31827691
-3580.40094910
-3583.32859773
-3586.19550067
-3595.96250165
-3607.51686757
-3618.76893697
-3630.14952466
-3634.42753240
-3644.98320174
-3656.22614907
-3661.56959838
-3665.21937575
-3666.86499561
-3684.44787173
-3686.23901031
-3687.92336660
-3689.32249141
-3694.17175253
-3698.69136719
-3700.05662137
-3710.78854482
-3728.64020743
-3730.54391489
-3732.48371253
-3733.85270792
-3735.55500507
-3775.10446127
-3776.96561213
-3778.31667679
-3780.07285876
-3783.31943180
-3785.20310295
-3789.51405998
-3791.98488575
-3801.73644335
-3811.68372243
-3816.39740910
-3817.79983893
-3819.27962864
-3830.37175086
-3832.41798717
-3834.76255886
-3842.34258809
-3844.13076053
-3854.73727211
-3858.39374744
-3860.23196103
-3862.70237056
-3863.70773798
-3865.33924554
-3868.02029754
-3869.98118861
-3874.03376838
-3876.69163577
-3880.27736829
-3882.25005730
-3883.54075332
-3887.53648870
-3890.77471907
-3894.33825689
-3897.44970087
-3899.44220329
-3902.80371869
-3904.63800404
-3906.72419448
-3909.51505298
-3911.90575171
-3915.23836023
-3919.01942560
-3923.06648725
-3927.41052403
-3952.23223306
-3959.27462702
-3961.83121058
-3980.04685038
-3983.67485373
-3987.29560544
-3991.18581676
-3995.11960431
-3998.62271873
-4004.41732235
-4024.24863422
-4027.77357330
-4033.25631375
-4036.29419575
-4039.59332254
-4042.35030011
-4047.50808705
-4051.04127885
-4054.00469284
-4057.36285435
-4062.24632022
-4065.89101340
-4070.81650028
-4075.75253081
-4081.25141342
-4084.42806596
-4088.76205995
-4092.48885961
-4121.16334101
-4124.76319943
-4128.91572327
-4130.63107678
-4132.11651848
-4134.88724603
-4175.98164472
-4178.49922712
-4179.02806175
-4179.61079127
-4193.90986069
-4198.48101504
-4199.05616317
-4201.34501432
-4204.43062063
-4204.98146998
-4208.71319721
-4212.23021156
-4214.49905951
-4221.17637437
-4222.10947258
-4223.21021601
-4223.86057043
-4224.62854640
-4229.19941761
-4233.92876734
-4237.23145788
-4240.09094203
-4245.09227759
-4247.47206206
-4251.44523370
-4252.08541547
-4256.50650349
-4258.77108930
-4261.26656784
-4264.03871287
-4266.54638093
-4280.73553914
-4303.31218498
-4308.42114399
-4332.99938630
-4339.52977900
-4344.74423160
-4349.38038486
-4350.40495488
-4351.03874566
-4355.81966963
-4361.16125604
-4365.55132308
-4371.63183873
-4384.95176781
-4397.10893230
-4404.40731617
-4404.94201254
-4407.32048908
-4408.03206504
-4413.35905415
-4416.08085480
-4424.21756481
-4427.95737249
-4440.21111795
-4440.96651573
-4452.88638146
-4474.67325506
-4479.68374980
-4480.81783049
-4488.36934549
-4489.41857211
-4499.08071090
-4500.75747256
-4503.12486853
-4503.87816859
-4511.43435530
-4512.64733908
-4513.41457132
-4514.57684191
-4515.39044872
-4523.13931669
-4524.78792499
-4526.74646911
-4528.33817495
-4530.34339561
-4539.67168550
-4540.55147650
-4542.16092145
-4550.58479928
-4553.42657051
-4555.82225143
-4558.57952392
-4559.72789527
-4586.85496816
-4588.73243386
-4591.56226915
-4596.47182239
-4598.01698793
-4600.43577586
-4603.30480645
-4606.76258241
-4609.93480584
-4611.76291536
-4615.28487317
-4618.80812736
-4622.47894915
-4626.33618663
-4628.87838038
-4630.28378204
-4664.33091052
-4707.14242531
-4720.62737533
-4725.28895192
-4728.75087519
-4731.48986137
-4741.59589172
-4744.93096161
-4745.34260938
-4745.90339227
-4750.44212824
-4755.87133989
-4759.81100128
-4776.33091681
-4783.23170438
-4788.79508767
-4791.93283756
-4794.65785238
-4799.17433026
-4799.60278273
-4803.81288880
-4807.77679884
-4807.90454345
-4821.13833363
-4825.78067307
-4829.64376112
-4833.86262127
-4835.05048993
-4838.88826383
-4839.52079546
-4842.78910329
-4843.29084883
-4847.23398767
-4848.01213962
-4848.58449852
-4849.39033796
-4850.11010333
-4851.00723512
-4859.91958306
-4863.25578654
-4868.32416313
-4870.78374632
-4915.68944173
-4916.39944747
-4917.03799687
-4917.83672515
-4918.49307835
-4936.59658100
-4936.65320338
-4937.27218471
-4938.15218596
-4957.34003389
-4957.94623998
-4958.75100536
-4959.49136103
-4961.07874816
-4975.30168027
-4976.15688973
-4977.01097724
-5015.42716127
-5016.25679221
-5032.41646190
-5032.83815317
-5033.15884055
-5033.81167645
-5034.26347134
-5034.67794797
-5035.03426378
-5035.58847895
-5036.08756041
-5036.38871177
-5040.18084582
-5040.36970290
-5040.91333376
-5083.12033109
-5083.42973233
-5083.83591549
-5085.81887579
-5085.98641831
-5086.05538187
-5089.21334500
-5089.50598439
-5100.89731972
-5101.03305453
-5114.36769111
-5114.53531284
-5128.63318083
-5132.72465662
-5133.23822848
-5146.51760205
-5147.07663458
-5148.88454952
-5151.09602883
-5152.33612227
-5153.32029265
-5153.27012194
-5155.02922337
-5156.47644445
-5163.00195472
-5171.32900923
-5188.56679169
-5189.00292886
-5189.20287744
-5191.31945870
-5193.76304362
-5218.99474290
-5219.17425299
-5223.22699016
-5223.82406249
-5224.26336896
-5258.36111364
-5259.57693956
-5288.95586058
-5306.09096134
-5339.20570101
-5361.08029528
-5361.24970954
-5361.50715710
-5363.53975079
-5364.52792468
-5365.54659626
-5386.36102249
-5386.54174741
-5387.64309747
-5388.44397074
-5389.52386952
-5390.16268136
-5390.68887399
-5391.48765635
-5395.32457970
-5396.29860160
-5397.74517846
-5399.73084264
-5407.28856632
-5412.93641834
-5418.71253242
-5421.60372794
-5422.64239181
-5428.61064122
-5430.81187535
-5433.33074988
-5438.24030316
-5442.12384765
-5449.65311224
-5457.24590153
-5461.36163907
-5469.40131744
-5475.44534434
-5476.12976588
-5482.86952563
-5488.57726966
-5490.25302842
-5490.70630453
-5491.87149331
-5500.52074177
-5503.29466510
-5503.62172838
-5508.25251553
-5508.27377477
-5508.46268813
-5508.22313180
-5506.80902366
-5514.86455390
-5516.60455729
-5520.69116877
-5526.06572246
-5523.57723409
-5528.73151880
-5532.57965177
-5541.77609275
-5543.38358202
-5549.15935823
-5555.74871758
-5575.40799362
-5581.82794787
-5580.36061482
-5574.67673523
-5590.12688946
-5591.06371564
-5595.11466134
-5626.31221473
-5630.60619902
-5631.21213085
-5631.92172203
-5642.56865643
-5651.18530106
-5686.12696472
-5686.20392114
-5688.81069525
-5695.25996133
-5707.37484527
-5722.61296751
-5723.19295390
-5735.32565626
-5743.19792276
-5743.91570172
-5742.72877692
-5741.05728576
-5739.72483677
-5746.64148401
-5746.04132250
-5753.93074277
-5787.79801311
-5790.27616408
-5814.73592687
-5828.93912604
-5842.70451765
-5842.70185405
-5842.37767308
-5839.29800718
-5835.62342981
-5831.56485387
-5831.66485335
-5834.49370187
-5835.02611872
-5853.56455181
-5854.04255125
-5856.33086097
-5877.25127364
-5882.96543485
-5878.79228395
-5892.50624905
-5888.01362873
-5883.45579572
-5878.87032296
-5874.27079805
-5869.61428794
-5897.66488217
-5953.18416082
-5978.36717187
-5973.42646481
-6017.25201580
-6012.37537880
-6007.45278699
-6048.82797821
-6043.86897631
-6039.02074905
-6034.06247246
-6034.96875032
-6033.86364447
-6028.89881608
-6024.00274366
-6019.31710845
-6014.42388293
-6013.53108788
-6008.57814655
-6003.54415278
-5998.55539090
-5993.44368207
-6041.49269171
-6143.14774124
-6172.19400612
-6166.90136771
-6161.84235470
-6156.82700232
-6151.34652825
-6153.01112742
-6147.27289476
-6157.07519746
-6151.49629545
-6145.98178175
-6143.99359148
-6138.69013686
-6134.07511098
-6131.61007468
-6137.18300235
-6134.11547462
-6130.57611621
-6129.38883440
-6123.15814122
-6119.36672964
-6114.67964814
-6116.33459452
-6114.98999200
-6111.70821341
-6106.87119793
-6102.08001043
-6098.13392681
-6093.81402015
-6092.18105605
-6090.48855861
-6087.33817753
-6084.57115408
-6080.50703253
-6076.15440430
-6073.94859223
-6071.81311110
-6071.55741511
-6071.93903234
-6069.98814689
-6067.38475820
-6068.19610948
-6066.82579656
-6067.12217378
-6066.72750753
-6067.34137011
-6066.87723332
-6064.79911016
-6065.70284682
-6061.96378512
-6060.83629061
-6068.62601698
-6066.87915395
-6064.70943117
-6071.95905832
-6371.61629085
-6373.10440468
-6479.44470450
-6482.41465745
-6481.14534610
-6477.66219845
-6478.21322923
-6475.75639179
-6472.37439608
-6470.87251199
-7215.02418905
-7227.98553344
-7225.98039672
-7228.69120611
-7227.35991688
-7222.33396452
-7225.91266500
-7221.45677168
-7229.43909912
-7223.03441804
-7224.44551457
-7234.31871037
-7242.91481165
-7241.75584534
-7255.05919854
-7272.78673632
-7270.71513195
-7433.76461868
-7425.98112246
-7429.67875531
-7426.62553734
-7427.04982721
-7442.66746572
-7440.55716256
-7452.07944789
-7449.55825772
-7443.45893481
-7441.53948813
-7451.73801648
-7462.56394422
-7469.99728299
-7462.49756466
-7456.90799744
-7455.09959628
-7455.27814013
-7457.32643637
-7461.02040359
-7466.84637526
-7471.37365189
-7474.53722062
-7477.23369359
-7480.33046606
-7481.08010511
-7481.93072880
-7485.68916738
-7489.40397300
-7492.22672107
-7495.98096728
-7497.04550481
-7502.72746787
-7510.91864135
-7511.52640297
-7512.98376722
-7515.07073975
-7516.66521867
-7516.77453816
-7516.46652259
-7516.28163978
-7515.14131528
-7514.66409187
-7516.81731837
-7517.78899898
-7520.41300069
-7518.63853199
-7515.89635731
-7518.22694966
-7518.74554611
-7520.00526866
-7523.05527658
-7525.07045691
-7525.19106020
-7523.39276636
-7524.11799592
-7523.02370448
-7522.02590722
-7524.38135372
-7528.84695134
-7529.07445716
-7535.68615799
-7542.55441959
-7548.56779382
-7552.32225759
-7554.51848398
-7563.30273536
-7567.44032972
-7571.76327412
-7571.31949007
-7576.03531575
-7587.14422787
-7584.67096570
-7587.87451754
-7599.46069721
-7599.97692255
-7612.35358373
-7618.63973406
-7628.74364681
-7641.90031352
-7643.81691843
-7645.76787007
-7652.94890255
-7667.70068154
-7675.00206846
-7689.79256122
-7705.57346942
-7722.72393199
-7735.50648587
-7746.18341168
-7742.92214113
-7740.93450044
-7739.43448250
-7739.26229182
-7746.53135895
-7744.27118540
-7741.87762429
-7738.33730904
-7735.28180105
-7734.04987560
-7748.34851922
-7760.76482887
-7758.94722484
-7756.48966074
-7754.29387240
-7769.05794345
-7784.24663790
-7788.77652183
-7785.99296053
-7784.23197580
-7781.08891150
-7779.18940571
-7775.66085537
-7772.03659287
-7770.40886735
-7771.47501360
-7767.80982405
-7766.14162994
-7767.32770440
-7761.79955385
-7775.76088608
-7775.55145523
-7770.00281964
-7771.26753840
-7774.37683023
-7771.01468599
-7780.86365936
-8099.00268675
-8102.05782870
-8098.71350762
-8111.20219517
-8114.03015962
-8124.09840336
-8122.41309127
-8124.27441673
-8127.95909597
-8140.72979694
-8142.67205883
-8156.89371032
-8161.19691521
-8169.05408898
-8185.66523115
-8199.91597687
-8204.52408124
-8197.06546069
-8212.78420648
-8214.77556036
-8216.52384791
-8219.72305153
-8234.42256829
-8253.17786726
-8270.74917397
-8281.05981960
-8293.54869711
-8314.32641420
-8335.97434327
-8356.06356842
-8349.29198491
-8352.15737620
-8346.84503547
-8360.60353416
-8373.31074757
-8383.78789257
-8394.90654760
-8404.80168972
-8415.09688109
-8420.66231910
-8443.18630672
-8469.79593213
-8489.83684758
-8491.49194804
-8504.30763700
-8496.92490699
-8516.81052181
-8523.63251740
-8516.20869154
-8527.45159257
-8554.07510039
-8565.25125756
-8557.95996182
-8564.82095066
-8578.15651566
-8590.14116366
-8603.57738721
-8615.81390726
-8628.18329412
-8640.02982672
-8651.99918394
-8681.20928864
-8697.41870994
-8704.18936549
-8697.16039021
-8709.21144736
-8701.96503206
-8711.49192481
-8724.19294792
-8747.62680915
-8770.96665600
-8796.96684893
-8812.50691248
-8834.76137422
-8853.58380166
-8872.94058113
-8896.21880856
-8918.43927097
-8941.96059073
-8969.06397849
-8988.92237529
-9010.90605535
-9026.66482089
-9045.73451897
-9039.83528719
-9058.76936163
-9081.74134391
-9109.02717072
-9102.33937705
-9127.69308404
-9149.42142070
-9142.93937997
-9152.63765004
-9173.10780754
-9166.17463062
-9191.18263220
-9216.18116649
-9239.42093041
-9250.20899482
-9268.45693301
-9280.29258456
-9300.27847088
-9312.31755485
-9324.85259966
-9342.27913969
-9364.85916142
-9380.36535938
-9400.11414131
-9421.45231634
-9436.50739612
-9456.55857814
-9472.45013180
-9489.82341774
-9511.19995979
-9504.17732322
-9529.27845481
-9555.15015028
-9571.63543587
-9587.15114167
-9611.59490076
-9633.59220923
-9655.64443825
-9680.47528363
-9704.01483762
-9729.13358675
-9751.46450534
-9775.77568922
-9770.92417979
-9796.14921280
-9808.96619665
-9818.70514246
-9830.16339305
-9848.27048624
-9871.45478907
-9869.91912740
-9880.55721209
-9892.85720291
-9913.89974884
-9909.32208877
-9927.00716346
-9949.62078602
-9970.46798927
-9966.01864797
-9988.01302168
-10009.11065957
-10030.10044400
-10045.82126094
-10068.82490118
-10075.19825579
-10090.02847127
-10108.07301379
-10126.21544651
-10148.64740321
-10170.54036858
-10192.50869228
-10189.82949671
-10211.99544249
-10210.03045058
-10232.09970946
-10251.75185715
-10272.84076210
-10283.26042950
-10294.95096321
-10317.62867106
-10336.59439673
-10452.79395378
-10477.55009648
-10498.71504898
-10522.63733922
-10545.99609857
-10567.74762974
-10589.40846337
-10613.13364973
-10630.67367685
-10656.43970336
-10683.28038191
-10709.79618831
-10733.81119475
-10750.90986630
-10778.18217034
-10778.50367471
-10806.08823333
-10827.24801860
-10837.16532124
-10847.04057097
-10858.91475169
-10868.26899980
-10871.13437157
-10880.49322279
-10889.82904414
-10900.13055378
-10909.55164887
-10909.57503082
-10918.84759356
-10938.90833882
-10948.24801528
-10958.00219004
-10970.73371421
-10981.72095695
-10994.11152023
-11007.52800900
-11023.00338036
-11036.65332659
-11051.49800854
-11066.14169916
-11080.11220542
-11094.21541812
-11106.31715624
-11119.02121562
-11132.06451837
-11144.70887270
-11159.15828615
-11157.43888386
-11172.97232452
-11188.45429463
-11203.72837600
-11221.12089357
-11238.11689757
-11255.25823070
-11271.42038105
-11280.41958980
-11295.94702292
-11310.63730837
-11326.83459968
-11335.85652504
-11345.86739703
-11354.19795789
-11353.13299626
-11361.13713573
-11368.92652345
-11377.12063536
-11385.27617853
-11392.99751606
-11401.26846447
-11408.94795638
-11416.77662257
-11426.52655692
-11434.62623352
-11433.48051345
-11447.78524394
-11461.11714114
-11463.70025031
-11475.65127451
-11488.27492773
-11500.66016047
-11513.97334505
-11525.85327907
-11537.66930030
-11550.21136920
-11563.87701497
-11577.55277055
-11590.52039912
-11603.32618365
-11615.72490233
-11627.95119289
-11627.17566488
-11640.22831360
-11653.73659101
-11667.64905258
-11681.94669980
-11696.00413833
-11710.62180997
-11711.91764701
-11728.06757343
-11744.40118186
-11759.30069532
-11775.39132117
-11775.76000322
-11792.33133748
-11789.97904423
-11804.77093370
-11802.50701804
-11818.63838073
-11817.72001698
-11834.13073864
-11834.77569054
-11850.09463077
-11865.62130280
-11881.22561016
-11896.95895886
-11912.67561826
-11928.26146973
-11943.90724826
-11959.68472627
-11975.76473902
-11992.56134706
-12008.54766207
-12023.97104232
-12039.57781044
-12055.21836378
-12070.73812194
-12087.35073621
-12103.34319397
-12119.37030198
-12132.17789350
-12147.44621469
-12162.83947643
-12161.84136999
-12177.99171117
-12192.98202264
-12209.92121413
-12232.14672179
-12246.71615292
-12269.60162225
-12291.29014495
-12307.91858794
-12327.41140280
-12342.31238687
-12362.01808726
-12386.56625247
-12412.42319523
-12438.84491718
-12454.83660640
-12478.31654472
-12496.51543238
-12515.70148739
-12510.95879412
-12527.83784759
-12546.83656721
-12570.19882141
-12587.78357817
-12612.20381727
-12627.71101669
-12640.98465789
-12654.95530714
-12649.90726038
-12685.51491045
-12706.50455793
-12714.15317232
-12721.35421045
-12754.09652142
-13105.80348512
-13132.23887107
-13406.20854235
-13420.91512300
-13427.87036157
-13434.88300377
-13442.56164262
-13450.34949678
-13470.00540058
-13477.73463047
-13485.38745925
-13493.04858036
-13500.49636472
-13507.85317315
-13518.21071874
-13536.54018872
-13550.32065081
-13557.65956941
-13564.64108258
-13571.11535426
-13577.67997613
-13590.10135394
-13596.97761465
-13604.88774106
-13611.41422586
-13618.99802845
-13626.27339524
-13633.18258644
-13640.94442375
-13647.26936905
-13653.49023610
-13660.64654647
-13667.80694536
-13675.02460379
-13682.75533906
-13691.02279215
-13709.48615345
-13721.73511950
-13728.33774719
-13736.74050135
-13744.54758624
-13752.40584725
-13761.81982871
-13774.32097578
-13781.88780372
-13792.32107131
-13802.83631953
-13811.33662232
-13828.72288671
-13846.32204274
-13859.62100344
-13865.64422176
-13877.69383046
-13891.60878440
-13905.65601590
-13918.32964958
-13931.86040251
-13944.39032570
-13960.08036732
-13972.94444013
-13987.79579219
-14002.90748701
-14019.27498270
-14036.71011317
-14055.78636067
-14072.42012298
-14090.34621523
-14106.64639112
-14114.25983580
-14130.32984802
-14147.87593897
-14165.69589127
-14171.73517677
-14187.61024499
-14201.48580971
-14214.58246794
-14222.65295528
-14228.33446155
-14246.19443707
-14260.89196470
-14272.91621651
-14287.76623589
-14305.47537575
-14321.38842944
-14336.55562942
-14350.40552690
-14361.83429543
-14372.19060227
-14383.47850191
-14399.69640924
-14416.60329017
-14433.25393837
-14451.23359294
-14465.16403947
-14482.54206299
-14490.90486466
-14513.34999433
-14530.34512440
-14545.28529199
-14561.23619419
-14576.42041176
-14595.08622614
-14612.58798539
-14627.49378350
-14640.86698414
-14658.96222228
-14678.92804333
-14693.65427472
-14708.96729564
-14727.26996163
-14772.59912309
-14816.62075337
-14858.05297915
-14879.34907132
-14900.09384090
-14918.99063033
-14936.84595819
-14959.00007632
-14977.66039951
-14997.85519183
-15006.76696465
-15028.41663195
-15050.12302197
-15070.50654232
-15088.10871410
-15107.71033634
-15148.61000116
-15187.53795922
-15208.77150699
-15229.60331170
-15239.71296473
-15254.28136069
-15269.79505707
-15288.35395031
-15302.77120067
-15310.91676038
-15333.48505211
-15356.40381611
-15364.07329709
-15402.45890856
-15425.86305852
-15449.81424970
-15474.44204239
-15482.12146496
-15506.12622474
-15528.38464178
-15552.09692937
-15592.29339578
-15603.68128800
-15612.56873814
-15635.35748526
-15653.61029116
-15694.26084139
-15706.42245445
-15714.81363497
-15723.34471504
-15749.00752087
-15790.90263788
-15814.29158848
-15838.59273873
-15864.12835178
-15889.01267940
-15913.50032260
-15937.09890261
-15979.21891587
-15991.92830042
-15999.62837642
-16024.20368044
-16032.83498397
-16054.55312755
-16078.19535049
-16104.90844695
-16140.92296112
-16178.49555750
-16201.95757872
-16226.36030740
-16253.77597493
-16280.63254603
-16294.22779867
-16308.17888586
-16317.39943027
-16331.64421643
-16345.73826660
-16360.38045076
-16377.45614926
-16395.40328459
-16416.00596286
-16425.97038948
-16442.14168532
-16456.95955243
-16473.06973678
-16488.77163185
-16503.51701018
-16519.79540051
-16533.02066255
-16550.82846132
-16564.84896966
-16601.51209779
-16618.98282900
-16636.27613602
-16656.24145590
-16675.31996010
-16694.78647599
-16709.63302937
-16742.90007925
-16760.97564624
-16778.83652340
-16790.26817499
-16798.69374905
-16813.83445829
-16833.82699595
-16848.18467288
-16860.53010875
-16868.73861397
-16879.31004869
-16897.34649592
-16914.39207382
-16934.22619622
-16951.13853129
-16967.99604050
-16979.40747646
-16998.94882749
-17014.51460371
-17031.29633075
-17039.05262001
-17046.82086616
-17081.01645312
-17088.57325370
-17099.47413704
-17107.68639105
-17116.97746563
-17128.57823976
-17141.68256664
-17153.65794360
-17160.93983446
-17195.47983209
-17211.82186650
-17228.86919620
-17246.54463782
-17264.60729565
-17282.29866692
-17294.63662562
-17318.71968712
-17326.79487360
-17345.25128814
-17363.33088736
-17381.69260194
-17397.53600522
-17412.73446502
-17435.92151893
-17456.45095682
-17498.17695454
-17529.97236240
-17543.02116076
-17550.53652104
-17569.98272983
-17590.15484199
-17610.16435465
-17630.83540020
-17650.66294376
-17662.91834613
-17682.58712097
-17692.51303749
-17726.20469486
-17767.92229828
-17788.11358702
-17805.18649084
-17822.93550665
-17856.06150533
-17878.49190638
-17897.53318522
-17916.12907717
-17939.66314367
-17963.46927724
-17981.04959007
-17998.82083172
