-9.84553242
-11.45894527
-7.34173012
-9.55281830
-3.86307192
-5.02147961
-17.76877594
-19.54721260
-12.57014561
-21.36746025
-4.38177252
-17.26875305
-18.07890129
-17.88748360
-19.44805527
-32.47472000
-2.12220693
-24.53454399
-22.96905899
-27.39801598
-25.73543358
-28.14771461
-29.69923973
-51.24491882
-18.40439224
-19.38105202
-56.85707092
-10.68472290
-47.73137665
-8.24092674
-39.97960281
-39.85111618
-21.32629204
-29.73498917
-46.78713226
-31.42305946
-48.40093231
-40.40522385
-61.75930405
-30.30998039
-36.42524338
-37.48001480
-36.23006058
-37.92989349
-69.44153595
-43.08275223
-45.77735138
-23.89087486
-70.90177917
-79.02868652
-47.28394699
-71.51596832
-71.69242859
-15.53118706
-19.23419762
-56.05148315
-70.16886139
-59.53621292
-63.61719131
-67.85093689
-78.86735535
-69.62252045
-82.06555176
-83.80699158
-80.59535980
-75.47848511
-79.47917175
-74.29978180
-73.62033844
-83.85578918
-92.73596191
-83.49464417
-107.99093628
-79.05338287
-77.91594696
-36.67331696
-91.97354126
-94.10572815
-96.10649872
-93.86859894
-104.24861145
-99.93472290
-90.75495911
-93.51286316
-116.60564423
-111.64872742
-102.01659393
-82.56047058
-89.10696411
-115.48516083
-91.47090912
-105.90025330
-108.76699066
-98.73053741
-137.41195679
-110.91886902
-116.74147034
-100.40478516
-70.69593811
-217.09286499
-215.65979004
-141.04745483
-109.94416809
-116.98347473
-189.83517456
-174.32771301
-136.22415161
-103.52194214
-188.91613770
-118.47743225
-115.99829865
-112.41399384
-116.93107605
-121.71942902
-152.25376892
-152.28657532
-167.86595154
-116.20441437
-153.10339355
-149.47837830
-144.85655212
-146.91850281
-157.98831177
-138.12986755
-167.70904541
-144.62641907
-159.99685669
-133.08453369
-129.46255493
-133.81062317
-155.10362244
-110.09424591
-133.69911194
-101.37503815
-145.82127380
-167.89703369
-138.08001709
-199.51066589
-131.81936646
-234.69032288
-158.82864380
-207.50401306
-135.67198181
-204.03477478
-209.13258362
-136.51956177
-226.67716980
-129.65541077
-157.56246948
-128.20979309
-151.04966736
-229.59968567
-207.23023987
-224.59098816
-163.15805054
-161.59075928
-165.93212891
-226.79382324
-193.54327393
-172.40527344
-153.05235291
-233.48780823
-143.70829773
-171.85804749
-219.18411255
-221.18367004
-234.68278503
-222.17013550
-188.97172546
-196.83053589
-208.94750977
-199.14817810
-149.12681580
-192.50662231
-190.97056580
-195.71250916
-225.29286194
-241.28085327
-186.94708252
-189.10787964
-190.51435852
-193.73979187
-172.32708740
-163.11805725
-212.74493408
-182.10739136
-203.37721252
-209.12649536
-227.26010132
-248.55293274
-190.18492126
-203.51365662
-218.03909302
-249.25759888
-201.98835754
-209.30206299
-224.15937805
-167.80097961
-202.35064697
-183.98271179
-268.71414185
-223.97796631
-184.87597656
-216.72918701
-199.52130127
-211.39422607
-229.05676270
-229.76335144
-248.31498718
-243.65635681
-255.56838989
-228.24247742
-256.86920166
-225.70324707
-193.98156738
-199.42456055
-255.57275391
-254.76110840
-222.57617188
-258.78396606
-218.28570557
-177.14356995
-274.04925537
-190.69943237
-264.79388428
-237.92626953
-243.67858887
-286.63864136
-268.50027466
-273.10064697
-251.14907837
-285.36663818
-292.83355713
-274.93777466
-288.96871948
-266.92712402
-260.15579224
-304.78411865
-228.58135986
-278.04962158
-269.99041748
-284.00561523
-302.63470459
-237.11247253
-201.39326477
-276.23626709
-256.27822876
-271.88061523
-310.62664795
-246.03134155
-247.75958252
-319.46600342
-303.26715088
-280.61096191
-283.69622803
-326.31668091
-312.32418823
-260.60086060
-275.39398193
-194.77687073
-274.96008301
-321.16238403
-242.28382874
-284.36389160
-317.88928223
-274.83264160
-348.46359253
-284.25326538
-272.32699585
-267.15838623
-316.03445435
-344.50961304
-309.79257202
-321.33135986
-284.76492310
-274.47595215
-333.46786499
-299.31954956
-254.53645325
-360.62414551
-312.89050293
-288.38528442
-296.66653442
-280.16143799
-335.34875488
-285.71298218
-207.63417053
-341.83242798
-338.46545410
-342.98837280
-340.64331055
-289.33392334
-344.53704834
-339.22146606
-257.90835571
-231.97802734
-300.73538208
-304.36340332
-350.32788086
-294.99127197
-360.26483154
-357.57177734
-375.03921509
-381.41949463
-353.65267944
-383.96307373
-289.34902954
-359.78378296
-357.60684204
-381.07272339
-297.02816772
-270.20190430
-394.51992798
-365.26800537
-372.56079102
-368.33523560
-305.79199219
-221.04060364
-368.66162109
-352.27484131
-218.49285889
-313.51861572
-257.69812012
-357.25445557
-291.73532104
-298.39923096
-357.46365356
-400.88943481
-289.44638062
-292.31851196
-395.51657104
-302.43710327
-383.42230225
-394.27075195
-361.90365601
-341.07882690
-399.50250244
-367.48178101
-277.48236084
-354.98495483
-285.43078613
-327.26113892
-292.57449341
-403.23535156
-396.91720581
-348.38818359
-400.42254639
-290.91705322
-325.41122437
-370.12728882
-406.23052979
-296.25442505
-409.87377930
-272.95007324
-424.47146606
-393.62301636
-416.22790527
-426.25772095
-315.19555664
-334.39703369
-354.03433228
-331.97784424
-331.09167480
-430.04403687
-310.75161743
-435.07974243
-394.48754883
-386.92486572
-319.18038940
-334.83752441
-414.74359131
-351.23223877
-365.36871338
-451.03085327
-363.61367798
-286.53329468
-453.53646851
-305.71838379
-358.96759033
-391.62939453
-388.49914551
-404.20565796
-402.84484863
-376.67904663
-362.86206055
-367.92675781
-359.32211304
-391.02731323
-386.16848755
-388.73065186
-334.09335327
-423.87774658
-385.71725464
-330.61306763
-332.74810791
-314.15872192
-439.15493774
-406.47021484
-380.84835815
-330.34851074
-399.14538574
-351.62857056
-397.12353516
-281.24334717
-389.00976562
-377.31988525
-393.73226929
-387.95040894
-350.68411255
-338.51632690
-449.10696411
-400.06356812
-359.88638306
-433.92871094
-376.20755005
-449.43087769
-352.88604736
-337.53677368
-439.12155151
-420.90966797
-328.71530151
-380.79962158
-401.40985107
-403.53591919
-405.88751221
-423.23934937
-388.28311157
-391.24688721
-383.62219238
-378.46923828
-377.51425171
-402.32116699
-388.55200195
-363.44079590
-327.68383789
-383.51458740
-354.55410767
-431.66439819
-440.40649414
-427.24945068
-421.07891846
-437.83471680
-395.28839111
-381.25650024
-435.82373047
-441.87619019
-424.06399536
-425.22781372
-330.46356201
-460.08917236
-353.52865601
-337.47903442
-420.06759644
-433.14770508
-422.80606079
-371.07650757
-379.35784912
-384.43170166
-452.65155029
-418.21972656
-465.83892822
-393.66928101
-337.64587402
-448.66793823
-465.23715210
-424.48291016
-443.32546997
-449.99801636
-392.75216675
-432.53710938
-396.62301636
-375.83651733
-447.25820923
-385.36328125
-377.53433228
-412.17495728
-438.83798218
-442.91052246
-412.88876343
-473.51376343
-457.84429932
-430.32000732
-395.97671509
-375.21398926
-408.77990723
-368.50640869
-447.71994019
-375.55926514
-429.15820312
-382.74136353
-335.52310181
-397.80139160
-380.69534302
-332.26940918
-414.96243286
-378.93127441
-382.99145508
-469.12121582
-462.11727905
-466.71765137
-467.70712280
-465.13238525
-479.85153198
-390.51171875
-393.65921021
-403.61337280
-402.85964966
-375.09393311
-404.76739502
-459.49084473
-465.94479370
-479.69238281
-453.25930786
-425.52996826
-428.42218018
-471.75100708
-481.00842285
-390.02279663
-364.71560669
-472.77371216
-485.27273560
-418.33908081
-489.36877441
-371.77044678
-393.78302002
-470.71276855
-492.10583496
-430.03634644
-432.44894409
-422.38977051
-405.09378052
-416.60244751
-454.10668945
-486.89675903
-391.90115356
-412.45208740
-428.18325806
-408.51611328
-424.91592407
-489.24316406
-428.90313721
-422.28781128
-399.86929321
-507.31195068
-373.97680664
-492.10012817
-368.23937988
-494.32714844
-500.37045288
-420.21981812
-506.29003906
-345.47946167
-493.47387695
-484.62429810
-432.13079834
-386.73040771
-427.19079590
-401.30917358
-352.92401123
-347.04330444
-354.95635986
-367.43579102
-395.44754028
-511.19744873
-332.15588379
-376.19738770
-434.17456055
-382.81655884
-525.58337402
-357.53973389
-497.22885132
-475.79711914
-528.89575195
-356.06488037
-524.00866699
-447.62991333
-454.05212402
-376.39501953
-506.36886597
-382.78616333
-502.87518311
-538.19396973
-509.41259766
-522.44488525
-352.03778076
-471.31732178
-417.75650024
-433.70056152
-439.16903687
-355.21591187
-522.11614990
-482.64312744
-434.34616089
-459.09448242
-476.30651855
-484.39913940
-399.09786987
-546.47882080
-470.38650513
-537.49975586
-524.05474854
-404.56356812
-370.81677246
-365.67645264
-552.33410645
-462.19235229
-553.64599609
-507.13290405
-512.53326416
-451.24432373
-478.85006714
-367.41464233
-396.03881836
-413.11032104
-375.68991089
-398.72070312
-548.29760742
-347.37429810
-405.46759033
-551.65966797
-447.20690918
-499.13552856
-401.92956543
-399.00494385
-471.66671753
-512.18634033
-466.68453979
-541.06463623
-526.04809570
-411.02114868
-418.22525024
-413.73101807
-359.43728638
-405.73284912
-534.43701172
-392.46923828
-576.81427002
-545.55401611
-496.97436523
-484.38949585
-554.76513672
-439.94662476
-551.85382080
-469.71234131
-466.44018555
-574.91284180
-344.87011719
-573.99597168
-468.39547729
-406.20574951
-582.36596680
-569.60797119
-457.28198242
-353.22323608
-481.25091553
-374.27737427
-425.74734497
-478.40396118
-468.70181274
-510.68603516
-386.05938721
-518.99041748
-536.32714844
-486.24053955
-467.64361572
-588.16119385
-564.17846680
-570.28228760
-536.13507080
-590.52374268
-524.79235840
-576.78045654
-488.57025146
-458.59524536
-410.92025757
-593.88702393
-346.39328003
-492.17242432
-356.55651855
-588.64794922
-605.22222900
-600.22656250
-598.45635986
-608.62170410
-609.48974609
-597.05389404
-605.15209961
-388.38760376
-418.93750000
-381.25952148
-378.21304321
-537.02185059
-361.48791504
-496.85617065
-506.32659912
-609.05657959
-393.74282837
-468.43524170
-364.60659790
-605.94946289
-396.46783447
-604.98608398
-501.75952148
-386.04010010
-371.40798950
-620.04980469
-579.65246582
-465.40652466
-494.35333252
-473.01785278
-462.84634399
-516.87683105
-622.29968262
-489.66973877
-502.32000732
-587.51989746
-625.82482910
-508.11254883
-357.05950928
-609.63458252
-622.68664551
-606.00213623
-470.88793945
-498.70062256
-502.73666382
-560.47802734
-463.12820435
-495.31921387
-509.20462036
-469.05734253
-611.25750732
-499.27539062
-470.60165405
-501.61203003
-383.98522949
-594.76263428
-599.74267578
-445.90362549
-448.75128174
-513.21368408
-534.63964844
-511.36053467
-533.24761963
-568.00073242
-469.23785400
-416.70776367
-396.52139282
-404.39498901
-639.46777344
-469.68496704
-593.64813232
-538.87469482
-373.08087158
-427.48593140
-634.67413330
-380.79156494
-581.10894775
-384.98141479
-559.10760498
-602.18695068
-401.44873047
-628.86340332
-406.18484497
-420.32089233
-585.78442383
-636.30383301
-548.35900879
-602.80541992
-644.69982910
-410.35095215
-628.77606201
-576.51550293
-386.34268188
-408.28527832
-456.94882202
-402.45126343
-434.40664673
-660.88525391
-379.80603027
-418.90573120
-556.29486084
-419.20285034
-607.64129639
-393.05468750
-387.20703125
-412.16305542
-369.12634277
-394.45944214
-483.52667236
-412.72610474
-491.00555420
-403.52691650
-358.26812744
-375.58261108
-361.16119385
-636.64794922
-617.78387451
-673.50036621
-444.41268921
-603.77947998
-636.17315674
-533.04797363
-425.00799561
-549.56915283
-548.82934570
-570.29467773
-411.42440796
-654.77044678
-418.49050903
-639.59155273
-638.33001709
-410.81158447
-452.11236572
-648.05255127
-459.46716309
-649.65454102
-576.50903320
-484.85162354
-551.74450684
-666.16015625
-358.35168457
-458.19692993
-504.44415283
-537.34484863
-642.41534424
-455.06027222
-685.90820312
-566.87908936
-483.38726807
-494.89617920
-549.55773926
-666.08758545
-418.30786133
-369.05047607
-626.08197021
-378.55801392
-465.72866821
-449.70217896
-554.91217041
-647.08074951
-455.68774414
-459.51263428
-643.63610840
-649.38958740
-448.33587646
-475.40695190
-474.12860107
-591.00225830
-507.09893799
-654.05267334
-458.72604370
-682.02014160
-393.31536865
-693.49694824
-573.48944092
-470.12570190
-496.71517944
-537.20904541
-663.78442383
-650.98449707
-694.54455566
-624.61700439
-504.17736816
-484.17068481
-580.09521484
-484.77938843
-665.31573486
-510.55313110
-672.03057861
-367.03332520
-399.91467285
-542.33422852
-414.83035278
-436.95257568
-481.98928833
-382.68951416
-635.80273438
-412.21371460
-537.20538330
-570.03863525
-429.00082397
-405.35574341
-688.58538818
-434.89028931
-702.80517578
-422.47839355
-411.61483765
-412.16400146
-366.04357910
-680.80371094
-457.85729980
-389.53561401
-382.48382568
-363.45791626
-710.37493896
-372.32305908
-446.47573853
-713.23669434
-619.31237793
-660.04522705
-619.06170654
-391.65972900
-422.45574951
-419.52935791
-662.78686523
-604.12896729
-438.32220459
-663.62011719
-709.69567871
-530.03405762
-632.33038330
-711.77844238
-634.82415771
-461.32931519
-480.40643311
-425.90350342
-719.32440186
-405.98168945
-614.16284180
-574.89031982
-624.27532959
-421.54934692
-538.41723633
-693.84387207
-391.76449585
-391.86679077
-627.26605225
-416.97781372
-412.73544312
-423.71841431
-723.94812012
-625.80218506
-432.25955200
-382.39550781
-672.20904541
-716.69616699
-719.61437988
-432.38162231
-407.77078247
-427.11755371
-625.86669922
-366.70187378
-645.83178711
-637.55267334
-722.94995117
-667.05963135
-434.57553101
-414.92440796
-433.38262939
-434.66925049
-378.48376465
-589.69525146
-529.21813965
-598.80889893
-529.18353271
-427.60095215
-363.44955444
-473.45156860
-535.82098389
-734.76470947
-396.96514893
-698.77398682
-726.48681641
-729.30755615
-536.69219971
-436.29327393
-529.21759033
-667.93597412
-373.77310181
-643.18664551
-511.10861206
-689.35076904
-657.74969482
-666.81225586
-550.97998047
-374.98208618
-406.66049194
-704.58721924
-431.55734253
-418.52645874
-498.69085693
-725.42694092
-665.16308594
-668.22674561
-648.67132568
-377.48541260
-663.56677246
-738.68518066
-628.36059570
-377.66320801
-429.78396606
-602.47534180
-743.69335938
-507.94006348
-369.05297852
-740.39617920
-536.53741455
-724.49981689
-441.62335205
-480.07583618
-588.73785400
-744.61328125
-479.37643433
-637.76226807
-596.75067139
-692.93182373
-537.78186035
-746.85449219
-552.57464600
-737.05120850
-739.98529053
-656.72497559
-629.13494873
-528.53918457
-753.18731689
-592.28594971
-739.43292236
-417.62271118
-655.03613281
-729.45697021
-548.12432861
-668.26507568
-753.13891602
-374.35610962
-746.48492432
-643.53247070
-398.02722168
-491.48223877
-648.62036133
-474.51956177
-422.82705688
-536.46710205
-523.49969482
-652.38415527
-608.99060059
-762.81512451
-750.60809326
-701.77941895
-394.77807617
-505.04296875
-608.75433350
-765.62896729
-457.87026978
-390.66390991
-720.95513916
-525.65393066
-624.37713623
-756.93920898
-768.71777344
-566.99645996
-763.17828369
-390.27896118
-677.79406738
-403.44036865
-697.66613770
-732.97283936
-668.85449219
-773.18371582
-541.03479004
-433.35241699
-393.32846069
-382.27593994
-776.05133057
-393.51882935
-417.22561646
-755.93975830
-447.48730469
-452.89028931
-404.28942871
-396.13153076
-770.99835205
-430.51663208
-701.32470703
-488.55371094
-753.95166016
-555.87292480
-763.39990234
-708.67919922
-443.23831177
-774.27801514
-391.32165527
-544.37072754
-383.92718506
-640.54779053
-385.51458740
-419.11047363
-388.24237061
-643.27032471
-386.72769165
-779.14959717
-737.18414307
-682.15930176
-431.90567017
-612.35760498
-433.73779297
-785.39404297
-783.43444824
-537.45989990
-776.41326904
-651.60931396
-788.04638672
-443.85183716
-768.25109863
-464.63931274
-550.77642822
-525.98590088
-415.55017090
-419.33956909
-396.74456787
-524.95520020
-430.49053955
-652.92041016
-729.32867432
-533.48797607
-623.35083008
-614.72167969
-405.04769897
-419.84683228
-742.10314941
-735.64526367
-387.00573730
-803.57745361
-418.43814087
-445.51303101
-381.14077759
-684.88751221
-434.49203491
-511.09088135
-413.69589233
-534.17578125
-610.96606445
-432.83755493
-412.02270508
-436.17669678
-793.86584473
-700.94580078
-422.55590820
-758.17187500
-400.39837646
-798.55804443
-375.13870239
-620.44055176
-447.47683716
-506.20590210
-748.74322510
-426.43109131
-809.41339111
-740.79058838
-385.65930176
-419.72076416
-479.09597778
-799.01507568
-620.06304932
-776.90393066
-804.95605469
-383.63302612
-431.93566895
-756.85241699
-695.23083496
-407.87731934
-408.12847900
-566.61267090
-550.93304443
-783.28857422
-563.16058350
-653.88568115
-792.12750244
-381.57339478
-816.11193848
-445.12100220
-757.97119141
-611.88177490
-635.93292236
-440.90307617
-444.51361084
-408.55706787
-807.13793945
-760.83630371
-446.69000244
-716.45263672
-595.06665039
-573.33471680
-811.61578369
-449.91967773
-580.38183594
-437.32272339
-481.71621704
-733.72613525
-415.80694580
-662.24188232
-754.24157715
-542.31976318
-633.17864990
-706.65960693
-787.57458496
-776.21136475
-451.81530762
-437.96942139
-455.11956787
-454.38598633
-791.09307861
-718.55767822
-481.61737061
-403.43447876
-731.77441406
-486.63467407
-793.95281982
-820.95819092
-772.99713135
-728.18359375
-640.22900391
-444.14010620
-398.57028198
-394.75421143
-442.49395752
-413.70169067
-729.57580566
-820.93768311
-429.02816772
-400.46377563
-395.83905029
-816.03582764
-825.13525391
-806.71087646
-743.80065918
-643.10565186
-822.30358887
-784.75958252
-572.87133789
-819.43054199
-824.28985596
-689.52868652
-410.85064697
-638.16400146
-795.67205811
-735.39715576
-491.52737427
-513.45965576
-806.11468506
-687.10852051
-817.96020508
-504.08102417
-700.51928711
-514.08355713
-507.07223511
-570.80004883
-458.68725586
-693.04138184
-809.25085449
-455.97518921
-408.03875732
-398.88366699
-653.02929688
-697.77221680
-808.56707764
-454.02896118
-435.07720947
-770.96057129
-529.56250000
-535.21771240
-459.64392090
-413.21392822
-457.96469116
-777.77526855
-622.45770264
-806.61163330
-805.63256836
-722.70709229
-807.82476807
-843.48815918
-834.48944092
-446.15792847
-459.20767212
-811.57318115
-572.48358154
-406.43054199
-670.61657715
-844.83862305
-768.34735107
-400.49990845
-615.69195557
-671.74688721
-454.15399170
-414.50650024
-417.08477783
-404.02865601
-388.17300415
-549.86096191
-842.99694824
-382.46810913
-607.09771729
-577.26837158
-845.98852539
-599.97137451
-544.28540039
-723.45642090
-852.12933350
-750.12713623
-763.78741455
-457.10565186
-460.82269287
-791.85125732
-808.00683594
-783.40606689
-829.82458496
-588.70605469
-541.55548096
-560.23223877
-828.84509277
-420.26583862
-441.92913818
-659.24737549
-712.89300537
-794.95141602
-416.96249390
-456.56829834
-392.75485229
-828.72491455
-450.72668457
-659.96154785
-815.54730225
-564.07891846
-757.34320068
-456.58245850
-409.47656250
-649.54266357
-855.27441406
-621.74810791
-750.33966064
-520.45654297
-668.82708740
-621.00354004
-830.39849854
-536.68591309
-868.51489258
-601.03118896
-454.09106445
-828.18133545
-587.18536377
-659.42218018
-807.70605469
-739.74011230
-811.54071045
-854.45617676
-847.11724854
-655.74719238
-860.56994629
-729.50616455
-440.48742676
-861.42504883
-673.11773682
-657.11328125
-438.14913940
-653.52740479
-439.60382080
-796.66119385
-486.67477417
-799.75531006
-412.68972778
-795.10577393
-566.42602539
-858.46209717
-636.59106445
-567.23791504
-592.84259033
-448.30459595
-837.37402344
-454.71939087
-871.28161621
-726.99945068
-670.91351318
-460.97650146
-412.28118896
-443.01025391
-629.15142822
-641.75433350
-460.61721802
-791.82232666
-614.13726807
-656.12597656
-417.09527588
-460.76885986
-644.71215820
-455.18807983
-566.75396729
-716.88696289
-650.30871582
-769.34539795
-407.61044312
-709.17504883
-758.77319336
-872.49407959
-775.19268799
-831.87805176
-862.91265869
-687.26232910
-785.33508301
-634.81909180
-725.79418945
-831.94226074
-647.67102051
-412.75842285
-795.76373291
-815.21051025
-616.88092041
-787.32879639
-580.08959961
-466.68600464
-569.33953857
-494.79742432
-746.90826416
-396.99746704
-454.52233887
-397.52258301
-456.27264404
-763.97308350
-853.53228760
-831.08300781
-853.22998047
-844.60626221
-651.04418945
-437.41076660
-714.14733887
-693.97363281
-753.30236816
-860.57702637
-675.42773438
-847.76831055
-660.96014404
-596.07147217
-595.55621338
-616.24255371
-846.37768555
-563.44104004
-698.12542725
-821.41284180
-618.96905518
-826.92596436
-820.76525879
-860.44537354
-780.56982422
-452.62222290
-426.91424561
-479.05139160
-869.81591797
-739.71820068
-380.84640503
-813.18786621
-811.52722168
-690.06616211
-417.02606201
-843.77453613
-812.31945801
-805.69781494
-830.82061768
-501.32266235
-766.25024414
-839.30432129
-740.57220459
-696.37048340
-836.42864990
-871.67639160
-868.00366211
-827.60620117
-662.30786133
-623.26177979
-805.08734131
-440.47790527
-595.10455322
-585.90252686
-544.33703613
-856.39782715
-804.36566162
-881.77416992
-759.37921143
-849.43688965
-572.49743652
-864.22125244
-837.74072266
-549.62506104
-761.83227539
-599.37536621
-420.18777466
-406.70495605
-866.45422363
-768.13488770
-767.96380615
-839.36578369
-397.35223389
-849.11016846
-841.27502441
-820.48590088
-762.83996582
-849.24548340
-883.97143555
-716.06799316
-822.21801758
-872.48638916
-651.01342773
-807.70202637
-861.61010742
-536.82720947
-714.32287598
-714.66876221
-388.59780884
-766.58129883
-383.12554932
-792.52691650
-745.77667236
-752.72955322
-598.54644775
-385.97845459
-656.63916016
-551.44635010
-641.69622803
-432.15512085
-432.19866943
-873.37762451
-866.84375000
-660.93902588
-883.28143311
-865.95910645
-382.25973511
-420.67440796
-880.26123047
-877.16369629
-877.01245117
-542.40075684
-443.32797241
-386.32385254
-869.17724609
-683.31652832
-529.19573975
-868.31396484
-753.92565918
-444.94204712
-443.21093750
-442.16540527
-648.39782715
-449.33822632
-393.37509155
-657.53295898
-790.88720703
-430.49047852
-695.61523438
-866.26129150
-435.85934448
-851.26043701
-448.83871460
-391.05694580
-633.02380371
-699.71350098
-795.51354980
-448.11145020
-757.30603027
-532.00305176
-866.08496094
-837.82562256
-852.39685059
-866.99114990
-883.17523193
-890.98498535
-421.81625366
-652.37823486
-433.10192871
-884.98956299
-420.14282227
-731.03698730
-535.13916016
-548.16717529
-815.47235107
-445.99673462
-895.51721191
-379.64270020
-739.05755615
-858.48156738
-421.66156006
-769.70214844
-406.87982178
-891.62408447
-401.71691895
-444.54751587
-862.07800293
-824.91357422
-691.94915771
-447.92474365
-528.90557861
-442.33361816
-812.48779297
-816.10870361
-483.91317749
-438.69299316
-409.64163208
-690.97106934
-748.00701904
-590.96362305
-603.18200684
-682.96588135
-844.56982422
-800.35876465
-714.71496582
-784.39733887
-426.07675171
-864.67718506
-692.70263672
-716.48065186
-380.68841553
-431.37979126
-442.57653809
-842.11883545
-534.51947021
-911.05676270
-912.94879150
-703.82049561
-898.90014648
-385.99520874
-385.34384155
-887.30218506
-447.10906982
-435.92367554
-867.42974854
-415.87756348
-874.40246582
-444.96069336
-824.41967773
-832.76696777
-912.90917969
-402.53182983
-868.95312500
-383.89929199
-910.73944092
-871.44848633
-837.46459961
-418.81024170
-691.18627930
-441.95709229
-437.48764038
-381.97003174
-725.35198975
-857.45434570
-823.39843750
-900.17816162
-392.97235107
-765.79638672
-868.13226318
-673.43829346
-888.74633789
-742.33953857
-887.34075928
-727.99432373
-562.58111572
-632.59985352
-895.70184326
-484.34454346
-905.97900391
-450.99618530
-535.02655029
-907.05554199
-875.63171387
-632.19561768
-443.83215332
-676.44097900
-627.04412842
-796.42517090
-413.21664429
-759.43725586
-385.14727783
-914.10815430
-408.78143311
-831.80352783
-891.66778564
-814.36029053
-871.38208008
-665.11120605
-909.18530273
-849.51617432
-448.71408081
-726.25915527
-463.94979858
-859.12945557
-402.91348267
-778.38690186
-613.13470459
-626.30059814
-458.96948242
-756.94567871
-442.46420288
-861.09716797
-454.36795044
-905.05712891
-437.89669800
-430.10763550
-446.71301270
-640.47576904
-426.58410645
-783.63232422
-420.71112061
-448.95925903
-426.29977417
-865.30090332
-857.78771973
-411.46325684
-786.94616699
-418.41632080
-487.98272705
-446.19454956
-428.98269653
-656.06591797
-851.53778076
-769.07171631
-921.22991943
-832.48651123
-605.42291260
-551.66778564
-692.76391602
-552.29058838
-790.91784668
-773.01684570
-398.64270020
-794.08575439
-787.01403809
-666.80950928
-923.14276123
-674.14685059
-903.01269531
-437.72875977
-755.28918457
-443.93170166
-724.52655029
-422.26318359
-398.51611328
-899.75787354
-885.74798584
-903.02636719
-897.99792480
-762.14172363
-840.88012695
-564.59674072
-631.98980713
-751.86462402
-706.80621338
-897.64031982
-468.39654541
-438.62649536
-779.81622314
-706.69360352
-405.49319458
-882.27612305
-477.02490234
-684.40258789
-437.81195068
-426.24493408
-456.99563599
-804.86645508
-834.30810547
-461.72897339
-924.39489746
-611.63159180
-451.27487183
-442.71429443
-918.96948242
-460.04498291
-524.44177246
-920.28771973
-889.67584229
-412.68203735
-469.05105591
-413.22604370
-464.11727905
-464.58541870
-457.97891235
-760.45257568
-454.76330566
-451.85742188
-425.78207397
-900.29687500
-574.65246582
-915.03234863
-571.37554932
-456.02749634
-630.47985840
-449.61825562
-453.52822876
-763.85485840
-731.17822266
-460.75204468
-915.47991943
-926.18603516
-861.23107910
-411.88272095
-462.36566162
-638.11907959
-463.50112915
-457.74395752
-790.88488770
-786.69854736
-412.56970215
-853.52038574
-453.78918457
-409.82266235
-552.81903076
-408.63433838
-457.55718994
-488.55438232
-917.93933105
-406.63729858
-881.49371338
-849.14575195
-848.49481201
-929.24194336
-923.19903564
-412.34323120
-857.53558350
-841.62310791
-470.05068970
-684.77294922
-856.90838623
-454.24880981
-838.29449463
-863.43634033
-718.39593506
-890.98266602
-926.19750977
-516.32562256
-843.88403320
-895.14654541
-907.41925049
-598.61230469
-859.13574219
-893.33709717
-430.33541870
-759.11865234
-772.31048584
-571.31140137
-864.32891846
-760.18981934
-896.67126465
-594.55084229
-574.10705566
-711.80047607
-628.98114014
-443.40264893
-425.53002930
-469.50915527
-875.18524170
-413.62374878
-785.83483887
-900.80120850
-914.18615723
-882.62445068
-925.81860352
-450.04782104
-423.05548096
-469.92010498
-690.37988281
-745.51580811
-628.84851074
-667.03680420
-656.67468262
-833.77844238
-698.57073975
-618.19042969
-452.43713379
-495.46630859
-473.39392090
-744.27105713
-561.66821289
-758.40045166
-811.49951172
-851.13580322
-454.16915894
-415.44061279
-890.10345459
-806.88732910
-439.92889404
-911.23217773
-446.72406006
-804.35357666
-433.30801392
-912.97015381
-447.09362793
-730.93035889
-921.42938232
-629.02960205
-382.32208252
-461.02359009
-409.02508545
-734.60150146
-912.04943848
-475.21749878
-397.01525879
-429.83035278
-463.54757690
-469.98223877
-689.03497314
-453.84451294
-808.41925049
-914.33215332
-898.19964600
-461.38864136
-900.48388672
-643.32104492
-719.87908936
-744.11853027
-880.18133545
-630.00268555
-920.17822266
-416.40832520
-890.37176514
-914.93609619
-414.82101440
-922.84820557
-666.51647949
-656.71527100
-407.95870972
-913.90423584
-830.78588867
-788.34735107
-840.99798584
-746.30792236
-818.12219238
-676.30004883
-806.46185303
-392.75894165
-412.92218018
-443.06002808
-815.58575439
-689.82238770
-398.54397583
-434.02963257
-424.43661499
-933.65832520
-436.66891479
-403.78259277
-901.55218506
-944.13073730
-918.48767090
-928.37280273
-376.26821899
-645.78094482
-937.98925781
-733.96057129
-869.62072754
-866.17401123
-595.14154053
-776.66992188
-730.78588867
-853.83618164
-768.17602539
-452.65435791
-445.13229370
-450.88339233
-881.90496826
-938.75469971
-940.57153320
-874.73315430
-449.40863037
-874.84844971
-923.40551758
-616.54077148
-431.60687256
-917.61944580
-397.09033203
-699.09661865
-924.67974854
-417.89965820
-889.14422607
-557.66870117
-769.67736816
-839.14508057
-930.13568115
-892.83007812
-377.89260864
-786.70178223
-406.30255127
-407.79071045
-505.16748047
-752.15869141
-517.16467285
-424.20309448
-916.10687256
-644.60162354
-902.83282471
-882.08178711
-436.31262207
-458.33621216
-814.61169434
-710.69372559
-904.69946289
-937.41485596
-448.58084106
-789.13696289
-868.03503418
-438.20492554
-767.49194336
-778.47991943
-793.21520996
-626.32525635
-402.56726074
-642.30725098
-438.66720581
-614.82977295
-745.63201904
-478.45458984
-861.43548584
-388.94677734
-426.69393921
-801.16430664
-937.54687500
-784.15692139
-924.41375732
-754.49078369
-830.22711182
-447.87750244
-418.03109741
-903.97332764
-408.83145142
-433.45739746
-409.06860352
-832.10449219
-773.82720947
-816.90332031
-652.29534912
-415.77197266
-437.39572144
-418.08575439
-739.07263184
-805.39251709
-389.72784424
-574.74273682
-598.10638428
-420.34072876
-387.33236694
-735.18725586
-620.07543945
-918.09338379
-941.50311279
-793.12060547
-916.20019531
-589.12896729
-613.70074463
-936.39007568
-918.87860107
-403.65783691
-417.27755737
-399.07687378
-916.88061523
-451.45388794
-799.33752441
-936.41357422
-881.03643799
-627.41412354
-730.29620361
-389.77673340
-893.15960693
-786.70007324
-381.36248779
-625.03979492
-495.25054932
-643.04382324
-738.91387939
-550.72222900
-390.09249878
-767.53344727
-429.61120605
-602.87054443
-705.16845703
-613.84381104
-377.51388550
-887.34899902
-840.54248047
-593.97491455
-371.90155029
-380.86193848
-758.60821533
-937.42236328
-382.82238770
-886.14019775
-922.71911621
-366.27359009
-367.35501099
-364.84378052
-375.39135742
-370.04421997
-453.98883057
-740.61785889
-731.18194580
-938.05145264
-925.74890137
-871.42822266
-364.26574707
-792.63104248
-640.01293945
-430.85757446
-929.87426758
-398.40988159
-375.06451416
-366.43710327
-529.57049561
-378.19351196
-436.54598999
-858.66387939
-405.14266968
-899.46655273
-367.12335205
-599.69360352
-910.82757568
-527.04028320
-662.30548096
-550.10992432
-356.47097778
-794.92437744
-429.85827637
-377.93890381
-928.97174072
-358.34936523
-373.05218506
-710.65759277
-433.06298828
-767.31945801
-381.89620972
-768.81341553
-933.56652832
-364.02548218
-382.03042603
-594.19036865
-886.15972900
-380.56533813
-365.71084595
-929.53973389
-911.87365723
-418.17651367
-613.92150879
-689.73925781
-337.15478516
-693.72955322
-590.77502441
-832.46099854
-549.28704834
-707.14080811
-681.84997559
-404.49194336
-790.93670654
-353.49832153
-412.53277588
-338.61730957
-390.74923706
-361.78051758
-362.24075317
-425.54415894
-895.56475830
-764.38336182
-414.29226685
-366.70874023
-360.05718994
-386.33666992
-818.40893555
-337.41760254
-836.35290527
-331.91415405
-800.14587402
-343.20001221
-360.26727295
-602.58703613
-845.18005371
-370.62280273
-815.00921631
-894.16406250
-847.51763916
-954.25146484
-960.19793701
-333.66763306
-662.47680664
-833.57580566
-938.79779053
-758.69818115
-389.72729492
-361.02401733
-895.30957031
-323.99343872
-362.14172363
-835.86285400
-327.99765015
-815.99932861
-860.53161621
-526.71453857
-333.71862793
-484.47259521
-587.95806885
-916.29876709
-902.96771240
-825.77355957
-631.66375732
-918.82843018
-645.05596924
-758.34033203
-762.24163818
-338.97625732
-674.95794678
-615.37664795
-520.85046387
-652.76788330
-323.84988403
-944.89001465
-954.75671387
-685.90686035
-837.77429199
-944.73986816
-882.67089844
-901.11248779
-358.36322021
-909.28149414
-309.97229004
-332.45465088
-629.00622559
-929.63110352
-500.62567139
-325.14648438
-328.85885620
-331.26510620
-840.21392822
-615.73718262
-416.84777832
-468.85211182
-923.90222168
-860.05273438
-639.77270508
-960.51074219
-768.90856934
-942.99761963
-430.12286377
-582.11322021
-960.99835205
-397.23507690
-965.18389893
-574.79962158
-863.11724854
-915.68188477
-425.00335693
-863.63354492
-870.93524170
-834.63171387
-941.12438965
-319.16430664
-970.82598877
-344.52450562
-951.21234131
-312.02880859
-317.22525024
-354.40127563
-744.98742676
-324.04202271
-370.68698120
-919.36535645
-963.96173096
-848.23297119
-953.84246826
-392.67501831
-535.25744629
-872.98443604
-943.33666992
-357.62277222
-647.74993896
-859.80645752
-954.59429932
-344.82580566
-628.93865967
-298.01712036
-827.70910645
-843.12786865
-949.89434814
-300.31002808
-738.02886963
-307.38058472
-296.87457275
-314.83428955
-711.05847168
-675.91394043
-330.53381348
-560.73492432
-290.62356567
-589.51580811
-970.63006592
-904.48754883
-974.38244629
-292.58084106
-901.93548584
-327.99325562
-980.59716797
-304.94808960
-336.90365601
-352.67572021
-354.42315674
-279.53280640
-948.08398438
-834.02044678
-283.29830933
-275.32092285
-642.36718750
-592.01519775
-299.14526367
-278.58270264
-285.11175537
-802.44964600
-919.32818604
-855.02093506
-319.23385620
-953.03552246
-326.77087402
-483.25347900
-285.53958130
-803.25775146
-975.11663818
-812.89044189
-282.75592041
-273.76452637
-814.42797852
-296.93441772
-296.29721069
-308.51119995
-978.01434326
-261.75595093
-784.87927246
-791.63916016
-889.25634766
-327.04788208
-877.69689941
-969.84533691
-665.67651367
-959.96643066
-916.55981445
-303.72164917
-289.41238403
-818.73425293
-824.81951904
-969.22668457
-987.81579590
-729.78863525
-250.64822388
-270.03991699
-656.35144043
-252.32115173
-253.34338379
-903.97741699
-968.50939941
-965.94958496
-869.59692383
-980.92382812
-733.01275635
-896.83471680
-967.93756104
-821.43811035
-884.09924316
-269.99533081
-245.53649902
-820.33526611
-943.10418701
-933.68402100
-972.74066162
-965.00012207
-865.68701172
-978.82647705
-236.97319031
-243.50537109
-968.75384521
-248.86569214
-262.84124756
-859.89270020
-949.37231445
-548.97052002
-238.24974060
-237.56623840
-618.88262939
-238.34629822
-254.82688904
-849.58972168
-935.56182861
-241.26940918
-707.10980225
-656.50347900
-724.33972168
-965.57830811
-916.00561523
-723.69421387
-230.75366211
-233.30137634
-690.02319336
-245.44047546
-590.59185791
-674.71154785
-223.99800110
-969.36035156
-233.90716553
-219.34150696
-323.77688599
-968.14141846
-838.92950439
-221.92622375
-615.16418457
-220.53482056
-960.86297607
-829.21423340
-379.16043091
-882.00622559
-739.33721924
-284.38967896
-898.99749756
-692.07934570
-696.84484863
-199.32757568
-353.18930054
-253.00099182
-314.89270020
-681.14105225
-792.70739746
-980.05255127
-222.41183472
-675.20703125
-791.15765381
-935.97991943
-209.95538330
-323.76470947
-962.38220215
-923.29998779
-306.75701904
-825.21972656
-201.56578064
-854.87603760
-948.09185791
-208.25482178
-307.12179565
-965.64459229
-918.09167480
-934.41894531
-246.40000916
-213.98316956
-790.41717529
-643.71942139
-507.75012207
-221.25395203
-888.71820068
-225.63066101
-222.57305908
-224.37890625
-832.57409668
-265.27163696
-297.11401367
-812.16973877
-811.54827881
-921.59991455
-746.69403076
-884.91485596
-265.23901367
-895.76672363
-199.09414673
-686.23022461
-719.84558105
-909.77349854
-945.25433350
-799.71191406
-330.49099731
-788.07666016
-199.40386963
-915.71527100
-209.34297180
-899.60699463
-761.77026367
-914.24456787
-756.15820312
-931.35467529
-863.43762207
-972.88818359
-979.16192627
-974.09088135
-901.57189941
-992.31768799
-829.71844482
-807.80377197
-914.23645020
-682.31329346
-861.01525879
-817.38336182
-985.21197510
-904.21026611
-237.34944153
-197.83432007
-215.01846313
-955.42547607
-963.66070557
-734.76141357
-253.91345215
-287.69287109
-322.51358032
-1004.74194336
-316.06823730
-333.51223755
-514.59197998
-294.87216187
-230.25747681
-750.65185547
-217.45120239
-281.76196289
-1009.64392090
-911.96398926
-222.15826416
-916.92584229
-802.75268555
-564.84289551
-288.05712891
-277.78970337
-938.72460938
-752.68212891
-839.32550049
-989.38146973
-1004.88397217
-293.69067383
-814.32861328
-996.50183105
-200.86723328
-214.87939453
-849.68054199
-800.69195557
-862.91577148
-400.00195312
-703.03552246
-979.28265381
-330.17279053
-961.70898438
-872.16156006
-680.99835205
-1012.07727051
-213.03469849
-268.35800171
-304.49664307
-461.51696777
-1016.07385254
-245.18782043
-983.43347168
-1003.50769043
-977.63085938
-777.46765137
-353.93472290
-819.54168701
-987.82263184
-198.32939148
-1021.88476562
-953.07879639
-252.55564880
-951.44067383
-987.60687256
-253.28234863
-237.75268555
-899.40509033
-300.19244385
-141.41748047
-702.10534668
-636.44989014
-204.57011414
-742.64752197
-622.74914551
-238.87921143
-185.16584778
-252.44331360
-937.68194580
-980.05078125
-790.40899658
-900.80548096
-1008.43627930
-664.15991211
-825.78704834
-295.83624268
-296.45687866
-239.95143127
-177.77249146
-277.70489502
-910.46936035
-206.89567566
-745.77429199
-206.97708130
-166.84391785
-1027.10546875
-276.07379150
-582.40106201
-261.24987793
-297.71447754
-739.43414307
-664.51269531
-824.39056396
-195.12390137
-152.61920166
-969.90985107
-182.73117065
-1028.77539062
-180.80271912
-219.66195679
-847.47296143
-1044.18981934
-926.47137451
-1006.98144531
-995.08343506
-462.24923706
-771.92254639
-643.07232666
-1032.03674316
-995.13299561
-1044.85083008
-838.81042480
-251.90911865
-803.57897949
-193.66648865
-250.70336914
-190.58717346
-1000.97760010
-151.74974060
-170.44438171
-900.73583984
-639.07666016
-1009.50189209
-513.79217529
-1004.16650391
-273.66571045
-1031.30981445
-256.87237549
-761.81365967
-183.24807739
-996.18902588
-1015.20501709
-155.95706177
-179.91612244
-989.65588379
-883.39105225
-273.44403076
-304.36911011
-232.96054077
-769.52178955
-657.22082520
-962.30499268
-191.52008057
-1027.07751465
-791.66302490
-1034.49267578
-137.46505737
-240.14479065
-185.83253479
-827.44110107
-1032.88134766
-1016.47021484
-172.26844788
-792.60198975
-255.78326416
-169.57386780
-242.16786194
-214.46044922
-787.82312012
-1014.09301758
-575.96929932
-778.28997803
-170.25726318
-181.22586060
-222.94108582
-254.89329529
-601.55218506
-187.69892883
-259.54458618
-711.28283691
-447.59197998
-195.13325500
-773.05584717
-242.48573303
-176.02203369
-973.55798340
-969.42132568
-750.73309326
-171.15414429
-215.02761841
-1033.21752930
-982.28186035
-818.80957031
-297.33233643
-155.70199585
-925.13385010
-930.94238281
-786.55621338
-770.94573975
-727.50671387
-947.05133057
-146.73876953
-807.28649902
-903.32336426
-152.22229004
-982.18164062
-170.02299500
-515.94598389
-826.45983887
-167.01043701
-978.99981689
-944.01794434
-207.61550903
-234.05699158
-777.63140869
-1001.24310303
-194.51393127
-1044.73730469
-193.27134705
-150.49769592
-1008.40765381
-192.82019043
-964.37866211
-212.00347900
-221.75502014
-378.26214600
-178.64956665
-182.95497131
-158.19215393
-185.65051270
-196.31050110
-894.74481201
-818.09234619
-181.96556091
-191.79466248
-804.51116943
-170.38465881
-177.59414673
-173.94728088
-176.86643982
-962.05310059
-990.78906250
-1050.58190918
-748.74261475
-188.70460510
-1080.11669922
-736.49395752
-663.09582520
-179.53915405
-916.38238525
-721.07031250
-230.43922424
-149.99221802
-181.68840027
-191.14649963
-829.09759521
-186.50932312
-862.31732178
-1079.67431641
-758.92022705
-1059.50976562
-177.34123230
-189.78875732
-1083.44055176
-185.47229004
-168.56416321
-173.63650513
-188.65338135
-189.15408325
-192.48712158
-212.70399475
-162.23936462
-1050.85522461
-834.01861572
-150.44801331
-1058.21911621
-192.77639771
-193.07275391
-1028.03833008
-190.29840088
-969.64672852
-1065.65722656
-984.10156250
-172.72856140
-878.05480957
-810.57391357
-166.86358643
-925.61737061
-1022.23364258
-923.46270752
-669.89630127
-243.86482239
-220.28590393
-1047.80212402
-1055.02331543
-274.88592529
-279.47439575
-235.27922058
-240.37373352
-786.54309082
-661.17639160
-167.98124695
-216.32286072
-213.89376831
-870.58209229
-251.74851990
-700.52343750
-975.43652344
-183.50354004
-228.78529358
-1075.67126465
-975.06036377
-794.09020996
-154.89678955
-814.82995605
-159.34458923
-855.15930176
-206.62295532
-206.94487000
-210.63667297
-975.21051025
-922.01837158
-884.45788574
-1066.60913086
-992.87500000
-197.97276306
-161.91499329
-796.45043945
-197.60122681
-1034.50830078
-238.11282349
-188.54086304
-997.85778809
-233.53614807
-875.54577637
-1059.46203613
-223.80407715
-226.15167236
-829.69244385
-221.58274841
-852.87805176
-214.13388062
-229.66325378
-235.57875061
-1058.55358887
-998.97216797
-186.97514343
-747.04370117
-156.49781799
-173.76571655
-1042.45727539
-248.66047668
-247.86422729
-615.98950195
-1067.42724609
-711.04162598
-245.31806946
-622.48962402
-211.35766602
-147.10881042
-163.62028503
-1031.65136719
-863.22888184
-1051.75915527
-208.77294922
-1063.43249512
-218.99470520
-196.24867249
-1068.55297852
-856.06726074
-141.45605469
-162.15119934
-154.63360596
-1010.93774414
-150.10256958
-979.15112305
-157.26394653
-176.06304932
-1081.33203125
-1095.24353027
-148.00628662
-540.64538574
-1075.40502930
-153.91841125
-1032.84704590
-693.50170898
-1005.78735352
-151.99044800
-151.11132812
-793.00531006
-894.08264160
-150.14353943
-249.96018982
-170.82737732
-198.50837708
-204.84988403
-295.78546143
-278.30230713
-160.37709045
-889.37957764
-180.14955139
-514.32519531
-210.55520630
-1099.73071289
-159.04576111
-1075.77209473
-189.60443115
-276.71353149
-231.38079834
-171.31092834
-257.70205688
-150.19413757
-1135.60742188
-159.57254028
-1094.45043945
-1101.98620605
-982.23126221
-1026.49438477
-266.84207153
-1103.43371582
-275.21688843
-162.04010010
-246.50732422
-158.77410889
-1108.60900879
-254.62084961
-1006.95495605
-293.43515015
-243.27891541
-902.06011963
-813.67492676
-1137.63647461
-846.39941406
-261.63388062
-946.11334229
-1120.13562012
-223.00045776
-897.47491455
-818.65167236
-1107.38977051
-898.29205322
-909.62683105
-1161.86437988
-296.58489990
-290.20132446
-262.38046265
-184.19821167
-1127.12561035
-166.74807739
-951.68548584
-1137.83984375
-1143.90722656
-229.00086975
-1039.71923828
-269.62854004
-1082.49951172
-175.88949585
-186.00558472
-945.54956055
-183.28465271
-253.25433350
-811.96545410
-182.10284424
-244.22399902
-185.20840454
-201.50959778
-1110.70825195
-995.64447021
-957.14965820
-1142.53759766
-935.23510742
-1171.12683105
-181.19680786
-959.83020020
-180.24761963
-185.26013184
-182.91055298
-176.40492249
-1061.46191406
-1170.32141113
-1191.96740723
-181.63781738
-1049.84472656
-177.78152466
-180.36804199
-1175.37402344
-1191.57788086
-1067.98864746
-175.65647888
-1164.88146973
-175.33682251
-1204.87597656
-1211.15661621
-197.43717957
-176.20372009
-1208.46618652
-1234.99011230
-301.87658691
-209.18289185
-1018.21978760
-1113.33142090
-174.09594727
-987.68859863
-221.95291138
-183.53764343
-167.09573364
-173.27867126
-170.40919495
-200.74456787
-302.06655884
-1066.28796387
-930.89337158
-268.82745361
-1259.64733887
-1223.79418945
-1156.93505859
-1091.53186035
-251.71424866
-168.71133423
-1185.51330566
-298.84265137
-257.53356934
-1274.75390625
-1314.53332520
-1180.99987793
-272.02841187
-1221.56591797
-177.63800049
-212.18576050
-269.14721680
-232.19070435
-219.06614685
-264.19256592
-273.34814453
-1112.05114746
-198.00947571
-1143.74487305
-1110.69934082
-1289.67419434
-1042.17089844
-1065.04223633
-1299.36193848
-1207.74926758
-1187.66894531
-1243.33459473
-174.54432678
-1331.47204590
-268.74465942
-1326.90319824
-184.38859558
-1177.64172363
-1310.01879883
-283.68893433
-167.41893005
-1326.22509766
-1205.55322266
-179.75419617
-237.04640198
-1107.64062500
-1052.97106934
-1171.14453125
-1107.30505371
-1280.98413086
-1164.97204590
-159.05523682
-1275.08752441
-183.76516724
-174.26469421
-163.49154663
-1091.69702148
-1211.42639160
-1376.65466309
-1222.17810059
-1264.97888184
-1376.63977051
-1426.57775879
-1070.96093750
-1400.98120117
-1243.62792969
-1115.62695312
-159.69683838
-1327.37377930
-163.91319275
-1305.32580566
-1021.99328613
-1325.31542969
-176.30810547
-1316.66699219
-1354.66528320
-1156.92614746
-1249.04321289
-202.22550964
-464.54568481
-171.98083496
-204.96244812
-1287.22741699
-189.07376099
-219.70683289
-203.16210938
-1072.14526367
-1287.14013672
-1311.24743652
-1249.42114258
-191.49276733
-163.09921265
-1361.54406738
-1261.42785645
-237.06547546
-256.16424561
-1307.98449707
-1203.56701660
-289.50161743
-206.45339966
-1142.83923340
-1292.00756836
-1184.10717773
-1259.79833984
-1275.58203125
-200.60212708
-1291.55126953
-217.21034241
-244.18824768
-252.71740723
-289.37338257
-177.21377563
-1393.76586914
-294.64801025
-172.24330139
-1315.33264160
-288.09378052
-209.95433044
-1311.04052734
-218.00044250
-1312.25830078
-167.76591492
-178.22241211
-1445.14721680
-1339.43737793
-194.45695496
-1245.53369141
-217.43023682
-258.14453125
-209.58065796
-1377.85107422
-211.65022278
-180.15855408
-1247.53930664
-205.80442810
-144.80281067
-207.14567566
-1393.63183594
-247.39465332
-173.61219788
-1338.07922363
-1321.71240234
-1321.29711914
-1402.82922363
-104.45498657
-107.45150757
-1350.10253906
-1423.17272949
-1345.86120605
-145.88308716
-276.69827271
-1345.78991699
-1343.74096680
-1329.12658691
-197.96038818
-106.64813232
-111.92193604
-1307.12316895
-1366.06237793
-1339.68566895
-1379.49353027
-1380.18554688
-117.31406403
-130.64881897
-1426.18811035
-1423.76318359
-1371.54028320
-140.94511414
-153.77558899
-1446.25085449
-1498.88427734
-112.94481659
-1367.88562012
-1334.01794434
-1414.11718750
-243.68826294
-188.56448364
-1450.13024902
-201.72210693
-1354.13647461
-1376.96130371
-269.68939209
-1358.25000000
-168.55622864
-184.16398621
-280.58282471
-223.38381958
-268.49270630
-1251.14672852
-1389.90747070
-1493.34082031
-1507.48876953
-126.11710358
-1404.66186523
-134.36965942
-160.90281677
-1345.20764160
-118.47457886
-1384.25903320
-117.58556366
-1399.92321777
-1515.34460449
-1507.55688477
-1526.86962891
-1505.17858887
-1405.33874512
-114.74497986
-165.38230896
-271.47375488
-174.00152588
-154.85018921
-1526.37207031
-1528.07934570
-1349.43225098
-1436.21435547
-200.28398132
-1506.50512695
-1509.05883789
-1393.41638184
-182.83990479
-162.59516907
-174.62396240
-1515.63171387
-1663.48059082
-243.34136963
-1285.57922363
-115.30947876
-149.11027527
-108.75838470
-106.33393860
-1509.90637207
-1451.52990723
-162.32241821
-1591.50183105
-1393.62597656
-144.02539062
-1328.73168945
-1400.92199707
-1510.25354004
-1307.26818848
-106.61159515
-169.66200256
-1320.93774414
-1435.63208008
-1443.23706055
-1356.66271973
-970.86773682
-1346.69323730
-209.47406006
-1643.68957520
-1599.28173828
-1531.37512207
-423.20739746
-1390.54992676
-316.95108032
-1375.54479980
-1663.20361328
-249.86473083
-1315.09033203
-137.34808350
-253.85130310
-336.31005859
-1697.14758301
-1481.75231934
-1337.16369629
-1548.06262207
-151.19190979
-88.30410767
-59.63829041
-1457.36938477
-1395.41674805
-106.43019867
-251.14094543
-1496.40991211
-110.31599426
-1768.75830078
-99.07514954
-114.37570953
-1629.98889160
-114.13095856
-123.47067261
-1475.02111816
-108.57441711
-97.56382751
-105.74677277
-1449.83227539
-1725.04504395
-1717.59570312
-155.35249329
-1398.79125977
-1411.60925293
-1315.75268555
-130.04939270
-1461.06640625
-1425.70153809
-88.20277405
-125.90187836
-1739.87426758
-144.23634338
-1513.74108887
-1598.29858398
-136.88739014
-1425.06628418
-1469.82470703
-1452.13854980
-1705.79663086
-1351.57885742
-146.58644104
-1359.27746582
-176.11888123
-1334.65612793
-1685.45776367
-1422.38366699
-114.66577911
-1584.26867676
-134.84249878
-1536.13427734
-1586.70507812
-1462.86584473
-1353.50573730
-1557.51379395
-1605.57043457
-1649.52014160
-1368.29833984
-1379.78894043
-1348.86279297
-1528.91906738
-1370.20727539
-213.04206848
-135.06536865
-1558.70556641
-1510.35351562
-1371.50769043
-136.43640137
-1377.18518066
-75.20326233
-124.73525238
-1555.16979980
-143.43484497
-1526.84948730
-1430.83679199
-1335.40734863
-1351.34387207
-1331.16333008
-1584.87438965
-1428.63513184
-101.38097382
-131.52519226
-180.29206848
-1580.54675293
-1605.14709473
-131.14241028
-125.41805267
-146.69252014
-1663.47619629
-1633.37988281
-1481.45849609
-1390.10180664
-1592.32421875
-1349.13049316
-1583.78588867
-1436.27282715
-1459.70471191
-253.72599792
-256.15765381
-589.16125488
-155.19641113
-1391.07556152
-163.48831177
-1704.14990234
-1470.32373047
-1443.28979492
-1387.70263672
-1354.21520996
-1507.35302734
-1526.72290039
-119.49250793
-1633.82849121
-1588.85656738
-163.70100403
-1651.22106934
-1540.42468262
-1412.43762207
-199.87211609
-1645.08911133
-121.32819366
-184.97622681
-165.45805359
-1438.46044922
-1630.08459473
-163.68930054
-109.82717896
-1600.12744141
-118.79184723
-1349.69616699
-1865.19982910
-1361.34997559
-1427.64355469
-129.24188232
-117.87509155
-131.67915344
-151.00590515
-125.45485687
-132.36773682
-167.16302490
-1630.96667480
-1770.86315918
-113.98530579
-1555.39294434
-1896.63952637
-1455.07312012
-108.59249115
-112.03356934
-1517.95349121
-90.76763153
-1646.01562500
-1355.04675293
-1808.22229004
-2074.73657227
-1784.29724121
-1588.22326660
-100.36348724
-106.06002808
-1799.10327148
-129.18650818
-111.66517639
-1374.04663086
-1581.16638184
-93.62443542
-90.66807556
-127.79850769
-1677.71838379
-1582.14025879
-1662.29980469
-1457.35058594
-1527.40600586
-1557.39074707
-1782.87854004
-1909.67993164
-1518.19921875
-188.19332886
-129.29029846
-251.21801758
-1474.33740234
-1970.73815918
-1361.44287109
-1775.51782227
-1569.71398926
-281.18206787
-156.94558716
-109.22576904
-1893.38684082
-97.46863556
-2130.88842773
-217.67951965
-1366.65039062
-1498.36804199
-1387.68554688
-1526.14916992
-207.10766602
-223.43618774
-1675.01904297
-190.61955261
-1902.68420410
-1899.70190430
-1741.35693359
-118.02841949
-1670.21325684
-211.73310852
-1394.11486816
-1524.98388672
-101.68070984
-162.76483154
-91.38105011
-82.31235504
-1629.35595703
-85.44606781
-1657.08264160
-1652.24279785
-2062.70190430
-157.25764465
-133.70233154
-1688.10314941
-192.38975525
-142.80807495
-1900.11999512
-95.16552734
-1484.11450195
-1976.08483887
-1867.95422363
-1542.29272461
-1010.49237061
-1824.55493164
-86.45644379
-1593.10229492
-120.72900391
-1590.91467285
-1599.66235352
-124.86465454
-1646.37255859
-2043.60705566
-1458.62756348
-1513.87585449
-1625.00622559
-2012.18249512
-1453.70947266
-1720.74804688
-189.12911987
-128.79554749
-160.97720337
-1447.40124512
-1555.43322754
-143.04885864
-150.77664185
-1815.56359863
-1798.58435059
-172.53280640
-183.44831848
-104.31829071
-1552.59167480
-189.47930908
-145.35430908
-150.31280518
-176.32330322
-1726.80627441
-108.42509460
-88.02625275
-91.57920837
-106.12570953
-1905.34436035
-95.47596741
-1912.79479980
-103.19209290
-1832.55615234
-100.64884186
-108.09460449
-89.90185547
-1777.23681641
-1888.72351074
-1911.83618164
-1757.52197266
-2128.28320312
-99.68888855
-1508.13562012
-117.63537598
-1943.54772949
-1874.38012695
-1531.24719238
-82.21054840
-84.41455078
-83.50240326
-171.36901855
-1584.83654785
-1939.75244141
-1619.80334473
-97.27852631
-1866.01660156
-81.33547211
-92.50262451
-81.73844910
-84.48835754
-89.25473785
-2112.18603516
-128.62359619
-1986.61901855
-1956.42346191
-1711.04370117
-1595.29113770
-1834.03027344
-1818.87963867
-1588.80310059
-1864.10339355
-1879.78710938
-1872.07788086
-1825.35107422
-1770.05041504
-97.83815765
-2022.81237793
-78.26766968
-1672.01000977
-2222.97583008
-1958.14624023
-1747.66223145
-1948.32434082
-1585.15380859
-111.31947327
-99.60193634
-76.26004028
-2335.55395508
-2046.34204102
-78.46643066
-1874.46936035
-2127.47705078
-2047.13305664
-1914.53613281
-1897.31335449
-1686.76464844
-2180.57080078
-1864.62231445
-159.21218872
-1717.27856445
-133.91444397
-2066.22753906
-2280.10986328
-101.58281708
-84.97587585
-1668.70556641
-2121.17089844
-1693.50366211
-75.41704559
-2435.19042969
-1677.11071777
-154.95965576
-81.69556427
-1642.70825195
-1871.74230957
-74.39580536
-1761.97827148
-72.88977051
-79.31935883
-1707.27624512
-2199.08276367
-1780.54553223
-2063.73974609
-72.41678619
-72.02496338
-2136.09887695
-1703.60424805
-69.96784973
-2265.68115234
-1693.86511230
-70.05868530
-2243.13305664
-2163.79980469
-2416.99829102
-72.21672821
-2377.49633789
-1710.55541992
-2424.01464844
-1728.05725098
-68.40499115
-1826.96118164
-2102.35034180
-1881.32922363
-85.06912994
-104.64482117
-1778.37670898
-2209.68359375
-2043.09704590
-1696.25805664
-87.41621399
-2215.00683594
-1873.55676270
-67.73150635
-88.85247040
-97.33284760
-1709.40820312
-151.53498840
-1997.96606445
-2205.10473633
-2653.11572266
-233.49685669
-1734.41918945
-1751.62084961
-159.38714600
-143.31826782
-2650.69580078
-2076.30590820
-1777.02526855
-1763.04345703
-2281.77636719
-86.26238251
-2597.65234375
-67.13388062
-91.42412567
-112.87656403
-119.93856812
-2309.20190430
-126.45542908
-134.39733887
-137.78207397
-2712.12475586
-1893.83801270
-2799.62548828
-2412.05834961
-2029.85302734
-2475.16406250
-2294.53662109
-1988.71643066
-1805.92407227
-2212.39306641
-231.41473389
-137.51283264
-1777.55773926
-2326.86083984
-92.30524445
-2492.18554688
-2250.14208984
-117.78797913
-67.06153870
-1986.16406250
-1830.50183105
-113.47962189
-186.34544373
-2363.96923828
-2074.11889648
-150.85609436
-2263.08374023
-2982.57739258
-1782.82214355
-2650.50781250
-1870.11047363
-2214.47900391
-2735.59155273
-95.75394440
-2349.73291016
-1765.64941406
-2078.99169922
-2355.35449219
-182.46740723
-127.78161621
-199.85659790
-2389.73706055
-2468.89404297
-2476.95727539
-2347.49291992
-121.82247162
-175.49134827
-123.11460876
-1942.00256348
-2419.15063477
-2390.23437500
-1783.43518066
-1821.86157227
-2100.85253906
-121.21484375
-176.82041931
-202.93400574
-168.26142883
-1798.53991699
-2455.07934570
-117.02562714
-2457.01367188
-2914.74902344
-1927.48645020
-127.67403412
-2222.43701172
-124.19013214
-188.10700989
-181.55522156
-2304.14916992
-172.75109863
-179.07266235
-185.32617188
-160.32504272
-2848.90966797
-2388.30517578
-3179.56689453
-2922.86352539
-2836.95214844
-226.26609802
-2008.96691895
-2039.50744629
-169.85728455
-1969.86389160
-174.53912354
-178.54479980
-1972.70629883
-159.51304626
-196.62316895
-213.53198242
-2839.21508789
-2284.44287109
-2583.84887695
-2889.08691406
-141.29618835
-170.42163086
-2868.79223633
-164.53460693
-199.86831665
-173.07435608
-195.44749451
-171.12921143
-2033.27099609
-1946.20703125
-180.70045471
-2806.92260742
-174.74880981
-3124.79296875
-2077.05859375
-2643.79907227
-182.06533813
-198.68878174
-2003.74108887
-3448.90893555
-2167.38403320
-2918.56396484
-2697.31298828
-186.36178589
-152.46357727
-171.12693787
-2110.75097656
-219.58625793
-172.82424927
-2895.00390625
-3243.24243164
-2737.78955078
-2076.01000977
-150.27690125
-195.24508667
-2297.46948242
-174.47584534
-2979.39721680
-157.45591736
-3003.52490234
-2182.19311523
-2781.84155273
-196.12075806
-242.07980347
-3128.29638672
-222.95617676
-151.47801208
-193.82427979
-2408.43969727
-2729.09057617
-183.34123230
-1925.63403320
-200.86325073
-247.01771545
-2558.48413086
-2191.12548828
-151.86457825
-143.66677856
-2835.50659180
-159.01246643
-1834.31738281
-2760.30615234
-2172.99877930
-162.99079895
-147.68080139
-2209.32348633
-145.59872437
-2404.89208984
-2166.57275391
-259.28317261
-2806.58911133
-145.76571655
-2283.71044922
-228.23519897
-2684.69677734
-226.30804443
-2142.54321289
-2069.33691406
-1975.16479492
-172.41142273
-136.42996216
-153.12991333
-2779.21582031
-2939.54882812
-244.84605408
-1912.17871094
-216.77641296
-2313.42822266
-2804.94946289
-3109.09790039
-138.40476990
-201.68681335
-2727.60717773
-2463.19238281
-3149.82177734
-1906.94140625
-2259.75976562
-186.48104858
-186.04167175
-194.77378845
-204.66479492
-242.36050415
-161.00112915
-173.17498779
-2324.19067383
-173.55148315
-2504.16210938
-2521.38916016
-2885.33569336
-250.24385071
-2393.55688477
-207.78370667
-248.63557434
-2643.09765625
-3826.02636719
-214.17364502
-155.20674133
-177.68421936
-2634.68383789
-203.71200562
-3289.86962891
-233.66125488
-169.97407532
-169.43595886
-3008.18920898
-2969.83251953
-2978.81713867
-2690.36303711
-2035.52075195
-210.08222961
-172.55639648
-3394.75268555
-173.41084290
-175.49713135
-3639.45312500
-3731.45361328
-214.85978699
-178.53811646
-136.07662964
-178.97422791
-2669.68823242
-3195.49951172
-2042.17199707
-2133.76928711
-2710.73974609
-209.79838562
-198.20782471
-264.93673706
-188.03753662
-2204.70068359
-185.26084900
-188.56404114
-156.46464539
-206.64888000
-164.36256409
-4139.06005859
-2331.54199219
-3919.08984375
-4154.39062500
-2727.66992188
-2370.10424805
-209.22825623
-3417.34350586
-193.83787537
-188.77423096
-2840.62231445
-155.05514526
-242.74775696
-3182.16137695
-3379.06298828
-2309.22558594
-3769.16943359
-162.47442627
-168.61323547
-3229.59057617
-3307.62353516
-3009.64257812
-191.56732178
-2510.45996094
-2272.24218750
-223.82101440
-252.32353210
-196.60168457
-253.53215027
-201.83984375
-2440.48461914
-187.85244751
-2371.75952148
-4088.84521484
-2250.54101562
-307.21896362
-2706.79663086
-2648.27978516
-186.25320435
-2465.39819336
-227.43492126
-3971.53808594
-181.75274658
-3863.26074219
-222.80227661
-2798.22949219
-255.60874939
-2887.34570312
-209.97607422
-271.88970947
-254.92526245
-4506.27636719
-715.85479736
-2510.45019531
-2695.07421875
-3465.77661133
-2243.94287109
-2537.09326172
-234.25007629
-251.36514282
-214.81074524
-294.62606812
-3151.31616211
-3968.93847656
-3284.35668945
-247.52680969
-4227.56005859
-2347.75292969
-249.89381409
-3618.24902344
-248.07937622
-249.38739014
-3875.78173828
-275.36904907
-3163.96264648
-293.46972656
-4018.00903320
-254.35548401
-260.21237183
-276.47467041
-3713.61352539
-252.01220703
-2332.61938477
-2705.57324219
-280.16503906
-3468.20166016
-254.05297852
-3398.28295898
-197.54801941
-274.52154541
-2286.95410156
-208.51654053
-185.74456787
-3950.21704102
-275.57739258
-243.24549866
-338.16967773
-3284.08129883
-275.20504761
-3971.57666016
-275.81079102
-3916.41943359
-174.50172424
-2632.55224609
-3811.72338867
-164.81835938
-277.56231689
-2377.41015625
-4041.17846680
-2371.00927734
-2842.64575195
-171.13536072
-208.11331177
-192.34970093
-3085.59399414
-4117.78076172
-3849.37817383
-244.89624023
-2846.60375977
-4086.89160156
-175.28404236
-188.67239380
-232.39546204
-231.37437439
-2880.83325195
-4384.38720703
-2583.18139648
-247.93960571
-4476.83105469
-303.80184937
-250.87960815
-310.05960083
-4223.33837891
-2652.49609375
-3152.94628906
-409.86608887
-3641.97607422
-2544.46435547
-3835.19677734
-4560.47949219
-2834.59838867
-4416.39013672
-227.46174622
-2521.28564453
-3357.27832031
-210.99884033
-225.64448547
-3075.34082031
-4263.31738281
-4125.81982422
-2543.59594727
-2528.47094727
-259.34579468
-232.02603149
-2884.47827148
-3974.44116211
-4860.88671875
-4068.88891602
-266.52624512
-243.78791809
-3305.24121094
-376.22076416
-2735.24047852
-3646.25830078
-3772.07836914
-439.28829956
-3885.03613281
-300.38821411
-416.66491699
-4640.70849609
-218.60557556
-228.42770386
-421.77758789
-372.68716431
-324.80603027
-518.57971191
-4661.25927734
-3636.02490234
-495.02557373
-2648.49438477
-240.57917786
-4697.96728516
-5169.78027344
-251.90121460
-302.72924805
-4485.43945312
-457.55517578
-4313.37158203
-4835.04980469
-4766.17578125
-289.95800781
-324.84481812
-321.37649536
-2655.71728516
-340.44750977
-348.87585449
-324.64059448
-3873.77514648
-3066.99902344
-301.66290283
-317.04125977
-4616.43603516
-3620.52343750
-4057.29956055
-4981.86816406
-347.02560425
-318.00643921
-3964.64672852
-4982.19921875
-298.51916504
-5316.08349609
-3364.19604492
-4648.83789062
-3023.46484375
-341.52136230
-3071.16381836
-271.62280273
-368.80590820
-4682.75781250
-4807.42431641
-3369.65795898
-305.29663086
-3798.58105469
-3294.69531250
-352.42327881
-2802.07690430
-418.51190186
-5533.45898438
-4485.51513672
-386.25405884
-5152.42724609
-3214.77270508
-3065.70214844
-4663.32812500
-3667.64355469
-437.98565674
-4472.31152344
-349.01269531
-3044.70312500
-4154.73925781
-411.82012939
-3958.83935547
-380.69979858
-3252.22680664
-502.60223389
-412.08123779
-5014.95068359
-473.27212524
-3301.31860352
-3363.76342773
-3660.27636719
-5157.96533203
-330.23339844
-483.07748413
-425.39422607
-4522.85791016
-4153.43603516
-338.37249756
-364.37255859
-4035.70947266
-3145.42944336
-496.50112915
-4631.88037109
-5617.22265625
-4387.36425781
-4887.72460938
-420.85757446
-3382.28613281
-416.50537109
-3396.59887695
-4551.11962891
-4995.38476562
-5840.40869141
-3325.79125977
-3601.15722656
-5558.53173828
-378.37246704
-689.62341309
-351.93206787
-4284.67968750
-5280.67480469
-5133.10449219
-4782.14306641
-3662.63281250
-5214.16455078
-5531.80957031
-365.53118896
-409.06707764
-414.51586914
-3979.20483398
-3782.73437500
-417.52603149
-3394.47143555
-5804.59277344
-5315.66845703
-3610.74243164
-3425.48071289
-3352.81396484
-3753.31713867
-440.04006958
-467.43515015
-5303.73974609
-3921.85400391
-392.03689575
-394.96484375
-399.94265747
-3875.18896484
-399.85217285
-660.08166504
-4713.34619141
-752.59356689
-3324.89526367
-3527.53515625
-449.21356201
-4912.83984375
-420.69650269
-3800.59008789
-442.38571167
-458.64019775
-4275.32519531
-4324.17626953
-495.13299561
-546.30706787
-544.40277100
-445.13705444
-464.29675293
-365.14044189
-398.13729858
-487.51580811
-472.37188721
-509.84036255
-4169.42431641
-4386.42822266
-423.07754517
-4167.87060547
-3701.75268555
-5950.07324219
-5577.01806641
-461.57250977
-5228.38378906
-4883.00488281
-5165.31298828
-741.46221924
-680.14068604
-3967.72851562
-5397.56591797
-471.15783691
-5928.86035156
-4196.91308594
-463.46463013
-5801.72363281
-5808.52832031
-5036.69287109
-4887.77832031
-4403.93115234
-6192.97753906
-5680.49023438
-569.30078125
-5534.49902344
-507.46463013
-434.71502686
-4178.15234375
-473.43542480
-486.76452637
-5122.30029297
-4197.02099609
-6780.85351562
-3890.64355469
-6007.76025391
-458.33270264
-5373.44189453
-3975.91162109
-6363.97802734
-4198.43554688
-618.73779297
-4361.43701172
-551.71539307
-547.09521484
-6323.14892578
-6007.11328125
-544.92962646
-535.65264893
-4003.03710938
-552.20117188
-6091.36376953
-581.03613281
-5945.27783203
-656.70251465
-518.87603760
-6135.40234375
-4763.76220703
-586.48461914
-4370.45996094
-685.47277832
-4199.32666016
-5957.43798828
-4284.51806641
-4731.94726562
-611.89691162
-670.47436523
-637.42297363
-5695.09716797
-5604.78320312
-4185.76464844
-530.95465088
-583.05230713
-5032.74804688
-5591.61816406
-584.75335693
-4345.68945312
-562.90734863
-6176.27880859
-618.42565918
-4927.01953125
-4707.41064453
-5899.13916016
-540.34643555
-4606.22363281
-602.44543457
-591.80676270
-6282.56640625
-678.37109375
-643.15869141
-6398.30810547
-523.50360107
-585.96038818
-4308.39550781
-561.87817383
-5963.79589844
-690.22851562
-5187.03857422
-4505.16015625
-5258.98437500
-6269.37695312
-544.02746582
-4378.50439453
-6089.65722656
-509.82519531
-4353.72509766
-5679.04199219
-599.76922607
-543.24853516
-543.48272705
-579.31274414
-5677.34033203
-4521.01123047
-6034.14794922
-516.11718750
-4402.19580078
-563.29949951
-611.49768066
-4714.39453125
-605.97930908
-4542.18554688
-4551.84423828
-6455.62841797
-6476.79492188
-745.63812256
-7183.95849609
-6413.51562500
-615.15838623
-6260.38525391
-5430.34082031
-676.23248291
-584.78076172
-668.16015625
-4705.12109375
-4695.12792969
-4911.29199219
-5838.66650391
-6679.29150391
-610.18444824
-652.02990723
-5345.75830078
-6169.91308594
-669.82379150
-4374.28955078
-4698.20849609
-676.41424561
-4780.69238281
-819.42260742
-4789.84423828
-675.18139648
-4866.57714844
-5722.09619141
-4653.34521484
-667.87225342
-5312.47363281
-4663.66259766
-707.96307373
-683.58947754
-7008.08593750
-5107.55273438
-683.33294678
-5839.39990234
-5243.05175781
-682.95513916
-646.58300781
-6541.50439453
-6443.43701172
-6586.95117188
-693.59014893
-692.33526611
-690.81036377
-647.13446045
-663.03173828
-5888.34521484
-4776.41406250
-6562.98339844
-627.26861572
-5764.56054688
-661.90979004
-6397.05322266
-671.10406494
-686.59014893
-675.42779541
-4932.13964844
-5114.12255859
-5606.33007812
-5341.66162109
-5175.06640625
-5115.02001953
-5900.35253906
-4867.74609375
-656.30877686
-5074.26416016
-6162.88281250
-4988.10351562
-710.02923584
-5095.57421875
-5731.91552734
-5661.63671875
-5148.57958984
-717.77813721
-590.25830078
-5002.93945312
-5580.69677734
-5128.44726562
-8073.26123047
-5728.22705078
-617.22351074
-574.91033936
-545.53375244
-5246.12792969
-601.50085449
-522.09875488
-6982.28710938
-668.59423828
-7389.54736328
-5637.92626953
-5911.44970703
-514.39349365
-5656.92578125
-588.13928223
-6523.25830078
-609.92736816
-5331.25244141
-7751.96533203
-7409.31835938
-667.29364014
-5329.01953125
-670.85107422
-5396.48779297
-5273.57958984
-7257.81152344
-7171.52685547
-5062.97900391
-607.43188477
-544.72473145
-5949.08837891
-546.11364746
-5416.00927734
-654.35052490
-559.57794189
-667.02313232
-678.14880371
-695.94989014
-592.25439453
-5349.12695312
-570.05993652
-7004.46191406
-5222.22314453
-6119.76367188
-6316.84912109
-631.97637939
-660.65344238
-550.01458740
-6468.06884766
-593.40399170
-5063.69873047
-642.98138428
-6551.42675781
-660.89971924
-584.62036133
-6860.39990234
-6045.46484375
-603.14282227
-625.80395508
-534.34539795
-610.32714844
-5460.39697266
-5831.62451172
-6789.24951172
-7541.85498047
-574.97357178
-5508.94433594
-5626.33154297
-604.83135986
-572.46093750
-6004.45556641
-5350.86865234
-6627.57617188
-7179.10644531
-499.16619873
-7528.74755859
-5134.00292969
-492.74209595
-6002.11376953
-7978.74218750
-5269.22607422
-485.07223511
-639.87872314
-5351.68066406
-496.23937988
-5444.64550781
-497.46316528
-5887.09179688
-5432.16357422
-7403.97460938
-5987.21386719
-5181.67480469
-5562.98339844
-7395.54492188
-6158.39648438
-485.76528931
-519.86383057
-5502.93652344
-5794.89599609
-5464.71191406
-6937.89990234
-5490.60839844
-512.86645508
-5802.62500000
-6693.35400391
-7049.04443359
-5273.61279297
-6097.02929688
-5888.17187500
-459.37246704
-5529.10302734
-508.54290771
-448.44982910
-7386.59863281
-7728.63085938
-5594.55712891
-6623.33056641
-634.51580811
-7860.22705078
-463.60278320
-6324.24072266
-5503.60156250
-5550.19433594
-442.87878418
-5806.76953125
-449.18789673
-7002.17041016
-467.83920288
-7591.95654297
-452.33706665
-5448.52099609
-470.48748779
-458.71664429
-6656.39404297
-6114.22753906
-486.06619263
-427.30783081
-446.98016357
-562.84094238
-503.15780640
-5918.48876953
-551.71252441
-6461.42187500
-6282.82861328
-452.66513062
-6168.37353516
-473.57003784
-7075.50732422
-8829.71972656
-7249.14697266
-6909.36816406
-463.11315918
-430.23171997
-470.40319824
-434.96429443
-7143.75732422
-514.08056641
-5592.40087891
-510.23776245
-482.12515259
-475.19589233
-6694.92822266
-6069.46386719
-525.87414551
-519.81341553
-450.12115479
-8453.01074219
-5915.85253906
-8418.19335938
-5529.62695312
-7713.99316406
-523.28924561
-6812.67138672
-566.44573975
-7359.36718750
-516.49688721
-6033.91992188
-8246.69531250
-578.51104736
-8164.16113281
-556.03527832
-5857.29443359
-6227.60156250
-5862.30664062
-7091.12207031
-7115.59179688
-8679.19824219
-5708.97509766
-6301.48339844
-5899.26416016
-8321.08007812
-548.90631104
-584.76824951
-605.03588867
-398.08126831
-9209.52246094
-383.59616089
-385.04626465
-7077.26757812
-7238.40234375
-343.63757324
-8268.59082031
-379.56301880
-8129.00488281
-451.60220337
-7915.67822266
-6934.36376953
-628.53485107
-503.65048218
-514.95532227
-6144.94531250
-363.42572021
-6216.10693359
-8401.17578125
-592.19628906
-8824.28515625
-8719.86230469
-356.15078735
-6376.51513672
-627.08325195
-5895.61425781
-8568.45507812
-324.38302612
-7057.98974609
-7580.93603516
-340.62332153
-6273.96435547
-356.42694092
-350.61529541
-360.19238281
-6267.39648438
-361.19537354
-343.29571533
-8740.89941406
-6944.62011719
-344.30108643
-5981.13964844
-355.69909668
-5999.43750000
-8839.93945312
-6158.51904297
-9467.85839844
-341.36495972
-342.59197998
-6856.01074219
-7745.49023438
-7806.09570312
-6114.25878906
-341.33413696
-337.40646362
-7379.24853516
-6994.48974609
-6235.73291016
-329.58563232
-6243.29785156
-6043.87451172
-329.10946655
-326.48272705
-326.24270630
-8723.33496094
-327.60961914
-7098.74755859
-6215.78466797
-328.24484253
-459.48110962
-6252.93896484
-334.00503540
-330.11849976
-322.34255981
-6096.27441406
-6958.91259766
-6624.34716797
-9245.36230469
-6054.45507812
-325.61840820
-6815.36962891
-355.97708130
-6714.10742188
-449.40148926
-6082.89306641
-274.18035889
-514.06030273
-310.55307007
-356.83673096
-318.80917358
-328.40878296
-8951.15429688
-10523.96875000
-6499.58740234
-305.94818115
-301.40472412
-311.74847412
-6601.00000000
-9326.57910156
-294.37286377
-303.96258545
-300.23010254
-6374.12500000
-6508.95214844
-9603.86425781
-9530.16601562
-9479.10156250
-381.81051636
-285.65106201
-7022.52685547
-447.96621704
-8821.96972656
-7395.10644531
-248.77987671
-293.72970581
-360.09512329
-9537.49511719
-7146.97460938
-459.05813599
-314.11996460
-7669.50537109
-11914.31152344
-9640.29980469
-308.93478394
-6496.04150391
-316.74261475
-308.13336182
-312.03341675
-316.00814819
-349.95465088
-904.24676514
-8869.82910156
-8007.62402344
-294.09512329
-295.16464233
-9480.45117188
-7266.69580078
-11146.55859375
-285.40710449
-8789.59667969
-6974.19482422
-295.51040649
-337.66983032
-6607.79443359
-447.25946045
-7597.67431641
-9624.29101562
-10334.76074219
-8373.68066406
-6869.71533203
-281.88903809
-9823.46484375
-7175.69238281
-7204.77148438
-7131.22558594
-282.31503296
-8165.39941406
-8434.91308594
-10211.51171875
-9747.98339844
-5155.41699219
-440.83593750
-7015.48730469
-9813.95019531
-8371.65429688
-341.18829346
-7082.89355469
-408.00735474
-327.04516602
-9033.25488281
-355.88803101
-8350.04296875
-8029.65625000
-314.19833374
-7616.83105469
-440.78384399
-332.33190918
-388.93731689
-388.08612061
-405.34063721
-353.91635132
-11857.32617188
-444.35928345
-363.09716797
-369.74847412
-7302.17626953
-405.10693359
-7500.64062500
-8101.86962891
-10434.98339844
-8560.34570312
-7748.89990234
-451.52218628
-350.32229614
-11693.33398438
-8001.34960938
-452.78121948
-7520.13378906
-10797.32421875
-11422.13281250
-8794.02050781
-11136.61718750
-11123.28808594
-9410.04492188
-9254.74218750
-9367.45117188
-2956.42407227
-12581.13378906
-478.79223633
-291.58288574
-8355.32910156
-444.02725220
-11416.55761719
-7777.13476562
-11004.79492188
-7554.78515625
-7557.18945312
-456.42211914
-448.15716553
-7621.43945312
-8205.12597656
-10960.21582031
-12763.86035156
-485.12881470
-496.94390869
-11328.41406250
-8065.15478516
-7453.77832031
-8237.94628906
-8099.44335938
-12619.13964844
-7873.49658203
-503.17526245
-8434.29589844
-7991.52685547
-484.70974731
-482.57852173
-500.42123413
-482.81173706
-585.46667480
-11143.72753906
-8103.02880859
-531.44726562
-10880.99414062
-7533.35986328
-555.48040771
-9683.97363281
-529.41033936
-579.39276123
-13337.38964844
-565.41009521
-8636.21679688
-631.27319336
-8631.66113281
-9147.12011719
-548.59820557
-496.17092896
-15360.83203125
-14597.98437500
-10908.80175781
-13039.95019531
-16028.42675781
-11646.26855469
-8937.78808594
-494.57257080
-577.93151855
-484.15298462
-546.27410889
-16850.96093750
-12266.42285156
-516.78533936
-527.79711914
-570.11193848
-530.67761230
-9140.47656250
-11081.63671875
-7719.24853516
-539.06793213
-538.62158203
-610.84216309
-7743.72998047
-7859.50097656
-8094.10009766
-527.13592529
-10297.13085938
-524.52807617
-7957.83398438
-11245.38085938
-533.02331543
-11065.80664062
-562.45623779
-7963.91162109
-543.49078369
-11247.37011719
-8913.30566406
-7762.59863281
-7858.36279297
-529.41101074
-9202.45996094
-582.15679932
-8962.68652344
-7930.00830078
-7851.94189453
-9846.06738281
-620.39105225
-546.92346191
-9209.81835938
-606.37084961
-556.25067139
-595.67987061
-11771.91699219
-546.41796875
-9456.36914062
-9640.03808594
-627.94378662
-8059.05664062
-8375.73144531
-9550.77050781
-559.81671143
-9620.82519531
-10087.37304688
-14404.80078125
-724.16473389
-669.05273438
-9770.59277344
-15010.17871094
-8314.05175781
-9799.43750000
-688.04669189
-10000.18554688
-677.33972168
-8345.03027344
-8342.93261719
-11865.86523438
-9268.90722656
-15508.67187500
-703.86340332
-8556.85156250
