-5.78435612
-7.48687792
-6.23633718
-8.81912327
-8.56303883
-10.29069901
-8.74437046
-12.81029701
-11.94308853
-6.91103411
-10.92466259
-2.25036979
-18.22943687
-14.63664818
-8.35230446
-22.16695023
-15.74365044
-28.89626503
-17.55525970
-27.89173508
-22.84071922
-45.56249237
-15.99840069
-10.95649242
-17.01210594
-24.88337326
-17.37336540
-40.66522217
-43.07128143
-36.12612152
-37.72189713
-47.60559082
-33.96260452
-32.54448318
-42.13936615
-54.59910965
-48.85285568
-37.82089615
-54.71963882
-49.30847168
-58.39197540
-58.23051834
-58.14523315
-48.15888214
-62.72269821
-15.15484238
-60.14932632
-75.10591888
-76.01110077
-57.20182800
-60.80057144
-57.76764297
-75.05000305
-63.77722549
-77.82489014
-86.84481812
-67.38433838
-72.40782928
-40.70385742
-81.60464478
-83.49800110
-79.11297607
-96.45626831
-91.43285370
-66.94816589
-36.31198120
-106.92624664
-38.75153732
-92.99726868
-64.45617676
-38.14248276
-98.96901703
-95.59057617
-64.44754028
-2.48103356
-112.05986023
-33.64371109
-56.43226624
-54.95298767
-38.34579468
-93.18264008
-52.25882339
-53.40663147
-47.57649994
-123.21674347
-98.02907562
-100.25981903
-81.07274628
-97.47354126
-89.34344482
-127.74470520
-64.01344299
-89.12251282
-54.27443314
-124.27870178
-133.70825195
-90.18605804
-92.70090485
-157.45593262
-119.00195312
-123.27541351
-75.95755768
-60.50342560
-124.96574402
-98.09980011
-100.20692444
-115.29834747
-117.93192291
-115.05375671
-130.68074036
-114.74821472
-110.35095978
-89.74111176
-75.25581360
-98.98019409
-76.75661469
-81.22812653
-63.60895157
-126.39623260
-134.16571045
-133.86715698
-96.47570038
-140.17535400
-138.98983765
-152.55448914
-138.47128296
-139.90977478
-161.39746094
-152.56568909
-139.47949219
-137.62571716
-132.07739258
-67.96539307
-149.25131226
-114.77688599
-121.07437897
-160.10226440
-137.76693726
-145.04650879
-146.87178040
-144.29635620
-149.49398804
-184.54238892
-159.23344421
-163.42640686
-164.44758606
-169.73097229
-199.77662659
-194.51289368
-197.00253296
-154.91580200
-125.94932556
-173.26591492
-153.78440857
-143.68316650
-176.68496704
-59.13810730
-165.26412964
-203.66369629
-193.53785706
-170.57006836
-182.83665466
-165.04605103
-144.09201050
-183.33230591
-87.25159454
-210.89292908
-207.23973083
-195.39042664
-157.07519531
-155.70857239
-115.80969238
-218.54934692
-165.57400513
-163.52496338
-208.72395325
-214.10081482
-227.55302429
-209.91998291
-214.36627197
-189.29533386
-201.51293945
-187.69729614
-193.79374695
-191.43057251
-222.83674622
-193.85949707
-129.58940125
-177.16311646
-198.75851440
-198.46392822
-221.16244507
-157.97080994
-233.16119385
-204.17924500
-165.39846802
-185.86325073
-167.92341614
-102.93299866
-143.93040466
-163.20162964
-230.33110046
-175.60800171
-185.44517517
-196.06257629
-222.09065247
-190.94616699
-237.86260986
-205.63287354
-265.09970093
-226.78959656
-227.84710693
-214.34188843
-229.87971497
-227.62298584
-188.12860107
-234.78672791
-188.08580017
-202.00010681
-190.48867798
-198.90603638
-224.67721558
-210.54597473
-150.26615906
-235.52668762
-142.37130737
-146.19636536
-141.11039734
-161.58305359
-214.19487000
-215.00970459
-177.37734985
-152.80416870
-310.24121094
-164.96018982
-243.36833191
-193.08795166
-131.35858154
-162.99258423
-116.36689758
-170.06915283
-78.24315643
-77.96149445
-213.36848450
-108.24803162
-136.24996948
-213.06816101
-179.06538391
-141.38546753
-78.10498810
-105.50716400
-76.45179749
-80.99161530
-187.47196960
-146.63226318
-126.57082367
-81.49849701
-77.14533234
-78.80556488
-189.15104675
-81.05759430
-81.58703613
-81.60620880
-76.50331879
-177.76855469
-221.03199768
-178.84811401
-175.38597107
-223.81262207
-110.12046814
-115.59547424
-120.77593994
-79.58841705
-78.32630920
-79.31941223
-160.31739807
-79.07405853
-83.05319977
-94.93152618
-105.27420044
-81.27050781
-97.54634094
-124.30942535
-75.57617950
-76.64179230
-75.75971985
-76.04993439
-75.96936798
-79.10328674
-265.46215820
-140.50648499
-77.33049774
-241.07641602
-82.85821533
-78.69877625
-81.70773315
-77.86316681
-80.62930298
-119.63172150
-221.82211304
-83.32438660
-299.03704834
-113.81214905
-79.95642853
-79.23155975
-73.82951355
-77.64582825
-74.89604187
-180.74215698
-74.86415863
-122.73597717
-182.44873047
-325.36001587
-154.94573975
-224.60784912
-128.08659363
-326.68109131
-214.91299438
-222.52561951
-220.19308472
-169.17063904
-85.14325714
-364.00473022
-66.08527374
-228.67970276
-165.35702515
-259.36468506
-180.13926697
-169.97558594
-67.28218079
-63.88105774
-64.51525879
-63.11184311
-214.15014648
-63.37235260
-61.93819809
-197.51464844
-216.13366699
-64.41281128
-215.79905701
-146.73666382
-211.75199890
-123.07823181
-389.82403564
-235.86393738
-158.46398926
-138.38645935
-67.90508270
-59.73474503
-62.55318069
-61.27853775
-229.63359070
-230.38630676
-110.20674133
-80.24607849
-224.16125488
-243.12751770
-255.54957581
-218.42729187
-97.25203705
-178.30650330
-130.70918274
-57.72071075
-72.75368500
-57.28581619
-62.08524323
-60.24872208
-71.22854614
-70.37606049
-63.71607208
-60.54741287
-63.12622833
-60.04037094
-83.43160248
-87.25941467
-61.44126511
-73.71876526
-90.43109131
-241.53170776
-55.76561356
-223.56448364
-222.48397827
-57.60316467
-55.53134537
-57.45595932
-54.96620941
-55.56341553
-215.43582153
-68.39411926
-234.67549133
-143.15606689
-98.36252594
-207.23164368
-63.96114731
-68.70889282
-93.75849915
-203.47160339
-56.88396072
-59.09990311
-55.81189728
-55.87305450
-411.65893555
-71.21673584
-57.92866135
-54.00581360
-52.98220444
-56.24150848
-192.04385376
-365.65744019
-246.32298279
-197.55215454
-206.49168396
-56.78073120
-52.17985916
-57.80590820
-68.12213135
-55.23219681
-246.16819763
-180.94801331
-205.42022705
-52.06669617
-52.35973740
-50.75582504
-59.29084015
-52.51962280
-51.15684128
-48.32774734
-44.28802490
-48.91675949
-45.16345978
-73.24470520
-46.49350739
-46.47546387
-53.03347778
-187.33117676
-179.43023682
-203.94389343
-63.79312897
-43.39933395
-45.71513748
-60.82835007
-44.15646744
-43.39134598
-41.63698196
-43.02198029
-47.51432419
-46.59635925
-60.57982635
-202.61886597
-243.82983398
-227.51947021
-42.71505737
-50.30982971
-51.41950989
-240.70869446
-181.11566162
-52.54364014
-191.30610657
-212.71594238
-260.46884155
-240.16860962
-44.37720490
-52.72277451
-210.36531067
-32.92352676
-36.30623627
-40.94424057
-34.87736511
-34.77746201
-204.80976868
-156.02134705
-278.64514160
-35.98085785
-121.95512390
-35.72323990
-34.34082031
-39.83830643
-46.34459305
-204.18894958
-225.11073303
-41.67757797
-35.10754013
-36.82247543
-35.83873749
-36.32487869
-35.73316956
-35.81814957
-35.63933945
-35.14321518
-34.77607727
-34.27840805
-35.35984802
-34.45220566
-35.37673569
-37.03252792
-35.53681564
-34.53097916
-35.23702621
-33.32632065
-36.86927795
-37.72303391
-39.92478943
-34.13294983
-34.63965225
-34.56364059
-34.70976257
-33.10845184
-33.79970932
-33.95258713
-233.11502075
-37.80001450
-34.37723923
-40.45521545
-45.75126648
-39.27981567
-33.58023453
-40.66618347
-209.47988892
-48.55007172
-119.78456116
-41.38332367
-44.52303696
-117.06301117
-43.48378372
-41.43024445
-38.85258102
-40.07709122
-43.43170166
-42.83594894
-228.92225647
-186.32318115
-195.47006226
-41.75561523
-47.49128342
-41.49341583
-35.83511734
-37.19316101
-46.53364944
-38.94813156
-39.93921661
-50.19616318
-40.76618195
-29.87884903
-30.71257591
-30.47623062
-35.05841064
-30.77903557
-30.05380249
-30.65041924
-47.98176956
-48.36393356
-49.85358047
-40.85218430
-48.56105804
-44.34273911
-30.38113403
-32.58819580
-30.40335083
-30.58413887
-59.72877884
-190.64688110
-30.93880463
-37.43441772
-35.61885071
-30.31186104
-30.88541412
-29.78772163
-29.94046402
-30.44435883
-30.11671066
-29.70231438
-29.85305405
-30.29588127
-30.95715141
-31.14120293
-128.22378540
-30.56982422
-30.60724640
-30.12871933
-32.43980026
-33.24792480
-32.33798981
-31.79985046
-32.01111984
-50.02983475
-162.48661804
-170.73655701
-47.51084518
-46.72326660
-36.82139206
-38.48486710
-28.20603752
-28.20650291
-27.67027664
-41.60344696
-54.66010284
-31.62598228
-35.23265839
-28.85818100
-26.79196739
-27.26808548
-49.60951233
-28.08571434
-27.28723717
-27.37504387
-27.42276001
-104.46073914
-129.05691528
-26.85151291
-137.81842041
-171.41676331
-153.08305359
-35.81126785
-156.60537720
-26.11973763
-185.32131958
-184.27117920
-53.63428116
-99.48024750
-162.95182800
-26.16784096
-25.56980133
-32.10380554
-26.67336273
-33.30898666
-154.71118164
-192.12191772
-26.25172997
-58.67944717
-36.79690933
-29.03415871
-50.59323120
-30.87741470
-26.34557152
-24.96497726
-99.50714874
-54.98255920
-26.45936775
-179.51947021
-29.84960365
-36.81298828
-25.62215424
-33.42319107
-24.53904343
-29.60751534
-142.52111816
-28.69580269
-26.99616814
-28.91593552
-76.59491730
-113.32527161
-108.98252106
-24.43787193
-27.95898247
-24.68187523
-71.37933350
-27.56391716
-25.53780556
-25.23301125
-25.99787331
-26.70892906
-30.03261375
-32.07328796
-29.59222031
-24.10754013
-90.23852539
-23.74138641
-27.28770828
-28.33379173
-94.18528748
-27.80345535
-34.49869537
-29.96913910
-23.33933640
-24.86614990
-25.04899788
-138.42955017
-114.87589264
-136.92796326
-155.97212219
-155.47851562
-171.58651733
-71.87432098
-81.22064209
-23.31904221
-31.35214233
-31.67449760
-25.84911728
-34.71971130
-30.74888229
-27.07311440
-27.54133034
-26.03777122
-23.77801323
-36.68290710
-33.72924042
-33.39748764
-23.93577003
-23.77709198
-40.51155090
-38.19070053
-30.70234489
-37.36018753
-183.62342834
-165.58961487
-38.52272034
-22.95395088
-24.92718506
-28.14837265
-31.29165268
-51.51632690
-50.34400940
-52.92816544
-22.47414017
-31.17525864
-42.52346420
-21.64939499
-22.47066498
-36.02104950
-55.89445877
-35.28992462
-52.45277405
-25.76202965
-27.53379440
-38.97689438
-29.14187431
-38.85441208
-167.12219238
-20.43240929
-44.95383453
-166.24131775
-157.04652405
-77.48696136
-84.51354218
-26.83650208
-24.10418701
-75.14669037
-55.17167282
-74.91616058
-42.77388763
-20.61796761
-37.09595871
-28.09494400
-33.99779510
-56.71369171
-48.56422424
-21.49017143
-33.42419052
-62.36664200
-45.46483231
-19.89795303
-36.74141693
-56.79267120
-46.59314728
-78.65154266
-22.06708527
-62.97870636
-61.77345657
-66.32631683
-60.03962326
-42.34003830
-41.39264297
-80.42904663
-29.22779083
-52.15365982
-159.45605469
-182.71463013
-176.70181274
-153.16802979
-41.35850906
-158.80216980
-57.72011566
-96.52765656
-33.56248856
-30.21306229
-73.12327576
-80.85873413
-186.82600403
-184.38441467
-52.97986603
-164.51837158
-150.29132080
-60.35715485
-26.60998535
-145.29077148
-60.02138901
-167.53225708
-287.40054321
-82.59696960
-66.10594940
-28.28153801
-58.38594055
-120.86759186
-130.68077087
-112.91184235
-164.64068604
-83.94291687
-69.75764465
-82.72463226
-73.90483856
-47.26375580
-18.77048874
-10.86755085
-15.65485001
-13.18941116
-30.99346352
-26.30902481
-13.71456528
-20.37290001
-49.88990402
-15.79324818
-11.58809757
-12.93051052
-11.76512814
-10.78071690
-13.45051479
-15.67055511
-11.60822105
-15.06395626
-14.84638691
-78.33026123
-18.63830566
-13.71479607
-26.70183563
-79.45339203
-7.44757128
-7.00226688
-9.68115711
-11.23041725
-10.74063015
-43.89075851
-40.41542435
-28.82109261
-99.05419922
-64.51678467
-46.43555450
-6.27578592
-35.49927902
-8.02717590
-16.30427551
-31.09971619
-8.43017960
-16.30174065
-10.53197765
-38.12094116
-114.56098175
-28.64004898
-14.90423393
-30.16754723
-3.38777304
-104.03157043
-27.42658234
-3.35765219
-3.68068218
-4.89848757
-2.63211226
-34.81245804
-31.03989220
-57.44075012
-2.51521206
-23.34600067
-16.08364677
-17.53842545
-11.08247375
-24.66605186
-19.55867195
-4.00412130
-26.66363335
-1.63894463
-50.63578415
-25.40386391
-18.65253830
-19.33206940
-3.15320492
-0.86149609
-46.80107117
-74.05769348
-3.84686208
-16.04245186
-15.92140102
-16.45592117
-2.38684583
-25.36166382
-12.38641357
-14.79280567
-16.23753929
-24.59496880
-7.00591707
-65.14402008
-2.34548974
-21.05367470
-7.54076242
-24.10188484
-76.72358704
-3.72576571
-194.05973816
-226.66928101
-183.08378601
-87.15383911
-82.88863373
-15.94774723
-7.73989439
-176.41281128
-111.85825348
-105.29578400
-202.94120789
-82.65528107
-30.58620453
-53.73612213
-5.45642948
-90.90817261
-23.28316116
-127.80993652
-136.42172241
-22.56081390
-242.82377625
-187.75648499
-545.37017822
-335.34292603
-234.69812012
-112.35193634
-310.30087280
-111.03034973
-95.70379639
-27.49496460
-15.08625031
-50.61177444
-113.01226807
-297.60766602
-29.24172401
-25.01848984
-12.02506924
-23.27610207
-132.46215820
-211.71514893
-215.79957581
-377.57009888
-457.66717529
-497.08294678
-10.38538742
-9.52264595
-146.55955505
-128.32260132
-229.11708069
-176.79193115
-241.25363159
-557.82452393
-607.29150391
-452.27938843
-163.46429443
-719.22784424
-151.38906860
-218.74691772
-406.98156738
-242.12869263
-563.69927979
-461.61184692
-41.21926880
-254.09339905
-652.59753418
-480.36096191
-830.51733398
-267.60070801
-194.05064392
-5.15943050
-458.95053101
-478.21295166
-282.55627441
-14.95498085
-317.36230469
-481.16302490
-500.66961670
-550.15991211
-198.24769592
-33.89262772
-62.05277252
-145.93161011
-61.50608826
-123.36817932
-143.96551514
-496.35589600
-616.10919189
-706.17108154
-848.30017090
-427.71597290
-342.28555298
-882.83355713
-356.86840820
-599.75653076
-592.87689209
-117.76263428
-135.03170776
-608.00543213
-570.96862793
-756.53753662
-517.02026367
-672.49200439
-1007.81219482
-116.86615753
-102.85533905
-136.58074951
-67.75327301
-60.73413467
-68.03464508
-597.01013184
-758.44018555
-61.66319275
-49.25987244
-45.23903656
-69.97527313
-958.41259766
-790.36224365
-627.00885010
-73.12653351
-876.99609375
-563.78216553
-82.05535889
-64.43470764
-38.38895035
-108.81672668
-134.04106140
-117.02132416
-47.00405121
-45.49702072
-140.38838196
-123.31173706
-40.50087357
-59.46936417
-44.88260651
-40.41937256
-53.38360214
-70.28934479
-55.44828415
-52.80927658
-59.53970718
-72.42556000
-38.54445648
-98.85161591
-62.35633469
-67.75821686
-79.92081451
-100.98526001
-127.13512421
-95.53898621
-313.24227905
-320.38275146
-51.53894043
-88.77374268
-63.06717300
-75.75907135
-84.38175964
-52.25834656
-56.37704468
-41.06968689
-92.30122375
-38.70431900
-99.63099670
-76.42423248
-41.12761688
-99.83232880
-69.47708130
-91.24590302
-896.38995361
-100.01052856
-59.43482208
-39.78933716
-84.21669006
-43.07411957
-53.29183578
-87.72897339
-45.79333496
-119.05524445
-76.92350006
-161.29096985
-104.57145691
-42.20518112
-48.99910736
-48.36303711
-65.09783173
-71.53691864
-62.19355011
-48.24115753
-45.80471802
-86.91600800
-113.05307007
-163.74832153
-113.37901306
-108.40486908
-107.83570099
-81.46735382
-110.98030090
-76.15855408
-93.35253143
-95.81330109
-101.83985138
-125.88837433
-82.91663361
-49.14714432
-49.13253403
-55.27764511
-93.65100098
-90.12901306
-80.70344543
-69.31996918
-120.21983337
-72.83035278
-67.61475372
-90.64311981
-102.20024872
-78.83773804
-83.90721130
-63.90466309
-60.12468338
-87.56961823
-56.96842194
-73.37364197
-57.00252914
-61.99967194
-74.26807404
-67.64396667
-61.73830032
-106.02172089
-129.54969788
-147.57951355
-65.12847900
-120.53507233
-1219.34204102
-118.20314789
-86.86722565
-117.17683411
-107.47135162
-223.01312256
-184.14317322
-152.34706116
-144.62892151
-92.17203522
-97.95855713
-99.62654877
-112.86303711
-71.95845795
-104.90031433
-1409.87341309
-192.42573547
-160.18940735
-241.96885681
-184.55322266
-250.83161926
-201.37959290
-1441.04968262
-112.35501099
-104.79470062
-184.12248230
-66.57695770
-71.12000275
-101.57208252
-134.86305237
-121.09520721
-1347.78112793
-110.23645782
-141.50393677
-119.09535980
-97.48332977
-131.05673218
-145.47749329
-127.24065399
-128.29496765
-105.99662781
-141.08615112
-234.42486572
-119.47673798
-117.74114227
-105.37458801
-153.53820801
-107.30607605
-145.45333862
-130.61677551
-115.09488678
-91.60721588
-177.39436340
-204.04116821
-120.14709473
-230.98620605
-224.22781372
-111.00720978
-114.75887299
-87.15663147
-310.47177124
-290.05340576
-244.45181274
-91.04409790
-223.32470703
-261.15728760
-311.98297119
-334.82299805
-211.72039795
-164.84651184
-338.13555908
-374.93948364
-295.41906738
-374.01928711
-324.81869507
-368.44778442
-345.91494751
-157.68138123
-185.46868896
-280.47857666
-160.41104126
-168.89173889
-157.47735596
-175.83534241
-181.83567810
-170.90504456
-112.74440765
-146.17182922
-175.88659668
-134.22445679
-246.96203613
-112.67047119
-115.32254028
-112.78272247
-406.31002808
-1282.58630371
-1622.73876953
-1111.14074707
-407.95568848
-151.10836792
-279.27456665
-369.13687134
-467.02325439
-259.35971069
-1596.82958984
-116.09545898
-123.72755432
-154.05424500
-190.33432007
-124.86338043
-379.49005127
-1614.27929688
-2144.54443359
-336.26657104
-279.77301025
-151.95056152
-140.31861877
-127.81420898
-171.49183655
-355.85458374
-251.87702942
-254.59228516
-224.03570557
-175.52299500
-442.22576904
-461.23370361
-585.54730225
-719.68676758
-1853.20129395
-560.79705811
-270.57650757
-153.37330627
-309.97564697
-570.49945068
-201.87493896
-327.65811157
-307.84442139
-546.30242920
-631.56677246
-308.59512329
-2280.17358398
-186.93782043
-425.76351929
-310.69110107
-205.60379028
-727.22015381
-356.51483154
-526.63171387
-257.39666748
-213.27359009
-679.64807129
-720.20062256
-428.84365845
-952.91839600
-485.32882690
-229.17990112
-313.18188477
-217.49415588
-224.18621826
-168.76307678
-465.50933838
-688.28009033
-338.20205688
-262.57537842
-180.00727844
-193.13137817
-1700.35449219
-483.36932373
-317.01062012
-428.04888916
-226.78334045
-582.21716309
-203.52619934
-222.73023987
-381.20654297
-1967.85778809
-600.84399414
-705.96075439
-1228.25000000
-1238.25805664
-962.19567871
-685.37176514
-364.05728149
-368.77349854
-260.63793945
-751.92364502
-610.13677979
-250.21162415
-232.51048279
-986.24786377
-1037.12329102
-771.95501709
-395.88394165
-1922.63049316
-585.85211182
-254.55535889
-1514.45434570
-2146.91235352
-372.76257324
-838.11096191
-347.04269409
-294.57641602
-1929.98413086
-1429.02514648
-340.13687134
-917.27221680
-1189.41699219
-561.18688965
-635.86688232
-1435.01025391
-719.80303955
-1580.26843262
-2169.07714844
-1446.22631836
-1453.62500000
-451.06829834
-625.01098633
-621.99938965
-1465.59948730
-1879.52160645
-1445.13134766
-1329.13305664
-1338.62597656
-512.21166992
-716.94317627
-1788.04797363
-1471.14868164
-1458.30664062
-1237.23144531
-1002.95025635
-1360.70483398
-902.18701172
-417.91748047
-749.77935791
-1460.26794434
-1393.36560059
-844.28430176
-1416.22033691
-554.74114990
-1510.64721680
-1420.09484863
-1983.37658691
-398.73776245
-537.05139160
-705.89691162
-528.66253662
-1473.03906250
-599.26135254
-414.85107422
-1300.33972168
-1469.27783203
-1309.06005859
-646.25189209
-638.18865967
-1460.07141113
-1265.64331055
-1413.69738770
-2482.58007812
-1868.28198242
-1300.22131348
-1436.48461914
-1406.39025879
-961.68353271
-838.62286377
-1857.13842773
-1704.89086914
-489.79083252
-1774.34033203
-1390.32519531
-1874.97106934
-558.61627197
-1040.84753418
-774.85559082
-921.88262939
-940.90759277
-1714.45275879
-2015.96484375
-899.38464355
-2006.52416992
-1901.85937500
-1705.91601562
-1264.71899414
-1275.53369141
-941.06622314
-2449.14990234
-2187.72241211
-1866.70239258
-1887.77221680
-2487.64916992
-2392.49853516
-1298.08923340
-916.40228271
-2337.69506836
-2354.63159180
-2415.81494141
-2657.21313477
-807.87963867
-717.88739014
-894.55676270
-1079.06604004
-1297.42272949
-783.50158691
-2604.00415039
-2164.79418945
-1800.97399902
-1532.99157715
-1536.47558594
-1603.89990234
-1374.06481934
-2326.70825195
-794.67175293
-1661.24450684
-1776.09448242
-2248.43798828
-2352.70288086
-2249.19384766
-2125.04199219
-2121.83593750
-1891.68627930
-2189.39575195
-2175.03271484
-2167.27661133
-2122.08886719
-2066.27612305
-2138.17529297
-1595.52600098
-2178.14355469
-1782.66552734
-1827.23974609
-1748.34423828
-1727.12048340
-1739.94348145
-1823.00610352
-1844.53942871
-2236.18432617
-1897.05627441
-1889.20922852
-1921.33349609
-1935.41259766
-1831.77734375
-1896.10913086
-1793.81018066
-1693.35815430
-1664.98547363
-1591.01281738
-1622.39257812
-1584.24365234
-1527.05358887
-1791.98779297
-1437.97619629
-1737.68542480
-1606.61694336
-1564.76428223
-1626.38415527
-1858.01879883
-1577.26013184
-1888.94262695
-1761.69433594
-1567.73107910
-1824.12963867
-1906.24011230
-1775.06079102
-2266.06396484
-2114.52270508
-1895.86096191
-2342.99926758
-1814.37829590
-1875.51831055
-1940.02856445
-1852.01867676
-2633.15698242
-1641.02624512
-1637.60913086
-2369.78955078
-2140.28906250
-2435.78100586
-2344.45507812
-1714.23327637
-1806.28955078
-2408.02172852
-2094.46704102
-2115.62792969
-1724.06164551
-1863.22448730
-1714.84216309
-1786.64953613
-1704.57592773
-1714.41772461
-1687.18859863
-1769.44360352
-1843.84094238
-2058.62646484
-1742.46777344
-1900.01818848
-2086.92895508
-1714.36633301
-1717.39147949
-1892.75366211
-1681.62097168
-1748.52514648
-1730.60156250
-1741.93334961
-1598.63769531
-1393.11059570
-1576.02478027
-1414.29406738
-1418.44592285
-1839.72082520
-1869.07385254
-1805.73962402
-1777.61437988
-1773.73510742
-1834.47631836
-1807.61340332
-1399.96398926
-1521.67163086
-1848.39807129
-1835.98791504
-1824.34106445
-1464.80578613
-2213.54028320
-1417.23022461
-1455.02502441
-1377.98291016
-2517.89697266
-1443.86584473
-1470.85559082
-1467.38439941
-1592.13684082
-1468.73974609
-1408.62866211
-1667.39880371
-1943.80493164
-1809.21228027
-1593.60058594
-1727.28894043
-1256.41833496
-1969.43127441
-2318.77001953
-1939.17822266
-2188.89746094
-1827.15246582
-1876.60168457
-1972.79174805
-1714.17272949
-1563.32800293
-1922.65869141
-2355.09936523
-1448.23681641
-2023.97570801
-1985.13623047
-2143.38403320
-1303.07617188
-1437.86657715
-1948.11218262
-2373.71972656
-1910.30725098
-2130.53247070
-2707.99853516
-1869.94421387
-1515.11425781
-1369.72460938
-1707.62878418
-2030.05944824
-2035.61889648
-1781.08740234
-1745.68322754
-1629.83471680
-1977.86926270
-1853.83203125
-2233.13330078
-1679.68994141
-2270.28979492
-1598.00988770
-2135.77563477
-1831.18444824
-1916.76757812
-2046.34533691
-1585.18640137
-2123.53857422
-1629.04101562
-2016.62988281
-2015.75292969
-2010.58996582
-2135.59790039
-1948.81237793
-1962.71472168
-1983.69018555
-2022.09802246
-1409.75769043
-1352.64648438
-1303.45886230
-1291.07897949
-1328.56469727
-1321.35937500
-1299.31579590
-1285.85778809
-4912.55371094
-1424.02746582
-1359.14648438
-1279.94091797
-1258.17297363
-1292.61999512
-1274.32116699
-1281.34631348
-1270.16101074
-1249.77246094
-1252.66296387
-1308.69323730
-1294.76794434
-1299.31542969
-1308.09667969
-1322.94824219
-1329.84509277
-1297.48657227
-1302.86596680
-1274.23937988
-1293.16467285
-1272.87622070
-1525.25781250
-1507.29943848
-1329.75866699
-1264.24011230
-1577.82727051
-1536.25830078
-1586.86462402
-4190.29003906
-1639.89233398
-1706.28027344
-1761.98840332
-1759.82507324
-1170.93371582
-1471.20336914
-1826.25695801
-1570.14099121
-1739.66284180
-1839.94531250
-1934.29760742
-1373.06713867
-1925.84020996
-2062.91577148
-1909.34448242
-2003.02416992
-1835.58935547
-1644.55651855
-1210.55065918
-1942.53918457
-1350.54089355
-1993.31103516
-5099.18017578
-1775.09252930
-1399.58264160
-1370.14721680
-1275.37890625
-1628.41857910
-1517.68872070
-2177.73974609
-2079.71191406
-1847.57946777
-2054.84228516
-2047.77307129
-1486.52148438
-1548.26208496
-1559.12915039
-1384.15954590
-1427.65405273
-1312.98925781
-1309.13623047
-4588.37060547
-1541.39868164
-1546.30761719
-1227.18371582
-1350.08752441
-1917.58947754
-1646.30175781
-1576.23645020
-1908.44311523
-1638.63659668
-1575.11901855
-1625.44030762
-1611.49023438
-1359.19421387
-6487.60693359
-1226.93640137
-1241.24316406
-1348.23364258
-1236.90783691
-3981.29663086
-1234.41149902
-1230.72717285
-1209.90087891
-1222.84045410
-1221.37927246
-1232.23425293
-1209.88391113
-1277.03186035
-1297.89453125
-1272.00024414
-1279.31567383
-1259.33215332
-1284.28894043
-1254.60229492
-4045.02929688
-1470.81286621
-1465.86669922
-1251.10900879
-1333.60546875
-1332.13623047
-1294.40307617
-1323.30346680
-1316.10058594
-1394.96984863
-1468.47424316
-1327.41699219
-1512.76367188
-1340.92395020
-1501.93078613
-1314.68542480
-1516.33776855
-6015.81738281
-1518.57434082
-1494.87194824
-1441.61755371
-1381.58300781
-1374.53320312
-1494.91699219
-1420.46386719
-1472.50158691
-4597.51367188
-1402.71325684
-4364.89111328
-1515.63513184
-5295.15332031
-1517.98901367
-1403.39514160
-1429.20288086
-1356.43908691
-1450.01171875
-1379.19421387
-6660.05859375
-5001.45507812
-1551.77905273
-1403.07141113
-1410.46887207
-1467.60742188
-1427.66662598
-1519.92858887
-1471.31835938
-1519.52465820
-1618.25341797
-1464.44848633
-1788.08728027
-1458.85485840
-1489.42700195
-1539.27551270
-5889.51220703
-1514.54602051
-1411.95727539
-1413.68115234
-1549.85217285
-1492.97216797
-1506.20202637
-5854.27343750
-1507.88232422
-1545.95849609
-1922.73681641
-1542.95458984
-1442.55346680
-1366.01086426
-1350.31958008
-1335.94946289
-1371.33020020
-9343.74218750
-1363.72009277
-1295.70178223
-1426.52124023
-5853.17138672
-1558.11547852
-1481.27868652
-1530.69653320
-1769.97619629
-5362.88085938
-1541.84545898
-1405.10058594
-1331.54235840
-1296.13854980
-1259.46350098
-1293.53881836
-1297.23107910
-1290.63610840
-1263.18090820
-1307.05505371
-1303.14270020
-1284.95483398
-1377.28454590
-1372.73120117
-1270.99353027
-1461.35498047
-14326.69042969
-1259.52893066
-1391.81396484
-1392.97167969
-1411.69165039
-1445.87011719
-1430.97375488
-1324.40368652
-1350.65417480
-1402.38269043
-1434.00927734
-1264.55065918
-1338.83630371
-1443.59680176
-1457.75427246
-1441.43847656
-1301.46264648
-1473.22119141
-1468.01757812
-1464.03417969
-1470.68127441
-1371.01745605
-1445.16345215
-1375.93725586
-1479.63525391
-1479.94665527
-1485.97375488
-7589.39697266
-1498.43603516
-1487.28247070
-1456.58044434
-1449.93737793
-1481.26452637
-1457.87902832
-1455.64062500
-1453.43237305
-6179.94433594
-1167.23315430
-1468.82983398
-1453.70532227
-1527.90234375
-11843.61621094
-1450.51245117
-1464.88195801
-1435.80395508
-1532.43127441
-1425.59802246
-1527.87158203
-1404.60498047
-1503.58361816
-1428.92211914
-6544.70947266
-6535.72460938
-1456.07910156
-1314.89074707
-1465.98327637
-1188.70410156
-1336.02844238
-1452.23168945
-1489.21643066
-1537.80334473
-9102.93847656
-1315.89550781
-1275.65087891
-1271.73718262
-1279.28894043
-1312.38623047
-6989.07080078
-1158.83032227
-1159.51342773
-1252.63623047
-1156.60876465
-5915.36816406
-8740.28027344
-1185.35595703
-1189.08312988
-1151.28466797
-1151.06469727
-1151.45239258
-1245.24316406
-1299.97595215
-1339.97155762
-1361.28015137
-1210.55651855
-1217.59204102
-1405.35400391
-10633.67773438
-1229.47802734
-1341.09069824
-1230.75732422
-1332.48168945
-1474.75244141
-1383.55725098
-1385.76330566
-1208.93090820
-1220.42529297
-9038.79980469
-1325.71569824
-1281.89135742
-1476.52661133
-1335.77111816
-1278.63671875
-1248.64770508
-1332.85375977
-1360.04541016
-1426.27404785
-1316.62377930
-1309.93554688
-1464.68750000
-1444.10302734
-1292.57678223
-1330.52099609
-13411.53906250
-1208.02453613
-1230.10876465
-1289.80688477
-1328.32409668
-1471.08142090
-1478.86999512
-1332.43310547
-1353.03027344
-1475.33972168
-1415.17749023
-1415.73913574
-1433.47644043
-1449.99072266
-1310.34313965
-1464.03039551
-1343.33068848
-1344.23364258
-1326.05224609
-1314.14086914
-1310.10266113
-1313.09069824
-1323.19165039
-1314.64282227
-1329.46557617
-1310.36218262
-1319.74194336
-1319.60729980
-1335.48059082
-1319.81335449
-1276.45373535
-1193.11669922
-1235.11633301
-1309.95593262
-1253.68237305
-6353.71093750
-1197.70715332
-1196.39624023
-1304.52722168
-1306.19897461
-1306.67712402
-1309.12048340
-1310.64270020
-1223.95495605
-1267.34509277
-1263.40417480
-1266.35070801
-1290.90429688
-1296.47692871
-1290.90759277
-5274.77636719
-1238.24438477
-1236.68164062
-6675.95947266
-1223.13989258
-1256.22509766
-1244.31445312
-1216.41186523
-1407.56384277
-5301.31005859
-1284.64428711
-1291.61816406
-1218.39147949
-1342.96569824
-1366.50878906
-1345.37719727
-1360.60546875
-1380.49304199
-6505.47607422
-1191.97888184
-1366.50659180
-1303.45837402
-5369.62451172
-1297.00073242
-1301.92480469
-1427.14355469
-5371.16845703
-5523.56982422
-1326.14343262
-1306.90954590
-1443.14086914
-1568.78723145
-1739.37585449
-15784.55566406
-2976.40527344
-1500.23791504
-1271.91931152
-4949.60302734
-5215.56738281
-1502.79931641
-1752.59948730
-1288.96215820
-1395.64392090
-1593.19995117
-1905.50415039
-1288.68615723
-1393.08569336
-1559.11547852
-12804.55273438
-10053.48730469
-1336.74975586
-1347.54187012
-2078.72363281
-1294.64611816
-1341.59008789
-1966.30773926
-2581.52661133
-2162.05419922
-1423.52478027
-2027.16076660
-2049.60351562
-1413.66442871
-2026.30334473
-1261.08166504
-1542.07897949
-2089.13183594
-1953.22485352
-1294.95715332
-1292.15515137
-1272.99877930
-1413.99267578
-1244.51708984
-1246.60168457
-1224.42907715
-1468.30700684
-1478.19824219
-1190.23889160
-1402.88317871
-1223.63366699
-6038.01953125
-1235.95520020
-1276.96484375
-1632.93115234
-1396.37634277
-1464.50134277
-1290.76770020
-1268.84399414
-1615.88842773
-1723.11816406
-1578.01818848
-1334.11267090
-1209.52832031
-1531.62609863
-10856.85351562
-1749.34277344
-1760.41552734
-1740.54760742
-1459.93603516
-2045.45166016
-1610.24426270
-1755.47229004
-1685.48107910
-2052.57885742
-1313.23852539
-1311.05493164
-1339.29248047
-8065.06542969
-1237.02136230
-2099.09008789
-8121.30322266
-1357.24499512
-2158.50878906
-1534.77612305
-1730.35192871
-2178.82836914
-1808.86804199
-1777.66088867
-1366.28125000
-1584.35998535
-1373.90502930
-2156.97607422
-2148.64282227
-2240.92285156
-1750.65625000
-1756.12023926
-2304.96215820
-1470.68688965
-1972.77429199
-1948.14184570
-2273.86352539
-2134.42358398
-9275.48144531
-9638.37207031
-1990.67236328
-2038.49414062
-2008.51464844
-1730.74841309
-1714.10632324
-1955.22180176
-9100.82910156
-11204.88281250
-2090.89672852
-2196.44824219
-2119.03100586
-2152.85668945
-1573.40808105
-2170.76831055
-2059.32128906
-1973.91674805
-1518.30236816
-2245.26440430
-2006.13586426
-2166.25317383
-2253.46215820
-2185.59179688
-2349.89111328
-2488.63110352
-11346.34082031
-2287.40966797
-2268.65161133
-2288.11767578
-2254.48974609
-2239.44384766
-1464.86511230
-1521.71411133
-1544.46228027
-1548.24499512
-1475.11352539
-1591.13513184
-1543.89916992
-1429.75439453
-10861.46093750
-1650.55310059
-1627.57006836
-1537.56848145
-1672.08337402
-1530.69970703
-1641.84155273
-1631.69409180
-1387.60754395
-1462.30859375
-1595.47058105
-1482.40539551
-2278.79199219
-1576.64172363
-1437.17431641
-2317.38891602
-2277.57275391
-1580.76965332
-18144.18554688
-13622.75195312
-13806.65136719
-1530.41857910
-1713.19677734
-1809.39343262
-1626.64184570
-1878.26306152
-1876.37219238
-1834.65795898
-1920.25939941
-11189.64160156
-13466.78027344
-1466.53686523
-1617.82104492
-1501.60241699
-1826.00878906
-1702.27185059
-1941.19116211
-1983.21777344
-1739.03833008
-1927.55249023
-1926.29016113
-1977.88647461
-1889.18041992
-2006.32788086
-1984.10998535
-1948.44335938
-1836.30676270
-11198.96679688
-10764.40722656
-1645.43676758
-1871.36791992
-1756.22070312
-10873.74902344
-1611.29614258
-1976.31213379
-1671.21166992
-1791.48889160
-1853.36987305
-1813.88085938
-1435.33825684
-1981.69799805
-1931.91809082
-2006.57946777
-2036.30310059
-1488.29797363
-1458.64660645
-2097.75268555
-1693.13049316
-2145.32177734
-2103.28833008
-2067.34082031
-1480.52172852
-1585.48376465
-14225.30273438
-2073.52026367
-2128.85473633
-18713.91406250
-1981.85388184
-2093.99487305
-2153.94677734
-9950.03027344
-1512.22888184
-1359.23596191
-1412.05725098
-1419.13244629
-1372.46948242
-1403.63928223
-1498.38024902
-11903.11523438
-1384.79589844
-1375.32800293
-1374.08361816
-1370.89123535
-1363.16101074
-1325.82055664
-1332.89562988
-1300.19104004
-1288.15112305
-1282.40234375
-1296.98901367
-1270.10351562
-1279.86486816
-1258.98132324
-1247.62524414
-1240.91650391
-1241.04870605
-1236.30090332
-1206.95812988
-1257.28698730
-1291.50219727
-1214.12829590
-1223.35412598
-8606.73339844
-1244.25048828
-1239.92126465
-1229.93518066
-1238.02929688
-1269.51220703
-1266.19970703
-1285.78112793
-1271.22570801
-1297.41455078
-1307.01391602
-1338.33740234
-1336.94958496
-1317.11462402
-1314.29504395
-1284.30712891
-1353.86389160
-1348.40258789
-1350.89758301
-1350.77502441
-1368.37353516
-1510.70312500
-1510.05676270
-1545.32092285
-1529.24963379
-1415.41357422
-1487.81701660
-1384.80432129
-1706.59204102
-1436.12878418
-1733.73449707
-1757.07592773
-8524.07226562
-1673.29272461
-1504.02038574
-1634.32653809
-1692.67395020
-1499.21069336
-1783.64111328
-1506.26794434
-1798.92468262
-1716.92175293
-1540.35095215
-1536.79821777
-1556.46862793
-1511.17333984
-1464.65734863
-1499.30310059
-1548.44775391
-1661.94482422
-1934.74133301
-1432.50793457
-1479.55444336
-1553.20483398
-1942.87255859
-1931.57067871
-1554.35290527
-1775.76110840
-1927.33813477
-1489.34204102
-1943.05908203
-1623.56945801
-1647.24096680
-10736.88476562
-2099.27172852
-1903.98901367
-1631.78344727
-9681.96875000
-1751.92211914
-1581.05139160
-2019.03491211
-1753.38940430
-1526.79333496
-1489.54748535
-7503.54394531
-11865.08984375
-2344.35742188
-1652.01452637
-1445.51037598
-1763.93945312
-1584.27526855
-1647.38024902
-1930.04162598
-1520.40014648
-1568.29968262
-2555.43725586
-9662.53417969
-1609.83923340
-1628.74304199
-2028.08190918
-1564.88256836
-7140.56347656
-1641.71533203
-1626.89306641
-1635.64611816
-2070.14062500
-6925.12402344
-1678.57556152
-1468.99719238
-1728.67871094
-10533.68652344
-1676.26623535
-1652.05322266
-1638.71069336
-1648.55676270
-1408.18957520
-1322.81103516
-1330.39038086
-1335.33581543
-1317.85791016
-1323.37182617
-1258.69616699
-1330.28991699
-1302.46252441
-1302.16296387
-1314.18554688
-1288.68066406
-18702.93945312
-1297.75292969
-1308.81005859
-1353.75268555
-1286.28637695
-1293.91894531
-1315.55749512
-1382.10424805
-27653.57421875
-25126.52929688
-1386.99304199
-1369.71557617
-1187.76281738
-1628.73718262
-1419.86791992
-1338.43994141
-1417.64831543
-1296.81250000
-1372.85058594
-8403.11328125
-1415.20251465
-14957.38867188
-1288.52062988
-1279.74719238
-1707.48181152
-1427.21118164
-1485.97180176
-1359.64782715
-1554.00036621
-1611.74304199
-1413.98974609
-1419.25134277
-1431.38354492
-1368.42858887
-1428.27014160
-1480.75610352
-1302.51306152
-1327.55310059
-7725.52392578
-1483.37597656
-8939.97167969
-1255.20349121
-1274.30969238
-1197.21801758
-2033.05297852
-19831.01367188
-1185.30895996
-20248.32617188
-1881.72509766
-1844.55639648
-1250.61047363
-1408.49792480
-1417.11462402
-10338.60058594
-1269.42651367
-1293.79443359
-1264.68383789
-1301.63110352
-1357.21411133
-1327.24645996
-1316.81347656
-11226.35253906
-1327.54077148
-1257.08361816
-1265.65148926
-1276.12377930
-1266.19982910
-1167.31176758
-1253.64660645
-1297.52038574
-1302.92749023
-1282.22436523
-1247.58874512
-1276.64367676
-1276.71374512
-9228.93554688
-8503.05468750
-28957.72460938
-1229.97583008
-1270.94897461
-1266.56530762
-1150.26342773
-1274.48352051
-1319.97583008
-1254.22790527
-1257.16125488
-29736.39843750
-1261.49328613
-1187.17028809
-1189.87438965
-1164.10546875
-1404.94665527
-1236.37304688
-1275.78344727
-1464.10510254
-3028.56958008
-1240.97277832
-1232.54724121
-1688.68981934
-12487.19726562
-1256.12341309
-1646.64099121
-1284.72998047
-1515.43762207
-1460.89965820
-1685.00134277
-1673.42150879
-1448.49743652
-1682.54235840
-1809.52416992
-1602.00415039
-2161.59619141
-1398.86657715
-1833.30273438
-1839.20385742
-1631.26562500
-1993.76806641
-1805.53698730
-1872.08666992
-1472.94091797
-20728.28515625
-14658.19042969
-2016.23803711
-2310.78198242
-1677.63623047
-1691.87170410
-1298.55041504
-1291.37414551
-1123.09460449
-1207.63098145
-1419.70727539
-1146.55541992
-1478.80310059
-2170.47998047
-2103.98364258
-1205.51721191
-1168.16455078
-1254.69677734
-1059.62731934
-1162.39172363
-1216.43676758
-1531.73815918
-1346.40148926
-1683.76342773
-1229.49865723
-1563.08691406
-1565.68054199
-1602.03137207
-1262.37927246
-1487.35339355
-1519.96093750
-1853.72802734
-1527.29162598
-1530.80883789
-1332.05249023
-13909.57128906
-1663.18786621
-1752.21875000
-1362.63830566
-1471.53466797
-1681.79248047
-1435.53674316
-17013.12890625
-1463.14453125
-1570.89697266
-1357.01782227
-16340.74707031
-1458.75842285
-14520.32714844
-1763.51501465
-1649.45825195
-1647.89990234
-13351.43359375
-21489.50976562
-1970.82360840
-31593.14843750
-2055.80761719
-1624.11218262
-1777.94042969
-1359.85351562
-1313.70239258
-1341.98852539
-2047.56396484
-1436.15063477
-1858.65551758
-1384.91442871
-18235.25000000
-1646.30847168
-14474.56542969
-14958.80273438
-1641.03161621
-13963.25195312
-17139.76171875
-1405.98571777
-2076.86450195
-2289.19360352
-1768.13415527
-1841.96630859
-1704.73547363
-1942.24890137
-1268.82263184
-1267.29113770
-1256.10925293
-1347.51538086
-1287.68457031
-1290.02172852
-1308.42272949
-1345.42773438
-1314.34826660
-1283.81726074
-1302.20690918
-1723.58398438
-1549.03393555
-1770.17932129
-1303.76599121
-14984.11816406
-1316.79016113
-1282.35803223
-1328.05603027
-1293.08007812
-14009.94824219
-1293.67077637
-1322.69042969
-1303.39416504
-1313.37109375
-1332.81286621
-16675.66015625
-1408.11071777
-1360.09985352
-1334.82165527
-1360.39038086
-1330.78271484
-1328.42517090
-1360.20922852
-1382.08642578
-1380.30151367
-1373.28149414
-1422.79309082
-1442.28588867
-1535.46569824
-1504.29333496
-1440.97607422
-1415.89355469
-1414.84082031
-1421.74584961
-1434.75952148
-1486.87597656
-1478.27539062
-1455.18481445
-1463.11279297
-1542.71948242
-1628.70947266
-1783.43164062
-1811.10498047
-21796.49414062
-1692.67187500
-1748.58081055
-1644.44787598
-1815.58581543
-1796.65869141
-1899.39099121
-1774.04101562
-2015.12878418
-23816.69140625
-1859.58044434
-24863.73828125
-1705.90795898
-1748.97656250
-18981.83984375
-1692.39672852
-21937.62500000
-1899.56066895
-1787.08605957
-1720.62402344
-2302.65991211
-2067.66015625
-1880.53918457
-2324.82836914
-2088.63452148
-2195.26489258
-1816.75488281
-2200.38989258
-1833.82238770
-2224.70849609
-1599.25109863
-26909.36718750
-2354.57568359
-1671.98425293
-1743.50805664
-1802.32482910
-1824.07324219
-18271.88476562
-1739.00683594
-20914.13671875
-2142.81225586
-2150.74755859
-2581.42749023
-2225.40307617
-2128.47143555
-1662.92871094
-2696.78344727
-3162.91577148
-21391.94531250
-2498.71899414
-22735.46679688
-2787.04711914
-1509.35925293
-2899.64868164
-3393.75976562
-1349.51269531
-19595.09570312
-1355.01269531
-2567.98046875
-3417.17407227
-2434.29272461
-1839.45593262
-2160.17602539
-21348.39062500
-3522.88305664
-3599.10522461
-2005.29565430
-2566.98876953
-1877.25537109
-2476.76098633
-4877.57080078
-5155.76757812
-1879.60168457
-1851.39624023
-2546.18066406
-1533.01745605
-1469.81347656
-33357.31250000
-36410.72656250
-1423.66833496
-1769.12487793
-1855.57580566
-1429.40100098
-3913.53051758
-4166.77050781
-1433.34826660
-1533.21459961
-1431.89916992
-1867.37829590
-1657.50109863
-1899.26208496
-1697.43798828
-1522.05749512
-2280.40356445
-2088.35058594
-45890.08593750
-1652.42114258
-1816.67553711
-2246.41333008
-2418.36230469
-2365.44287109
-28935.88281250
-2255.75170898
-2236.05712891
-2228.89331055
-2702.69409180
-2809.53369141
-48359.08984375
-2938.15307617
-3045.30883789
-2573.21582031
-27809.98632812
-3153.58666992
-3113.47973633
-26740.66992188
-2522.02026367
-2952.29663086
-1431.08813477
-2176.21484375
-24373.41015625
-2959.52734375
-3536.66479492
-2774.59545898
-3160.61791992
-3215.06372070
-2720.59594727
-2959.97680664
-1420.32995605
-3005.57421875
-3349.26855469
-3168.50683594
-3223.56567383
-3015.18823242
-1484.72802734
-3886.05297852
-3896.48559570
-3016.63378906
-4199.20751953
-3731.92602539
-64107.52343750
-3626.60815430
-3427.27270508
-3358.74145508
-32994.25390625
-3040.75146484
-4156.35888672
-3773.98217773
-3562.26123047
-3200.82055664
-3736.28979492
-2758.46289062
-3715.58447266
-3485.11547852
-4130.01074219
-3934.65502930
-1254.78442383
-1230.94763184
-1226.81848145
-1230.05432129
-1254.44445801
-1233.58398438
-1250.73522949
-1281.60729980
-1597.10070801
-1567.87170410
-1489.79614258
-1647.41345215
-1639.30114746
-1760.82421875
-1706.56396484
-1713.89086914
-1697.26831055
-1981.10705566
-1952.18847656
-1664.25061035
-1694.30883789
-2098.37060547
-2547.82763672
-1790.59582520
-1533.39221191
-1310.75671387
-1724.92224121
-1857.10388184
-1297.60827637
-1352.77075195
-1245.93920898
-1220.83801270
-1350.64904785
-1915.22497559
-2596.74536133
-3304.05517578
-34456.80078125
-34906.45703125
-1418.28271484
-2035.97863770
-1506.33666992
-2906.91137695
-40143.03906250
-2737.75952148
-2744.53149414
-3478.73657227
-3331.92700195
-3726.35375977
-4119.41796875
-2309.04028320
-3627.53222656
-28149.22265625
-2492.80517578
-4128.81640625
-3510.17089844
-2094.84667969
-4115.00585938
-4416.26367188
-4029.74853516
-1737.63098145
-1820.19250488
-3010.17309570
-4247.81005859
-3003.90844727
-4422.01318359
-4544.42968750
-3842.17919922
-2292.26684570
-3010.80908203
-1440.66284180
-1706.42199707
-1892.75915527
-1546.17248535
-18977.65625000
-1736.81640625
-1806.85852051
-1804.99499512
-1791.67004395
-1806.81860352
-1844.57312012
-1772.47656250
-1819.46386719
-1868.07019043
-1868.00732422
-1287.82421875
-1357.61474609
-1337.52551270
-1303.94323730
-1521.41369629
-1278.49365234
-1291.35510254
-1292.33386230
-1304.32092285
-1291.86682129
-28873.16210938
-1309.51391602
-1290.20251465
-1300.08227539
-1331.69042969
-1316.63647461
-1295.63220215
-1298.48498535
-1304.01794434
-1296.72460938
-1298.05419922
-1301.27331543
-1299.27270508
-1307.89221191
-1300.97155762
-1306.51257324
-1314.50622559
-1312.54907227
-1317.76379395
-1312.75109863
-1307.40393066
-1311.09826660
-1323.40808105
-1315.34460449
-1322.52294922
-1331.39587402
-22788.32617188
-1364.83740234
-1390.45971680
-1404.40991211
-1348.13354492
-1977.01513672
-1875.26330566
-1950.04248047
-2376.58862305
-2000.11352539
-2074.40209961
-1972.35192871
-2070.04443359
-1999.44421387
-2001.19836426
-2114.06250000
-1781.85534668
-2309.88574219
-39957.61718750
-2109.35058594
-2134.18188477
-1870.32116699
-1538.94812012
-34285.39453125
-1982.17395020
-1995.58398438
-2009.31079102
-1958.07336426
-1985.13903809
-46311.57421875
-2029.07482910
-2026.79479980
-2025.72082520
-2020.46826172
-2025.75866699
-1984.48852539
-2011.15539551
-2065.18530273
-2114.56958008
-2077.05517578
-2085.38940430
-2081.19384766
-2134.78515625
-2373.27343750
-2667.97973633
-2388.86669922
-2068.49755859
-1500.46777344
-1454.59069824
-1320.29956055
-1341.10656738
-1307.43981934
-2568.94165039
-1376.26123047
-2430.78149414
-3216.25170898
-2047.81494141
-2447.79541016
-1487.32690430
-2588.74291992
-1550.34582520
-2602.85937500
-21794.50000000
-19910.71289062
-20562.51367188
-2605.94580078
-1572.68469238
-2646.40820312
-1604.45214844
-2507.62255859
-48719.24218750
-1624.33825684
-1614.49108887
-2697.66259766
-1356.37109375
-2903.97460938
-1681.32312012
-2502.81225586
-1810.11291504
-1709.52966309
-1821.71142578
-2509.39038086
-1741.51477051
-2035.99621582
-1740.50256348
-1804.48706055
-2043.59106445
-1908.19128418
-2647.65039062
-1808.30224609
-1848.55554199
-1787.71508789
-27894.58593750
-2103.24340820
-26239.01562500
-1925.31115723
-2375.43627930
-1882.79138184
-2237.55737305
-2368.27685547
-2510.51464844
-2300.41333008
-1939.13342285
-1705.59667969
-2385.70141602
-2111.38574219
-2079.75195312
-2122.98168945
-2156.37915039
-57417.91015625
-1460.63488770
-1559.85253906
-1524.71728516
-1545.69702148
-1483.19714355
-1556.12426758
-1626.32922363
-1834.80297852
-26432.57421875
-1571.69201660
-1522.84497070
-1930.41223145
-1790.63500977
-1848.43750000
-2050.45727539
-2116.43627930
-2185.25024414
-2059.47070312
-2063.97412109
-2266.26318359
-2443.63403320
-2296.08081055
-2649.30859375
-3554.90722656
-2380.29296875
-2261.01782227
-2199.78979492
-1778.19055176
-1977.21826172
-26094.50195312
-1606.86352539
-1614.99731445
-1626.87719727
-2243.13256836
-2617.48291016
-2764.91918945
-2621.92578125
-2714.36645508
-2629.76269531
-2034.84558105
-2717.04736328
-1876.52172852
-2943.04589844
-2962.92700195
-2777.98608398
-1497.04699707
-3069.11669922
-21365.79101562
-1866.92822266
-3207.76928711
-1757.82336426
-1838.90441895
-21060.50000000
-3158.45874023
-2504.69311523
-1797.62023926
-1919.64990234
-2895.35522461
-2222.27270508
-3122.93457031
-1597.72875977
-2412.90649414
-1949.48999023
-1763.40039062
-3279.06933594
-1625.24365234
-1938.97680664
-2030.35656738
-2334.85498047
-3216.41992188
-3263.20996094
-2220.99731445
-3122.53344727
-22996.90429688
-26755.35156250
-2988.09008789
-2393.07714844
-1966.45080566
-1729.51208496
-1918.54296875
-1997.13830566
-1855.68188477
-17585.37890625
-1738.27453613
-3143.64941406
-8268.26171875
-4804.63476562
-1808.89794922
-2829.07934570
-2050.39868164
-1949.73950195
-4659.75097656
-1882.17089844
-4752.63183594
-3146.59033203
-2571.07641602
-26627.76757812
-5124.32421875
-1882.87976074
-3904.62866211
-1921.21997070
-27316.84179688
-2354.83666992
-2332.10083008
-27632.02929688
-2429.26684570
-3174.86816406
-4281.42822266
-2129.74194336
-2269.86157227
-3500.90478516
-1836.20825195
-28907.66992188
-2043.83654785
-2576.57202148
-1929.87158203
-1958.35046387
-3263.30810547
-2758.88354492
-3963.87402344
-2326.82446289
-30537.22656250
-2900.74169922
-2034.97155762
-3801.67651367
-3436.98828125
-2750.38305664
-2641.87573242
-32151.35546875
-2623.24194336
-2390.22509766
-2796.92626953
-2527.23974609
-2607.53149414
-2895.99829102
-2822.52490234
-2233.77416992
-1301.07849121
-2601.72778320
-2963.15502930
-27870.42187500
-3475.01074219
-3375.49316406
-2583.40722656
-3294.21484375
-2649.50317383
-3362.25732422
-1238.82214355
-2759.74633789
-3490.63940430
-2990.86035156
-2600.22802734
-1742.29040527
208.33280945
-27306.28125000
-36422.08593750
-586.22534180
-3682.96630859
-2052.50512695
-3039.70239258
-4192.83398438
-1731.62841797
-2381.02490234
-4651.22314453
-1266.89941406
-3774.27929688
-4142.71679688
-3802.29760742
-4511.16113281
-4713.79931641
-7425.73583984
-869.93286133
-24108.55078125
-2488.01464844
-5819.28613281
-8773.74023438
-953.85614014
-5132.72119141
-1281.03833008
-4600.42871094
-7069.72021484
-5414.73779297
-3650.18725586
-7733.48730469
-8740.98730469
-2232.11547852
-9699.87597656
-9834.85058594
-7238.68261719
-314.89114380
-1432.05627441
-4962.62353516
-45921.93750000
-127.11812592
-2525.32006836
-6795.34423828
-4169.92187500
-6356.53173828
-7023.53515625
-3365.73999023
-6677.47900391
-4105.06494141
-29730.10351562
-7978.16503906
-6145.44042969
-8149.37841797
-2881.21142578
-4252.15917969
-7505.47607422
-4472.20166016
-4461.24609375
-6262.99121094
-142435.95312500
-4857.58544922
-3238.26855469
-17851.01562500
-30523.77539062
-8851.00683594
-2806.81445312
-17457.14257812
-492.16506958
-25.03696251
-56578.31250000
-5144.80859375
-8078.33447266
-3157.96459961
-1414.65539551
-7868.61474609
-20482.89062500
-19330.89843750
-40339.41406250
-2058.25463867
-423521.84375000
-8380.29492188
-8292.63281250
-8833.29394531
-438554.87500000
-13855.93261719
-17846.16992188
-432957.78125000
-16589.13085938
-3283.55859375
-110149.52343750
-4393.78417969
-11565.47949219
-251636.20312500
-96293.57812500
-17247.80664062
-35855.94531250
-16569.79296875
-28235.49414062
-20585.27929688
-56073.16796875
-22402.41210938
-2450.94750977
-6912.75341797
-3595.09252930
-7976.54101562
-44610.42578125
-5796.39550781
-3672.41699219
-294687.62500000
-28656.60546875
-458421.59375000
-26899.70507812
-427611.75000000
-58219.39062500
-9492.37890625
-8312.67773438
-298517.56250000
-17087.87109375
-219256.00000000
-67395.20312500
-116606.27343750
-89440.78125000
-78799.84375000
-29798.73632812
-33212.10546875
-12957.08691406
-48288.50390625
-151827.40625000
-32343.82031250
-35070.92187500
-12162.48730469
-5149.76171875
-4773.43066406
-5091.84667969
-19883.05273438
-4461.81982422
-5047.62255859
-272681.84375000
-128650.57031250
-136381.50000000
-42139.44531250
-118901.17968750
-202626.51562500
-1054.88391113
-4089.87451172
-351571.03125000
-3164.77099609
-6524.89892578
-4163.84814453
-2685.08544922
-1120.26806641
-5090.06152344
-1593.46130371
-150147.90625000
-11997.32714844
-2683.28222656
-14927.60644531
-2905.35229492
-2970.35498047
-917.51281738
-5131.73291016
-6313.47265625
-32141.59765625
-13044.28515625
-20279.85937500
-11096.59179688
-5560.06933594
-12789.65722656
-68500.89062500
-32312.86328125
-11500.74609375
-23484.85156250
-18596.27539062
-23528.42187500
-23589.87695312
-1117.57751465
-2515.31005859
-46337.33984375
-26618.39062500
-18843.30468750
-31875.99218750
-3121.37353516
-7376.96679688
-79049.34375000
-2572.78515625
-13626.95898438
-12163.09863281
-4631.21289062
-47543.90625000
-75988.42968750
-79774.84375000
-74773.92187500
-55162.77343750
-3974.05200195
-149688.03125000
-120347.84375000
-10072.23339844
-70025.85156250
-9449.80175781
-5947.02880859
-22779.27929688
-121561.47656250
-109959.85937500
-33035.62109375
-190206.84375000
-113288.00781250
-97752.78125000
-36205.58984375
-127497.82031250
-25229.65039062
-6620.54394531
-35711.47265625
-23316.96093750
-155974.09375000
-135696.68750000
-134455.48437500
-116843.51562500
-7992.81005859
-250357.04687500
-27627.08984375
-207030.23437500
-7936.13085938
-237362.04687500
-37897.39843750
-44002.48437500
-46781.94531250
-41938.31250000
-56396.82031250
-45476.87500000
-74763.20312500
-225241.67187500
-34338.29296875
-62710.65234375
-156187.73437500
-32435.75976562
-15284.57617188
-23275.60546875
-102146.67968750
-28596.21093750
-25913.61718750
-41815.69921875
-42101.44921875
-55845.44531250
-68750.64843750
-56599.83984375
-87847.73437500
-12951.20507812
-69508.44531250
-390893.46875000
-181915.62500000
-34242.94921875
-61093.50781250
-33231.79296875
-15616.26367188
-16734.73828125
-29979.10156250
-20734.66406250
-11450.38867188
-16974.56835938
-48388.46093750
-23313.26367188
-11161.52148438
-56498.89062500
-9568.58789062
-43970.55859375
-22879.53710938
-12415.46093750
-35478.44531250
-52216.64843750
-21130.57226562
-66060.60156250
-19224.02343750
-71279.92187500
-45376.17187500
-25663.18359375
-76170.67968750
-42257.73828125
-76052.35937500
-18010.60742188
-44219.71093750
-80573.53906250
-47383.26562500
-73189.84375000
-35838.95312500
-26871.65234375
-24906.68164062
-75830.66406250
-77281.63281250
-73745.55468750
-27261.54687500
-48247.51562500
-39979.37500000
-52795.07812500
-37871.91796875
-39034.27343750
-32475.76367188
-87330.25781250
-25059.13867188
-68377.83593750
-68428.82031250
-104376.83593750
-91746.74218750
-33628.85156250
-22839.10156250
-71068.26562500
-58060.13281250
-65425.03906250
-42175.86718750
-41504.80468750
-73848.95312500
-48636.15234375
-29867.52734375
-66918.65625000
-34297.05859375
-41741.06250000
-65983.78125000
-37810.97265625
-47218.48828125
-56175.78906250
-75337.85937500
-40071.14453125
-73674.79687500
-48643.41406250
-39684.07031250
-82252.85156250
-72843.24218750
-65010.84765625
-24630.91015625
-42149.50000000
-32355.41796875
-27948.97656250
-66865.13281250
-39962.40234375
-39581.86328125
-35467.94531250
-35061.84375000
-61620.93359375
-70435.65625000
-69752.50000000
-54343.92578125
-30355.96875000
-32306.72070312
-51418.80078125
-59178.88671875
-38316.82812500
-24823.41992188
-69324.60156250
-73596.50781250
-71009.47656250
-61135.25390625
-32659.82226562
-53310.30468750
-44985.82812500
-49022.41796875
-31908.85351562
-32178.44335938
-92939.14843750
-38891.32031250
-28564.61914062
-27942.44140625
-79331.32031250
-76498.46093750
-59823.62109375
-49660.28515625
-41348.36718750
-74497.99218750
-57465.01953125
-65998.50000000
-27715.14062500
-81256.77343750
-71832.70312500
-31285.82812500
-61220.50000000
-60266.08203125
-47065.65625000
-45238.01562500
-66615.34375000
-40157.30078125
-52893.66015625
-67833.70312500
-51193.83984375
-32966.74218750
-51992.92968750
-59644.52734375
-66861.89062500
-68560.39062500
-43341.54687500
-58262.03125000
-55151.31250000
-47767.84375000
-25890.78710938
-70416.05468750
-59524.07031250
-59026.70312500
-63603.12890625
-61419.83203125
-69528.33593750
-56793.39453125
-51219.06640625
-69033.75781250
-54569.17968750
-62746.58593750
-63731.36718750
-57035.35937500
-60402.23828125
-64045.10156250
-62522.82812500
-59293.38281250
-52747.68750000
-59005.63281250
-63813.15234375
-29141.74218750
-69755.13281250
-66830.42968750
-68354.14062500
-58809.53125000
-31859.45703125
-35785.15234375
-43664.31250000
-47907.30078125
-26378.52929688
-32814.01171875
-81976.36718750
-32005.74218750
-28308.20703125
-53695.52343750
-38079.89062500
-26393.03710938
-33628.95703125
-41924.54296875
-26486.83007812
-37366.32421875
-34981.85937500
-116518.60937500
-47871.03906250
-164480.40625000
-45228.32812500
-36471.48828125
-166755.14062500
-37972.66406250
-29562.36718750
-47633.54296875
-45163.14453125
-24736.06835938
-35591.99218750
-35014.58593750
-43313.38671875
-25511.37695312
-86901.79687500
-39894.42187500
-36872.25781250
-27021.80664062
-55247.41015625
-37010.30859375
-35386.98437500
-130540.62500000
-38685.14843750
-35946.37109375
-33797.16015625
-42350.62890625
-32916.67187500
-32962.50390625
-35712.73828125
-41611.69140625
-25563.85156250
-46658.75781250
-40219.38671875
-49742.60156250
-54679.71875000
-41576.08593750
-42350.43359375
-43060.27343750
-41051.33203125
-35550.28906250
-24762.70507812
-63654.77734375
-59802.56250000
-35022.56640625
-57284.34375000
-37302.19531250
-38037.93359375
-37994.41796875
-38061.77343750
-34559.98437500
-33723.93359375
-41686.59375000
-46027.34375000
-34977.82812500
-37765.57812500
-39208.85937500
-36231.14062500
-36206.71093750
-35362.47656250
-39135.51562500
-26343.70312500
-35481.85546875
-39638.18750000
-39159.34375000
-32656.88867188
-34135.82031250
-40441.64453125
-33116.04687500
-37375.59765625
-33383.26171875
-41738.67187500
-36606.62890625
-38640.88671875
-41085.91796875
-35222.33203125
-29898.93750000
-24991.27343750
-29557.36914062
-29451.57812500
-29244.07031250
-29374.29101562
-24660.01757812
-30701.66406250
-29952.28515625
-29763.81054688
-29074.76953125
-28572.68554688
-28211.57617188
-23773.85937500
-32825.03125000
-22727.79101562
-35046.09375000
-34940.72265625
-33269.54687500
-29629.31640625
-27479.45507812
-27414.46289062
-27448.63867188
-27457.67578125
-24951.51953125
-27254.37500000
-27659.91210938
-27797.00390625
-27878.63867188
-28070.70898438
-27924.41406250
-27798.25195312
-27711.77539062
-27460.27343750
-27339.03125000
-26949.14648438
-26891.04296875
-26909.49609375
-27173.33984375
-27135.26953125
-27172.48828125
-27234.16210938
-27320.67187500
-26841.44921875
-26842.08007812
-27509.90039062
-26964.23437500
-26616.23242188
-26732.81054688
-26739.21484375
-27256.41210938
-27254.55859375
-26660.08203125
-26950.84765625
-25581.49414062
-27172.54882812
-26499.17578125
-26617.98046875
-26366.55273438
-27374.04492188
-26736.87890625
-27026.09375000
-26888.17187500
-26758.88085938
-123923.60156250
-26102.75781250
-26274.31835938
-26591.36718750
-26379.49414062
-26081.91210938
-26140.45703125
-27469.28906250
-26755.76367188
-27242.34570312
-26118.77148438
-26810.32421875
-26977.26171875
-25738.15820312
-26657.32031250
-25773.74609375
-26921.68750000
-25680.99804688
-25920.66992188
-25780.11914062
-25912.16406250
-25759.64453125
-25090.37500000
-25481.67187500
-39572.95703125
-25524.88671875
-25550.86718750
-25425.89062500
-25329.59765625
-25655.35156250
-25458.02539062
-25526.31640625
-25339.93359375
-25240.11328125
-25053.36718750
-25130.25000000
-25561.86523438
-25493.91406250
-25394.41992188
-39411.69531250
-24761.59960938
-24678.88867188
-24882.77929688
-25104.38281250
-25134.84765625
-38645.66406250
-38857.39062500
-24578.83984375
-40074.05859375
-24884.00585938
-26017.29882812
-25946.72656250
-26072.51953125
-25647.55664062
-37949.15234375
-24562.81054688
-24697.70703125
-36849.44140625
-24290.86328125
-25220.33984375
-24632.46093750
-24383.14062500
-25350.46875000
-25344.50000000
-23958.46484375
-24273.74804688
-24481.59570312
-24445.37500000
-36452.12109375
-24194.35546875
-24416.71875000
-23872.60351562
-24321.89453125
-24421.78125000
-24355.50585938
-40184.21484375
-23980.97460938
-24593.69140625
-23973.86523438
-24206.10546875
-23759.99414062
-23909.53320312
-24267.53710938
-24532.51171875
-24259.81835938
-24272.83593750
-24541.65625000
-24629.20507812
-24188.93359375
-24236.99414062
-24547.55468750
-34310.59765625
-24264.95898438
-25001.43359375
-39860.19531250
-24582.01171875
-25390.21093750
-26154.72265625
-24838.31054688
-27063.82226562
-24139.89843750
-27201.79687500
-24631.71093750
-25240.43750000
-33807.05859375
-26206.61914062
-25747.33203125
-25049.32421875
-27018.88281250
-26197.41992188
-32665.83398438
-25645.59570312
-25512.08398438
-34640.15625000
-25937.13476562
-26105.46679688
-25239.47070312
-43726.46484375
-24303.50000000
-25262.55664062
-25534.22851562
-25477.14843750
-26638.27343750
-26805.55078125
-26341.25976562
-26450.02148438
-40370.24218750
-24564.76757812
-24772.18554688
-24339.42578125
-31547.49023438
-27763.21093750
-35326.36718750
-34080.41406250
-22832.70703125
-26753.03906250
-31505.58593750
-23829.49218750
-33599.01953125
-26514.27929688
-26883.58984375
-25672.95507812
-42473.39453125
-26107.14453125
-26999.22070312
-24101.42968750
-24231.07617188
-28274.23437500
-26791.26757812
-27006.15429688
-25244.08984375
-39754.52343750
-29069.53515625
-25430.76367188
-24232.41796875
-24553.49023438
-21108.20117188
-20223.41601562
-19837.06445312
-19763.05078125
-19879.97265625
-19808.34765625
-19650.44531250
-19607.25000000
-30160.53906250
-29526.13476562
-19978.22070312
-19554.96679688
-19525.36328125
-19498.49218750
-19540.29687500
-29444.17773438
-19486.90234375
-19442.92382812
-29038.04882812
-19628.55468750
-28940.68750000
-19536.55859375
-19469.53125000
-28897.41992188
-19604.69921875
-19644.54296875
-28686.31640625
-19894.52539062
-20028.69726562
-19763.69140625
-20762.87890625
-20010.94726562
-19469.68359375
-21403.84960938
-21974.95703125
-21630.83398438
-22403.14648438
-19131.54296875
-22817.54882812
-22630.37500000
-20873.76367188
-21932.93359375
-21836.80859375
-22343.02539062
-47678.45703125
-24190.93164062
-18840.29101562
-25829.72265625
-30290.43359375
-25469.18164062
-25639.96093750
-26620.57812500
-25864.83984375
-27507.18554688
-26388.71289062
-28795.87695312
-25478.37890625
-25292.65429688
-28452.56640625
-23349.01953125
-29621.70312500
-29203.59960938
-29740.15820312
-30493.75585938
-26682.24609375
-31135.71484375
-29210.73046875
-28653.54296875
-21857.19335938
-21982.89648438
-29161.62304688
-25845.01757812
-29736.41406250
-30979.31250000
-22736.12304688
-29455.51757812
-26698.16796875
-32357.52929688
-24383.21875000
-23234.14062500
-22694.75976562
-30252.70117188
-22869.90820312
-32062.13085938
-30962.17968750
-31342.96875000
-32430.51171875
-32712.04296875
-32560.87304688
-25375.30859375
-23046.69140625
-28213.06835938
-29783.92187500
-21821.44921875
-25535.00976562
-27825.90429688
-24499.55859375
-24352.10156250
-24550.91210938
-22583.79492188
-24464.31445312
-25150.49609375
-25049.04296875
-24162.41210938
-23706.26953125
-24885.94726562
-25226.79687500
-23988.96289062
-23739.63867188
-24703.91210938
-24545.75390625
-24038.57812500
-24261.06640625
-24706.03710938
-24614.75781250
-22554.62304688
-25225.09179688
-20204.53320312
-23973.37890625
-24745.91406250
-22725.31250000
-23624.06250000
-24636.41406250
-22201.54687500
-24442.38476562
-21862.79687500
-23794.78515625
-24247.77343750
-21126.54296875
-26780.73437500
-19843.08984375
-19726.17968750
-27390.97656250
-27260.09179688
-22600.02539062
-20556.95312500
-19471.56445312
-33796.47265625
-21506.29296875
-23938.09765625
-31032.09375000
-25199.28906250
-24242.40820312
-30292.75585938
-21944.79687500
-24071.27929688
-21593.33984375
-21499.54882812
-22197.85546875
-19504.71093750
-19573.58984375
-19444.27539062
-19779.52734375
-21882.98046875
-21117.72070312
-21006.10742188
-21920.40625000
-20987.13476562
-24755.58789062
-24013.16992188
-26020.56835938
-25141.96289062
-25232.42187500
-20432.63476562
-21114.76562500
-21106.35937500
-18783.15234375
-18758.49609375
-18765.93164062
-18775.10937500
-18688.15820312
-18690.42578125
-18612.61523438
-20560.83007812
-18668.70507812
-18649.99414062
-18734.50390625
-18567.00585938
-19708.95117188
-19190.87304688
-19152.12695312
-20060.62109375
-20553.36132812
-19868.21875000
-19671.04296875
-19531.57421875
-19781.62109375
-19618.89843750
-19474.88867188
-19293.56445312
-19918.29882812
-20054.93554688
-20929.07812500
-20744.32031250
-19180.96484375
-19734.69726562
-18411.05468750
-18689.12109375
-18626.88476562
-18680.71875000
-18702.12890625
-18833.84570312
-18989.27734375
-18936.53710938
-18840.23632812
-18904.63867188
-19033.60156250
-19384.26171875
-19374.76953125
-19378.05468750
-19603.27929688
-20667.10937500
-20083.44531250
-20629.17578125
-17825.25976562
-17355.56054688
-23513.95703125
-22068.24804688
-23067.86328125
-21048.09765625
-19548.05664062
-20137.01757812
-19961.34570312
-20730.62695312
-20069.27929688
-21331.91210938
-20845.62695312
-21737.66210938
-20951.54687500
-21923.20703125
-22531.14453125
-21539.22460938
-20033.83984375
-20860.52539062
-20873.12500000
-20563.68359375
-19742.67382812
-22724.64257812
-23904.41796875
-19853.64648438
-21279.99023438
-19593.38476562
-20196.59179688
-19229.15429688
-19633.59765625
-22642.70898438
-20777.26562500
-19882.24414062
-20111.47851562
-24517.42578125
-24295.00976562
-21399.29687500
-21789.93750000
-23478.58984375
-19239.08398438
-23164.27929688
-24184.63085938
-20115.88867188
-23127.03515625
-21622.09375000
-19498.56835938
-20289.23242188
-19093.01953125
-19578.95898438
-19852.82812500
-19402.18750000
-18319.55078125
-20025.88671875
-29372.68554688
-17140.55468750
-19873.44726562
-42126.73828125
-19907.37109375
-23311.55859375
-22191.17187500
-22940.35351562
-31956.27539062
-38963.66406250
-32207.34960938
-18521.12500000
-18646.18164062
-16970.03710938
-18712.32226562
-18383.27539062
-19020.51171875
-18832.05664062
-18456.71484375
-18709.89648438
-18678.12304688
-18163.99804688
-19079.04687500
-18574.84570312
-18650.41992188
-18839.16796875
-18763.92968750
-18567.73828125
-18868.15820312
-18772.08593750
-18866.52343750
-18956.19335938
-18913.07421875
-18691.91601562
-19012.68750000
-18875.99414062
-19229.42578125
-19177.14453125
-19262.42187500
-30495.40429688
-18832.10351562
-19086.14843750
-18873.13085938
-18685.55859375
-18807.98437500
-34519.85546875
-18529.96093750
-35264.62890625
-19306.22460938
-19049.75390625
-19636.72265625
-19367.29101562
-18774.69531250
-18524.29687500
-17893.10742188
-18307.37109375
-18683.97851562
-18433.64843750
-17656.98046875
-17712.14453125
-19214.60156250
-19664.81835938
-18964.89257812
-19153.26953125
-18904.61132812
-29042.86132812
-19104.07617188
-19716.64648438
-19673.72070312
-18476.36718750
-18170.32617188
-18923.53125000
-19735.10937500
-18995.47656250
-19405.19921875
-17694.23828125
-17227.81250000
-17403.85351562
-18839.98437500
-18093.67187500
-17177.70703125
-17177.03710938
-17286.22070312
-18961.99609375
-17041.46679688
-17237.14648438
-17139.59960938
-17057.61523438
-18887.48046875
-32357.96093750
-17102.76367188
-18905.57812500
-18948.19921875
-18122.16406250
-17015.59960938
-18373.22265625
-16880.00000000
-28729.88867188
-16855.44531250
-16751.76953125
-18086.09179688
-16851.50781250
-18069.78320312
-16722.82617188
-16798.33789062
-17476.61328125
-28116.06640625
-18546.22265625
-17698.99414062
-17003.27539062
-17630.66992188
-18001.71289062
-27480.41210938
-16769.01757812
-18250.16992188
-18009.70703125
-27319.02539062
-18476.74609375
-17619.77929688
-18342.80859375
-26737.17578125
-18111.30664062
-18358.38867188
-17617.80859375
-18187.29492188
-17600.18359375
-17232.40039062
-17142.05468750
-17614.09375000
-16640.57812500
-16620.20703125
-16651.12304688
-15849.55078125
-14400.41796875
-13080.04492188
-30437.78906250
-16185.30468750
-15883.10937500
-12654.88574219
-15712.73144531
-39353.91796875
-13695.87988281
-39592.52343750
-25093.66406250
-12478.63964844
-14756.55566406
-14777.91406250
-14815.23144531
-14639.89257812
-12485.31542969
-15392.59960938
-14680.37792969
-15315.21484375
-13318.99316406
-15287.44238281
-15701.83203125
-23842.65429688
-14874.72460938
-14442.11816406
-12185.42773438
-15417.54882812
-15131.44921875
-13120.81250000
-15278.87207031
-23373.47460938
-15155.72558594
-15012.17285156
-15058.87500000
-12268.74609375
-14053.21972656
-14496.60449219
-15255.30664062
-15515.30078125
-12090.49804688
-14942.04101562
-13450.85644531
-13252.64160156
-12318.08105469
-15224.08300781
-14878.38476562
-14687.26660156
-14571.97949219
-14884.87792969
-12450.50683594
-12311.92089844
-13318.86523438
-14869.07910156
-14891.03906250
-15193.31933594
-12348.64257812
-14535.12011719
-12799.50878906
-14874.61230469
-13274.28710938
-13885.64843750
-13147.99511719
-13498.10937500
-11865.45507812
-141106.54687500
-12677.87597656
-12741.65527344
-11964.91796875
-13368.52636719
-14716.88085938
-15085.41503906
-12310.72949219
-11442.28710938
-11334.76464844
-11462.39746094
-11535.28027344
-11596.20214844
-11848.15917969
-11960.83203125
-12099.16699219
-12170.38281250
-12242.39062500
-146437.26562500
-12161.77050781
-94074.34375000
-12379.25683594
-11966.91503906
-11301.17187500
-12034.34082031
-180331.90625000
-107603.76562500
-79902.88281250
-106526.21093750
-13342.70214844
-13931.82812500
-32330.80664062
-20660.35937500
-19734.18750000
-27647.15820312
-191339.51562500
-13909.02343750
-28243.27734375
-11089.39453125
-196768.54687500
-14359.10058594
-15671.59179688
-27467.95703125
-37574.91796875
-10993.22656250
-92664.70312500
-11586.63183594
-25639.57617188
-16042.59277344
-14395.13769531
-10656.53710938
-11085.55664062
-11153.85546875
-10718.36132812
-11302.06445312
-11315.30664062
-12218.99902344
-12925.17187500
-26682.99414062
-26262.96093750
-14919.15722656
-13086.43066406
-14821.21386719
-25744.14648438
-7044.46240234
-15157.20605469
-8236.19531250
-21734.67382812
-185004.89062500
-20682.66210938
-7294.57275391
-1818.43920898
-21047.72851562
-3186.24218750
-24125.14843750
-55409.41015625
-12564.30761719
-23467.42382812
-10273.42382812
-14261.03320312
-23384.11718750
-158350.84375000
-26632.50195312
-13361.51757812
-14624.24707031
-16146.44531250
-153306.81250000
-14174.88671875
-24905.41601562
-14748.49218750
-8552.86914062
-18055.72656250
-22983.58007812
-1937.32409668
-18085.58593750
-14549.38964844
-89471.40625000
-1111.80798340
-16717.46875000
-29344.76562500
-9671.97460938
-36970.98437500
-30690.51953125
-33385.78515625
-15869.95703125
-17063.34765625
-17901.07617188
-53590.42578125
-75443.47656250
-52965.77734375
-24978.01367188
-24637.64648438
-34944.33203125
-25833.72070312
-17720.23242188
-21305.01562500
-24887.06054688
-22644.70312500
-28232.35546875
-22270.54101562
-28542.66406250
-27034.50195312
-28782.20898438
-26765.33398438
-43389.28515625
-29854.90429688
-28998.46093750
-32614.76562500
-29321.05273438
-48067.51562500
-27572.64843750
-29053.15039062
-30891.57812500
-30657.70703125
-41803.97656250
-26554.10937500
-44769.39843750
-12896.86914062
-29574.53125000
-56508.52343750
-37523.55078125
-29442.40234375
-22452.69140625
-36354.25390625
-21354.93359375
-25271.59375000
-30337.64843750
-23282.05859375
-13626.19726562
-34637.17968750
-23876.09960938
-29987.23437500
-17846.27929688
-33645.41015625
-32340.17773438
-61598.09375000
-39757.17578125
-24436.01367188
-39588.33984375
-29334.16992188
-52873.54687500
-28783.03125000
-58278.78906250
-28310.87304688
-24963.81640625
-30489.51367188
-25661.25195312
-33010.39062500
-30629.14453125
-30769.24218750
-25261.05468750
-54316.67187500
-23326.40429688
-44368.64843750
-18237.71875000
-35423.44531250
-27986.43164062
-71992.75000000
-47325.99218750
-24361.63085938
-33758.39453125
-40053.17187500
-28076.87890625
-27515.71093750
-29293.56835938
-27967.74414062
-28694.07421875
-27849.61132812
-29629.71093750
-27600.41601562
-28251.70507812
-27495.68359375
-28179.59375000
-27829.79492188
-27327.87695312
-28347.34179688
-28718.33984375
-29718.92382812
-29424.04296875
-28731.40625000
-27094.58984375
-26825.83593750
-28960.94140625
-29825.19140625
-29795.12500000
-29912.85742188
-27750.38476562
-29891.13085938
-60422.04687500
-29619.57617188
-29921.70703125
-28476.60351562
-69823.87500000
-29986.28125000
-30059.27148438
-30365.86914062
-29065.61523438
-30418.00781250
-30580.45312500
-28458.72070312
-46831.91796875
-26773.99023438
-29297.95898438
-32178.88085938
-30498.81640625
-29867.39843750
-30580.35742188
-30351.46679688
-30301.51757812
-29837.66992188
-30321.14257812
-29027.74023438
-29765.70117188
-43163.66796875
-60962.71484375
-33054.10546875
-29364.20507812
-38310.25390625
-29679.10351562
-28759.84179688
-28796.50585938
-57515.00390625
-29659.71093750
-44694.50781250
-50631.76171875
-39609.92578125
-46627.02343750
-34977.72656250
-41547.30078125
-27982.20898438
-29628.54296875
-28384.03320312
-29524.15820312
-34491.89453125
-66570.75000000
-27737.88281250
-28489.52539062
-27359.14453125
-27845.45898438
-31533.98632812
-28845.02539062
-27177.92187500
-33241.03906250
-33179.04687500
-35637.37500000
-28459.41406250
-29451.07421875
-32494.50976562
-29112.64843750
-28969.83593750
-39047.38281250
-49634.59375000
-28841.26171875
-39574.21093750
-27783.31054688
-28657.66992188
-26721.53320312
-27063.55468750
-31532.16210938
-41025.12890625
-34551.14453125
-29119.10742188
-26782.51367188
-24080.12695312
-26819.64062500
-26465.21484375
-27088.48437500
-26592.09375000
-26274.03710938
-27509.62304688
-41817.25390625
-45426.00000000
-35095.82812500
-39561.83984375
-26117.27343750
-22229.81640625
-26173.21484375
-30737.30078125
-38718.82812500
-26279.10156250
-26162.93554688
-50810.73437500
-31102.87695312
-21975.52539062
-26293.16992188
-36397.08984375
-26164.92968750
-38630.40625000
-31117.18554688
-31087.30273438
-29754.21484375
-29906.01367188
-37586.60156250
-40640.51171875
-31620.76757812
-29042.97851562
-24583.77929688
-52283.98828125
-31207.45703125
-26146.75195312
-37631.57031250
-28387.06835938
-33283.45312500
-29463.51562500
-37427.39062500
-27347.96875000
-29919.30859375
-29003.56054688
-30972.52539062
-26806.40429688
-35381.76171875
-27252.69335938
-25991.14257812
-31956.46093750
-28796.15429688
-34332.49609375
-48646.80078125
-40359.24218750
-41653.21093750
-42271.42187500
-32213.73242188
-35777.71875000
-28733.70117188
-27555.96093750
-30938.06835938
-27666.49609375
-35815.73437500
-26205.23242188
-55354.35937500
-30509.16406250
-26082.11132812
-50414.82031250
-27548.13476562
-24279.00195312
-35799.87500000
-25602.64648438
-53835.13671875
-59603.57031250
-37067.31250000
-26680.39257812
-49931.28125000
-26378.50976562
-27265.63476562
-29212.60546875
-29253.64062500
-38954.01562500
-24701.49609375
-41837.03125000
-51221.08593750
-26349.49609375
-26830.14648438
-25559.62109375
-29914.39843750
-29479.84179688
-26617.75195312
-38437.46875000
-28998.55664062
-32046.37695312
-25576.92187500
-31377.02343750
-26533.20117188
-23949.42968750
-25541.87695312
-45450.85546875
-33809.86718750
-44104.98046875
-29556.19335938
-32907.82421875
-26589.75585938
-22771.29101562
-34426.16406250
-27957.27539062
-41985.74218750
-31764.59765625
-38915.17187500
-30290.74218750
-28912.00000000
-27610.32031250
-38589.35937500
-32976.38281250
-23619.92382812
-36276.14843750
-32985.17968750
-31498.07421875
-35600.06640625
-40538.43359375
-30115.86328125
-30993.81250000
-28921.17968750
-31132.92773438
-26184.74609375
-31844.99804688
-35410.52343750
-29196.59179688
-29029.32812500
-30709.68554688
-31344.67382812
-29650.96289062
-28943.92578125
-27186.64843750
-28752.96289062
-29817.94921875
-30971.48828125
-38405.91015625
-26155.62890625
-25350.54492188
-28196.58203125
-41637.69140625
-27443.17968750
-42415.02343750
-37035.70312500
-35720.55468750
-27425.24218750
-29388.17187500
-28680.35156250
-31058.40820312
-31106.86328125
-24402.48046875
-24867.41406250
-24265.55664062
-41902.96093750
-31253.34765625
-27675.99218750
-40964.01562500
-42981.94921875
-36315.80859375
-27277.40429688
-33115.26562500
-43639.85937500
-39309.26562500
-22832.00781250
-41188.23437500
-39571.83984375
-27288.05859375
-24013.70312500
-24645.03125000
-23275.41796875
-30707.41210938
-39934.35937500
-26422.97070312
-25132.40820312
-26118.64062500
-26089.33203125
-26571.96679688
-28175.61328125
-26283.48632812
-26072.80664062
-25893.44726562
-24721.71484375
-21818.33593750
-37552.83593750
-25415.74414062
-24444.84375000
-24130.61718750
-18649.14648438
-20001.64062500
-27089.25976562
-24898.11523438
-33378.55078125
-24951.03125000
-19590.33789062
-26254.18750000
-24862.26367188
-25731.23242188
-24257.14257812
-25950.77148438
-24550.75390625
-23106.78515625
-26121.08398438
-23806.77539062
-25231.11132812
-21107.24023438
-24870.59960938
-26450.42968750
-25042.80664062
-25316.36132812
-22608.93945312
-22768.59765625
-26476.96289062
-28124.97460938
-26999.70898438
-24989.42382812
-29796.67382812
-35990.05859375
-25186.92968750
-25276.19140625
-24116.29882812
-31456.97460938
-20057.57617188
-30996.11718750
-25985.00390625
-32782.04296875
-35335.16015625
-27611.10937500
-25612.80273438
-25799.38671875
-25295.37500000
-23456.27734375
-20005.80078125
-27449.09179688
-22101.03320312
-45550.48828125
-25393.40039062
-21807.79882812
-20016.81835938
-30945.47851562
-22286.94726562
-34888.95312500
-20610.10156250
-34812.83593750
-34904.07421875
-26474.52148438
-30653.35742188
-35321.57421875
-24494.11328125
-24932.34375000
-27155.16796875
-27130.53320312
-23131.54101562
-32178.35742188
-26328.13476562
-27548.55859375
-20741.98046875
-29051.19921875
-22116.96679688
-33732.92968750
-24635.91015625
-27590.28125000
-26150.74218750
-21204.59570312
-21451.98046875
-22513.33398438
-21380.35546875
-20932.80859375
-23741.73242188
-32840.73828125
-21802.93750000
-26630.83789062
-31735.68164062
-27464.27539062
-25515.05273438
-24430.14062500
-23004.40625000
-18374.60351562
-27102.61718750
-24894.58789062
-27319.80273438
-26229.55859375
-26172.67578125
-19351.06445312
-26611.47070312
-23297.76367188
-23890.44726562
-34299.56640625
-24256.44921875
-18538.16015625
-26571.63281250
-18615.83593750
-22226.96093750
-18688.13671875
-22788.02539062
-25068.83789062
-23536.07617188
-26647.25195312
-23232.51367188
-23615.06054688
-44529.89843750
-21030.97656250
-20373.45703125
-24618.38085938
-18763.53906250
-18382.53125000
-20439.09375000
-18253.53906250
-24534.21484375
-20780.33203125
-35271.07031250
-24026.91406250
-26871.53320312
-18072.00195312
-24965.55468750
-25057.40429688
-17782.47656250
-24543.37695312
-20307.52343750
-23945.88671875
-26138.79296875
-27359.60156250
-17914.82031250
-27371.30664062
-22381.41992188
-25560.43359375
-26271.42968750
-20832.11523438
-27109.62500000
-20490.39062500
-25960.62695312
-23564.28125000
-17137.47656250
-21849.48632812
-16992.84960938
-22369.44140625
-23149.35351562
-19279.48437500
-23961.70898438
-23503.82226562
-21871.02929688
