-6.53798294
-11.42447186
-8.59159565
-7.19822311
-6.93632746
-7.19377995
-17.03703690
-4.98113585
-14.86925125
-13.21747875
-18.79267502
-24.65105057
-16.83975792
-26.75803375
-7.15798569
-22.20010567
-18.96577835
-27.73854446
-6.40945959
-22.06514168
-27.10416031
-12.04374790
-25.22428131
-29.94018173
-27.96778297
-34.34148026
-32.79231644
-40.07260513
-49.08165741
-42.94081879
-21.63039207
-70.13053894
-38.11592102
-45.53701019
-27.94747734
-17.28899574
-60.12134552
-49.53098679
-46.33869171
-74.65693665
-86.43880463
-34.50456619
-37.45025253
-44.69398499
-66.03886414
-41.30221939
-80.95378876
-62.23692322
-83.91786194
-43.83705521
-37.92817688
-46.38466644
-67.52439117
-141.96064758
-55.84889984
-40.06708908
-38.11830521
-74.18985748
-76.46159363
-96.54346466
-102.18928528
-79.53260803
-146.91273499
-70.12406158
-131.30807495
-56.24153519
-129.65216064
-100.02460480
-103.91255951
-89.56873322
-77.55867004
-63.07514191
-146.35974121
-143.48826599
-86.00699615
-70.62171173
-102.93590546
-123.53738403
-73.04652405
-94.17504120
-71.65334320
-86.27482605
-73.31302643
-106.08808899
-71.61750793
-57.73988724
-69.85427094
-76.65290833
-71.45871735
-53.74346924
-100.93724823
-68.95228577
-52.27101517
-121.92448425
-111.81853485
-118.77748871
-60.84498596
-129.21543884
-118.36203003
-81.34820557
-140.73078918
-42.13350677
-130.52476501
-94.64550781
-136.10643005
-80.23421478
-94.67111206
-138.26672363
-81.35639191
-85.92343903
-84.51213837
-156.43202209
-139.31399536
-144.31553650
-141.41264343
-80.24604797
-161.29589844
-206.91993713
-110.84440613
-166.68562317
-80.44122314
-168.23205566
-127.31740570
-159.02943420
-158.11967468
-107.06587982
-98.37806702
-163.22343445
-199.08232117
-117.64101410
-133.82344055
-115.97203064
-145.56718445
-121.46906281
-137.48464966
-129.43072510
-166.71743774
-168.10739136
-196.88017273
-173.73419189
-141.39857483
-120.63152313
-122.05604553
-138.06613159
-152.56295776
-98.54240417
-154.74328613
-96.38392639
-158.84396362
-155.42990112
-148.65815735
-138.35871887
-111.82874298
-160.00559998
-158.23765564
-139.80259705
-136.98413086
-85.51927948
-140.48217773
-92.11573029
-162.50622559
-113.54447174
-78.63054657
-108.80004883
-170.58981323
-85.71417236
-74.96671295
-161.76969910
-151.82888794
-86.24252319
-177.34605408
-123.03262329
-86.25145721
-84.28112030
-95.68006897
-144.23565674
-113.99575043
-115.09877777
-156.13450623
-173.83326721
-90.54965210
-168.59138489
-147.97224426
-178.39750671
-179.26879883
-156.93435669
-163.40882874
-115.89118195
-146.87205505
-173.26976013
-200.01837158
-178.55488586
-185.93754578
-182.18568420
-182.06954956
-168.88522339
-167.46984863
-190.37364197
-108.65670013
-197.82031250
-140.07183838
-147.18403625
-179.27459717
-148.18452454
-112.60871124
-191.76957703
-111.17048645
-115.47210693
-118.99491882
-207.17054749
-113.24409485
-194.04750061
-171.81385803
-208.28707886
-117.12773895
-187.35565186
-117.25074005
-124.30636597
-204.83027649
-197.02412415
-149.08264160
-124.15131378
-114.31639862
-117.76612091
-107.89420319
-139.55526733
-149.75276184
-139.71829224
-187.36682129
-109.52655029
-162.43170166
-115.07815552
-111.34853363
-111.79296112
-115.34445190
-157.81285095
-115.84982300
-187.75599670
-112.14059448
-196.43774414
-188.89697266
-147.26483154
-134.66464233
-146.42796326
-137.74656677
-115.02757263
-193.86851501
-141.40588379
-113.03223419
-113.76585388
-114.26025391
-197.10746765
-113.06161499
-114.56500244
-114.08428955
-115.74931335
-115.83320618
-113.92852783
-162.01757812
-200.43222046
-204.74812317
-127.77853394
-208.72673035
-130.14469910
-116.13610840
-114.03219604
-115.75098419
-112.73326874
-213.72836304
-113.47243500
-172.90838623
-113.30989075
-116.47535706
-239.15670776
-111.42469788
-110.82060242
-112.52775574
-111.90147400
-110.66715240
-111.38294220
-112.57602692
-114.27504730
-228.91723633
-257.57235718
-236.27992249
-213.58172607
-149.91293335
-171.85913086
-110.43190002
-118.53701782
-177.93263245
-137.88647461
-117.54772949
-148.87394714
-113.55548096
-119.99612427
-221.19071960
-220.47465515
-176.25634766
-158.78707886
-110.62938690
-216.89205933
-123.78801727
-110.48945618
-110.27298737
-117.24552917
-119.83451080
-113.81012726
-111.52800751
-111.29082489
-112.61460876
-114.58959961
-109.46734619
-110.71410370
-109.23835754
-130.09861755
-111.36518860
-108.59627533
-220.65739441
-224.43154907
-108.87362671
-108.98193359
-225.71998596
-110.25609589
-151.07464600
-149.85258484
-224.15881348
-217.20883179
-110.02597809
-108.38055420
-110.23542023
-107.46337128
-109.27766418
-106.69869995
-108.26027679
-106.73463440
-108.28174591
-105.67523193
-109.91827393
-177.10952759
-107.43684387
-108.34206390
-110.51927185
-108.90447235
-107.68326569
-105.69169617
-109.06629181
-115.36212921
-203.96214294
-122.49248505
-221.66499329
-232.36703491
-106.82636261
-230.40377808
-185.05369568
-213.05407715
-154.65600586
-102.38305664
-105.18923950
-263.99282837
-178.25878906
-108.25395966
-103.85391998
-126.30039978
-101.91138458
-115.59284973
-171.59255981
-101.89479065
-236.95413208
-188.42213440
-238.28691101
-154.18627930
-112.59404755
-102.41205597
-102.32163239
-101.50070190
-108.76345062
-261.79385376
-260.47958374
-105.84539032
-100.30687714
-101.41880035
-99.55801392
-234.38485718
-151.25781250
-98.83634186
-150.67198181
-99.47080231
-225.66441345
-158.57162476
-98.53984833
-97.34046936
-98.25003815
-99.14805603
-104.00630188
-108.45442963
-107.04145813
-263.74569702
-96.83332062
-104.90048981
-104.18685913
-98.52953339
-97.44680786
-102.30187225
-103.29394531
-117.16360474
-96.50362396
-103.48305511
-96.19350433
-96.00395966
-104.41085815
-93.74188995
-100.81240082
-99.37052155
-99.12424469
-402.17105103
-95.50884247
-262.62469482
-238.35549927
-242.17575073
-217.61000061
-124.99039459
-95.95471954
-172.92933655
-113.51733398
-103.08321381
-105.22789764
-206.00288391
-228.98010254
-107.35912323
-98.23258972
-95.01661682
-93.55908966
-226.48193359
-232.18927002
-91.59264374
-93.27416992
-95.69001770
-92.96528625
-91.18752289
-107.36649323
-268.30255127
-98.76010132
-91.91503906
-96.22714996
-96.54148865
-92.14054871
-91.29567719
-91.18882751
-91.89741516
-108.18157196
-92.29118347
-93.94596863
-91.77158356
-91.05020905
-97.56561279
-99.34004974
-121.45847321
-107.87416840
-109.59727478
-96.59254456
-90.70329285
-90.52623749
-86.99628448
-92.05480194
-105.81959534
-93.96672058
-94.25012970
-96.86402893
-88.91525269
-90.87666321
-100.15147400
-157.26293945
-235.44606018
-91.01618958
-92.11402130
-108.34896088
-92.83624268
-88.29250336
-88.95319366
-109.20916748
-124.17430878
-181.76501465
-91.44399261
-87.58705139
-95.11076355
-107.78115082
-181.78907776
-89.97821045
-97.72850037
-85.24558258
-86.76006317
-86.48519897
-222.65882874
-118.86036682
-123.14085388
-128.75975037
-102.96147156
-86.38949585
-101.58185577
-233.71400452
-102.72548676
-235.82847595
-259.65234375
-91.98903656
-97.70692444
-182.76548767
-107.48773956
-82.31262207
-82.50839996
-92.08729553
-83.16136169
-84.38922119
-92.53766632
-88.71003723
-96.72001648
-88.73886108
-240.85610962
-222.43492126
-94.83922577
-241.36041260
-130.21214294
-80.23532867
-80.73437500
-80.80490112
-122.38271332
-91.66936493
-86.73188019
-85.73780823
-80.26065063
-80.75089264
-79.82153320
-91.29770660
-150.20075989
-95.75586700
-99.27409363
-115.02655792
-118.75264740
-169.93008423
-239.99534607
-311.41787720
-197.20921326
-83.69212341
-78.27192688
-79.93990326
-87.89305878
-78.03070068
-79.20185089
-77.62722778
-108.85667419
-114.64341736
-183.96772766
-83.83464813
-88.45425415
-170.34840393
-183.58647156
-87.73778534
-77.00019073
-196.85658264
-177.96002197
-219.44209290
-93.23445129
-203.71778870
-197.43019104
-91.29597473
-224.14282227
-84.70600891
-86.58911133
-89.51795197
-88.57373810
-87.56306458
-89.22525024
-95.69026184
-103.83418274
-97.14410400
-79.29181671
-74.80965424
-85.56791687
-74.01754761
-72.71736145
-82.10668182
-89.36905670
-92.73734283
-96.48796844
-82.73470306
-77.91062164
-73.46814728
-73.55228424
-76.34125519
-75.00148773
-73.43350983
-101.62521362
-110.55001068
-129.26260376
-95.03098297
-93.91354370
-74.07692719
-74.36389923
-71.04557037
-71.81700134
-77.09738159
-71.40137482
-69.84194946
-72.13336945
-70.56006622
-67.67330933
-72.35196686
-79.15566254
-76.62889862
-68.05965424
-78.39212799
-69.21093750
-101.98060608
-97.15961456
-75.86943054
-77.89330292
-75.47013092
-76.82675171
-67.57895660
-65.46315765
-89.15911865
-67.44364929
-68.88077545
-81.83238220
-90.21275330
-79.88162994
-73.58552551
-77.10796356
-71.13013458
-85.89781189
-74.75618744
-75.41037750
-73.51956177
-72.63294220
-73.02307892
-94.95706177
-72.28551483
-79.67691803
-69.75885010
-76.56697845
-81.54340363
-77.77661133
-77.26668549
-71.88272858
-68.12932587
-64.37641144
-63.03931046
-71.68206787
-68.81170654
-62.52122116
-62.08958054
-74.87216949
-89.75999451
-82.91661835
-76.78420258
-63.02424622
-66.04555511
-71.76312256
-75.09925842
-60.47032928
-65.69766235
-67.74527740
-65.28054047
-59.63311768
-63.44254684
-64.45381927
-59.52865219
-59.45564651
-67.62425232
-59.85396576
-59.19083023
-59.83665466
-70.11723328
-67.11166382
-62.79280090
-57.67485428
-57.97591019
-65.78098297
-66.76444244
-65.39604950
-73.90768433
-73.09249878
-56.35606003
-63.36194229
-63.78439331
-63.39253998
-63.99229050
-66.14031219
-58.25182724
-65.54483795
-62.65181732
-65.38538361
-70.53636932
-59.60137177
-72.11753082
-181.79718018
-56.28208542
-59.79882050
-55.32091522
-77.97572327
-69.00492096
-67.28287506
-56.42311096
-55.91335678
-54.23244095
-58.40081787
-68.42690277
-69.58332062
-73.70308685
-58.00951004
-58.54838943
-54.03612518
-53.39654541
-57.15012741
-63.36204147
-63.62757492
-60.70806122
-62.14073563
-71.08699799
-52.88892746
-64.50570679
-64.42842102
-53.77823257
-61.94991302
-59.35882568
-57.56698608
-53.29826355
-59.97334290
-51.79592133
-73.60838318
-85.10611725
-80.90211487
-64.47558594
-60.82943726
-52.49495316
-54.26247025
-55.98837662
-68.06301880
-50.94430542
-56.07046890
-53.06386566
-60.11217499
-72.39633942
-53.15953064
-52.22767258
-58.90635300
-51.23349380
-57.46183395
-50.71187973
-59.79902649
-61.40252304
-56.15926743
-54.88195801
-54.57055283
-55.60907745
-50.63174438
-61.22132874
-51.36802292
-53.56007767
-61.14445114
-49.81123734
-49.69456100
-55.62327957
-56.96454239
-70.95339966
-62.24932480
-63.98653793
-53.34433365
-50.09862137
-50.89263916
-54.11172485
-57.71485519
-63.75742340
-61.64530182
-54.03524399
-61.90069199
-51.19692612
-52.44104385
-49.93365860
-57.22205353
-65.19258881
-68.15676880
-70.16221619
-62.22214127
-54.78373337
-50.27460098
-53.90365601
-54.58342743
-48.17570877
-55.78455734
-54.91479492
-61.56575394
-62.89157486
-50.36363983
-54.36708069
-48.33758926
-53.76374817
-53.98643875
-63.80480194
-48.97885895
-59.11389542
-61.31026459
-66.43007660
-61.82932663
-61.97045135
-63.01451111
-59.18788910
-53.94058609
-62.09165955
-69.78293610
-67.60669708
-60.55087662
-59.16152573
-51.66493607
-69.21617126
-74.84458160
-65.67986298
-45.78588486
-49.05284119
-185.84495544
-57.11830902
-48.40177917
-54.16645813
-75.81522369
-60.29426193
-59.03517532
-74.30183411
-77.96191406
-58.91851425
-51.48887253
-42.39279938
-55.15755844
-42.78126526
-44.99656677
-43.14175415
-68.84020233
-57.75575638
-65.43487549
-54.32621765
-63.48251343
-49.21302795
-65.45227814
-67.28549194
-50.89531326
-73.23485565
-56.10279846
-61.46110153
-50.62731934
-74.76313782
-69.39748383
-71.79982758
-74.88668823
-71.35353851
-63.02378845
-61.98163223
-76.21625519
-53.76861954
-41.25903320
-41.94993591
-51.38465500
-41.65559387
-41.30258942
-40.43446732
-46.28715897
-62.67758179
-43.47812271
-42.32300568
-42.70578384
-44.30456543
-46.29182434
-41.21026993
-40.13261795
-42.15281677
-62.68607330
-61.34909821
-57.05715561
-41.66553116
-40.52739334
-43.35881424
-57.81144333
-64.26182556
-45.41528702
-40.28028488
-40.44072723
-46.81253052
-44.58557892
-53.53528976
-42.67022705
-39.83467484
-49.71140671
-38.89554596
-49.30979538
-44.08407974
-55.70479965
-47.11911774
-39.79589462
-47.41821289
-72.30440521
-38.93060303
-38.23736191
-51.63955688
-38.16569138
-41.57176208
-49.03106308
-37.85491943
-45.92754745
-37.23598099
-53.20032501
-48.73774338
-55.29357147
-44.11746979
-55.71127319
-45.08196259
-38.26078796
-46.27168274
-40.76795197
-48.32404327
-38.36302567
-47.04895401
-43.98659897
-48.93593216
-51.72680283
-57.78813171
-50.16370773
-55.60124588
-54.36445999
-50.65941238
-34.18372345
-34.66392517
-34.76291275
-35.59533691
-37.68603134
-37.99464798
-44.37564850
-47.73807526
-45.66405487
-54.36675644
-49.91026688
-62.19597244
-59.10295486
-60.30201340
-35.41108322
-36.13748932
-47.51245880
-47.84025574
-40.61043167
-39.81843185
-47.60405350
-39.43107224
-52.16490555
-40.80094147
-38.22628021
-32.87362671
-46.74958801
-46.56636429
-54.00732040
-63.33378220
-80.54163361
-197.96015930
-197.11016846
-89.32117462
-61.30244827
-49.12721252
-50.06626892
-66.25784302
-48.21277618
-39.74044037
-33.67489243
-33.42222977
-33.06541061
-32.58598328
-43.28569412
-30.17822456
-31.62261581
-30.40011787
-29.40537262
-30.42244911
-30.40299034
-31.03507233
-30.78783417
-62.11872482
-46.18758011
-31.62401009
-40.76391983
-30.06632996
-30.17804909
-31.33060455
-34.00627136
-177.63973999
-30.43889618
-29.39710045
-30.44878197
-30.00000191
-29.56932259
-34.04229736
-29.03198814
-29.63047981
-28.77817154
-35.55625916
-29.67372704
-39.35278702
-45.51943588
-41.94775772
-32.58491516
-31.23847198
-32.82435608
-30.49106789
-33.50769806
-188.15441895
-154.96427917
-38.12187958
-33.17879486
-28.89594269
-28.14644432
-31.92381477
-30.13728714
-33.24597549
-44.69546890
-109.14912415
-39.86910629
-29.54016876
-30.00593567
-30.75355721
-31.94019508
-26.64534950
-28.36869431
-35.12346649
-28.84650040
-33.16652298
-31.97099113
-34.42060852
-35.29690933
-26.15714455
-26.76558685
-29.41852951
-27.04942322
-37.94384766
-25.92681503
-30.74169159
-41.90911865
-25.57446098
-36.92576218
-41.85944366
-46.57162857
-185.33242798
-46.17710114
-32.68037796
-33.45145416
-29.71760750
-31.05603218
-25.91736794
-26.14415359
-26.58471107
-25.10101700
-32.13597488
-27.05622864
-31.60535049
-25.09155846
-29.85453415
-33.21823120
-31.52136803
-29.17325592
-37.60631561
-35.46316910
-35.70029068
-32.18222046
-30.75979042
-38.77788544
-35.75684357
-34.26594543
-30.16435242
-31.04015923
-32.54722977
-25.25425529
-39.15137100
-34.03811646
-24.74090576
-25.24860764
-27.43134880
-28.65713882
-27.91388893
-27.87774277
-25.37960625
-30.30044365
-34.27873993
-24.67260551
-38.02946472
-32.43124771
-28.70300674
-31.64920425
-26.86733055
-26.19378662
-38.55768967
-25.03133202
-27.34452057
-35.51316071
-27.32712364
-25.98665047
-27.41940498
-24.41889381
-27.79590797
-34.48454666
-33.51251984
-31.30943871
-24.14102364
-24.14066887
-29.50382423
-30.62756920
-29.78576660
-27.83063507
-31.70166016
-32.45285797
-28.48376465
-29.18840790
-26.78244591
-27.92108917
-30.96829414
-35.40816879
-25.91096687
-24.35401344
-26.54460716
-26.93748474
-24.21570587
-30.97131920
-47.62846375
-37.30221558
-24.24187660
-24.78185463
-25.03042793
-25.77214432
-29.67267609
-31.18525505
-28.50054359
-28.45863914
-28.35064507
-26.97579956
-24.55832100
-24.96455765
-34.61900711
-36.78112793
-37.77828598
-39.87366486
-28.41467094
-33.74311829
-35.84968185
-28.45322800
-29.93862343
-33.34247208
-30.98839760
-42.91041946
-46.32579041
-41.93547440
-26.63466263
-38.26741409
-36.19098663
-28.77327919
-46.21087646
-42.31480408
-32.76972580
-34.98285675
-26.29918480
-35.18704987
-27.17902946
-34.20439911
-27.70967865
-30.03061676
-39.01226807
-30.80435944
-35.81453323
-26.69625282
-38.01093292
-33.62757111
-35.74832916
-26.72513199
-32.45635605
-30.09074402
-36.33941650
-33.64949799
-40.30425644
-51.05455399
-41.15552139
-34.67069626
-32.69821167
-28.07497787
-31.06744766
-30.69491768
-35.78627396
-46.36191559
-32.41139984
-33.47915268
-33.82205582
-33.75453949
-37.13277054
-29.41192436
-54.61222458
-52.12316132
-28.41955185
-56.14692307
-52.76910782
-29.54417038
-52.23347473
-56.23737717
-65.90441132
-142.16247559
-73.33045197
-38.13465881
-60.27852631
-49.99783325
-29.47412872
-32.08998871
-29.78597450
-29.28033447
-33.34074402
-31.37483406
-31.43408966
-31.65366173
-50.22005463
-47.04270172
-50.00225449
-36.93180084
-34.28445816
-39.09771729
-40.80163574
-34.37704086
-52.23532867
-34.22148132
-31.09508324
-36.45861435
-29.02415657
-29.29703712
-33.46321869
-52.78562927
-42.82812500
-56.26483917
-49.60477829
-53.27319336
-30.18224716
-34.55124283
-48.02957153
-55.06901932
-31.13221550
-64.96141815
-69.72966766
-38.14967728
-50.50161362
-33.71570969
-58.40801239
-53.25941849
-49.58165359
-64.64923859
-69.54708862
-63.75549698
-34.21091080
-47.62572479
-34.67936707
-44.08478165
-52.73159790
-39.32657242
-63.71319199
-69.05052185
-61.15364456
-89.37277222
-75.44566345
-72.74440002
-57.40627289
-50.42804718
-38.60191345
-37.08473587
-47.15470505
-43.19487381
-56.20761490
-43.46193314
-61.63839340
-77.05621338
-42.55800629
-43.26062393
-45.37933350
-68.07061768
-36.60540390
-49.41741943
-44.25497055
-38.72829819
-71.69660187
-53.90222168
-70.04297638
-46.74107742
-62.90897751
-57.43899155
-41.60626221
-53.82510376
-40.54139328
-58.97546005
-55.67826843
-67.63793945
-47.36615372
-42.07161713
-63.33725357
-45.56483459
-40.88375854
-60.04705048
-62.17746735
-40.08047485
-46.96381378
-46.46255875
-72.13248444
-70.34242249
-67.10536194
-93.40174103
-119.30595398
-157.72071838
-158.31581116
-75.19523621
-49.99549103
-72.49585724
-79.72581482
-53.04995346
-70.44143677
-66.17916107
-105.48641205
-73.17668915
-58.93331146
-96.64589691
-103.84735870
-61.67057037
-71.85880280
-66.49232483
-71.39151001
-51.14330673
-61.39289093
-69.91032410
-138.36538696
-53.77948380
-57.44246674
-54.61012268
-74.96658325
-80.39460754
-73.26490021
-94.30485535
-106.31308746
-81.26115417
-75.47145081
-100.53420258
-60.61972046
-99.57922363
-54.19546890
-98.65805817
-72.00086975
-52.47431946
-65.67787933
-55.60771179
-76.30139923
-65.55862427
-54.73452377
-83.93315125
-101.42895508
-94.44708252
-90.92932129
-104.81781006
-77.99669647
-64.64937592
-124.04428864
-90.74877930
-121.21839142
-199.08074951
-75.54575348
-109.71759796
-115.95066071
-104.08156586
-139.47392273
-146.97052002
-232.50627136
-128.75151062
-100.44795990
-94.50218964
-64.27390289
-80.43084717
-143.87677002
-69.13700867
-123.36310577
-74.29656982
-122.59811401
-77.01776886
-84.38094330
-85.93072510
-132.23136902
-169.39501953
-164.48275757
-132.08927917
-69.14228821
-73.22931671
-97.37801361
-149.09991455
-151.33009338
-78.87317657
-90.86466980
-158.10594177
-104.01002502
-152.30334473
-170.33108521
-117.34311676
-175.62237549
-216.25581360
-153.59573364
-86.09132385
-146.92514038
-122.93280029
-175.56755066
-77.27307129
-122.71210480
-156.82894897
-171.27996826
-91.27245331
-209.55484009
-181.36747742
-105.81102753
-141.42343140
-91.79524994
-117.32122803
-85.41743469
-121.45617676
-89.26724243
-141.29185486
-108.69815826
-121.25689697
-102.02783203
-116.62197876
-183.45947266
-247.15394592
-332.02560425
-201.24981689
-150.41383362
-114.67230988
-138.23905945
-98.44746399
-141.68319702
-100.65230560
-1175.93664551
-163.56153870
-248.58663940
-262.89776611
-168.89645386
-110.56016541
-156.61048889
-193.63729858
-284.01055908
-275.28427124
-213.50431824
-117.68891907
-211.28341675
-220.24427795
-187.08096313
-302.11367798
-256.27368164
-262.07116699
-324.34103394
-360.01907349
-409.37496948
-696.19427490
-159.82925415
-152.17218018
-154.00572205
-165.71990967
-125.36328125
-173.30467224
-253.26358032
-369.75946045
-387.16226196
-197.40162659
-196.22836304
-202.44039917
-208.82408142
-189.63388062
-180.63458252
-262.28054810
-190.25151062
-215.30517578
-131.75093079
-138.71650696
-170.49560547
-160.95709229
-134.66139221
-256.05749512
-152.14152527
-136.69709778
-250.47209167
-251.16932678
-372.00573730
-338.36459351
-349.37164307
-337.93185425
-162.64686584
-738.80578613
-148.30680847
-360.47082520
-1144.64160156
-202.66709900
-375.57135010
-397.17834473
-275.74185181
-256.66921997
-162.50500488
-159.98796082
-272.37460327
-798.95043945
-348.53283691
-431.80322266
-531.33587646
-584.74121094
-337.77114868
-258.74307251
-173.95382690
-793.10321045
-806.86395264
-451.25296021
-931.22662354
-617.25213623
-449.59948730
-423.17843628
-845.45013428
-464.48574829
-366.68701172
-298.52282715
-196.52915955
-336.61755371
-278.02862549
-260.72946167
-252.23156738
-817.51739502
-370.28842163
-371.49084473
-795.50036621
-376.73748779
-229.43333435
-235.72138977
-173.92456055
-828.05206299
-323.99990845
-247.40353394
-215.13868713
-244.26190186
-259.21847534
-939.24841309
-261.91635132
-305.29339600
-1021.49163818
-270.35858154
-235.73019409
-821.01727295
-219.89114380
-225.59991455
-191.04551697
-881.67572021
-365.59152222
-840.32415771
-887.14117432
-852.34143066
-498.76538086
-226.06259155
-578.02813721
-610.99066162
-528.14984131
-945.72094727
-388.17846680
-940.71112061
-1040.46228027
-371.82278442
-355.55596924
-566.74761963
-338.29171753
-369.48840332
-343.04452515
-488.59786987
-395.32025146
-341.34057617
-285.29592896
-526.70159912
-335.55017090
-900.56756592
-265.16171265
-774.62512207
-423.86865234
-469.16299438
-491.13464355
-838.07189941
-282.10449219
-886.97351074
-600.95843506
-463.25952148
-890.14135742
-653.69323730
-466.18984985
-502.00543213
-403.23291016
-587.72875977
-285.32882690
-468.07635498
-851.68103027
-824.07769775
-695.71527100
-886.19464111
-526.20721436
-1023.49957275
-721.93670654
-425.53359985
-521.49395752
-766.80456543
-1107.44250488
-1123.63842773
-991.19390869
-1647.24804688
-438.84768677
-752.57055664
-1173.91223145
-387.61749268
-856.88989258
-570.98260498
-395.80285645
-834.07861328
-419.56982422
-483.51318359
-404.20809937
-456.15005493
-686.28521729
-717.30969238
-889.60467529
-876.66790771
-724.27441406
-867.72857666
-852.03479004
-1024.66662598
-927.61425781
-1186.66076660
-997.05383301
-922.59155273
-1536.63671875
-879.70056152
-849.13128662
-1534.61840820
-851.50244141
-1120.84741211
-841.40539551
-869.59924316
-511.22131348
-906.52337646
-658.28533936
-897.78906250
-701.11279297
-886.36376953
-1522.61010742
-903.03125000
-1688.11425781
-1382.27966309
-8035.81054688
-1413.23278809
-786.00909424
-907.13116455
-845.91369629
-1020.65429688
-1142.06726074
-998.72369385
-673.92926025
-1037.51464844
-923.04644775
-1436.04101562
-1029.16992188
-1045.91540527
-1423.69885254
-1326.38586426
-2073.96459961
-843.11743164
-1373.44677734
-1281.28540039
-2012.67797852
-1193.94702148
-1052.80895996
-1061.75488281
-1062.12194824
-1355.85900879
-780.94378662
-1667.73083496
-1370.04443359
-1364.18872070
-774.49499512
-830.70843506
-1395.06628418
-1232.47448730
-1085.14111328
-761.74084473
-1865.59826660
-1014.25683594
-764.86932373
-741.27233887
-1001.53320312
-779.05828857
-1034.06237793
-967.77447510
-753.32965088
-1330.71875000
-1265.92077637
-1151.96679688
-778.67913818
-1624.55480957
-776.49395752
-744.72967529
-776.96350098
-1033.73486328
-862.09436035
-839.33154297
-1226.72070312
-1221.06372070
-923.52264404
-963.58233643
-810.80163574
-1291.47058105
-882.61651611
-1179.43383789
-842.47637939
-1903.80834961
-1473.03356934
-1417.39465332
-1112.22802734
-847.59008789
-1454.05725098
-1301.36560059
-1424.26916504
-2709.91918945
-2657.34008789
-2070.93457031
-1981.92346191
-1887.66271973
-1681.02099609
-1032.26989746
-947.12683105
-1088.23791504
-1683.57495117
-999.51757812
-1191.78857422
-1052.95532227
-1744.80664062
-1057.23864746
-1608.33166504
-2055.42529297
-1409.04663086
-1323.75280762
-2502.40405273
-815.56024170
-809.57843018
-824.00775146
-1688.63732910
-2907.88818359
-1207.09057617
-1029.52026367
-1573.64294434
-1157.47460938
-1959.13879395
-3109.63354492
-2277.88403320
-831.39306641
-1589.72082520
-1302.67883301
-778.96844482
-1630.97814941
-797.20904541
-3103.22949219
-3523.36083984
-816.19085693
-784.96740723
-1169.35949707
-1778.17419434
-1751.72009277
-821.91375732
-1361.64611816
-1561.95446777
-1452.44482422
-1921.88806152
-1172.93652344
-1434.06909180
-872.07000732
-2853.32324219
-2072.95825195
-824.14923096
-1643.84985352
-932.62847900
-1337.72717285
-1707.46081543
-885.01751709
-2524.05102539
-801.45330811
-2694.57006836
-2511.68579102
-2949.93212891
-4099.97265625
-978.23791504
-3653.08544922
-811.66906738
-1776.14990234
-1500.48706055
-870.77880859
-1980.04797363
-811.14642334
-1659.44653320
-2515.92724609
-870.21752930
-3005.03759766
-3591.71777344
-1309.76745605
-1195.45629883
-1448.79089355
-793.93225098
-1706.53137207
-793.02191162
-882.19274902
-891.70373535
-1334.40844727
-4115.63964844
-5166.55810547
-1093.58984375
-1630.74548340
-1646.18798828
-1679.76855469
-1585.87792969
-5412.49218750
-2078.21484375
-3554.09350586
-2572.52734375
-1524.49401855
-2670.31958008
-1710.08752441
-1160.78613281
-3184.55566406
-1410.51489258
-3425.87695312
-944.11389160
-3100.10229492
-826.42285156
-2704.21777344
-3572.80371094
-901.36895752
-990.82611084
-884.92303467
-4255.38525391
-2409.43847656
-904.04541016
-940.56451416
-924.11389160
-885.23376465
-943.89178467
-2263.39990234
-3114.89477539
-869.40032959
-904.67120361
-863.18225098
-867.84210205
-962.92706299
-3533.02954102
-906.45422363
-1070.23242188
-919.24121094
-1089.58068848
-953.69927979
-1051.95520020
-972.36322021
-1077.41210938
-1083.68347168
-1106.02758789
-2399.83203125
-1074.07556152
-978.87017822
-963.82141113
-6102.04345703
-1025.09558105
-991.23193359
-920.80566406
-945.82788086
-1280.79382324
-1053.23889160
-1262.50683594
-5338.77783203
-2940.98974609
-1312.97790527
-1304.43200684
-1590.16760254
-5290.22998047
-1041.48767090
-1801.19128418
-932.89782715
-896.02868652
-1333.64624023
-1233.42700195
-1340.12011719
-1748.92919922
-1613.38732910
-1785.16821289
-2405.87353516
-990.47668457
-1918.32849121
-5812.67382812
-1046.65637207
-2943.75439453
-1931.42602539
-1239.27978516
-1548.15332031
-1698.28503418
-1295.76367188
-1816.37463379
-3489.36987305
-1893.47692871
-1368.33068848
-1637.25939941
-3460.33422852
-1479.79357910
-1450.85693359
-1150.93286133
-1248.30700684
-1614.82885742
-3472.31103516
-1713.71533203
-1323.99389648
-1361.75097656
-3228.37084961
-1829.63439941
-5263.14208984
-1409.51135254
-1533.16296387
-1414.55664062
-1856.18176270
-2053.01733398
-6640.73876953
-1811.00427246
-1500.63708496
-2179.57128906
-1493.42724609
-1356.45300293
-1711.76770020
-789.18377686
-752.13018799
-3585.90673828
-1804.48181152
-1801.15319824
-1959.43395996
-1851.51074219
-1790.27001953
-843.97271729
-2140.55810547
-1681.58386230
-1654.30480957
-1554.17687988
-831.89099121
-778.59918213
-749.49450684
-708.95495605
-712.50842285
-703.84741211
-710.80572510
-691.80480957
-669.92999268
-681.51544189
-660.09942627
-724.22338867
-7215.82568359
-667.17199707
-631.98919678
-643.41674805
-657.29449463
-7003.16503906
-678.07849121
-725.34637451
-636.35272217
-672.37322998
-751.57659912
-763.77453613
-702.67065430
-798.02532959
-791.98406982
-738.70104980
-845.55700684
-841.60101318
-6172.98632812
-923.01019287
-695.62835693
-887.96105957
-6943.43115234
-776.67199707
-963.66882324
-884.76293945
-784.93103027
-841.41571045
-757.69189453
-9053.43359375
-995.02343750
-777.25964355
-899.25421143
-1039.77368164
-929.47021484
-976.58154297
-853.25585938
-842.77014160
-11637.76074219
-882.15515137
-1046.32299805
-1165.85681152
-989.03857422
-8610.10937500
-899.38623047
-1030.00439453
-930.03076172
-977.93353271
-1073.48510742
-1044.04602051
-868.24542236
-1100.96093750
-1092.68481445
-1038.77478027
-1085.15539551
-963.09197998
-1377.41906738
-1425.13293457
-1082.20275879
-1222.90429688
-999.04754639
-1510.22119141
-1854.79809570
-1816.89904785
-1680.86206055
-1705.91552734
-1114.90319824
-1372.46569824
-1311.96350098
-1162.92700195
-1152.68261719
-923.51263428
-1159.27441406
-1247.15063477
-8556.81445312
-1262.66577148
-1224.79309082
-1275.20422363
-1271.59692383
-1239.85021973
-1268.82861328
-10325.56250000
-1169.39770508
-14483.48535156
-1680.83166504
-8677.36621094
-1187.36132812
-1673.99865723
-1476.54150391
-1451.54089355
-9885.86230469
-1402.40356445
-1421.09338379
-1263.18493652
-1368.37951660
-1262.87023926
-715.57293701
-9120.90136719
-1252.56884766
-725.09509277
-1335.45349121
-1251.54687500
-739.92279053
-7663.74755859
-745.44763184
-831.13916016
-764.46051025
-785.00158691
-9678.96484375
-839.16497803
-762.72082520
-703.36914062
-764.09100342
-850.35797119
-1002.64880371
-1137.96557617
-1137.17309570
-1097.45104980
-981.12237549
-843.35583496
-761.18835449
-834.45593262
-1287.28955078
-1209.02465820
-978.06488037
-8508.61132812
-770.99969482
-1105.59143066
-1097.96826172
-11542.82519531
-1434.85534668
-1174.15356445
-1276.74279785
-1333.15856934
-1349.09326172
-1207.94323730
-1134.66296387
-7984.00439453
-1500.26806641
-1362.37463379
-1372.62329102
-1526.05102539
-1780.87390137
-1174.19641113
-7602.30029297
-7838.36718750
-1764.41943359
-8875.83593750
-1866.47424316
-12759.74902344
-1128.32092285
-1493.39941406
-2283.34179688
-1853.71142578
-1854.99829102
-2332.18652344
-2425.29418945
-2416.35327148
-1718.88903809
-2092.46972656
-1732.55358887
-9881.92675781
-1583.32873535
-1299.03515625
-1249.41088867
-829.79071045
-828.54522705
-852.61212158
-1128.79565430
-1279.85986328
-1542.90783691
-850.35693359
-856.17797852
-1174.39978027
-885.68316650
-9693.17187500
-827.06695557
-848.39202881
-13545.12792969
-14013.65527344
-822.21038818
-852.62921143
-857.67840576
-867.30877686
-858.39324951
-842.72747803
-815.46600342
-878.01745605
-837.36877441
-858.21881104
-885.15191650
-808.61932373
-880.10607910
-825.52032471
-908.67755127
-821.07238770
-834.96539307
-863.79437256
-851.76239014
-770.63836670
-794.41180420
-775.31365967
-800.74884033
-784.09918213
-811.08563232
-811.98156738
-793.25335693
-814.02850342
-11870.86816406
-847.01165771
-845.64306641
-838.64831543
-840.43579102
-852.44610596
-848.27429199
-846.51287842
-853.00201416
-12835.68359375
-15841.62207031
-895.91510010
-889.41595459
-11662.73437500
-926.66638184
-907.01074219
-924.24450684
-888.15075684
-892.31317139
-883.41168213
-924.81781006
-918.13751221
-899.10900879
-899.58148193
-990.20019531
-959.23773193
-10682.33007812
-1007.46136475
-1016.01654053
-1005.33374023
-1009.43652344
-1015.76690674
-992.94189453
-1045.39562988
-1049.99157715
-1049.32385254
-1064.37329102
-1131.01879883
-1056.48754883
-1036.85864258
-1072.21887207
-1114.84582520
-994.22473145
-1075.76916504
-1094.48437500
-1067.39440918
-1054.51904297
-1160.07788086
-1247.28710938
-1082.91345215
-1034.92749023
-16131.23339844
-1011.62811279
-1143.76806641
-1040.44812012
-790.10925293
-937.75006104
-787.62646484
-751.93969727
-988.08612061
-19558.85742188
-17445.43750000
-738.87939453
-766.51342773
-776.81365967
-769.17285156
-11222.12011719
-1178.56494141
-1171.97631836
-11280.74804688
-1201.05273438
-1046.62988281
-1190.89526367
-1305.54943848
-1126.11413574
-1294.79650879
-1275.43920898
-1115.27075195
-1101.68505859
-784.66442871
-1434.37939453
-1187.53906250
-13370.20605469
-1219.40771484
-1190.53869629
-1474.70312500
-1238.67248535
-776.75592041
-871.06347656
-682.30480957
-14928.07519531
-1307.05261230
-1334.20593262
-16320.82324219
-15173.60449219
-1112.98352051
-861.66058350
-885.96594238
-817.06683350
-892.16741943
-785.39862061
-1895.90307617
-1840.06799316
-795.53533936
-11124.92968750
-838.10009766
-2520.79663086
-1223.67395020
-1654.36914062
-909.28186035
-1750.07019043
-697.56878662
-2865.30615234
-2429.82568359
-1643.47241211
-3395.69287109
-3478.16625977
-1047.40258789
-10419.03808594
-1588.04492188
-1206.54516602
-1838.72436523
-1779.92626953
-1213.16479492
-1451.02368164
-1340.99841309
-1225.31628418
-1326.86437988
-1203.09997559
-1131.11108398
-1214.41210938
-1089.92175293
-1198.52050781
-1211.34729004
-1243.39221191
-1226.28161621
-1277.97351074
-10545.50292969
-1353.04382324
-1445.78564453
-1434.61804199
-1356.83789062
-1256.72277832
-1332.04284668
-1240.33898926
-1205.81140137
-1222.32861328
-1115.11486816
-1091.02246094
-972.00170898
-19152.35156250
-521.47698975
-529.69775391
-559.23492432
-508.31115723
-530.08239746
-568.49444580
-527.40570068
-642.65460205
-528.85064697
-566.15899658
-10254.58789062
-10122.86132812
-10863.58105469
-602.17413330
-15311.25976562
-648.13006592
-650.06695557
-659.23480225
-693.96722412
-623.66510010
-645.06988525
-661.52130127
-635.21856689
-692.27410889
-665.18151855
-677.60852051
-16317.93164062
-768.73785400
-750.70404053
-19122.00000000
-833.42572021
-794.66442871
-832.12097168
-733.28710938
-1315.87158203
-684.34826660
-1076.53576660
-20264.33789062
-1055.91040039
-962.98071289
-919.72448730
-911.67309570
-816.68121338
-887.02838135
-915.03070068
-828.61279297
-852.36566162
-883.53735352
-13568.18652344
-839.38690186
-759.18011475
-787.02337646
-896.51391602
-862.89312744
-846.83929443
-893.81085205
-889.92486572
-868.86322021
-849.54504395
-891.17803955
-750.43969727
-923.98553467
-831.29638672
-888.89093018
-798.90136719
-826.43634033
-880.43096924
-981.20025635
-883.24157715
-875.45458984
-867.61767578
-871.94708252
-919.90563965
-966.21453857
-890.89996338
-867.63092041
-893.83593750
-945.13403320
-954.91802979
-1089.46093750
-19747.28515625
-883.46728516
-1035.99987793
-17962.44140625
-16319.35156250
-887.40625000
-925.76306152
-18151.44335938
-920.63903809
-1060.76733398
-797.94348145
-971.42584229
-665.20361328
-691.99127197
-627.01123047
-599.99414062
-615.27111816
-606.52679443
-586.22735596
-612.80535889
-609.63323975
-580.24743652
-649.43719482
-32156.75000000
-644.73406982
-661.33666992
-664.97833252
-596.00677490
-596.41320801
-572.34680176
-14870.76464844
-534.62609863
-534.72003174
-533.37982178
-534.73840332
-544.61706543
-590.57916260
-555.15386963
-15676.08398438
-571.47625732
-582.49145508
-567.66436768
-16951.77539062
-574.21697998
-547.13177490
-553.70764160
-562.50213623
-625.00103760
-617.18249512
-617.40924072
-18152.77343750
-637.84014893
-619.41442871
-762.07855225
-702.80169678
-782.19024658
-23345.20898438
-560.23437500
-662.69769287
-669.20910645
-542.93005371
-513.02325439
-536.25793457
-552.26586914
-494.87680054
-534.11126709
-552.48986816
-553.06036377
-508.49896240
-534.60363770
-568.34600830
-593.56896973
-611.03466797
-629.44360352
-679.36816406
-17649.64648438
-633.59082031
-644.92993164
-652.66870117
-18030.55078125
-591.30493164
-610.76989746
-628.87493896
-16638.56054688
-578.37066650
-662.49865723
-754.17456055
-606.18481445
-730.80706787
-676.03149414
-833.32916260
-602.48022461
-617.84313965
-696.30029297
-711.85949707
-741.67047119
-688.96044922
-717.99017334
-642.40484619
-635.89477539
-15720.28613281
-608.06768799
-651.03668213
-711.63684082
-754.94757080
-763.05273438
-815.91845703
-714.73321533
-621.70300293
-599.52966309
-614.98681641
-664.80950928
-669.55078125
-653.99346924
-17821.78320312
-584.72503662
-639.76782227
-605.14257812
-620.85516357
-673.77917480
-527.27294922
-569.65045166
-590.56744385
-17382.51953125
-591.69885254
-588.66680908
-523.87292480
-647.00079346
-516.47967529
-573.31848145
-580.60961914
-549.68133545
-564.78070068
-525.80133057
-555.99639893
-573.18957520
-559.96704102
-533.22027588
-525.37677002
-559.51757812
-563.49157715
-543.24157715
-551.09368896
-557.43609619
-555.93780518
-574.25433350
-568.68212891
-572.25878906
-550.69903564
-550.51232910
-555.69635010
-17489.11132812
-15428.33593750
-562.90405273
-563.73236084
-562.95831299
-557.58306885
-16803.00390625
-570.14923096
-571.88366699
-15476.14453125
-572.63470459
-574.85351562
-582.81909180
-21615.90625000
-605.25524902
-572.03240967
-616.23889160
-619.45684814
-612.88397217
-15199.01855469
-633.51159668
-14895.54199219
-606.68591309
-615.58563232
-592.34960938
-616.47796631
-630.17871094
-643.07067871
-648.94732666
-704.99023438
-757.87677002
-17325.70703125
-17752.84765625
-636.26177979
-686.73944092
-626.06994629
-26833.17968750
-30189.06640625
-632.41198730
-699.32867432
-898.47570801
-1142.31237793
-862.95068359
-958.43475342
-657.51098633
-663.51275635
-651.09051514
-669.51190186
-658.38226318
-634.48797607
-817.85009766
-982.39550781
-666.33190918
-33407.62109375
-711.81152344
-1182.05920410
-1251.54003906
-728.33807373
-801.40173340
-21665.05078125
-767.60351562
-17196.13867188
-892.30932617
-782.85205078
-581.53692627
-1261.62304688
-816.74615479
-18371.40625000
-704.56451416
-798.77368164
-722.92370605
-512.86230469
-501.79724121
-504.01989746
-23955.65429688
-509.78585815
-501.40310669
-524.71667480
-511.06167603
-524.86083984
-542.77874756
-530.44122314
-561.56658936
-564.93231201
-569.95208740
-583.75469971
-587.11944580
-818.71063232
-1387.94885254
-762.75305176
-690.91882324
-1619.13110352
-1551.96459961
-1108.69152832
-2036.45715332
-1363.75390625
-1497.96801758
-1182.28027344
-1095.39147949
-533.78625488
-583.53991699
-1590.59863281
-1907.04321289
-1468.31811523
-1398.95361328
-1282.39123535
-1297.45080566
-1285.38659668
-1390.79296875
-1365.74731445
-1551.81506348
-1428.72839355
-1188.35400391
-18271.03906250
-1859.84851074
-1459.70117188
-18133.27343750
-1801.54260254
-1049.52282715
-1982.54309082
-3127.66967773
-1873.27478027
-2216.80761719
-1741.71069336
-1775.13098145
-1237.26086426
-23732.95312500
-1866.40808105
-1781.46044922
-1202.19018555
-2068.10107422
-1340.96496582
-1381.20666504
-1428.75341797
-1380.53002930
-782.43438721
-2040.51684570
-804.78961182
-1017.69915771
-766.59490967
-792.76855469
-797.24389648
-803.06744385
-814.23492432
-818.57031250
-821.04595947
-840.39556885
-852.98510742
-836.94702148
-865.17742920
-873.99414062
-905.58319092
-886.26745605
-907.94287109
-17884.29492188
-951.27929688
-928.67828369
-939.90966797
-1495.58044434
-950.69604492
-1660.84631348
-1577.51086426
-1494.20617676
-1004.11926270
-1079.84997559
-1070.60852051
-1065.31115723
-1044.69616699
-1077.62023926
-1090.59790039
-1047.98535156
-1041.81677246
-1194.34204102
-20088.60742188
-1181.10144043
-1229.51196289
-1248.22619629
-28078.61328125
-1300.07104492
-1303.08935547
-1347.80578613
-1378.10632324
-1455.66369629
-1218.86437988
-1404.56762695
-1437.11242676
-1491.69592285
-24621.32812500
-1208.14306641
-1151.06201172
-1100.02758789
-1064.28759766
-1077.00024414
-1091.41052246
-1121.93505859
-1135.59338379
-1165.75085449
-1414.45751953
-32718.17773438
-1202.00659180
-23213.65820312
-1180.66320801
-1149.86071777
-25375.78710938
-26619.10351562
-1755.64526367
-1831.57019043
-1165.47729492
-1112.67248535
-2230.05932617
-1837.19921875
-2416.30029297
-2714.28442383
-2344.49267578
-2456.83740234
-1322.47900391
-1524.71447754
-21985.83789062
-25574.58593750
-2720.41479492
-1097.26647949
-1069.14746094
-984.66387939
-2080.70556641
-1242.49316406
-1602.97961426
-2112.56982422
-1623.60363770
-1867.49438477
-1505.97668457
-1748.79504395
-2067.84667969
-1351.14868164
-1447.07641602
-1966.66528320
-1734.13110352
-1741.09106445
-2366.25512695
-1808.75488281
-3112.35229492
-2454.87988281
-46441.41015625
-2737.14233398
-39129.44140625
-2350.82446289
-1463.02929688
-2541.52514648
-1387.46789551
-1411.68615723
-1224.50207520
-1355.99609375
-2599.97192383
-1381.34753418
-1356.32690430
-2523.37573242
-1966.98718262
-1119.45739746
-1147.31750488
-1110.29052734
-1109.53039551
-1087.18688965
-1058.40417480
-1046.86767578
-27891.23632812
-972.68493652
-935.74774170
-968.92144775
-1015.07989502
-946.30389404
-976.89624023
-950.62969971
-956.22497559
-974.19689941
-951.72546387
-962.68981934
-27105.41210938
-983.77825928
-1004.62902832
-1175.58300781
-1184.85913086
-30369.85351562
-1089.24475098
-1068.56640625
-32532.90429688
-1162.24926758
-1162.95935059
-1331.62145996
-1215.96496582
-1211.41284180
-1242.24121094
-1206.99304199
-1291.97143555
-1299.74169922
-1313.57421875
-1343.16735840
-1197.75415039
-50534.48046875
-1413.57006836
-1293.85913086
-1368.23608398
-1387.45019531
-1359.77807617
-1398.85058594
-1434.19982910
-1455.88232422
-1490.04125977
-1680.41406250
-1380.74865723
-1586.97009277
-1532.92883301
-1343.70056152
-1484.37023926
-1503.15454102
-40677.19531250
-1789.10290527
-1751.92492676
-1974.87231445
-1761.02734375
-1943.28454590
-1758.21398926
-1609.88598633
-1740.00207520
-1765.27563477
-1681.03674316
-1518.10131836
-1633.41052246
-1648.31677246
-1624.34216309
-1634.46472168
-1512.94592285
-1523.33691406
-1542.40014648
-1490.85729980
-37842.25000000
-1653.05212402
-1745.87951660
-1724.00244141
-1587.56726074
-1564.50134277
-38560.51562500
-31732.10351562
-1382.47607422
-1333.55139160
-48649.62500000
-1326.18310547
-1339.38830566
-1362.69738770
-1351.45910645
-1371.11914062
-1357.87988281
-1351.62158203
-1364.85937500
-1391.42175293
-35646.18359375
-1405.76379395
-1369.49877930
-1364.24816895
-1375.12792969
-1365.93212891
-1363.86157227
-1356.90393066
-1345.95361328
-1344.18688965
-50228.24218750
-1368.27331543
-1354.78466797
-1365.62109375
-1351.52099609
-1356.99670410
-1355.43957520
-1355.04333496
-1358.73376465
-1362.11218262
-1362.59777832
-1369.35266113
-1380.96752930
-1364.47058105
-1359.01916504
-1375.20678711
-1349.22680664
-1340.19555664
-1327.65856934
-1340.31628418
-1329.02539062
-1322.68078613
-1333.58447266
-1326.25231934
-55420.60937500
-1359.78503418
-1316.67980957
-1328.52282715
-48973.57812500
-1301.87414551
-1306.66369629
-40385.91406250
-1292.86193848
-58221.42187500
-1292.69348145
-1385.06750488
-1395.26696777
-1315.90002441
-1297.11621094
-1319.06665039
-1295.46862793
-1291.92309570
-50944.70312500
-1283.92724609
-1317.39697266
-1347.40051270
-1304.15490723
-1323.64404297
-1382.65039062
-1351.91284180
-45505.22265625
-1497.95886230
-1426.98352051
-1436.50842285
-1384.18688965
-48816.06250000
-1452.91064453
-1454.17712402
-1544.96435547
-60954.64843750
-1443.02551270
-1346.01171875
-1306.05273438
-1314.94116211
-1295.58447266
-1316.80480957
-1323.32128906
-1312.98706055
-1318.81201172
-1313.40112305
-1537.56164551
-1319.44836426
-1328.39428711
-1327.52307129
-1327.36401367
-1309.92517090
-1320.32226562
-1311.40771484
-1310.93750000
-1308.35302734
-1311.68395996
-1306.44396973
-1320.37963867
-64058.62890625
-1336.94848633
-73279.27343750
-1321.35913086
-1412.81579590
-1308.59179688
-48358.48046875
-1309.65783691
-65810.86718750
-1301.42089844
-1300.56262207
-1308.95605469
-1303.97656250
-1304.73962402
-1300.50000000
-52542.23046875
-1293.98022461
-1308.61242676
-77687.74218750
-1304.87597656
-1597.64843750
-86878.10937500
-1304.29931641
-79479.20312500
-1308.43627930
-1294.07800293
-1509.42053223
-1296.92187500
-2460.89062500
-1295.96459961
-1287.76770020
-1292.65734863
-2771.22631836
-2051.84594727
-1293.78625488
-72836.18750000
-1297.59155273
-1802.82678223
-1287.62390137
-1303.39697266
-1289.64282227
-1285.61083984
-1285.56408691
-1282.79382324
-1293.13952637
-1881.28271484
-1290.19824219
-54099.03125000
-1286.40820312
-71482.70312500
-1272.20080566
-1276.74768066
-50611.10937500
-1273.60144043
-1268.40368652
-1275.01904297
-1270.21264648
-1268.80285645
-1281.15991211
-1282.28002930
-1272.72680664
-1273.76013184
-56670.50390625
-1271.89660645
-66741.86718750
-57931.80468750
-1273.95214844
-1627.18920898
-1269.52917480
-1263.79760742
-62513.66406250
-1274.53186035
-1269.81457520
-1276.41174316
-1268.43713379
-1266.14086914
-1268.99914551
-1273.29504395
-81758.63281250
-1281.52294922
-1280.01257324
-1274.75439453
-1275.19836426
-70907.14843750
-1296.94067383
-1276.65625000
-1271.69702148
-1268.85168457
-1265.70129395
-1260.03686523
-1269.89013672
-1266.08276367
-1268.53393555
-1268.57238770
-1275.73815918
-1274.16345215
-1269.30297852
-1275.78698730
-1298.90393066
-1339.43273926
-1416.27636719
-1373.86926270
-1529.22949219
-1446.59619141
-1480.12719727
-1453.71105957
-1417.18298340
-1431.66406250
-1463.37475586
-1554.12634277
-48598.08984375
-1431.66821289
-1357.37902832
-1602.49951172
-1558.07641602
-1890.41223145
-1406.29138184
-45145.26171875
-1444.38708496
-1456.40710449
-1454.28771973
-1561.29675293
-67169.27343750
-2076.04199219
-1594.49438477
-1532.23937988
-3067.17358398
-2429.36499023
-2078.77636719
-3137.05859375
-2899.68017578
-1630.04541016
-2606.56909180
-4013.51171875
-2511.19873047
-2608.75219727
-3794.66259766
-1547.67871094
-1941.37316895
-1531.13879395
-3190.91943359
-3457.85473633
-49889.78906250
-2180.62475586
-2385.95971680
-3494.55273438
-1955.72521973
-1790.39794922
-1690.78820801
-2950.25585938
-1879.52355957
-3594.41064453
-62724.87500000
-3286.52880859
-1853.27709961
-2159.86401367
-4329.65380859
-3342.11254883
-70012.70312500
-68035.23437500
-2749.74194336
-3809.11376953
-2887.62792969
-3925.64746094
-1992.13085938
-3472.07836914
-4360.78271484
-7234.58251953
-6200.40722656
-53732.12109375
-3703.49169922
-7072.29736328
-2679.96337891
-2680.77221680
-2666.35131836
-2776.53613281
-2766.81030273
-3303.44897461
-4151.11816406
-57609.02734375
-3972.15966797
-4340.12255859
-4194.36230469
-3752.63061523
-3939.30126953
-9076.82714844
-7364.74072266
-67203.07812500
-4933.51171875
-4498.39160156
-4142.43457031
-4187.70898438
-4187.25830078
-4240.84179688
-91959.31250000
-5815.65039062
-8588.99023438
-9687.65332031
-61628.60937500
-80773.26562500
-8995.06054688
-4178.05273438
-50934.17187500
-4085.23168945
-3676.16723633
-3946.52856445
-64714.65234375
-3797.19433594
-4199.00341797
-3852.20825195
-3480.32690430
-60545.91796875
-3485.99096680
-3575.69799805
-3651.14965820
-3812.82006836
-3675.76806641
-3841.91064453
-3698.34863281
-3764.43017578
-3452.63085938
-3560.25634766
-55838.28906250
-3650.19335938
-58882.63281250
-3378.10205078
-3490.22192383
-3362.26684570
-3233.55029297
-3072.84155273
-2303.74487305
-68506.46875000
-50465.08203125
-2242.76855469
-2501.43457031
-2620.79589844
-2516.98291016
-2782.62231445
-2043.40246582
-1973.93383789
-2692.86206055
-2027.08471680
-3371.41503906
-3314.79199219
-3948.80102539
-3852.30957031
-3501.30200195
-4253.36865234
-2607.84277344
-3654.23706055
-2869.49780273
-3964.67773438
-2067.04687500
-3609.36791992
-3161.06152344
-4335.52832031
-51517.56640625
-3937.29809570
-3645.41162109
-3598.54833984
-3743.86499023
-3169.23632812
-4384.97412109
-2802.26586914
-4290.36621094
-3723.48852539
-4020.69140625
-3987.91650391
-3674.87426758
-4092.87158203
-4055.03735352
-3866.23144531
-3556.75195312
-4129.10156250
-4272.91113281
-4305.36816406
-4560.21337891
-4180.46484375
-4254.17871094
-4449.25146484
-4566.59472656
-46131.08593750
-4379.17773438
-45210.14062500
-4523.59423828
-4970.68066406
-4789.38134766
-4857.78662109
-4648.73046875
-4645.26464844
-4702.19335938
-4629.42773438
-4780.86132812
-4769.57275391
-4956.34960938
-4955.52490234
-5107.20898438
-5208.35449219
-5295.69287109
-5195.52294922
-5068.51855469
-4926.25976562
-4907.86962891
-5052.51806641
-5375.69287109
-43234.90234375
-43502.11718750
-5459.55126953
-5239.54980469
-5249.84179688
-5128.03955078
-4545.94042969
-4627.89599609
-4612.33007812
-3609.47753906
-4112.60839844
-3977.45483398
-4151.90234375
-3295.35229492
-194373.43750000
-76873.75781250
-4810.41308594
-43139.49218750
-4440.76855469
-4435.34472656
-5958.37597656
-4747.34570312
-6490.28710938
-4115.01269531
-6414.47363281
-5311.48486328
-4238.26660156
-4809.79785156
-3805.07177734
-3605.64184570
-6954.54833984
-2907.33203125
-2901.55493164
-2592.90283203
-2402.05346680
-2512.17211914
-68632.07812500
-66394.78125000
-2800.64062500
-2666.57812500
-2561.69433594
-2593.38745117
-2887.40795898
-2679.17553711
-2596.73950195
-76177.46093750
-2643.27661133
-2764.42749023
-2604.37255859
-54724.01171875
-2636.52148438
-2762.94262695
-2684.05078125
-2657.49780273
-2656.66552734
-49548.08203125
-48407.75390625
-2728.65747070
-62468.45312500
-2864.58398438
-3233.07641602
-3206.77441406
-2825.69775391
-3212.84204102
-2484.50488281
-3415.87304688
-5102.18017578
-5913.38476562
-5652.48437500
-6174.02783203
-5054.50830078
-5077.76562500
-6086.98974609
-6374.71826172
-6566.26757812
-53422.74218750
-5643.33789062
-5866.29882812
-6108.61767578
-4046.76025391
-3005.63232422
-57410.82812500
-7517.04687500
-5086.79150391
-7912.49658203
-8733.61816406
-44970.04296875
-8950.96972656
-7432.64013672
-47239.28906250
-7711.07226562
-59926.01171875
-49880.20312500
-7061.94580078
-7461.08154297
-6929.93261719
-9657.64160156
-56412.01953125
-10291.93261719
-60687.23046875
-10619.43750000
-3540.32788086
-6404.67773438
-6982.34619141
-2838.07836914
-3542.66040039
-11021.42089844
-11556.17285156
-9352.10351562
-61171.58593750
-3264.40258789
-7681.83984375
-7792.01660156
-3269.26708984
-3175.92675781
-2953.64819336
-3050.51440430
-10348.62207031
-2929.30297852
-55924.22265625
-12975.59277344
-8182.02392578
-9684.39355469
-10371.03906250
-7266.25341797
-10338.31347656
-10613.50683594
-9964.59472656
-64286.69140625
-9257.99804688
-3085.38574219
-88814.85156250
-2937.90136719
-8458.10156250
-2933.95434570
-2909.89379883
-54038.58593750
-3088.52636719
-7559.82519531
-10622.35351562
-7721.63720703
-14418.98535156
-13751.30371094
-13347.38964844
-9270.99902344
-2866.23291016
-2850.11523438
-2839.66821289
-2761.11230469
-2758.54248047
-2730.75097656
-2763.82543945
-2796.22875977
-56911.16406250
-2706.71264648
-9508.25683594
-2839.43432617
-2788.41235352
-9289.47753906
-2798.05029297
-2814.21533203
-3015.26147461
-3036.90869141
-77497.02343750
-3169.43505859
-3238.32690430
-3257.45922852
-3241.52026367
-3399.54296875
-3146.73779297
-3529.14379883
-3558.76342773
-3426.67260742
-3734.79956055
-77133.89843750
-4074.38940430
-4186.53564453
-4093.13183594
-75398.61718750
-3919.59228516
-80842.14062500
-3529.13134766
-86793.42968750
-83702.60937500
-5819.59814453
-4267.51269531
-6935.02685547
-4921.54589844
-7315.95751953
-6093.07177734
-7855.35791016
-8033.54101562
-7424.82666016
-8202.34082031
-7933.17382812
-5899.33105469
-7495.45849609
-6346.88574219
-79292.17968750
-82222.98437500
-5838.95507812
-4294.98339844
-121262.25781250
-3702.16235352
-5253.36425781
-4385.17382812
-192542.81250000
-5159.76757812
-6982.93359375
-6972.85205078
-7572.63330078
-7748.65087891
-6248.31201172
-6489.72949219
-4402.04541016
-160564.60937500
-4851.90136719
-8642.58593750
-8263.08984375
-74469.53125000
-9900.97070312
-3942.56445312
-9559.51660156
-4333.76513672
-4804.46337891
-5537.09814453
-5799.01806641
-7578.39746094
-8750.06250000
-7177.46240234
-5987.28320312
-3748.83471680
-6329.81835938
-6140.30371094
-3363.40332031
-4522.13476562
-4485.45410156
-3994.36938477
-151395.25000000
-3962.62109375
-4984.74658203
-8199.03222656
-7110.03417969
-7222.18115234
-10007.70605469
-6330.24658203
-5711.39697266
-5139.90527344
-6266.74560547
-4298.48193359
-4517.22070312
-4502.92041016
-4427.07128906
-4407.29785156
-4361.97802734
-4073.94873047
-3963.87133789
-3585.37207031
-4155.68750000
-3896.07519531
-3925.15771484
-3489.86645508
-3483.44091797
-4490.24267578
-124724.23437500
-4416.62060547
-117636.50781250
-147698.65625000
-5385.66894531
-5264.50781250
-3978.63330078
-5117.59814453
-4946.82373047
-3653.75292969
-5130.60888672
-3103.10791016
-3558.52856445
-3458.13964844
-3178.17065430
-3086.87011719
-93360.43750000
-101334.11718750
-3416.75292969
-3111.41552734
-3354.89013672
-3014.64697266
-3651.69897461
-3123.73779297
-107087.71875000
-3390.66528320
-3265.99560547
-3144.36157227
-3158.25756836
-3107.27416992
-2946.67895508
-3056.27221680
-2970.31591797
-4134.59667969
-86186.20312500
-3093.28076172
-4099.66357422
-3196.90917969
-3167.12036133
-80984.53906250
-3012.66186523
-3043.87524414
-3161.55468750
-3133.01928711
-4672.71728516
-5024.78076172
-5698.09716797
-100718.12500000
-5763.00537109
-90937.87500000
-5343.68408203
-3101.74267578
-2939.38281250
-4831.64453125
-3809.68090820
-2919.39721680
-3931.13354492
-2988.28173828
-357270.96875000
-5188.22851562
-115605.73437500
-3145.99926758
-3073.32543945
-3002.92553711
-3032.61889648
-3066.87670898
-2987.28759766
-107790.61718750
-3315.89160156
-3114.13598633
-7300.54101562
-2739.08569336
-2583.65942383
-2630.17211914
-9345.01269531
-7680.10107422
-2651.08837891
-226090.32812500
-294539.53125000
-2350.00903320
-10176.88183594
-3307.04833984
-3675.04418945
-3005.58569336
-3645.85815430
-3683.48022461
-97754.41406250
-15420.90039062
-13604.58496094
-342985.18750000
-2614.41040039
-2617.54833984
-98152.53125000
-24035.39257812
-96935.91406250
-12657.19824219
-416894.21875000
-7762.82666016
-7451.22509766
-618051.56250000
-6393.31250000
-6060.77246094
-5350.42187500
-4828.98681641
-5251.51123047
-5317.80175781
-5469.76611328
-14510.57226562
-20650.25000000
-104154.53125000
-20118.33203125
-5629.03955078
-5338.16943359
-5509.16748047
-5495.11767578
-5695.96972656
-25733.88671875
-20931.50000000
-20666.38867188
-16507.85351562
-5694.13183594
-28992.47851562
-6303.70654297
-9554.13281250
-23881.73828125
-26367.17187500
-5998.95117188
-25115.57421875
-92227.24218750
-5371.50195312
-127053.73437500
-116227.13281250
-5190.58691406
-5125.14794922
-90656.48437500
-5641.83203125
-5254.72265625
-4962.98876953
-3839.76245117
-5305.93408203
-6067.16650391
-6973.80273438
-5711.38574219
-5798.79101562
-5521.20947266
-5848.27734375
-5312.80517578
-8369.12988281
-5256.03857422
-6119.09521484
-12420.43847656
-5867.99267578
-6786.22753906
-5861.22998047
-100578.06250000
-3104.30834961
-5742.87841797
-97977.19531250
-7086.36376953
-7405.85351562
-96398.31250000
-5142.19921875
-5408.57519531
-6593.32861328
-7538.81005859
-14042.76367188
-14269.71875000
-94012.27343750
-10182.79687500
-6896.50878906
-10873.63964844
-12513.03417969
-94389.06250000
-12879.18261719
-14479.82421875
-14761.01171875
-14069.67578125
-11035.94335938
-14580.20703125
-2719.38769531
-14722.46484375
-6057.88134766
-2685.12744141
-1291.05944824
-94015.30468750
-1379.49414062
-1658.14196777
-1405.10290527
-1344.55468750
-1838.32531738
-2130.88574219
-1666.26708984
-91563.39062500
-4769.25146484
-1344.79101562
-1507.14575195
-10361.69726562
-1234.31823730
-87542.80468750
-1502.21606445
-1280.16357422
-1612.23168945
-98091.14843750
-1962.01379395
-93694.51562500
-19980.86523438
-9077.77832031
-9810.48925781
-1735.03967285
-2729.20434570
-1766.76879883
-2958.99145508
-2809.04394531
-1686.46057129
-85641.46093750
-3543.60864258
-3563.96826172
-85019.84375000
-14363.76269531
-2934.94116211
-4037.94702148
-2963.66552734
-4675.95751953
-5579.32812500
-12279.25488281
-5532.22363281
-4723.55517578
-3909.15942383
-6175.48632812
-5717.43750000
-4523.68408203
-6372.65673828
-1226.64904785
-11940.81152344
-13152.50488281
-6223.04931641
-6582.12988281
-87091.97656250
-8428.43652344
-16270.68847656
-9601.49316406
-4455.13232422
-9232.99218750
-8016.87207031
-12420.64062500
-23748.58007812
-5164.59423828
-83368.79687500
-27636.96289062
-11605.74316406
-26217.18359375
-3395.55444336
-8173.60888672
-24431.21484375
-14126.67187500
-1995.49438477
-10696.92871094
-7900.31298828
-4197.87158203
-82472.25000000
-80634.32031250
-44328.48437500
-48399.09375000
-79795.99218750
-49051.48828125
-16747.70898438
-10764.78710938
-10573.68847656
-9578.73437500
-18346.58203125
-7183.92089844
-77595.27343750
-27133.18164062
-32680.50781250
-14719.17578125
-17223.45898438
-6982.20507812
-7580.23339844
-9115.09179688
-11346.06933594
-30210.67578125
-78124.56250000
-7993.35693359
-28822.85742188
-19426.14453125
-14130.37402344
-7046.51513672
-9775.71679688
-13717.49316406
-9725.09472656
-74668.73437500
-7954.75830078
-9354.13281250
-8413.30664062
-8939.45507812
-8830.85546875
-8371.95410156
-7997.63574219
-7333.53369141
-7597.67871094
-5118.63671875
-4419.53515625
-1804.36853027
-80628.77343750
-1445.28063965
-2275.31103516
-72443.05468750
-1509.84631348
-948.41778564
-1433.87023926
-74789.99218750
-3693.89160156
-3827.70507812
-4291.34960938
-71775.01562500
-4520.17675781
-2381.28540039
-5416.30029297
-6114.99462891
-1732.96362305
-5131.25537109
-7231.50048828
-4213.74511719
-7287.62451172
-6140.08544922
-69823.00000000
-5660.48144531
-4270.81884766
-4986.15625000
-4255.14013672
-6010.27441406
-1660.35461426
-5771.63330078
-12625.00878906
-14905.05957031
-15091.81542969
-14207.90039062
-3017.77636719
-12902.50781250
-13525.28417969
-2160.59741211
-71295.99218750
-68418.86718750
-8311.29882812
-6585.82080078
-3676.29028320
-6083.98437500
-4059.03540039
-4211.48339844
-12747.90136719
-65906.60937500
-65926.66406250
-5089.61865234
-5919.01708984
-13493.79003906
-21154.07421875
-2298.48925781
-4538.35009766
-3413.66455078
-5914.43554688
-7810.66699219
-2579.10400391
-26055.60742188
-9618.71777344
-28543.61914062
-64747.76562500
-22740.95507812
-64141.39843750
-5563.06005859
-17092.52734375
-11098.89062500
-12841.80468750
-6468.32470703
-2977.04809570
-2991.65454102
-3126.73217773
-3075.98388672
-3053.70849609
-3113.64648438
-3301.53222656
-63736.63671875
-3229.74682617
-67195.39062500
-3209.96264648
-72008.61718750
-3095.10791016
-3166.95727539
-3131.39306641
-3246.62329102
-3145.03295898
-3430.59301758
-3281.52832031
-3306.97534180
-3182.24169922
-3149.23168945
-69897.75000000
-3208.36059570
-60119.02734375
-3328.03149414
-3385.58837891
-60804.67187500
-3713.28515625
-3090.56127930
-3494.21166992
-3099.99316406
-3640.80102539
-3413.35546875
-3659.39453125
-62280.23046875
-4578.83935547
-5422.92431641
-5347.49023438
-4645.93505859
-5720.90332031
-4991.88232422
-4264.43457031
-7383.86669922
-5677.29345703
-6731.26904297
-5582.54980469
-4127.65429688
-6188.04003906
-5485.21679688
-5732.38916016
-3905.34790039
-62475.65625000
-5410.24462891
-6395.75390625
-5587.03125000
-5826.41210938
-4083.19335938
-3465.76611328
-4792.23437500
-5081.43603516
-6491.73828125
-70247.03125000
-3346.06201172
-70424.86718750
-15558.03320312
-8141.70849609
-4955.08398438
-5299.86181641
-5120.31103516
-3905.85034180
-5102.63720703
-7064.15185547
-7548.81884766
-3156.75952148
-8528.41796875
-10078.71972656
-8675.50390625
-7814.67675781
-11483.49023438
-9428.59570312
-9254.00390625
-57614.26171875
-8251.89648438
-9632.93164062
-10820.11230469
-5686.89306641
-12988.70507812
-57447.67968750
-5253.43066406
-10356.91113281
-62145.57031250
-6254.56933594
-5695.76757812
-11842.25097656
-6112.18066406
-11152.53808594
-59733.68359375
-5696.68994141
-56044.88281250
-6126.71435547
-6405.69726562
-12038.35937500
-10415.22460938
-6697.43505859
-6187.21533203
-5662.26464844
-54886.37890625
-7450.15820312
-4372.18847656
-4377.01757812
-4416.24023438
-4366.94287109
-4414.49853516
-4330.77929688
-6800.79248047
-4300.59521484
-7210.54931641
-4381.39355469
-4314.82080078
-54140.45703125
-4276.93798828
-4338.06640625
-4295.72509766
-4268.30224609
-7142.93896484
-6621.82470703
-5538.41064453
-58739.66406250
-5137.41357422
-6531.25195312
-5927.33447266
-7049.60058594
-3931.99096680
-4827.01660156
-4073.58837891
-4134.10058594
-53837.24218750
-4109.01171875
-4117.28564453
-4125.13818359
-4125.79833984
-4103.80957031
-4113.55908203
-4095.78515625
-4128.73339844
-4121.45263672
-4093.32763672
-4078.34130859
-4082.53076172
-3974.29223633
-54674.85937500
-54257.30078125
-54876.95703125
-3949.13110352
-3920.04443359
-3964.21508789
-3954.96362305
-3906.50732422
-4039.49145508
-3897.39038086
-54478.93750000
-3914.37988281
-3951.01171875
-52350.62109375
-53260.38671875
-3928.76635742
-52913.28125000
-3911.82836914
-3911.52758789
-3911.48803711
-3886.58251953
-3896.03100586
-3862.53881836
-3888.90795898
-3866.40405273
-3894.39233398
-3831.19555664
-52612.92968750
-3873.23901367
-3878.86328125
-3907.78662109
-3935.75781250
-3859.74902344
-3881.15966797
-3880.75366211
-3928.53076172
-3970.72216797
-3930.27929688
-3883.17724609
-3814.24267578
-3820.15454102
-3805.49023438
-50665.38671875
-3807.27148438
-3811.98974609
-52066.02343750
-51049.38281250
-3929.87988281
-4059.62280273
-4013.08203125
-61050.54296875
-3812.53125000
-60132.35546875
-60587.66796875
-4005.72607422
-4062.53784180
-4010.55761719
-3818.18237305
-3905.03881836
-3661.55175781
-3764.36743164
-48160.95703125
-3701.15258789
-3696.84204102
-59526.78125000
-3670.57250977
-3671.49365234
-3667.46020508
-46670.37109375
-3649.34667969
-3643.93286133
-3639.72680664
-3671.84375000
-54702.10546875
-3644.58154297
-3624.41796875
-3608.22265625
-3616.74829102
-3602.83813477
-3596.84106445
-3585.78247070
-3588.83129883
-3765.09863281
-3727.61791992
-46700.26562500
-3569.79345703
-3623.18359375
-3579.84912109
-3567.70483398
-3548.84570312
-3553.53540039
-3549.59033203
-3543.91186523
-3526.66723633
-3525.73266602
-3513.37866211
-3495.77148438
-3512.51953125
-3501.63232422
-3511.76318359
-3494.13598633
-3492.57495117
-3468.95483398
-3479.38330078
-3456.16845703
-3464.23095703
-3441.76269531
-3456.46166992
-50195.37890625
-3151.82153320
-3465.33715820
-3453.61059570
-3445.90063477
-3440.31665039
-3478.20190430
-3435.57128906
-3439.60961914
-3427.72094727
-3433.09521484
-3449.44067383
-3590.41870117
-3564.71069336
-137807.67187500
-4052.81665039
-3953.89257812
-4078.51171875
-4027.07592773
-3333.33251953
-3561.70581055
-3393.82397461
-3059.91796875
-4296.82666016
-4745.85791016
-3540.67846680
-4282.91699219
-4522.27539062
-4024.01025391
-3369.12402344
-123597.00000000
-4978.55712891
-3436.29833984
-80116.13281250
-3521.94360352
-3262.76538086
-4556.86474609
-5470.57617188
-85738.90625000
-5366.41894531
-5623.32812500
-3469.52099609
-5626.18017578
-63625.83593750
-5729.83593750
-5906.59814453
-5743.61621094
-5695.59912109
-4668.02294922
-5815.61767578
-50002.34375000
-6076.24902344
-3407.24169922
-5557.46240234
-5704.95117188
-6265.47998047
-5989.30078125
-5172.23144531
-5615.95263672
-6454.41748047
-5437.91943359
-5966.39111328
-5761.35400391
-6109.32666016
-5807.37890625
-3453.38647461
-86520.08593750
-6964.90771484
-6396.47021484
-6470.85791016
-66526.80468750
-3329.65747070
-6499.84619141
-6615.80859375
-6713.61425781
-7615.10595703
-5288.33984375
-66153.01562500
-5869.56640625
-74900.60937500
-3760.61401367
-3935.29956055
-3796.62377930
-87590.55468750
-5200.41406250
-6534.38476562
-4015.49682617
-4819.02392578
-7093.85205078
-5603.56396484
-63686.38671875
-4028.75000000
-7142.39843750
-84076.15625000
-6034.07861328
-4672.19824219
-3762.37817383
-3806.39819336
-99554.30468750
-4874.90136719
-6522.12646484
-5364.78466797
-3855.21557617
-3920.07836914
-4950.28857422
-5117.10058594
-6238.98437500
-4090.38281250
-3831.72143555
-3748.71166992
-3857.50390625
-102609.39843750
-3873.95068359
-3841.18261719
-68086.32812500
-3905.04003906
-3967.52416992
-3937.32250977
-3858.37109375
-3866.46289062
-3880.03198242
-3936.29541016
-4175.08447266
-4437.27734375
-3913.28808594
-3934.87963867
-3938.90771484
-3969.06469727
-75762.61718750
-3962.22729492
-75644.88281250
-3908.27758789
-3992.78344727
-3825.23120117
-3904.72705078
-3936.14941406
-3937.41088867
-4315.42919922
-4200.93164062
-93290.27343750
-3932.79174805
-3943.80151367
-81334.00781250
-3851.61987305
-4038.28369141
-4021.55761719
-3984.93750000
-4004.46777344
-4045.97021484
-3762.62255859
-4243.26416016
-4013.82275391
-4057.00585938
-3890.76782227
-3810.30859375
-3823.39868164
-3838.90722656
-79390.35156250
-3820.37573242
-3840.14672852
-3747.89721680
-3882.65429688
-3685.72290039
-3958.17163086
-3806.86108398
-3735.35961914
-3807.66992188
-3745.10058594
-3927.05322266
-3627.31665039
-3871.58984375
-3877.91015625
-3754.66406250
-3736.88964844
-3712.95581055
-71275.48437500
-3744.68750000
-76486.50781250
-3853.80981445
-102876.60156250
-3801.77270508
-3985.35107422
-3762.06225586
-3821.97851562
-3665.95654297
-3636.81201172
-3733.75952148
-4075.77856445
-4006.64355469
-3615.00146484
-3833.76098633
-3873.90771484
-96887.60937500
-4058.13549805
-4034.92553711
-4010.69409180
-3937.16430664
-3767.48608398
-101022.11718750
-3860.72583008
-3636.95263672
-3709.57788086
-3747.68896484
-3818.50537109
-3701.13378906
-3731.16040039
-3672.54370117
-3919.78295898
-3579.10815430
-3567.16015625
-3477.79736328
-3512.49389648
-3817.31347656
-3800.34570312
-3736.09423828
-3548.81396484
-3508.37036133
-3863.50878906
-3658.27832031
-101174.09375000
-4015.63964844
-3978.85668945
-4037.89965820
-3824.84155273
-3940.63964844
-110177.79687500
-3827.25024414
-4051.86303711
-4031.62475586
-96330.35156250
-3795.11840820
-4025.03295898
-4086.58447266
-3720.28662109
-3923.28442383
-146014.67187500
-4088.46533203
-85311.17968750
-4231.28125000
-3801.10546875
-3996.28710938
-107718.21875000
-4170.50048828
-4174.89697266
-4115.73339844
-4324.29638672
-4244.64453125
-4335.84082031
-4328.77441406
-3865.28710938
-3742.69750977
-4147.96923828
-3909.84277344
-110659.24218750
-4460.47949219
-4075.49926758
-4322.28076172
-4100.23144531
-4100.15478516
-4339.94873047
-4104.68505859
-4237.08007812
-4374.24658203
-97334.00000000
-4529.92968750
-4328.73730469
-3925.18774414
-4679.69238281
-4662.25683594
-4185.08154297
-4273.38720703
-4470.01660156
-4153.60839844
-4660.95751953
-4234.67724609
-4065.64843750
-4728.05761719
-4806.97753906
-4530.83398438
-3888.71093750
-86109.31250000
-3898.56347656
-5964.65283203
-4142.30419922
-4074.06787109
-4451.13330078
-5561.37451172
-3977.52124023
-4085.92211914
-6575.66406250
-4429.66406250
-5029.36816406
-3971.07177734
-5109.91894531
-5238.79980469
-3860.26391602
-5386.82177734
-6851.89355469
-4065.91430664
-5635.16503906
-5530.78417969
-4589.11328125
-4413.55517578
-4654.76953125
-3993.72802734
-151612.28125000
-4102.40185547
-4226.30273438
-4323.29443359
-4290.68017578
-4424.68212891
-4895.48535156
-190652.76562500
-4933.23925781
-181934.23437500
-4268.30175781
-5347.14648438
-5656.23046875
-6178.94726562
-5408.66894531
-5973.24121094
-4927.07568359
-6443.20605469
-6702.75195312
-170295.84375000
-6983.41308594
-7063.01562500
-5251.38427734
-6866.82958984
-5806.97949219
-202138.35937500
-6562.27832031
-7198.51220703
-6686.68701172
-6376.58642578
-5472.52148438
-7314.90966797
-7652.20947266
-7625.31054688
-7378.38818359
-4733.34277344
-7859.76513672
-7019.32910156
-9157.92285156
-7650.77929688
-6242.24072266
-7449.49902344
-6014.99707031
-9592.98339844
-8261.87500000
-8708.70117188
-4657.87695312
-5505.46191406
-7187.25390625
-7354.27636719
-7110.47119141
-127287.56250000
-7986.69238281
-7556.62402344
-138044.57812500
-7527.61132812
-8047.93701172
-4531.44433594
-6851.24511719
-10186.68847656
-10435.86914062
-7123.79492188
-11302.95410156
-134460.35937500
-14002.78808594
-12780.10156250
-9072.45800781
-16336.77832031
-21207.52929688
-27366.09960938
-32462.59960938
-14869.98144531
-15303.18164062
-31622.51171875
-9147.51953125
-8315.23437500
-18839.25585938
-27130.13671875
-9731.33300781
-9039.17675781
-11880.70605469
-19784.27929688
-7391.98876953
-8069.89404297
-9961.86718750
-150719.89062500
-10923.71875000
-10697.70312500
-11017.69824219
-10167.00390625
-9951.22460938
-117330.77343750
-13258.22070312
-13176.32519531
-10669.61035156
-145045.54687500
-9187.56445312
-8928.25976562
-233879.81250000
-9576.35156250
-8197.24804688
-9976.31445312
-11472.23925781
-9306.34667969
-12965.14746094
-12877.33593750
-13316.61425781
-11957.78125000
-11954.31933594
-11849.08398438
-9618.17480469
-12125.54199219
-14445.77343750
-11710.21191406
-6151.17236328
-9757.69824219
-5658.81787109
-5674.27441406
-5854.94580078
-5824.33447266
-5750.06542969
-5817.31787109
-143531.25000000
-5819.43798828
-5843.10107422
-5845.79687500
-17752.21875000
-133663.59375000
-6002.04589844
-5869.99560547
-5902.73828125
-5875.80908203
-5912.87353516
-16758.57421875
-6022.54785156
-6071.84277344
-6056.35205078
-6059.12451172
-112893.92968750
-6106.21093750
-6107.48876953
-16909.90820312
-6057.89794922
-6149.24951172
-6290.30371094
-6244.34130859
-143239.64062500
-6596.42187500
-6418.24218750
-6529.12500000
-6576.33154297
-6678.63916016
-6681.14208984
-6772.58740234
-6771.73828125
-6838.54101562
-6876.19287109
-7588.49560547
-7328.50244141
-6876.77880859
-7732.69580078
-7044.27294922
-170663.10937500
-7351.65625000
-7779.88671875
-7545.24511719
-124052.30468750
-8441.75585938
-8204.30468750
-7428.64599609
-145673.64062500
-9129.78710938
-136731.50000000
-7952.33398438
-9995.50878906
-9488.53320312
-219114.68750000
-10312.07519531
-8965.73144531
-8334.81250000
-9023.12695312
-9190.06347656
-9389.70214844
-8701.07128906
-12025.25976562
-11769.11914062
-9408.13378906
-13335.95410156
-13243.21093750
-14000.00878906
-14041.01269531
-9122.90625000
-13848.93457031
-12274.22167969
-13010.81542969
-11057.50292969
-10971.39062500
-13932.95800781
-15514.23632812
-15273.12988281
-222411.10937500
-9506.51757812
-15415.71777344
-7517.73339844
-7642.93945312
-17649.59960938
-17332.30859375
-12386.18750000
-16002.95312500
-17692.61132812
-18318.45703125
-17541.93359375
-16617.80468750
-16663.63281250
-17381.96484375
-192991.42187500
-15964.55273438
-157913.15625000
-10865.25683594
-11480.90234375
-15575.22949219
-13505.06542969
-18207.06835938
-18766.85937500
-14193.76074219
-17012.69140625
-145489.75000000
-8910.93066406
-133401.54687500
-13702.94140625
-15282.96386719
-148004.76562500
-15351.81250000
-19590.42578125
-125492.34375000
-12117.39941406
-18321.20117188
-16991.62890625
-13495.33300781
-17957.64257812
-12525.14062500
-12449.11425781
-8841.13281250
-9000.65429688
-11564.83886719
-17586.71093750
-17557.38085938
-9637.75292969
-9322.72558594
-8323.24804688
-8245.29492188
-10015.06933594
-10272.65820312
-9115.08300781
-8192.06445312
-9393.26855469
-8826.31640625
-8493.52148438
-9290.36230469
-7813.54248047
-8348.16210938
-8934.57910156
-8810.27343750
-8192.59472656
-8040.20996094
-8339.32617188
-11251.91308594
-11691.47363281
-10177.28125000
-9741.12207031
-8020.93066406
-11483.91601562
-7800.29150391
-10188.67382812
-10971.45312500
-124621.43750000
-121971.17187500
-11526.89062500
-11637.38671875
-13164.07421875
-8616.81054688
-9281.40136719
-13649.56250000
-177119.93750000
-9812.78125000
-8769.99902344
-9558.12695312
-9231.15332031
-10557.46386719
-10229.06250000
-138647.17187500
-9251.08691406
-15615.98632812
-8211.59667969
-9333.38867188
-13359.69824219
-9019.90820312
-10056.98828125
-13087.55078125
-14379.80566406
-141121.90625000
-9116.63476562
-14161.46875000
-9224.20117188
-8797.50390625
-8854.80957031
-6968.60205078
-192506.67187500
-6779.47070312
-6720.26269531
-231196.79687500
-6624.99804688
-6743.40722656
-7049.84765625
-6949.00878906
-6856.28417969
-6642.22412109
-6534.73681641
-9824.62109375
-6486.26416016
-6663.69433594
-14535.91796875
-6659.23583984
-6777.28564453
-6631.70751953
-6652.83349609
-6859.89404297
-6820.26904297
-6835.67089844
-6844.84814453
-6933.31201172
-6990.94531250
-194744.07812500
-6229.52587891
-6375.30029297
-7095.56494141
-6575.08496094
-6238.47802734
-6917.18359375
-7040.83203125
-6381.24560547
-6711.71386719
-7328.12841797
-6645.65234375
-6177.15917969
-7542.54003906
-236880.96875000
-256177.56250000
-6946.22705078
-7901.21533203
-6232.97998047
-186014.48437500
-7149.20800781
-6972.58007812
-6465.12939453
-6722.05175781
-9402.84960938
-6142.78417969
-258808.42187500
-7746.37207031
-6175.77978516
-158794.85937500
-10042.00976562
-16244.70703125
-191437.40625000
-14091.50292969
-16369.79003906
-13530.92773438
-16177.16796875
-8826.44335938
-17645.64453125
-16308.24121094
-11547.54101562
-10650.58300781
-10125.81640625
-9154.25195312
-10205.17187500
-9082.45605469
-7435.19335938
-11179.37109375
-8001.25390625
-8934.89062500
-8521.50683594
-11494.91015625
-10901.16015625
-11161.96582031
-11521.23242188
-211426.39062500
-10465.52148438
-9502.29492188
-7804.71435547
-10893.55957031
-11076.63964844
-13777.75000000
-13851.17675781
-13195.13769531
-13030.61328125
-12260.02441406
-12724.44628906
-10343.02343750
-12663.61328125
-9564.78613281
-11561.21484375
-9550.07714844
-9576.82714844
-7449.40234375
-10142.22167969
-9473.36816406
-9226.93945312
-12199.44726562
-16532.94921875
-12482.41015625
-12421.34667969
-16140.41406250
-11058.34765625
-14589.14355469
-16596.07812500
-11514.09375000
-8057.95019531
-12102.81347656
-12671.31835938
-9729.21875000
-9991.72363281
-13534.20605469
-260840.20312500
-17710.36328125
-8109.64599609
-8272.04687500
-278265.15625000
-10142.67968750
-9610.53613281
-7703.02734375
-11763.94042969
-9580.76171875
-11137.89648438
-10641.23828125
-10166.57324219
-6042.90478516
-6059.00488281
-6234.79882812
-6265.78076172
-6331.23144531
-241006.98437500
-6530.01464844
-259969.50000000
-6244.24609375
-6736.78417969
-6294.86132812
-6498.88134766
-262688.56250000
-6657.69042969
-6335.89746094
-6334.60937500
-6425.82324219
-6585.87792969
-6743.23193359
-6711.76074219
-6771.21630859
-6765.18408203
-6865.33544922
-6811.28320312
-7105.91015625
-8045.21337891
-7241.83496094
-7264.14062500
-7377.20458984
-7421.92529297
-7576.53515625
-7695.21923828
-7464.72998047
-245772.73437500
-7562.50439453
-306425.03125000
-9044.74414062
-8672.49902344
-8756.16894531
-8687.94824219
-289216.78125000
-9199.63574219
-8615.45312500
-9561.34863281
-8806.78320312
-10249.81542969
-9138.12011719
-8493.70312500
-8545.80273438
-8120.41845703
-9080.61816406
-9346.32421875
-8585.34667969
-9823.28222656
-9655.35253906
-9180.30859375
-12333.45312500
-10688.13867188
-8383.96972656
-9010.13574219
-8841.28417969
-11158.44238281
