-1235.61061748
-1409.95748112
-1488.70036492
-1501.70723822
-1501.92295928
-1500.46879293
-1490.39218391
-1462.40053065
-1482.41235618
-1496.05657271
-1473.68651825
-1480.21194750
-1478.72294964
-1450.76691379
-1458.68027012
-1456.86252512
-1433.23073947
-1437.06756595
-1439.88498765
-1446.16230741
-1455.05940274
-1460.70369942
-1455.94945095
-1460.96282002
-1461.72711922
-1450.03042119
-1455.15402172
-1436.58700232
-1430.53403380
-1422.25510750
-1424.32348524
-1430.57805339
-1415.30728014
-1418.61735608
-1408.97049877
-1412.16854138
-1406.89105820
-1412.81394122
-1409.41364074
-1406.78148483
-1412.18599914
-1417.89757694
-1423.21325883
-1428.25697137
-1418.31305917
-1416.56898041
-1421.60355396
-1416.79531243
-1413.00800029
-1409.78919758
-1414.39093268
-1416.58852076
-1415.64739371
-1406.86798888
-1400.62471663
-1404.90725608
-1405.66358553
-1400.02211982
-1403.87237247
-1407.99912516
-1407.37419703
-1409.06949615
-1404.86071271
-1406.44455305
-1406.66617736
-1410.23838697
-1413.25857803
-1416.45460817
-1418.56131356
-1419.73109476
-1410.07236979
-1408.84884926
-1410.98345763
-1408.42877941
-1409.15252871
-1402.80348235
-1401.16726690
-1398.45387201
-1400.46048409
-1401.78866893
-1402.55418988
-1405.41183286
-1403.34281979
-1403.73993662
-1401.55764374
-1403.70706128
-1399.87500170
-1401.22420591
-1402.30583508
-1404.53017606
-1405.52395206
-1401.65154225
-1402.61264369
-1398.36080919
-1397.98183576
-1398.79091804
-1400.56890126
-1400.45578784
-1401.36604814
-1402.78603679
-1404.09646940
-1406.14667931
-1407.01619387
-1406.84405845
-1408.34832765
-1409.77087594
-1408.25411311
-1407.52099630
-1408.93111492
-1410.95522007
-1409.54724805
-1408.54048488
-1409.32212215
-1411.05063234
-1413.04294671
-1415.07972101
-1416.39032344
-1413.95272248
-1415.76329691
-1416.55560900
-1417.32941222
-1417.61271327
-1417.85169776
-1420.60691690
-1418.07996189
-1419.06356453
-1419.74871230
-1420.57883955
-1420.01667406
-1419.40751274
-1420.10985739
-1419.15838033
-1417.85802887
-1415.97099247
-1415.55079875
-1416.11191846
-1415.50105320
-1417.11998389
-1416.40438578
-1416.79345714
-1418.28208812
-1416.87209453
-1414.20611616
-1415.05446935
-1415.84905980
-1414.90821965
-1416.47955377
-1413.31915870
-1413.11116157
-1411.44935129
-1409.91236623
-1411.37471337
-1412.30438398
-1412.65591226
-1410.47635085
-1411.07711419
-1409.83982635
-1410.95557973
-1411.89136142
-1409.06618373
-1408.85464847
-1409.99345576
-1409.31436961
-1409.00073835
-1410.36138117
-1411.80437515
-1412.37764821
-1413.57036896
-1414.41475340
-1415.50236052
-1415.92245698
-1416.95423940
-1416.33472862
-1416.33681731
-1414.97099250
-1415.37024434
-1416.67041039
-1417.82350804
-1418.33069917
-1418.75431157
-1416.56787614
-1414.72349258
-1415.13753809
-1413.86141713
-1413.51007085
-1413.26367841
-1412.62768739
-1413.00749299
-1414.20054580
-1415.27934767
-1415.69276289
-1413.88131519
-1415.10711312
-1415.69274473
-1414.46148922
-1414.90835848
-1415.87243181
-1415.13111445
-1414.71336888
-1414.83857219
-1415.68401274
-1414.78040912
-1414.35304592
-1414.27080050
-1414.65101257
-1412.41539923
-1411.84966894
-1409.68169337
-1410.63645404
-1411.78335259
-1412.92783067
-1413.34249215
-1414.46576992
-1414.85417938
-1414.48471238
-1413.11344920
-1414.09417876
-1415.15288355
-1415.62653395
-1416.49371279
-1416.90112220
-1414.78410237
-1415.82132654
-1412.71714727
-1413.69036038
-1411.96677604
-1411.93677542
-1412.99385577
-1413.31463669
-1413.55259465
-1413.88006315
-1414.88281627
-1415.89764761
-1416.83217222
-1417.55797073
-1416.06138851
-1416.73929628
-1417.24382637
-1416.24342503
-1416.53232106
-1416.11107730
-1416.23911711
-1416.62390352
-1417.06546315
-1416.44136704
-1417.06010841
-1416.13241486
-1416.57034927
-1417.51151654
-1417.27596986
-1417.70573345
-1418.38576300
-1419.22773606
-1419.50928990
-1418.88541293
-1419.42176688
-1420.16347056
-1420.51708961
-1420.96493727
-1418.26963563
-1416.52109905
-1417.35782140
-1415.53853159
-1415.86736396
-1416.69078807
-1417.17681888
-1417.62943008
-1417.20899841
-1416.89487797
-1417.00808971
-1417.82073356
-1418.24084824
-1418.61760220
-1419.44208433
-1419.76122811
-1420.04587649
-1420.80679933
-1421.04897761
-1419.35259134
-1419.84975816
-1420.05972469
-1418.49289174
-1418.29995959
-1418.21959794
-1419.03843072
-1419.29458266
-1417.62215318
-1418.43757642
-1419.20947841
-1419.96128194
-1420.73661641
-1420.62866368
-1421.35517898
-1422.08706863
-1421.68748528
-1420.83084364
-1421.11479665
-1421.37988517
-1422.09253119
-1420.96332847
-1421.59675246
-1422.25373135
-1422.74874095
-1423.13896778
-1423.87353274
-1423.90193665
-1422.37823073
-1423.01799541
-1423.68653783
-1423.98829222
-1424.12163306
-1423.66474594
-1424.07647208
-1424.29119556
-1425.01948790
-1425.72385086
-1425.49213140
-1423.27232188
-1423.91291786
-1424.15657316
-1421.96263738
-1421.74637336
-1420.95255536
-1419.88052671
-1420.13131575
-1419.55692913
-1419.99299634
-1420.37214343
-1419.22614020
-1418.75904008
-1419.28575284
-1418.63624725
-1419.27668253
-1419.41431674
-1419.62248126
-1419.66636305
-1420.20744122
-1420.42499899
-1419.37203450
-1419.68224915
-1418.93610145
-1418.42731060
-1417.06165599
-1417.60916814
-1418.20443736
-1418.23404513
-1418.79651255
-1417.05263692
-1416.09885325
-1416.30688461
-1416.86805110
-1416.52418170
-1417.05341519
-1415.73102688
-1415.25719770
-1415.52868215
-1415.59651572
-1415.94036519
-1415.27532854
-1414.74683046
-1414.87441336
-1414.70707697
-1413.79284692
-1413.27128176
-1412.65115943
-1413.03298644
-1413.23225760
-1413.43949249
-1412.87049902
-1412.66055794
-1413.29004624
-1413.34536360
-1413.02465680
-1413.63950803
-1412.71466421
-1412.01532728
-1411.63998350
-1411.95730107
-1411.12663606
-1411.19123380
-1412.12515768
-1412.93751036
-1414.11247205
-1415.11564670
-1415.21419773
-1415.46973547
-1415.47190175
-1414.90572248
-1415.29206425
-1415.40834104
-1415.55160619
-1414.78670768
-1414.06323157
-1414.23101430
-1413.57644139
-1413.32947970
-1412.86829177
-1413.22392874
-1413.54539281
-1412.45295401
-1411.60728296
-1411.72475938
-1411.92654476
-1411.26496295
-1411.15967696
-1411.31806999
-1411.22153107
-1410.82055488
-1410.91413400
-1410.94363871
-1410.08617458
-1409.69231259
-1409.84655281
-1409.28222956
-1409.48632102
-1408.94349431
-1408.48301906
-1407.44294372
-1407.47318162
-1407.60805824
-1407.72790016
-1408.34819603
-1408.11431003
-1408.36520248
-1409.12232805
-1408.76185053
-1408.25479007
-1408.70429311
-1408.23361462
-1408.61569499
-1408.39678029
-1408.77162787
-1409.07049108
-1409.09631661
-1408.83272986
-1409.05061853
-1408.63213808
-1408.23170254
-1408.08533383
-1407.41364784
-1406.90557825
-1406.36294007
-1406.24656659
-1406.48285971
-1405.96911076
-1405.57237330
-1405.39602362
-1405.57155327
-1405.07425597
-1405.28633809
-1404.21418733
-1403.68481507
-1403.49894158
-1403.58077371
-1403.24987934
-1403.01760796
-1402.47769722
-1402.26076247
-1401.86394109
-1401.04121632
-1401.24258195
-1401.43370903
-1400.41818250
-1400.67795725
-1400.77524571
-1401.00466600
-1401.37899276
-1401.66879705
-1400.50600757
-1400.88332433
-1400.35177396
-1399.89132925
-1400.24378088
-1400.02565924
-1399.84251422
-1400.46206329
-1400.72430439
-1400.30091231
-1400.12969305
-1400.32415736
-1400.27099239
-1399.65392306
-1399.50781846
-1398.89525558
-1398.74127936
-1397.40926456
-1397.63409976
-1397.15871434
-1397.30956925
-1396.61796903
-1395.55036617
-1395.48399669
-1394.45202551
-1392.89512525
-1392.76021172
-1392.26602119
-1391.80385529
-1392.16490975
-1392.42582939
-1392.86664877
-1393.36162058
-1393.59726597
-1393.87365210
-1393.22608866
-1392.15020262
-1390.87222409
-1390.22129784
-1389.16596459
-1388.59072837
-1388.65627337
-1388.57929448
-1388.96894755
-1388.63682531
-1388.02649710
-1387.98131125
-1388.17273564
-1388.42362853
-1387.73350422
-1386.75706901
-1386.94970023
-1387.18555945
-1386.84873166
-1387.04320289
-1386.40871904
-1385.37312001
-1385.45096200
-1385.74202053
-1385.50771695
-1385.23328243
-1384.63776387
-1384.02045916
-1383.96532510
-1384.30427696
-1384.63101240
-1384.19465809
-1383.93070582
-1383.37613169
-1382.86801380
-1382.33621223
-1382.73563242
-1382.49143799
-1381.69733457
-1380.32571657
-1380.56845099
-1379.97828901
-1380.04643140
-1379.45982507
-1379.54544383
-1379.70035186
-1379.05929060
-1379.29124033
-1378.14788364
-1378.38651755
-1378.76559561
-1378.21214680
-1377.63221162
-1376.90055800
-1375.92638862
-1375.23093055
-1374.58704588
-1374.15192739
-1373.74304705
-1372.87249027
-1373.17748887
-1372.49797477
-1371.62363375
-1370.92526606
-1370.29175570
-1370.50866000
-1369.57599438
-1369.56697183
-1369.60991602
-1369.84357850
-1368.97912898
-1369.19053586
-1368.95131525
-1368.28431660
-1367.55059395
-1367.53305841
-1366.98525070
-1366.91499541
-1367.15347858
-1367.54101669
-1367.85974421
-1366.81309006
-1366.79651836
-1366.48303267
-1365.76483919
-1364.83515240
-1364.00528363
-1364.26026126
-1364.04560629
-1362.99113804
-1362.34981864
-1362.56570523
-1362.72901011
-1361.70457320
-1361.90684235
-1361.44658119
-1361.66933557
-1361.70953513
-1361.16383769
-1360.47563805
-1359.89412905
-1360.10417271
-1360.00684329
-1360.21887510
-1360.35521381
-1360.33032425
-1359.61141540
-1359.28684526
-1358.60283113
-1357.86457579
-1357.38609301
-1356.59975164
-1355.83947537
-1356.06597990
-1355.49129270
-1354.74026163
-1354.95624661
-1354.31159856
-1354.30624295
-1353.59552968
-1353.06333666
-1352.55653340
-1352.13294491
-1351.99695012
-1352.23386962
-1352.09955626
-1351.79479439
-1351.52270879
-1351.24347430
-1350.91638855
-1350.18529793
-1350.45111861
-1349.60529599
-1349.84553652
-1349.88077343
-1349.43559602
-1349.47524961
-1349.62786373
-1349.49450599
-1349.82522711
-1349.55108622
-1349.42680334
-1349.65168596
-1348.92683865
-1349.19924429
-1348.59076290
-1348.29549820
-1348.80918335
-1349.00119510
-1348.38695070
-1347.66458880
-1346.93259624
-1346.02527146
-1345.14137675
-1344.71853686
-1343.96172043
-1343.84385090
-1342.90981866
-1342.80862629
-1343.02084637
-1342.95498898
-1342.53023881
-1342.84095831
-1342.63593420
-1342.84135673
-1342.80179381
-1343.12070378
-1342.63955897
-1342.68853629
-1341.78906536
-1341.38932911
-1340.65035553
-1340.88040307
-1340.11516897
-1339.56912911
-1339.32204279
-1339.26153293
-1339.55588454
-1339.78055619
-1340.01464755
-1340.33870494
-1340.43675889
-1340.64848444
-1340.89348018
-1340.04257283
-1339.45363232
-1338.80051585
-1338.14623395
-1338.04364812
-1337.20011330
-1336.80361309
-1336.60583033
-1336.84644729
-1336.00776721
-1335.66720597
-1335.00104145
-1335.19717752
-1334.36638265
-1334.60528915
-1334.30381988
-1333.67038941
-1333.01769740
-1333.23200774
-1333.37262435
-1332.60262749
-1332.13230015
-1331.65742016
-1331.24483720
-1330.87497005
-1331.28816315
-1330.74425491
-1330.19716248
-1330.33837584
-1330.56339978
-1330.37747226
-1329.57274360
-1329.85564168
-1330.10513713
-1330.38150881
-1329.54835942
-1328.83033556
-1328.71279587
-1328.87275892
-1328.63082778
-1328.11228085
-1327.64315923
-1326.52764422
-1326.84964309
-1326.48978640
-1326.11699703
-1325.61455042
-1324.83012221
-1324.90492801
-1324.95010865
-1324.57329005
-1324.17367948
-1324.09749637
-1324.05038530
-1323.70036134
-1323.61664840
-1323.60331662
-1323.11241627
-1322.18779095
-1321.52725806
-1320.83023428
-1321.08786587
-1320.72916531
-1320.87674625
-1320.72791121
-1320.31663270
-1319.93983543
-1320.18011287
-1319.71654161
-1319.74612570
-1319.34547021
-1319.17282235
-1319.23108245
-1318.83323457
-1319.09664309
-1318.51379052
-1317.61895916
-1317.52406357
-1317.86696724
-1317.75682235
-1317.79684634
-1318.14793822
-1317.79060930
-1317.91592653
-1317.95762987
-1317.29719745
-1316.56952773
-1315.89313335
-1315.54145898
-1315.16684053
-1315.58990768
-1314.84869233
-1314.13427238
-1313.93737579
-1313.22977990
-1313.30763047
-1312.74921998
-1312.04072321
-1311.49195552
-1310.93606450
-1310.48992917
-1310.03422664
-1309.55121344
-1309.10013493
-1308.30983303
-1307.58452445
-1306.84560552
-1306.11105915
-1306.40495271
-1306.39951395
-1306.65181516
-1306.25709772
-1306.38585381
-1306.64599088
-1306.35865119
-1305.52439060
-1305.51402108
-1305.23546186
-1305.23173702
-1304.39678797
-1304.64707455
-1304.12244550
-1304.25983711
-1304.49935754
-1303.66393494
-1302.81362873
-1303.13851694
-1302.82449179
-1303.12411261
-1303.19007977
-1302.87812851
-1302.74039264
-1303.04111100
-1302.46912505
-1301.87776543
-1301.57951785
-1301.29795306
-1301.54130121
-1301.33970895
-1301.71709523
-1301.74349410
-1301.35721754
-1300.93279091
-1300.82821751
-1301.23596599
-1300.56293455
-1300.04978573
-1300.10324081
-1299.56025239
-1298.85947173
-1298.57565152
-1298.49616913
-1298.76733008
-1298.50509798
-1298.24515458
-1298.39744301
-1298.64632097
-1298.23414651
-1297.99030528
-1297.70287160
-1297.60058630
-1297.15718505
-1297.38203665
-1296.96495655
-1297.34626288
-1296.68516305
-1296.91010301
-1296.82084110
-1296.41492824
-1296.13668207
-1296.11724384
-1296.43026874
-1296.67324265
-1297.20768530
-1297.22311881
-1296.95651993
-1296.80735918
-1296.83167259
-1296.08433015
-1296.35425628
-1295.90132899
-1296.10759295
-1295.45599741
-1294.82744918
-1294.35193345
-1293.92902902
-1293.31963961
-1292.92804716
-1292.44890768
-1292.47000566
-1291.99777746
-1291.87547877
-1291.77708357
-1291.18004084
-1290.47863615
-1290.64857110
-1290.19285801
-1290.41717179
-1289.80799673
-1289.20391356
-1288.65064676
-1287.90415908
-1288.17566185
-1287.66502892
-1287.15497783
-1286.54860765
-1285.80070714
-1286.04573278
-1285.29184414
-1284.63987095
-1284.99279929
-1285.07900448
-1285.19602222
-1285.26239884
-1284.62888026
-1284.07367894
-1283.62930432
-1283.63941289
-1283.70331563
-1283.31431061
-1283.43932501
-1283.80762065
-1283.67857033
-1283.82678733
-1284.25537231
-1284.41569227
-1284.18391476
-1283.93718205
-1283.45187649
-1283.70123805
-1283.12516419
-1283.00226051
-1282.78243211
-1282.61503140
-1282.23723684
-1281.88946303
-1282.13854946
-1281.57056554
-1281.00106724
-1281.03542321
-1280.55318916
-1279.97203467
-1279.44491263
-1279.66953187
-1279.54401031
-1279.13179061
-1278.70018185
-1278.78682492
-1279.01775038
-1279.24165716
-1278.68535817
-1278.13279138
-1277.58204060
-1277.65030315
-1277.09088140
-1277.22729395
-1277.24472667
-1277.48447564
-1277.56173864
-1277.01969559
-1276.67408111
-1276.27543803
-1276.03251784
-1275.74170308
-1275.50048180
-1275.37335510
-1275.41248431
-1275.30527462
-1274.77045354
-1274.35577060
-1273.80194513
-1273.70187792
-1273.93109732
-1273.39375564
-1273.66910662
-1273.93861040
-1274.22173146
-1273.99868538
-1273.59054717
-1273.21362512
-1273.42884412
-1272.97086435
-1272.89491948
-1272.67071067
-1272.91051708
-1272.98955896
-1273.10260470
-1272.92100626
-1272.50304702
-1272.10588771
-1272.35062575
-1271.83080099
-1271.30708023
-1270.77226325
-1271.04141880
-1270.99150884
-1271.06973890
-1271.00952848
-1270.61407949
-1270.60780112
-1270.82456372
-1270.75004419
-1270.18247114
-1269.67280451
-1269.65290626
-1269.94194483
-1269.41038441
-1268.89159988
-1269.12910646
-1268.92476043
-1269.20932022
-1269.03063993
-1268.81275675
-1268.62112691
-1268.95573871
-1268.77011120
-1268.82242177
-1268.72512509
-1268.82445536
-1268.50645536
-1268.76969894
-1268.56097173
-1268.86484665
-1269.07982856
-1269.12844274
-1269.15161706
-1268.83709046
-1269.07979154
-1268.98181694
-1269.19142072
-1268.99401291
-1268.93570744
-1269.16172723
-1268.95270928
-1268.96830249
-1269.18703725
-1268.64404891
-1268.96531256
-1268.90344685
-1268.47878885
-1268.23005450
-1268.32367792
-1268.01840129
-1267.52036528
-1267.42351713
-1267.19678553
-1267.30644001
-1267.25016445
-1267.61253468
-1267.91685683
-1268.03810790
-1267.42727433
-1267.08438409
-1266.88566543
-1267.24418328
-1266.93212591
-1266.40598910
-1266.68508146
-1266.38945902
-1266.40178129
-1266.67313454
-1266.92067625
-1266.62025130
-1266.91326362
-1266.54648541
-1266.59986045
-1266.11140051
-1266.24228018
-1266.48970337
-1266.51386002
-1266.72652797
-1266.42732341
-1265.95865745
-1265.60604012
-1265.24102432
-1265.44789739
-1265.22064339
-1264.99362856
-1265.20992333
-1265.00072892
-1264.92627209
-1264.82935860
-1264.82731724
-1265.03697173
-1264.82859547
-1264.94308037
-1264.74067418
-1265.05186653
-1264.96087432
-1265.27923586
-1265.41163067
-1265.21515216
-1265.53623299
-1265.18315909
-1264.99252418
-1264.63823615
-1264.68520965
-1264.43401088
-1264.28786203
-1264.17661156
-1264.10443169
-1263.98238133
-1264.23867078
-1264.50365271
-1264.58967807
-1264.27651594
-1264.24168697
-1264.13769534
-1264.69184064
-1265.07145428
-1264.89130329
-1265.26476932
-1265.33405044
-1265.72458171
-1265.16040944
-1265.53778569
-1265.44513928
-1265.25688015
-1265.07114383
-1264.71125583
-1264.48804089
-1264.24946406
-1263.96944241
-1263.74842779
-1263.58586531
-1263.73907748
-1263.55899720
-1263.20970053
-1262.82746180
-1262.60924096
-1262.51359791
-1262.68647656
-1262.72482205
-1262.38850991
-1262.63484797
-1262.30509457
-1261.97795715
-1261.64483191
-1261.77969359
-1261.49867480
-1261.32074564
-1260.84791222
-1260.57841292
-1260.51662073
-1260.24311541
-1259.91205212
-1259.58837135
-1259.83130203
-1259.85697206
-1259.41300787
-1259.65684238
-1259.38225728
-1259.60781284
-1259.17015938
-1259.09883710
-1258.76139376
-1258.48187785
-1258.63863722
-1258.50106034
-1258.69709192
-1258.80647313
-1258.46189914
-1258.02552990
-1257.65363483
-1257.83236886
-1257.67528439
-1257.81753337
-1258.08967658
-1257.65162767
-1257.21169881
-1257.43014661
-1257.31399307
-1256.88415397
-1256.34965606
-1255.89917514
-1255.64661427
-1255.82984281
-1255.57522336
-1255.62668245
-1255.96005789
-1255.61335288
-1255.87603986
-1255.52839399
-1255.72674781
-1255.57633702
-1255.51527341
-1255.24700112
-1254.94200501
-1254.70529393
-1254.90445094
-1255.01014748
-1254.59476210
-1254.58352847
-1254.49146342
-1254.04761342
-1254.31789802
-1253.80052022
-1253.70602954
-1253.29267512
-1252.94337695
-1253.03782727
-1252.68506761
-1252.70032639
-1252.83783230
-1252.66554514
-1252.60586928
-1252.56788385
-1252.70849211
-1252.89362944
-1252.48420615
-1252.22258807
-1252.03227841
-1251.85855178
-1252.07708138
-1252.04882641
-1251.85277161
-1251.43227938
-1251.55743026
-1251.33766859
-1251.59664743
-1251.84197868
-1251.96678712
-1251.95059833
-1251.76734415
-1251.46275763
-1251.15751837
-1250.84164017
-1250.36123196
-1250.05262477
-1250.03513664
-1250.22740245
-1249.92738451
-1249.50627970
-1249.08815680
-1249.36028412
-1249.59682096
-1249.81456716
-1249.92015500
-1249.92525591
-1250.14959472
-1250.35375000
-1249.97227970
-1250.28344129
-1250.55638575
-1250.50621826
-1250.10318285
-1250.09957760
-1250.31396530
-1250.38473279
-1250.10730723
-1249.94313103
-1250.27173645
-1250.37382367
-1250.61098950
-1250.19116025
-1250.23394810
-1249.99965650
-1249.83203805
-1249.53131150
-1249.04217457
-1249.03354453
-1249.23171962
-1248.96085687
-1248.64795485
-1248.25174203
-1248.18121729
-1248.16632057
-1248.40752552
-1247.99411480
-1247.53450293
-1247.69733302
-1247.61043936
-1247.45842653
-1247.05784048
-1246.56533282
-1246.07813017
-1246.18794941
-1245.98908266
-1246.16121122
-1246.32353879
-1246.35823169
-1246.60144787
-1246.93059945
-1247.30666233
-1247.14272132
-1246.81845626
-1247.07405361
-1246.91276317
-1246.51140292
-1246.47204012
-1246.68563220
-1246.80888287
-1246.57319839
-1246.43261529
-1246.36170244
-1245.97527698
-1245.59035540
-1245.30599633
-1244.89878825
-1244.50351375
-1244.27191411
-1244.46342617
-1244.07487695
-1243.76460378
-1243.61600287
-1243.91795461
-1243.64639570
-1243.17424776
-1243.24158913
-1243.48880024
-1243.55057228
-1243.72910526
-1243.25968911
-1242.80137616
-1242.89385021
-1243.02705337
-1243.12252054
-1243.29049828
-1242.84191402
-1242.37344114
-1242.19631985
-1242.40721438
-1242.13497197
-1241.86018199
-1241.81905960
-1241.87801557
-1241.97839767
-1241.80166689
-1241.53027968
-1241.23854601
-1241.43697632
-1240.99050898
-1240.79840469
-1240.95419047
-1240.58954431
-1240.69293326
-1240.32716017
-1239.94648945
-1239.72171857
-1239.99506039
-1239.85970424
-1239.91772590
-1239.76071045
-1239.76185703
-1239.54820848
-1239.78060629
-1239.55446819
-1239.83532641
-1239.71614295
-1239.25803169
-1239.43481376
-1239.39113883
-1239.25955870
-1239.45772442
-1239.60652112
-1239.78030067
-1240.07511120
-1240.28768778
-1240.13080401
-1240.31630985
-1240.29620865
-1239.92885211
-1240.11089770
-1240.07314095
-1239.93611149
-1239.58220873
-1239.42273986
-1239.09361511
-1239.20693280
-1238.83951400
-1238.97440110
-1238.61572455
-1238.74419177
-1238.53250321
-1238.72507061
-1238.59028094
-1238.29507967
-1238.06180808
-1237.69814878
-1237.89664910
-1237.66122858
-1237.84845308
-1237.90733496
-1237.86559284
-1237.51878656
-1237.24392265
-1236.93268610
-1236.67182274
-1236.62675437
-1236.28360527
-1236.39036952
-1236.18478680
-1236.06885501
-1235.63062982
-1235.30003892
-1235.25866877
-1234.91633689
-1234.68622294
-1234.73561649
-1234.53762732
-1234.62712535
-1234.35894279
-1234.36260919
-1234.45368992
-1234.65510649
-1234.74697723
-1234.88667544
-1235.08407051
-1235.11194330
-1235.22299997
-1235.17521657
-1235.14482438
-1235.38183696
-1235.05584024
-1234.69515719
-1234.79759517
-1234.89072671
-1234.76226806
-1234.91550234
-1234.75747450
-1234.63339698
-1234.63066943
-1234.43187613
-1234.46133662
-1234.10530691
-1233.68249017
-1233.24941000
-1233.05830715
-1233.13730973
-1233.37107509
-1233.50144014
-1233.57812834
-1233.85018343
-1233.80545046
-1233.29735229
-1233.27386753
-1233.21646089
-1233.22483743
-1233.41236501
-1233.28771816
-1233.53607481
-1233.56648533
-1233.54267190
-1233.43302087
-1233.31752258
-1233.63043620
-1233.57076009
-1233.64133379
-1233.81136234
-1233.76388213
-1233.92969813
-1234.07085531
-1234.26359023
-1234.34821834
-1234.21265065
-1234.06867985
-1233.85045942
-1234.04003696
-1234.05586775
-1233.71764371
-1233.84422812
-1233.99549882
-1233.99949914
-1233.75466420
-1233.93793707
-1234.08729823
-1234.10783387
-1234.26699714
-1234.46325540
-1234.53106975
-1234.72056523
-1234.76732563
-1234.73271664
-1234.95103599
-1234.95908901
-1235.23490195
-1235.42764718
-1235.27412579
-1235.06050815
-1235.13259871
-1234.80904472
-1234.54986202
-1234.28062860
-1234.00581124
-1234.20824000
-1234.32352478
-1234.49823464
-1234.53685763
-1234.76754546
-1234.49814784
-1234.75486263
-1234.92888369
-1234.65526546
-1234.73821457
-1234.67910359
-1234.39706405
-1234.22228495
-1234.39951874
-1234.48738841
-1234.45775470
-1234.64896415
-1234.51004518
-1234.66577275
-1234.82115590
-1234.89156575
-1234.87189615
-1235.05642041
-1235.22437677
-1235.27074607
-1235.34688939
-1235.53377414
-1235.49365318
-1235.57431966
-1235.82981413
-1235.56435041
-1235.45370540
-1235.34582842
-1235.18902949
-1235.27254512
-1235.07975814
-1235.16025045
-1235.13199014
-1235.20541914
-1234.81485264
-1234.56624968
-1234.38101584
-1234.11793552
-1233.88943546
-1233.58644414
-1233.35432260
-1233.52172420
-1233.67443239
-1233.64478567
-1233.80974624
-1233.98346553
-1233.84290752
-1233.57514510
-1233.82137815
-1234.04664188
-1234.26247806
-1234.00340276
-1233.62273965
-1233.38731879
-1233.64162482
-1233.66036308
-1233.47696542
-1233.72716890
-1233.80220226
-1233.40635208
-1233.10028623
-1232.79896257
-1232.76468003
-1232.64244933
-1232.33284490
-1232.31499219
-1232.37476727
-1232.15468420
-1231.94257416
-1232.09809829
-1231.96690238
-1232.14897903
-1232.03199077
-1231.88818180
-1231.70247287
-1231.74060487
-1231.78313564
-1231.64849964
-1231.70939540
-1231.37262433
-1231.62976862
-1231.75437015
-1231.88083616
-1232.06253283
-1232.23114492
-1232.39301688
-1232.34334110
-1232.09856592
-1231.95959128
-1232.13046963
-1231.87080323
-1231.87156845
-1231.47563567
-1231.35774023
-1231.46137532
-1231.32578566
-1231.48614320
-1231.26470647
-1231.25419470
-1231.46013169
-1231.19218885
-1231.25814854
-1231.03572298
-1231.20116010
-1231.06160872
-1230.84094673
-1231.01347616
-1231.10942190
-1230.96971626
-1230.75175937
-1230.56064580
-1230.28636373
-1230.36226580
-1230.43233430
-1230.31835164
-1230.02045537
-1229.72024129
-1229.74589564
-1229.78913257
-1229.47098718
-1229.29530600
-1229.19376167
-1229.31504978
-1229.34095179
-1229.24732708
-1229.31377079
-1229.01978475
-1229.20570235
-1229.05645797
-1229.02894482
-1228.72580826
-1228.43116019
-1228.16379280
-1228.28875839
-1228.11482999
-1228.28894878
-1228.44835940
-1228.32092491
-1228.48802594
-1228.11896440
-1227.74830152
-1227.92219856
-1227.79709854
-1227.66618904
-1227.81700680
-1227.65887050
-1227.79013627
-1227.66040582
-1227.71928941
-1227.79565775
-1227.95338058
-1227.80590207
-1227.97478281
-1227.68426468
-1227.85699482
-1228.03423926
-1228.14677872
-1228.01090153
-1227.90443598
-1227.74444157
-1227.58550067
-1227.36795717
-1227.35924616
-1227.50412504
-1227.55292438
-1227.71404490
-1227.58096579
-1227.63533669
-1227.80250216
-1227.63471939
-1227.85415207
-1227.93866419
-1228.15159983
-1228.12228366
-1228.00725339
-1227.87590660
-1228.09874588
-1227.97645896
-1228.20736318
-1228.10697811
-1228.00512894
-1228.22860799
-1228.41172049
-1228.24103706
-1228.03556572
-1227.89496391
-1227.59025887
-1227.62593197
-1227.41749387
-1227.46921848
-1227.25159662
-1227.40663018
-1227.35885826
-1227.44828807
-1227.61437152
-1227.68026956
-1227.83919235
-1227.73778815
-1227.89517945
-1228.00228219
-1227.87867656
-1227.85429581
-1227.65392056
-1227.76532376
-1227.62934477
-1227.68420780
-1227.44754977
-1227.31693828
-1227.12052565
-1227.13635832
-1226.93714793
-1227.07631019
-1226.88230559
-1227.03654557
-1226.91161735
-1226.75014988
-1226.54793576
-1226.25032315
-1226.12312094
-1226.12157989
-1225.99661415
-1225.80092567
-1225.60373175
-1225.73133568
-1225.83538187
-1225.56168222
-1225.63557729
-1225.34154783
-1225.24773231
-1224.92830536
-1224.57262727
-1224.48430033
-1224.61993574
-1224.71516920
-1224.98733159
-1225.12339454
-1225.05373520
-1224.89585327
-1224.86920047
-1224.66113687
-1224.64249833
-1224.64711138
-1224.37074164
-1224.41066094
-1224.44284854
-1224.35768700
-1224.50815684
-1224.34077092
-1224.49355979
-1224.29309182
-1224.28605147
-1224.17432675
-1224.15629732
-1224.03634653
-1223.91605913
-1224.06895864
-1224.25127717
-1224.41092313
-1224.56957162
-1224.58350399
-1224.74422275
-1224.64347797
-1224.61303071
-1224.59784485
-1224.53982868
-1224.70495838
-1224.60417420
-1224.52648536
-1224.59472585
-1224.52629149
-1224.39205220
-1224.56763474
-1224.45502750
-1224.42361349
-1224.26546950
-1224.14277006
-1223.96738629
-1224.04066541
-1224.15022305
-1223.88789120
-1224.08706636
-1223.92554250
-1223.72665132
-1223.56185582
-1223.71153809
-1223.51987663
-1223.21418656
-1223.40846886
-1223.61550941
-1223.41784597
-1223.22776986
-1223.10583012
-1222.99014531
-1222.87697376
-1222.69338272
-1222.68858137
-1222.52500244
-1222.35477892
-1222.23288628
-1222.38931425
-1222.23578674
-1222.38782843
-1222.23425768
-1222.04246734
-1221.83037113
-1221.63890417
-1221.44867819
-1221.45113821
-1221.43730421
-1221.17648539
-1221.40071989
-1221.59644477
-1221.71963439
-1221.52359343
-1221.34833487
-1221.17184849
-1220.98643914
-1220.72372987
-1220.79465897
-1220.86111026
-1220.66184978
-1220.74713573
-1220.52133215
-1220.25279257
-1220.00022302
-1219.73294744
-1219.49896649
-1219.22206142
-1219.37401254
-1219.17459409
-1219.34061512
-1219.42246436
-1219.51015127
-1219.65691238
-1219.82807009
-1219.50292598
-1219.63959217
-1219.73024621
-1219.40606390
-1219.32536552
-1219.43781327
-1219.18494516
-1219.23605947
-1219.40040313
-1219.44249690
-1219.61616925
-1219.82487799
-1219.66923688
-1219.79707486
-1219.93946714
-1220.14484003
-1220.11091909
-1220.23136012
-1220.42397649
-1220.09711875
-1220.12262878
-1220.18827262
-1220.02195876
-1220.18941495
-1220.16442355
-1220.36333625
-1220.18019413
-1220.01382557
-1219.94523251
-1219.61583648
-1219.40132476
-1219.19071951
-1218.87097270
-1218.98274433
-1218.72811051
-1218.71843799
-1218.82474692
-1218.94931787
-1219.07188696
-1219.21607700
-1219.10481208
-1218.99151243
-1218.88989893
-1218.86116741
-1218.84376466
-1218.64817478
-1218.50155237
-1218.40743052
-1218.46447775
-1218.38576303
-1218.39471170
-1218.12508658
-1218.01993775
-1217.91523908
-1217.98504445
-1217.92714341
-1217.95993760
-1218.05013537
-1218.13834690
-1217.95251900
-1217.77457940
-1217.96431169
-1218.05850440
-1217.78911913
-1217.93821184
-1217.62979110
-1217.65531436
-1217.29891948
-1217.48179129
-1217.17437243
-1217.14496215
-1217.29242508
-1217.14750683
-1216.96241122
-1216.73294089
-1216.53854316
-1216.46040092
-1216.59823291
-1216.50326085
-1216.45980680
-1216.32149348
-1216.23181685
-1216.14145346
-1216.02425120
-1215.94397674
-1216.00359343
-1216.15574245
-1216.30899522
-1216.14582403
-1216.29655212
-1216.16195574
-1216.12079388
-1216.07656958
-1216.16610387
-1216.01309790
-1216.15955356
-1216.05217856
-1216.17768257
-1216.32674546
-1216.22189114
-1216.36707654
-1216.34702464
-1216.21292397
-1216.03431526
-1216.23033301
-1216.29688792
-1216.30419402
-1216.40342995
-1216.46283208
-1216.49195200
-1216.45617553
-1216.50642922
-1216.25812938
-1216.01537654
-1215.71244121
-1215.79566942
-1215.77878692
-1215.58970299
-1215.38693114
-1215.18652745
-1215.32819913
-1215.22722909
-1215.10436170
-1215.25353538
-1215.39351585
-1215.52809002
-1215.66841053
-1215.48884414
-1215.30905378
-1215.45065931
-1215.43899575
-1215.54886029
-1215.69540691
-1215.61496517
-1215.66587262
-1215.69859580
-1215.78047527
-1215.77015330
-1215.54967925
-1215.31144336
-1215.08045616
-1215.18437596
-1215.32624332
-1215.46673398
-1215.56259532
-1215.40488953
-1215.53981938
-1215.67288736
-1215.61591596
-1215.36655978
-1215.59116038
-1215.40110899
-1215.33197307
-1215.48118564
-1215.24452966
-1215.39960505
-1215.29658125
-1215.33280964
-1215.38449996
-1215.55220513
-1215.71708953
-1215.54696091
-1215.60328516
-1215.42158672
-1215.18584025
-1215.11558655
-1215.16803618
-1215.02811470
-1214.72526933
-1214.93536931
-1214.91578975
-1215.15189636
-1215.26746977
-1215.07620470
-1214.97315503
-1215.02721768
-1215.02397373
-1215.20059954
-1215.36029348
-1215.12974583
-1215.15088340
-1215.23127908
-1214.93753693
-1214.92657053
-1214.92070181
-1214.99456928
-1214.91996211
-1214.67493049
-1214.54258095
-1214.25584715
-1214.18074321
-1214.23073533
-1214.12779049
-1214.25509199
-1213.95817043
-1213.75394598
-1213.80062678
-1213.95647070
-1213.96567795
-1214.10278429
-1214.08792770
-1214.12562865
-1213.97566954
-1213.77771629
-1213.93361269
-1213.75024832
-1213.52009232
-1213.28803683
-1213.35792303
-1213.40183697
-1213.46414628
-1213.38110059
-1213.14748797
-1212.91947099
-1212.69051194
-1212.67724614
-1212.73063800
-1212.49649857
-1212.20601028
-1212.12139850
-1211.82671709
-1211.59508954
-1211.65237264
-1211.46972624
-1211.65317183
-1211.80478899
-1211.85194043
-1211.99852095
-1211.90139837
-1211.71712779
-1211.91969235
-1212.12157879
-1211.87520730
-1211.58134201
-1211.29158014
-1211.43242740
-1211.09117631
-1211.13970891
-1211.27438917
-1211.37497788
-1211.24981692
-1211.23873620
-1210.95164906
-1211.05648313
-1211.09508090
-1210.75074008
-1210.56641514
-1210.44533104
-1210.44700609
-1210.42998006
-1210.31687687
-1210.01163849
-1210.03269823
-1209.68959007
-1209.56389440
-1209.52436865
-1209.40051812
-1209.05656764
-1209.15604360
-1209.20355509
-1208.83221652
-1208.43038920
-1208.03112255
-1208.08612623
-1208.22339634
-1207.93922345
-1208.03238367
-1208.17389222
-1207.88784432
-1207.66414351
-1207.57791130
-1207.18000277
-1206.77695378
-1206.53087846
-1206.53803621
-1206.48068997
-1206.61853207
-1206.75324860
-1206.85071481
-1206.62438084
-1206.67670283
-1206.66248371
-1206.37379145
-1206.50667576
-1206.26390333
-1206.03437700
-1205.79775951
-1205.51093759
-1205.11604403
-1204.66338647
-1204.73711085
-1204.34210759
-1204.49589480
-1204.15688739
-1204.03417437
-1204.16084777
-1203.82266020
-1203.80431707
-1203.57330960
-1203.39586845
-1203.40222962
-1203.01194912
-1202.61618655
-1202.77127399
-1202.32367955
-1201.82126518
-1201.74048341
-1201.46639452
-1201.46533395
-1201.17263379
-1201.15600944
-1201.29960719
-1200.96626365
-1200.46355503
-1200.34296858
-1200.40989984
-1200.01931685
-1199.51912906
-1199.68764929
-1199.79819861
-1199.81366042
-1199.37763230
-1199.26538693
-1198.81950287
-1198.75929775
-1198.68886326
-1198.79998831
-1198.63084429
-1198.64639274
-1198.58706159
-1198.14729704
-1198.15474099
-1197.93930589
-1197.73167833
-1197.40694713
-1197.07783887
-1196.58382467
-1196.26046806
-1196.06601500
-1196.18410441
-1196.15404938
-1195.95550629
-1195.80594143
-1195.59732526
-1195.27060524
-1195.32576368
-1195.05127326
-1195.12716078
-1195.01051343
-1195.06543748
-1194.89812297
-1194.61537883
-1194.55335037
-1194.59266348
-1194.32840579
-1194.38093638
-1194.49231283
-1194.54403898
-1194.67873618
-1194.81208967
-1194.43551559
-1194.37662510
-1194.43275681
-1194.62611192
-1194.61874398
-1194.29240499
-1193.96986109
-1194.06675727
-1193.69073338
-1193.31516138
-1193.38812717
-1193.01341126
-1193.05688223
-1193.15534615
-1193.09236798
-1192.77014776
-1192.39256571
-1192.38081961
-1192.55633341
-1192.67351805
-1192.74303772
-1192.57878733
-1192.73905776
-1192.62269578
-1192.67063332
-1192.66406438
-1192.23518868
-1192.20310195
-1192.04068602
-1191.81107814
-1191.69163255
-1191.26598804
-1191.40587616
-1191.54115096
-1191.38361207
-1191.45264870
-1191.59165786
-1191.68286332
-1191.77663274
-1191.40344017
-1191.51793421
-1191.14740501
-1190.78046214
-1190.70917903
-1190.87270228
-1190.50322699
-1190.07821302
-1189.60017351
-1189.17540365
-1189.23439970
-1189.07288312
-1188.69459252
-1188.38391284
-1188.57650676
-1188.67337483
-1188.46179646
-1188.65875561
-1188.70065033
-1188.90120070
-1188.74057008
-1188.34660150
-1188.54741322
-1188.38912325
-1188.59134756
-1188.48873686
-1188.60648863
-1188.74984113
-1188.63975320
-1188.71295111
-1188.76880044
-1188.81535292
-1188.95725433
-1188.48393836
-1188.61871461
-1188.15057728
-1188.28728398
-1187.81580485
-1187.40112603
-1186.98299071
-1186.92458172
-1186.56618332
-1186.25984543
-1186.37418238
-1186.50876969
-1186.58207435
-1186.73015793
-1186.26405643
-1186.14538549
-1186.21781861
-1186.39490672
-1186.13523419
-1185.98142192
-1186.09404289
-1186.26329876
-1185.79163077
-1185.69092670
-1185.17186574
-1185.21573060
-1185.24793462
-1185.38293362
-1184.92141607
-1184.90924002
-1184.39282889
-1183.92801030
-1183.46054745
-1183.32834734
-1183.37626556
-1183.17070323
-1182.75920127
-1182.39831248
-1181.94528294
-1182.14572235
-1182.29901499
-1182.45032314
-1181.99312413
-1182.14153968
-1181.83430802
-1181.97360635
-1181.51532884
-1181.16010902
-1180.70057008
-1180.40974273
-1180.06178876
-1180.20216308
-1180.24062665
-1179.77938546
-1179.37562522
-1179.32197976
-1179.22179026
-1178.71000011
-1178.25028568
-1177.79093917
-1177.79994416
-1177.96657188
-1178.05317388
-1177.80072998
-1177.94200831
-1177.58970440
-1177.19215001
-1176.84217712
-1176.90021261
-1177.04324319
-1177.05912943
-1176.60593671
-1176.10096364
-1176.16349915
-1175.66098817
-1175.41314333
-1175.19571943
-1175.40461670
-1175.23278128
-1175.22698340
-1175.27738922
-1175.35350792
-1174.90523789
-1175.01498875
-1175.16626294
-1175.06684079
-1175.20564289
-1175.36721290
-1175.01869248
-1174.57051676
-1174.58804688
-1174.64359185
-1174.78399399
-1174.93042318
-1174.93188451
-1174.47945522
-1174.08085920
-1173.95853960
-1173.45820764
-1172.95835640
-1173.00557145
-1173.14309732
-1173.27678489
-1173.30377980
-1173.43741066
-1173.43964670
-1173.55695522
-1173.74753791
-1173.79964864
-1173.93350385
-1173.48986850
-1172.99331394
-1173.05672115
-1173.19740469
-1173.34412541
-1173.47873228
-1173.61589805
-1173.69497400
-1173.82796525
-1173.48803050
-1173.04200516
-1173.18140670
-1172.68623503
-1172.24244315
-1172.32205526
-1172.47591849
-1172.37855757
-1172.18398127
-1171.69009749
-1171.59538220
-1171.20203924
-1170.76052603
-1170.83750981
-1170.97864675
-1170.48749873
-1170.49676388
-1170.49005371
-1170.40532294
-1170.54881796
-1170.66816026
-1170.60637532
-1170.32609232
-1169.88553609
-1169.87357548
-1169.38531905
-1169.35454295
-1169.29371014
-1168.85560555
-1168.98934006
-1168.79872244
-1168.35864986
-1168.18768647
-1168.32416238
-1168.35895682
-1167.92149161
-1167.83061243
-1167.44954116
-1167.58583427
-1167.64956381
-1167.71748347
-1167.76635384
-1167.75785477
-1167.27626221
-1167.39432987
-1167.34916285
-1167.25921195
-1166.87248860
-1166.44365992
-1165.96877583
-1165.60049316
-1165.38749504
-1165.39444895
-1165.52669615
-1165.42419480
-1165.42102333
-1165.46638144
-1165.65203410
-1165.22768871
-1164.84973734
-1164.98660871
-1165.12339913
-1164.90162115
-1164.92916362
-1164.64782199
-1164.70868066
-1164.82827313
-1164.50297453
-1164.07970369
-1164.23881608
-1164.40117874
-1164.52573001
-1164.19715149
-1163.77206525
-1163.81579416
-1163.58895547
-1163.40354685
-1163.31222444
-1163.41296617
-1163.04083094
-1162.74657972
-1162.42453620
-1162.49046175
-1162.01952763
-1161.69331488
-1161.71340565
-1161.72936382
-1161.86005235
-1161.89682408
-1162.00684986
-1161.58891224
-1161.68203905
-1161.41389240
-1161.30982685
-1161.28223513
-1161.39675869
-1161.53783432
-1161.53717968
-1161.35587801
-1161.37701381
-1161.27294541
-1161.36207598
-1161.07751796
-1161.17385976
-1161.14388377
-1161.24398189
-1161.24573855
-1161.37305282
-1161.41164993
-1161.54466801
-1161.69978422
-1161.75926901
-1161.83810913
-1161.97340642
-1162.03763672
-1162.06053024
-1162.17054433
-1161.94473678
-1162.04457499
-1162.06335466
-1162.21077618
-1162.29565029
-1161.87969345
-1161.55943033
-1161.19280521
-1161.30932002
-1161.42310754
-1161.45320395
-1161.04302912
-1160.77444399
-1160.45838907
-1160.58816538
-1160.37467873
-1160.06284214
-1159.80131359
-1159.39054162
-1159.10601697
-1159.04295399
-1158.81179898
-1158.56619613
-1158.69831864
-1158.76673080
-1158.37765017
-1158.44927227
-1158.49030749
-1158.40322255
-1158.03912740
-1157.88281799
-1157.95813454
-1157.89065960
-1157.90428966
-1158.06874578
-1158.22772138
-1157.91892500
-1157.91619218
-1158.04838074
-1157.78968925
-1157.37911348
-1157.39419857
-1157.41679852
-1157.45300154
-1157.08543576
-1157.08338990
-1157.25326263
-1156.93703529
-1157.02158615
-1157.03536072
-1156.90865810
-1157.14289366
-1157.10550519
-1157.07369113
-1157.00417266
-1156.91234873
-1157.07227662
-1156.77490704
-1156.91404681
-1157.05881134
-1157.22254461
-1157.22952553
-1157.10333908
-1157.11377965
-1157.28392010
-1156.92796398
-1157.08125102
-1157.17601283
-1156.87004113
-1156.97304381
-1157.10180915
-1156.75060088
-1156.49796269
-1156.57345110
-1156.31889213
-1156.04077797
-1155.95966442
-1155.88369350
-1155.57527926
-1155.47092281
-1155.39298818
-1154.99173504
-1154.73004326
-1154.52346724
-1154.60386736
-1154.70605070
-1154.69814047
-1154.73182447
-1154.86667627
-1154.69703254
-1154.69115254
-1154.64648010
-1154.54171155
-1154.39246598
-1154.08566339
-1153.87045932
-1153.93238648
-1153.53642631
-1153.48367110
-1153.08883081
-1152.84028385
-1152.96888357
-1152.67042046
-1152.54726450
-1152.15285253
-1151.80209890
-1151.80413501
-1151.80736930
-1151.86860701
-1151.51941751
-1151.44149641
-1151.54102446
-1151.14143413
-1151.32050414
-1150.92745082
-1150.62503191
-1150.63970624
-1150.80872695
-1150.92471948
-1151.06522119
-1151.19527605
-1150.80333099
-1150.85547846
-1150.81441979
-1150.94225327
-1151.05517093
-1151.21121484
-1151.27381154
-1151.01627292
-1151.04263779
-1150.69420330
-1150.39332542
-1150.05191850
-1150.19830097
-1149.85454452
-1149.55766372
-1149.62868927
-1149.42298072
-1149.63643944
-1149.54417169
-1149.68336333
-1149.59389955
-1149.73864443
-1149.36124463
-1149.28481429
-1148.94426649
-1149.10601489
-1149.25064357
-1148.90585328
-1148.46926366
-1148.61776678
-1148.69418694
-1148.39843893
-1148.14340098
-1147.71133803
-1147.66847324
-1147.58104157
-1147.67377239
-1147.38495741
-1147.52412419
-1147.50630482
-1147.64374456
-1147.29474279
-1147.00150546
-1146.70805719
-1146.70859091
-1146.83711413
-1146.97129145
-1146.58210689
-1146.57294119
-1146.28640979
-1146.09247396
-1145.71385243
-1145.34210406
-1145.34697773
-1145.49600540
-1145.33610970
-1145.33056196
-1144.94490746
-1144.61022559
-1144.22944486
-1143.85175134
-1143.56192897
-1143.31121648
-1142.93357795
-1142.95623588
-1142.83591198
-1142.49664603
-1142.36400965
-1141.98560820
-1141.64887330
-1141.72581021
-1141.80554277
-1141.77604985
-1141.52640067
-1141.14588205
-1141.28698981
-1141.44078405
-1141.49510499
-1141.16057435
-1140.99985811
-1141.04292094
-1141.08442136
-1141.05628435
-1141.06348524
-1140.95309928
-1141.00825602
-1140.67447421
-1140.61735968
-1140.68238606
-1140.39664763
-1140.49134388
-1140.15819138
-1140.11591532
-1140.09065453
-1139.90181777
-1140.02635117
-1140.08922190
-1139.76012560
-1139.52640015
-1139.48273070
-1139.60644270
-1139.41583844
-1139.54713451
-1139.31387188
-1139.07472955
-1139.17975055
-1138.90008924
-1139.01215323
-1138.72895591
-1138.31210547
-1138.15184415
-1137.99496264
-1137.62547016
-1137.20968410
-1136.88476893
-1136.65480835
-1136.70006116
-1136.67389421
-1136.59291134
-1136.31253755
-1136.28731368
-1135.91851213
-1135.54724555
-1135.22525012
-1134.85175390
-1134.91478121
-1135.01436696
-1135.16176429
-1135.13610915
-1134.81061500
-1134.94105066
-1134.82978193
-1134.59626927
-1134.22608086
-1134.27726607
-1134.21420177
-1134.10831770
-1133.87506730
-1133.55466710
-1133.14313496
-1133.17309565
-1132.80650130
-1132.82012099
-1132.98564181
-1132.95987680
-1133.09389812
-1132.86356540
-1132.49811811
-1132.63626690
-1132.36382116
-1132.09103630
-1131.85547723
-1131.57990391
-1131.26032157
-1130.93646655
-1130.58357379
-1130.35147007
-1130.48267562
-1130.48274591
-1130.20690465
-1130.33712567
-1129.97362261
-1129.61217682
-1129.76284872
-1129.40110893
-1129.50377061
-1129.69157704
-1129.79098448
-1129.38346136
-1129.43111953
-1129.44200973
-1129.07842274
-1129.15735412
-1129.28847995
-1129.35306750
-1129.32686904
-1128.96867316
-1128.64931362
-1128.81912240
-1129.00985694
-1128.78896551
-1128.66083530
-1128.53549477
-1128.17895123
-1128.19653786
-1128.13307331
-1128.02703195
-1127.78969732
-1127.56533155
-1127.55148035
-1127.42321968
-1127.33276237
-1127.40069170
-1127.37524311
-1127.16546965
-1127.29601610
-1127.37623488
-1127.39478359
-1127.16947230
-1127.19714075
-1126.97473562
-1127.01440581
-1126.75055008
-1126.55734198
-1126.33724094
-1126.40962730
-1126.48861145
-1126.55423668
-1126.68444984
-1126.75806493
-1126.49111270
-1126.26665246
-1126.28142872
-1126.01927473
-1126.14636445
-1125.97375474
-1125.84175660
-1125.93509931
-1125.80771061
-1125.78709268
-1125.91608187
-1125.78858548
-1125.58451636
-1125.55423694
-1125.37719703
-1125.36814777
-1125.20506614
-1124.99240582
-1124.77139740
-1124.90535460
-1125.00543601
-1124.74362499
-1124.75869099
-1124.45254559
-1124.13410734
-1124.28440873
-1124.02389754
-1123.72050137
-1123.68568069
-1123.84886107
-1123.80828508
-1123.54287678
-1123.51877624
-1123.23569332
-1122.97492529
-1122.67122583
-1122.81811352
-1122.81351835
-1122.94829791
-1122.76522142
-1122.89513517
-1122.66065100
-1122.48726202
-1122.61678173
-1122.60718591
-1122.25973798
-1121.91224032
-1121.64454073
-1121.73912382
-1121.43721061
-1121.51189778
-1121.20646612
-1120.94191020
-1121.09853429
-1121.29442036
-1120.90402433
-1120.88243323
-1121.06693782
-1120.72146793
-1120.85633431
-1120.79597973
-1120.88235716
-1120.57551998
-1120.31652324
-1120.29379841
-1120.32713030
-1119.98134395
-1119.76453039
-1119.58259959
-1119.36529141
-1119.18851893
-1119.11997667
-1118.96386692
-1118.75307860
-1118.69239855
-1118.39205551
-1118.34305320
-1118.04316071
-1118.21782364
-1118.04041892
-1118.19288180
-1117.89095709
-1117.63800691
-1117.38294175
-1117.21175221
-1117.04504759
-1116.87273250
-1116.99911995
-1116.78402716
-1116.90666020
-1117.02245997
-1117.09213841
-1117.11662204
-1116.90660513
-1117.04375234
-1116.79174637
-1116.58175091
-1116.29380442
-1115.99650955
-1116.10903483
-1115.86196497
-1115.93555069
-1115.72617229
-1115.52535387
-1115.54970008
-1115.49281774
-1115.62816679
-1115.61017312
-1115.45017344
-1115.48373850
-1115.56621804
-1115.35840401
-1115.37853862
-1115.36203605
-1115.50337821
-1115.49194899
-1115.51229227
-1115.63789931
-1115.47368031
-1115.26415432
-1115.01076467
-1114.71758895
-1114.80078918
-1114.54573811
-1114.55571613
-1114.71436398
-1114.84294721
-1114.61447012
-1114.61476387
-1114.36227442
-1114.35226825
-1114.10218282
-1113.76722054
-1113.79096614
-1113.73405264
-1113.52487684
-1113.50981044
-1113.42907051
-1113.29116449
-1112.95595800
-1112.57909695
-1112.69230870
-1112.72506143
-1112.73807104
-1112.89176116
-1112.87069036
-1112.97171376
-1112.63818152
-1112.66526630
-1112.33003254
-1111.99757400
-1111.66501082
-1111.33011641
-1111.32416021
-1111.49243497
-1111.66149012
-1111.36642661
-1111.40214286
-1111.06785803
-1110.69380847
-1110.82976534
-1110.94290405
-1111.00920701
-1110.67870658
-1110.80148145
-1110.47088398
-1110.60767330
-1110.73463698
-1110.40173517
-1110.07194275
-1110.20705865
-1110.36988445
-1110.04847182
-1109.88651682
-1109.90742370
-1109.92112923
-1109.58966906
-1109.57150719
-1109.24254360
-1108.99179626
-1108.66209657
-1108.41682763
-1108.08918573
-1107.80310370
-1107.56406511
-1107.50740589
-1107.45513685
-1107.21329833
-1107.25109650
-1107.31036620
-1107.32248662
-1107.25002868
-1106.92471955
-1106.59838334
-1106.71480125
-1106.47638747
-1106.27284466
-1106.38545108
-1106.47550729
-1106.53491490
-1106.33562152
-1106.30727390
-1106.10800946
-1105.86547378
-1105.66487097
-1105.46626457
-1105.26726545
-1104.98663214
-1104.78572708
-1104.86594626
-1104.70134378
-1104.71645303
-1104.78005412
-1104.83584423
-1104.86030553
-1104.88915459
-1104.99130745
-1105.12273993
-1105.08228267
-1105.12945449
-1104.93003389
-1104.92582059
-1104.72429755
-1104.70309117
-1104.54214641
-1104.63534551
-1104.64896506
-1104.41077625
-1104.08873799
-1104.18006908
-1104.16719362
-1103.80435541
-1103.47911952
-1103.50750754
-1103.53171123
-1103.60986160
-1103.64065717
-1103.77025792
-1103.84640650
-1103.60415739
-1103.72938279
-1103.40652483
-1103.08476820
-1102.76389926
-1102.78326200
-1102.91600000
-1102.92986353
-1103.06051583
-1103.18584826
-1103.21768743
-1103.20384323
-1103.22785020
-1103.20455015
-1103.34724032
-1103.37032172
-1103.04939793
-1103.08614703
-1102.76566940
-1102.92580634
-1102.94484380
-1103.03042929
-1102.71059006
-1102.80386849
-1102.85298667
-1102.84043033
-1102.99813150
-1102.67961926
-1102.60077937
-1102.28182234
-1101.96469897
-1102.05448444
-1101.92764300
-1101.60975387
-1101.33044944
-1101.30639225
-1101.45989484
-1101.45538441
-1101.40864023
-1101.21727945
-1100.98204025
-1101.08217414
-1101.21123785
-1101.02108881
-1100.83086407
-1100.92086272
-1100.92730245
-1100.65373858
-1100.41925384
-1100.40534067
-1100.52046753
-1100.53844653
-1100.66415343
-1100.80742181
-1100.57166360
-1100.61662398
-1100.46441290
-1100.39395655
-1100.37787668
-1100.31322838
-1100.16268717
-1100.23021983
-1100.03833021
-1099.84771305
-1099.97334489
-1099.74296592
-1099.50855968
-1099.47144644
-1099.22836670
-1099.35415522
-1099.08026232
-1098.87963595
-1098.90308510
-1098.99698323
-1098.76752762
-1098.70817736
-1098.64124186
-1098.61928527
-1098.50770108
-1098.59993153
-1098.37083402
-1098.13865016
-1098.12718579
-1097.92881331
-1097.73617988
-1097.50666758
-1097.60278612
-1097.34993686
-1097.08120397
-1097.19883278
-1097.34700959
-1097.42075284
-1097.50087911
-1097.18948508
-1096.87777269
-1097.00295529
-1097.07457949
-1097.20632988
-1096.97578730
-1096.74895628
-1096.88176013
-1096.89772611
-1097.01367707
-1096.70298435
-1096.39646840
-1096.08665926
-1096.10937459
-1096.24301687
-1096.26953325
-1096.32726762
-1096.47679004
-1096.17061963
-1096.04984226
-1096.05361110
-1096.09794251
-1096.28188199
-1096.19975109
-1095.93316554
-1096.06237187
-1096.14222632
-1095.79663917
-1095.91927991
-1096.04576855
-1096.17138950
-1095.90839675
-1095.68391462
-1095.78977705
-1095.56511263
-1095.68884305
-1095.71281477
-1095.53401432
-1095.65817657
-1095.39015037
-1095.12199680
-1094.85730777
-1094.55346380
-1094.26098861
-1094.17898518
-1094.30636628
-1094.31042960
-1094.37456982
-1094.07081883
-1094.20218982
-1093.85994882
-1093.58856093
-1093.72676928
-1093.68094817
-1093.82584323
-1093.55812642
-1093.59219662
-1093.67263923
-1093.77220361
-1093.85447612
-1093.78600778
-1093.91287004
-1093.60759372
-1093.41445301
-1093.11475207
-1092.81313222
-1092.51161272
-1092.60026729
-1092.69580881
-1092.82235679
-1092.94869687
-1092.64861459
-1092.74855795
-1092.65920711
-1092.77107486
-1092.43249302
-1092.09343030
-1091.75441755
-1091.80960798
-1091.80215818
-1091.46432436
-1091.41498102
-1091.07690026
-1090.73915316
-1090.40167631
-1090.13939055
-1090.14503014
-1090.20677739
-1089.94294916
-1090.00404194
-1090.13652120
-1089.83638192
-1089.95888000
-1090.08186949
-1090.08502284
-1090.20758467
-1089.90944791
-1089.61230591
-1089.76808236
-1089.78853720
-1089.98153865
-1089.93838713
-1089.96558801
-1089.98953510
-1089.94636455
-1090.03288957
-1090.02074715
-1090.11738874
-1090.08929912
-1090.21611244
-1090.30720160
-1090.29980694
-1090.37525139
-1090.04123652
-1090.18275956
-1089.88564626
-1089.55205193
-1089.25669883
-1089.32703819
-1089.49228486
-1089.51675178
-1089.55218838
-1089.21879794
-1089.03047215
-1088.73645323
-1088.83093319
-1088.85212039
-1088.71021422
-1088.45523802
-1088.50909873
-1088.39332870
-1088.38522029
-1088.05333048
-1087.76055847
-1087.71249442
-1087.41688457
-1087.12338807
-1087.21285300
-1086.95619111
-1086.70250240
-1086.40784644
-1086.52698576
-1086.60525137
-1086.67720261
-1086.38195480
-1086.43632554
-1086.60679287
-1086.74994907
-1086.45522953
-1086.55586622
-1086.57358093
-1086.27833890
-1086.02637658
-1086.01628762
-1085.68700931
-1085.81497997
-1085.95083564
-1085.62235508
-1085.69336710
-1085.77502956
-1085.79256153
-1085.78932240
-1085.78095939
-1085.78342579
-1085.90281556
-1085.80808097
-1085.93609571
-1085.93293872
-1085.96388622
-1085.92014060
-1085.95922804
-1085.82170105
-1085.90189986
-1085.98412579
-1086.05146573
-1086.22983204
-1086.23330547
-1086.29794550
-1086.34663492
-1086.49080908
-1086.61286306
-1086.76066336
-1086.87517819
-1087.01727327
-1087.09504167
-1087.07788620
-1087.14125720
-1087.24423457
-1087.36443269
-1087.28607036
-1087.42210972
-1087.31092678
-1087.23540377
-1087.30986199
-1087.17767224
-1087.24599290
-1087.35097724
-1087.48131911
-1087.60126458
-1087.72035037
-1087.66377197
-1087.78017736
-1087.68223430
-1087.62157058
-1087.53332883
-1087.56332086
-1087.60972208
-1087.54159875
-1087.47615204
-1087.45465081
-1087.43752092
-1087.44613243
-1087.55205190
-1087.70216064
-1087.75571658
-1087.89087376
-1087.94501464
-1088.05218865
-1088.16173331
-1088.29393146
-1088.42926184
-1088.50941278
-1088.41338140
-1088.53666747
-1088.36647668
-1088.37885278
-1088.52573332
-1088.68947584
-1088.82397458
-1088.94958699
-1089.03784759
-1089.15452917
-1088.98405423
-1089.05357564
-1089.01267667
-1088.91551457
-1089.00398639
-1089.11980732
-1089.23652378
-1089.19630357
-1089.28502869
-1089.26091414
-1089.20134306
-1089.10305619
-1089.23517963
-1089.29995362
-1089.19652303
-1089.13691462
-1089.09976713
-1088.96389396
-1089.08309704
-1089.00075244
-1089.12485532
-1089.24882714
-1089.07706030
-1088.94134725
-1088.73517898
-1088.59357407
-1088.53543152
-1088.47625228
-1088.42131629
-1088.46747145
-1088.54841332
-1088.30282451
-1088.40055243
-1088.49207400
-1088.66196096
-1088.44707862
-1088.16450875
-1088.28448014
-1088.00180233
-1088.02703796
-1088.14651733
-1088.16612564
-1088.19520206
-1088.16338615
-1088.19756176
-1087.91647148
-1087.63493543
-1087.69563068
-1087.41227038
-1087.09503522
-1087.23444549
-1087.34160580
-1087.02459366
-1086.74266232
-1086.42576700
-1086.53829115
-1086.68605256
-1086.74901052
-1086.83513678
-1086.94520397
-1086.97220318
-1087.05965372
-1087.11989861
-1087.23379609
-1087.03145773
-1086.96571655
-1086.83369918
-1086.95204386
-1086.92639698
-1087.09119874
-1087.12269637
-1087.27210450
-1086.99425528
-1086.82653281
-1086.73082563
-1086.78967859
-1086.47500693
-1086.51048587
-1086.40583820
-1086.54094101
-1086.65839976
-1086.77758043
-1086.84454239
-1086.95804599
-1086.94620967
-1086.90519521
-1086.70527599
-1086.67239025
-1086.73480236
-1086.76872633
-1086.56458532
-1086.66227448
-1086.49466637
-1086.61326781
-1086.72865944
-1086.48606815
-1086.24638118
-1085.96895826
-1085.69096871
-1085.76995245
-1085.52524977
-1085.55149825
-1085.65138629
-1085.64331735
-1085.46803060
-1085.33364359
-1085.41295418
-1085.32451486
-1085.12066940
-1085.16686865
-1084.89071651
-1085.02609068
-1085.07437190
-1085.09922705
-1085.26524662
-1085.25468514
-1085.28189281
-1084.97147758
-1085.07782155
-1084.80191341
-1084.92660518
-1085.04739781
-1084.77209017
-1084.86445094
-1084.86962819
-1085.00522626
-1085.12857350
-1085.24612615
-1085.24879914
-1085.36334270
-1085.44978156
-1085.28371299
-1085.15325539
-1085.03507865
-1085.15294598
-1085.25682622
-1085.12459221
-1084.95872637
-1085.02941941
-1085.04667704
-1084.85287018
-1084.70074835
-1084.56813545
-1084.68413512
-1084.48116687
-1084.27750366
-1084.18343769
-1084.05435271
-1084.11836845
-1083.95222547
-1083.68082240
-1083.40674360
-1083.13401691
-1083.16518096
-1082.89291452
-1082.92385643
-1082.61725805
-1082.64455717
-1082.33815129
-1082.29907972
-1082.02554405
-1082.08709262
-1082.01616897
-1082.08372013
-1082.16393324
-1082.13092329
-1081.85843444
-1081.97360548
-1081.70459704
-1081.74418356
-1081.79140383
-1081.91049958
-1081.63937224
-1081.33462576
-1081.06372969
-1080.79476642
-1080.91456016
-1080.92910862
-1081.04387904
-1080.77370282
-1080.82935928
-1080.55882573
-1080.25583028
-1079.98631077
-1079.71598178
-1079.47890701
-1079.53400702
-1079.23113880
-1079.19474895
-1079.24877938
-1079.36090438
-1079.49034976
-1079.56047258
-1079.64698791
-1079.76096612
-1079.84299180
-1079.91754743
-1079.98329852
-1080.05514239
-1080.15958683
-1079.85767564
-1079.93426311
-1079.83045343
-1079.93749291
-1079.90958468
-1079.94419231
-1080.05814032
-1080.13490399
-1080.24858774
-1079.98093763
-1079.67973788
-1079.37887858
-1079.34368957
-1079.38178022
-1079.11560303
-1079.18195450
-1079.24255703
-1079.28663214
-1079.36045888
-1079.47161826
-1079.57445276
-1079.59431169
-1079.70660835
-1079.56230870
-1079.66930677
-1079.54269217
-1079.60433865
-1079.62211350
-1079.35622087
-1079.08933500
-1079.20202600
-1079.28710301
-1079.41732861
-1079.15113227
-1079.15575958
-1079.26913721
-1079.18276936
-1078.91772554
-1079.03213723
-1079.11017129
-1078.81171183
-1078.92453920
-1078.65845496
-1078.36052774
-1078.46659721
-1078.53098028
-1078.66389010
-1078.73114690
-1078.46808433
-1078.17049777
-1078.22822690
-1078.34018432
-1078.07656753
-1078.00186490
-1078.11507635
-1077.85095566
-1077.84997310
-1077.87995755
-1077.86752659
-1077.60287654
-1077.58904841
-1077.70262819
-1077.74019550
-1077.85640919
-1077.59282733
-1077.67395581
-1077.77089508
-1077.91855179
-1077.65506037
-1077.39323188
-1077.51433435
-1077.54971135
-1077.61686389
-1077.75030041
-1077.45525623
-1077.48757194
-1077.59568379
-1077.36541452
-1077.10283318
-1076.80816280
-1076.95147240
-1076.76022397
-1076.82375113
-1076.77337213
-1076.73732479
-1076.79928788
-1076.93456173
-1077.05794653
-1076.92405409
-1076.82610025
-1076.89180011
-1076.99050135
-1077.11000369
-1077.22941889
-1077.25919782
-1077.20540948
-1077.16569934
-1076.97520022
-1076.71365458
-1076.45441086
-1076.19365311
-1076.24618558
-1076.05642348
-1075.90060021
-1075.88223183
-1075.87618993
-1075.99192206
-1075.99633791
-1076.04934418
-1076.20123967
-1076.24572066
-1076.24236815
-1076.38543397
-1076.50698814
-1076.58839197
-1076.58711798
-1076.57122492
-1076.68567815
-1076.68220031
-1076.56103469
-1076.63200396
-1076.66899612
-1076.61955662
-1076.56891865
-1076.66682964
-1076.77699313
-1076.71724753
-1076.67158714
-1076.69976877
-1076.78927001
-1076.74318337
-1076.77054242
-1076.76815913
-1076.88358839
-1076.86266980
-1076.97685754
-1077.03947669
-1077.04014974
-1076.94525806
-1076.97353410
-1077.10931554
-1077.23013614
-1077.31186485
-1077.22494074
-1077.14067340
-1077.05270028
-1077.09816163
-1077.03594403
-1077.00115898
-1077.03201763
-1077.02207111
-1076.97301287
-1076.92145521
-1077.03172129
-1077.07141451
-1076.97613638
-1077.08507884
-1077.19413407
-1077.28414616
-1077.23209827
-1077.11944347
-1076.96726778
-1076.84882438
-1076.96778422
-1076.94835602
-1076.88010619
-1076.92481196
-1076.85117748
-1076.96588980
-1076.91747859
-1076.99013599
-1076.93979482
-1076.85803855
-1076.74087673
-1076.80474187
-1076.68347742
-1076.55811511
-1076.43885725
-1076.28782846
-1076.30926351
-1076.39412475
-1076.45692966
-1076.46984518
-1076.50738364
-1076.32257558
-1076.47347546
-1076.60412513
-1076.52029535
-1076.65466671
-1076.57244336
-1076.54166843
-1076.66470361
-1076.58112758
-1076.49696436
-1076.38338886
-1076.38098448
-1076.48800309
-1076.51357636
-1076.51907409
-1076.46269220
-1076.45377648
-1076.41456452
-1076.40248422
-1076.36162363
-1076.31443126
-1076.19903351
-1076.05826570
-1076.18254432
-1076.31216346
-1076.19692540
-1076.16272520
-1076.02728419
-1076.08940479
-1076.20554947
-1076.28231874
-1076.27340839
-1076.26375260
-1076.37287719
-1076.34060131
-1076.44292388
-1076.48081767
-1076.45315280
-1076.35797980
-1076.14136880
-1075.99044613
-1076.10394304
-1075.85365276
-1075.60310493
-1075.58784556
-1075.61128117
-1075.52417626
-1075.63549688
-1075.38647464
-1075.13723310
-1075.25314291
-1075.06343754
-1075.07053421
-1074.95388774
-1074.96250279
-1075.05726180
-1075.08224771
-1075.03379280
-1075.01386735
-1074.98860500
-1074.98185590
-1074.97028212
-1074.91811110
-1074.99659493
-1074.99314436
-1074.94234966
-1075.05004244
-1074.99969282
-1075.02558083
-1075.06975110
-1075.15691221
-1074.97532899
-1074.82036119
-1074.77336307
-1074.52397543
-1074.65940477
-1074.73570557
-1074.87028471
-1074.62060803
-1074.37233691
-1074.47720968
-1074.23036001
-1074.30178923
-1074.43386560
-1074.29355552
-1074.26257054
-1074.17661676
-1074.27211669
-1074.12209826
-1074.08780350
-1073.87294757
-1073.99981129
-1074.13966906
-1074.25051337
-1074.16791072
-1074.08390038
-1073.96167845
-1074.07608581
-1074.05665451
-1073.94823490
-1074.12191302
-1074.10933896
-1074.20131925
-1074.21350595
-1074.23648917
-1074.24396331
-1074.23568610
-1074.30807659
-1074.37415585
-1074.38158946
-1074.48835271
-1074.59261860
-1074.58450983
-1074.59609808
-1074.59259440
-1074.61518711
-1074.60470082
-1074.58814835
-1074.53307921
-1074.62488448
-1074.54257626
-1074.63175114
-1074.71855655
-1074.78190734
-1074.73872824
-1074.83310061
-1074.89094340
-1074.95247325
-1075.00599146
-1075.00478071
-1074.92031921
-1074.83940695
-1074.79051724
-1074.86126735
-1074.76094499
-1074.80730470
-1074.59624471
-1074.41677622
-1074.27053284
-1074.23871537
-1074.26124760
-1074.29742411
-1074.37034625
-1074.47960258
-1074.45290432
-1074.40935770
-1074.41940577
-1074.36590281
-1074.31840765
-1074.32443719
-1074.30416736
-1074.26965343
-1074.23724251
-1074.15424168
-1074.07344263
-1074.14143374
-1074.17518865
-1074.28183979
-1074.39079292
-1074.46370895
-1074.43475824
-1074.41913893
-1074.32220216
-1074.23698860
-1074.34998115
-1074.32333187
-1074.30792695
-1074.29237363
-1074.24576205
-1074.13128985
-1074.12882380
-1074.24409690
-1074.30430520
-1074.33386777
-1074.41938136
-1074.53661402
-1074.42350599
-1074.39268005
-1074.27647182
-1074.16437460
-1074.22063012
-1074.16796185
-1074.08894909
-1074.11766562
-1074.08575006
-1074.20002375
-1074.20421191
-1074.15621578
-1074.07324797
-1074.12008840
-1074.13684716
-1074.19406718
-1074.11262714
-1074.24646419
-1074.37729111
-1074.33124593
-1074.28527447
-1074.27067107
-1074.22904415
-1074.18210366
-1074.32054033
-1074.30588703
-1074.41015857
-1074.40943674
-1074.51539142
-1074.50305154
-1074.59845964
-1074.69574845
-1074.67638966
-1074.78117366
-1074.79971278
-1074.76908023
-1074.75213794
-1074.70130167
-1074.67113530
-1074.75770996
-1074.71132896
-1074.80226832
-1074.71385795
-1074.66329574
-1074.58432242
-1074.57989881
-1074.55150568
-1074.66438523
-1074.66016144
-1074.73746788
-1074.90664079
-1075.02678903
-1074.78820602
-1074.63989686
-1074.43107548
-1074.31529300
-1074.35988597
-1074.39005367
-1074.46880480
-1074.35745223
-1074.38220075
-1074.48862169
-1074.44064545
-1074.44795165
-1074.36522717
-1074.28657766
-1074.31186370
-1074.29440861
-1074.37574525
-1074.36055621
-1074.36428894
-1074.36550065
-1074.28864602
-1074.23599142
-1074.28779043
-1074.20663978
-1074.31409165
-1074.42154687
-1074.27787950
-1074.34667520
-1074.10848175
-1074.19576063
-1074.10847135
-1073.99555973
-1074.13305495
-1073.95661437
-1073.75071223
-1073.79428825
-1073.70661688
-1073.65940379
-1073.61400853
-1073.67381650
-1073.58547110
-1073.60936845
-1073.59389056
-1073.63536245
-1073.49197936
-1073.60624541
-1073.66163839
-1073.42552003
-1073.36453750
-1073.46817631
-1073.50509809
-1073.60824205
-1073.70103426
-1073.49623330
-1073.32071841
-1073.08624793
-1073.18469039
-1073.21857534
-1073.26104316
-1073.11671584
-1073.22033915
-1073.25039806
-1073.04550794
-1072.95758203
-1072.72355706
-1072.48832087
-1072.60246961
-1072.60027982
-1072.70335673
-1072.62201909
-1072.64506343
-1072.58094484
-1072.46953281
-1072.40236198
-1072.43336255
-1072.54244552
-1072.64323889
-1072.41036743
-1072.45454668
-1072.58328368
-1072.64551076
-1072.69235711
-1072.81172005
-1072.85020357
-1072.61719685
-1072.75582946
-1072.83524743
-1072.57197052
-1072.42965660
-1072.56091655
-1072.60915219
-1072.63595287
-1072.75470208
-1072.85999858
-1072.72070909
-1072.61001023
-1072.71066649
-1072.76835301
-1072.71924617
-1072.75914135
-1072.61863363
-1072.51038672
-1072.59624264
-1072.36786005
-1072.47067491
-1072.52705156
-1072.59313073
-1072.54724200
-1072.61023801
-1072.62616161
-1072.58369095
-1072.58312087
-1072.44114475
-1072.23914649
-1072.15667588
-1072.10809256
-1072.04270686
-1071.96440649
-1071.96290626
-1072.04070009
-1071.93198103
-1072.03337285
-1072.00323298
-1072.00267762
-1072.00391225
-1071.77162291
-1071.67053192
-1071.69134458
-1071.61376752
-1071.64488217
-1071.62978420
-1071.67522025
-1071.47295138
-1071.24131321
-1071.01131099
-1071.15563329
-1070.92634246
-1070.66680826
-1070.46814518
-1070.53985322
-1070.64950863
-1070.47410143
-1070.33375093
-1070.36192160
-1070.44457215
-1070.49899296
-1070.54353902
-1070.37310767
-1070.14411882
-1070.20908385
-1070.20037669
-1070.06137604
-1070.03893138
-1070.13830154
-1070.16871253
-1070.28670591
-1070.05796816
-1070.16839730
-1070.06092048
-1069.98333126
-1070.01890014
-1070.04366913
-1070.13692502
-1069.96850106
-1070.07217100
-1070.18834204
-1069.93070249
-1070.04353076
-1069.81606124
-1069.81503117
-1069.88449060
-1069.74173835
-1069.76693097
-1069.87365361
-1069.98097866
-1069.98852044
-1070.06541273
-1069.99028432
-1070.00485116
-1070.01620550
-1070.11797341
-1070.15690394
-1069.92907124
-1069.99874043
-1069.77236793
-1069.88189216
-1069.68473001
-1069.45857613
-1069.47439475
-1069.21841286
-1069.35241989
-1069.44291264
-1069.57083085
-1069.60136128
-1069.37569754
-1069.17836454
-1069.00725160
-1069.06351327
-1069.15448182
-1068.92688463
-1068.70083760
-1068.74622310
-1068.84579218
-1068.86258710
-1068.78726845
-1068.75928513
-1068.81696520
-1068.80305245
-1068.57582690
-1068.65877964
-1068.43330305
-1068.54674777
-1068.60127572
-1068.63828912
-1068.63317824
-1068.73117897
-1068.82062166
-1068.84574133
-1068.78470631
-1068.84922654
-1068.83372991
-1068.88701042
-1068.88915213
-1068.89102937
-1068.93451046
-1069.01495406
-1069.00859629
-1069.03335487
-1068.80866067
-1068.67119292
-1068.50672609
-1068.60156182
-1068.70574398
-1068.57278014
-1068.69059622
-1068.66070751
-1068.68836733
-1068.80034508
-1068.90236142
-1069.02357519
-1069.13292452
-1068.93814346
-1068.71277524
-1068.72232425
-1068.83219212
-1068.60856754
-1068.35614265
-1068.21566575
-1068.34843985
-1068.22432114
-1068.15081126
-1068.21492078
-1068.20461309
-1068.30402749
-1068.40360371
-1068.32895088
-1068.38784328
-1068.25334149
-1068.35515880
-1068.19196947
-1067.96851644
-1068.07744798
-1068.17897027
-1067.98338807
-1067.76120098
-1067.53843820
-1067.31672069
-1067.09293326
-1066.88339146
-1066.63280089
-1066.43974150
-1066.21892867
-1065.99676297
-1066.10595528
-1066.19676176
-1065.97441050
-1066.08461112
-1066.18524010
-1066.13301438
-1066.15978489
-1066.12320036
-1066.15191060
-1066.21135400
-1066.13083476
-1066.11972896
-1066.02008529
-1066.12089039
-1066.14909948
-1066.20150154
-1066.12027038
-1066.22414382
-1066.17779221
-1066.20421220
-1066.22882127
-1066.28236572
-1066.34664244
-1066.42834221
-1066.40053363
-1066.42753691
-1066.35322607
-1066.37620664
-1066.33241704
-1066.30222529
-1066.40209156
-1066.28491712
-1066.23266592
-1066.29268993
-1066.39686171
-1066.35903783
-1066.45750497
-1066.45793219
-1066.39582139
-1066.44260451
-1066.53992235
-1066.43884835
-1066.53855888
-1066.49463424
-1066.59415259
-1066.43220691
-1066.27077309
-1066.29425801
-1066.29477652
-1066.13332281
-1065.91501220
-1066.02277700
-1065.80361889
-1065.86244951
-1065.61569243
-1065.59084586
-1065.39904704
-1065.20810503
-1065.22431626
-1065.30265673
-1065.29433362
-1065.39844608
-1065.46392277
-1065.56064004
-1065.53357709
-1065.63307634
-1065.70244574
-1065.69321052
-1065.68468702
-1065.67549450
-1065.71918973
-1065.74788363
-1065.86561241
-1065.79314380
-1065.74054685
-1065.82286107
-1065.84433859
-1065.68639130
-1065.81931493
-1065.74822733
-1065.69730330
-1065.65570274
-1065.71912223
-1065.86673303
-1065.95040581
-1065.87788965
-1065.95949527
-1065.88587558
-1065.84411506
-1065.86895332
-1065.82930958
-1065.78767044
-1065.81492745
-1065.77856904
-1065.76677489
-1065.88258550
-1065.86923732
-1065.91303972
-1065.90299798
-1065.96117062
-1066.06102886
-1066.13920513
-1066.14169585
-1066.12337605
-1066.22416473
-1066.25705816
-1066.19458252
-1066.32199374
-1066.39746635
-1066.32670455
-1066.29941484
-1066.27366489
-1066.26384321
-1066.29956852
-1066.40234028
-1066.42692443
-1066.39481491
-1066.49769926
-1066.48173473
-1066.41252298
-1066.48869143
-1066.47898280
-1066.59340961
-1066.70669014
-1066.72891203
-1066.72694496
-1066.68321195
-1066.68088345
-1066.65863135
-1066.66388759
-1066.69163282
-1066.77759176
-1066.79663695
-1066.79055055
-1066.78169475
-1066.90375976
-1067.00747241
-1067.11989607
-1067.20321902
-1067.22207148
-1067.21097323
-1067.25381922
-1067.33813848
-1067.36998201
-1067.40024093
-1067.49628151
-1067.59641264
-1067.59026648
-1067.68706061
-1067.74454755
-1067.84209529
-1067.90559151
-1067.97887827
-1068.02626076
-1068.12538140
-1068.11474031
-1068.15766779
-1068.25684993
-1068.28361938
-1068.31491404
-1068.30538941
-1068.40735713
-1068.45139085
-1068.52528137
-1068.61753798
-1068.62971125
-1068.65116681
-1068.67849025
-1068.70533754
-1068.74446269
-1068.78144900
-1068.82164610
-1068.86609845
-1068.91965814
-1068.96994297
-1069.02417956
-1069.11859335
-1069.15742976
-1069.18298827
-1069.24503932
-1069.23934504
-1069.30420446
-1069.32805947
-1069.32194361
-1069.34712489
-1069.45916451
-1069.53469410
-1069.56982763
-1069.66058752
-1069.75624815
-1069.85539375
-1069.93406691
-1070.02689365
-1070.07417044
-1070.16479003
-1070.21713453
-1070.31404330
-1070.25141573
-1070.34982755
-1070.43219564
-1070.52258146
-1070.62104428
-1070.55851240
-1070.51907054
-1070.62752344
-1070.68739841
-1070.78703969
-1070.75927244
-1070.81822068
-1070.84187966
-1070.83336331
-1070.79387337
-1070.89560602
-1070.85990420
-1070.81993948
-1070.83074449
-1070.72599559
-1070.72924182
-1070.79266775
-1070.85110368
-1070.63938594
-1070.72856713
-1070.60265745
-1070.61633934
-1070.43072208
-1070.54926495
-1070.56982801
-1070.54277204
-1070.48532178
-1070.57418792
-1070.55928647
-1070.64401658
-1070.75853632
-1070.78903724
-1070.81480938
-1070.97638642
-1070.76540458
-1070.55425983
-1070.63544810
-1070.48062595
-1070.55125893
-1070.58014137
-1070.60135251
-1070.59747428
-1070.60115662
-1070.65804359
-1070.70723897
-1070.80030836
-1070.82210636
-1070.85744811
-1070.95962435
-1071.03925708
-1071.01178560
-1070.84453212
-1070.84558045
-1070.83340526
-1070.90454108
-1070.95157753
-1071.04356198
-1071.07073759
-1071.13565390
-1071.19824717
-1071.27764274
-1071.29551853
-1071.32470135
-1071.31301731
-1071.31628484
-1071.33700105
-1071.21264740
-1071.34622569
-1071.44108012
-1071.50014617
-1071.49706150
-1071.47760283
-1071.55342494
-1071.64716298
-1071.65376790
-1071.61198833
-1071.66590309
-1071.75728972
-1071.82942443
-1071.84906829
-1071.80753780
-1071.83198815
-1071.93190995
-1071.72341534
-1071.77793802
-1071.75064388
-1071.84140669
-1071.79844962
-1071.76093649
-1071.85196281
-1071.81259160
-1071.88255377
-1071.81441572
-1071.87378048
-1071.95990231
-1071.98507004
-1072.07472226
-1072.19809075
-1072.30228765
-1072.32750624
-1072.38240389
-1072.25262497
-1072.04396887
-1072.16634165
-1072.26883168
-1072.38834379
-1072.42544645
-1072.55345704
-1072.42261597
-1072.54150892
-1072.60099390
-1072.63481056
-1072.73981620
-1072.80220216
-1072.88198016
-1072.67435035
-1072.75644546
-1072.59910168
-1072.47488647
-1072.50272015
-1072.47795623
-1072.56970643
-1072.63505545
-1072.59750323
-1072.57166543
-1072.33791131
-1072.38972121
-1072.50213519
-1072.60185277
-1072.39510019
-1072.49066622
-1072.28219276
-1072.33418480
-1072.12804171
-1072.10792822
-1071.89957866
-1071.98972133
-1071.81119176
-1071.60524434
-1071.66735915
-1071.77159919
-1071.56462478
-1071.35862375
-1071.15223784
-1071.17244913
-1071.22675825
-1071.32230269
-1071.35217956
-1071.42353202
-1071.51735860
-1071.46329488
-1071.53494460
-1071.55731782
-1071.59098027
-1071.55738245
-1071.61283618
-1071.66554655
-1071.46084183
-1071.22905409
-1071.02398197
-1070.81742527
-1070.86503120
-1070.66004062
-1070.77965288
-1070.54824489
-1070.36822835
-1070.16364708
-1070.23692769
-1070.34744910
-1070.14248692
-1069.91153850
-1069.73188409
-1069.75258989
-1069.85293766
-1069.82524925
-1069.91547093
-1069.93866575
-1069.81420786
-1069.87676685
-1069.96477265
-1069.97254344
-1070.04713068
-1070.12305268
-1070.09618784
-1069.99522266
-1069.92107416
-1070.02282179
-1070.11392119
-1070.20047034
-1070.30349109
-1070.32128489
-1070.35226107
-1070.34827026
-1070.46421568
-1070.55354268
-1070.68169058
-1070.65601634
-1070.60205197
-1070.68168415
-1070.76012261
-1070.81055553
-1070.83255395
-1070.62891843
-1070.42541168
-1070.46664915
-1070.51360480
-1070.33812566
-1070.32034716
-1070.14416735
-1070.16555036
-1070.14893713
-1070.15961865
-1070.22033321
-1070.25729429
-1070.34113009
-1070.39396969
-1070.46928869
-1070.37629971
-1070.47305940
-1070.44702276
-1070.29901935
-1070.26038810
-1070.23428051
-1070.03092791
-1070.11151733
-1070.04931614
-1070.13802783
-1070.15616539
-1070.11553525
-1070.15462446
-1070.18100274
-1070.03171080
-1070.11152647
-1069.98493438
-1069.78275604
-1069.58150370
-1069.68864406
-1069.46153746
-1069.26059495
-1069.27103832
-1069.31860097
-1069.11644060
-1069.20635989
-1068.97920159
-1069.06765793
-1069.08268401
-1069.17136546
-1069.17176487
-1068.96947912
-1068.74268979
-1068.79916487
-1068.77794983
-1068.82793590
-1068.91751406
-1068.71535224
-1068.51475682
-1068.55002189
-1068.60092830
-1068.69246053
-1068.49210210
-1068.59289989
-1068.71276064
-1068.51266997
-1068.28663240
-1068.08612135
-1068.07511912
-1067.87562382
-1067.93317711
-1068.04971823
-1067.84934597
-1067.67855830
-1067.76986196
-1067.57006448
-1067.39676285
-1067.19690374
-1067.28552168
-1067.35569143
-1067.44740199
-1067.45282994
-1067.54065454
-1067.34140448
-1067.41453133
-1067.26618337
-1067.35323042
-1067.25952845
-1067.34715331
-1067.28151311
-1067.18767285
-1067.09487621
-1066.89647538
-1066.74888284
-1066.54978567
-1066.47995595
-1066.42970919
-1066.53281456
-1066.33315128
-1066.13343774
-1065.93501533
-1066.02970430
-1066.05069681
-1065.82686827
-1065.62817301
-1065.42914205
-1065.52212829
-1065.62083819
-1065.64119923
-1065.63628016
-1065.65794014
-1065.50408147
-1065.43920517
-1065.51657104
-1065.45184483
-1065.50680698
-1065.57930890
-1065.54158478
-1065.50506849
-1065.46684544
-1065.49523176
-1065.57112554
-1065.50705861
-1065.44111392
-1065.49720257
-1065.49901535
-1065.50321262
-1065.28081041
-1065.40186033
-1065.20478895
-1065.00773578
-1064.81025544
-1064.61433768
-1064.39264060
-1064.19720167
-1064.25594819
-1064.32223903
-1064.12541883
-1063.92900351
-1063.94623817
-1064.04649909
-1064.06992884
-1063.84856097
-1063.88122467
-1063.97072847
-1063.86524059
-1063.82509084
-1063.91353668
-1063.87819576
-1063.96630598
-1063.93979690
-1063.93710193
-1063.98669683
-1064.07470392
-1063.85366009
-1063.87196594
-1063.94853834
-1064.04725018
-1064.13121130
-1063.96259059
-1064.03174486
-1064.08347841
-1064.11408862
-1064.13740650
-1064.11275583
-1064.07931412
-1064.18348068
-1064.20595912
-1064.27505189
-1064.26302540
-1064.35957110
-1064.32451290
-1064.32613060
-1064.38389207
-1064.18921700
-1064.28899008
-1064.36792244
-1064.29396978
-1064.41111538
-1064.46670715
-1064.34527125
-1064.40706848
-1064.46783106
-1064.52722522
-1064.60487229
-1064.53645305
-1064.59401130
-1064.66253914
-1064.72435830
-1064.79847271
-1064.83558644
-1064.92501650
-1065.01002443
-1065.03383737
-1065.11243910
-1065.21458225
-1065.21232962
-1065.16487582
-1065.18674982
-1065.28212992
-1065.33952738
-1065.44889964
-1065.45101176
-1065.47182737
-1065.55064698
-1065.58162892
-1065.61169703
-1065.68149437
-1065.75890916
-1065.83528974
-1065.81051429
-1065.79028568
-1065.76139567
-1065.71324671
-1065.78973067
-1065.87239619
-1065.88224018
-1065.97900531
-1065.97297284
-1066.06571091
-1066.15241344
-1066.24383909
-1066.33066822
-1066.43554519
-1066.55044236
-1066.60199596
-1066.62094938
-1066.68774439
-1066.75402041
-1066.76052004
-1066.82705291
-1066.91252681
-1067.00420734
-1067.06061379
-1067.03873480
-1067.12534880
-1067.22404902
-1067.31454136
-1067.39670820
-1067.48963122
-1067.58380135
-1067.67901482
-1067.76585328
-1067.87493954
-1067.91140773
-1067.99815300
-1068.09771811
-1068.15086898
-1068.23671314
-1068.34928995
-1068.37513719
-1068.46739060
-1068.57197184
-1068.50138928
-1068.59763888
-1068.64718792
-1068.75126108
-1068.84879651
-1068.88919906
-1068.98514118
-1069.07414801
-1069.07760338
-1069.09891746
-1069.12423182
-1069.09973180
-1069.12746156
-1069.14948963
-1069.20961089
-1069.18705867
-1069.22935060
-1069.28461117
-1069.34592985
-1069.34854122
-1069.38586743
-1069.47113052
-1069.56232925
-1069.65393167
-1069.74341773
-1069.80563917
-1069.78654948
-1069.88753246
-1069.97683984
-1070.06564255
-1070.12872540
-1070.25002575
-1070.38056423
-1070.47115120
-1070.52216308
-1070.57002940
-1070.43510611
-1070.54505926
-1070.56890727
-1070.62270063
-1070.67075715
-1070.72445283
-1070.82129412
-1070.86883418
-1070.91254632
-1070.97725575
-1071.06034544
-1071.14948674
-1071.20066204
-1071.27579792
-1071.23783825
-1071.31135665
-1071.40223111
-1071.48604052
-1071.54859273
-1071.60269184
-1071.62349478
-1071.72013766
-1071.70450524
-1071.69885368
-1071.71781413
-1071.69444589
-1071.74178741
-1071.79677376
-1071.84640459
-1071.90072754
-1071.98354399
-1072.06743723
-1072.12820794
-1072.17780939
-1072.24049542
-1072.29527917
-1072.31318376
-1072.33900575
-1072.38900088
-1072.45032443
-1072.47433588
-1072.57980292
-1072.65776404
-1072.68544842
-1072.74340196
-1072.79389323
-1072.88026449
-1072.96292861
-1072.99243372
-1073.06595723
-1073.02596611
-1073.07687781
-1073.17067927
