-1357.45671267
-1597.40827955
-1618.02840717
-902.59750869
-1156.90592483
-1129.77049664
-1548.44057565
-1579.06659988
-1697.66878695
-1352.80823490
-1063.51544931
-1198.12095011
-1726.78713746
-1658.40062490
-1639.14643383
-1692.57878398
-1765.30475003
-1499.52568151
-1609.36970592
-1565.55917353
-1471.42129320
-1584.49899334
-1626.78860679
-1579.10259592
-1674.71574563
-1723.70972414
-1545.39657817
-1568.72422293
-1288.62659113
-1587.34090732
-1671.02220890
-1739.07481821
-1355.91720094
-1564.19588184
-1494.05437008
-1663.50873653
-1453.28866230
-1373.87539347
-1494.09919971
-1403.86293624
-1480.39021640
-1468.28575962
-1485.74315613
-1398.33570326
-1349.68226069
-1400.35263360
-1448.81969700
-1231.42344040
-1313.12165434
-1335.13780106
-1449.62741966
-1316.78396890
-1242.26137704
-1210.56056182
-1314.73368754
-1334.75227465
-1131.57779625
-1141.41572932
-1353.41962039
-1131.76084980
-1461.23668681
-1316.41660217
-1268.19005520
-1165.46225671
-1293.82356306
-1491.09488983
-1445.23444672
-1371.21863689
-1196.82508599
-690.08878554
-1508.88842160
-1010.37314000
-963.96387412
-1524.70143665
-1223.81692663
-1493.02084038
-1121.00223082
-921.35669769
-1149.85743707
-1267.00915390
-416.74784928
-1485.02577766
-1018.22764354
-1386.04364244
-1165.99462605
-1013.38821778
-585.84410271
-1443.22622361
-1273.16997651
-1498.12875202
-1258.21057758
-266.99599223
-389.29964754
-135.71031755
-1473.27253419
-1298.90792596
-1384.33949055
-526.19487351
-1330.06827405
-1068.72383387
-931.31977782
-706.31066380
-1570.11157104
-1519.36687182
-532.11855349
-785.36451219
-1056.33783395
-1215.57092251
-1040.96583083
-1643.36234346
-1606.18722992
-1519.15748359
-784.42011714
-1199.68505868
-1466.16929819
-1512.94531911
-1502.96630804
-1055.87348779
-648.16974947
-640.34567110
-857.54237158
-1071.52791897
-6.96397902
-370.00674197
-1167.80645060
-1196.06335758
-358.44349930
-514.85550280
-127.94460087
-1425.89915714
-1217.99724987
-7.20317221
-924.06043394
-946.37639702
-1150.28832296
-0.63806472
-1403.09275579
-1309.91738050
-1277.23136112
-1489.13778588
-1496.49737136
-1349.10655217
-1330.46912739
-1320.81862214
-1181.91494637
-828.36409220
-1491.64088905
-793.20025238
-1392.24832662
-754.52275685
-1033.36988170
-1292.50118686
-1364.74998963
-256.78462174
-1430.84706751
-1352.84011661
-1437.45828652
-245.37104529
-1302.05944883
-1356.70596806
-945.04026500
-1165.83131623
-1477.58606741
-1614.40890115
-1223.14820570
-1544.20768483
-1499.05773468
-1487.06222696
-1541.07055443
-1202.88130909
-1508.84597021
-1625.95518010
-1032.42575624
-1184.57367633
-1642.89378119
-1049.91961206
-1502.92833391
-1384.98451580
-1441.99133644
-1317.92859765
-1634.57625979
-1403.44409553
-1457.24106163
-1174.96820043
-1481.72736409
-1481.81938629
-1561.08717803
-1622.40596435
-1460.00117050
-1525.19284539
-1033.61961543
-1527.05950383
-1077.55226829
-1201.95311584
-1050.01043767
-1105.97756546
-1124.99413111
-1504.62134586
-1538.46923304
-1380.51505614
-1528.46234436
-1358.08745299
-1200.05049334
-1595.51741578
-1225.02588169
-1539.24826413
-1493.40370214
-945.27670879
-1538.21188007
-1025.27871464
-1500.88678425
-1322.40873569
-1537.78129320
-1458.98935764
-1007.33694383
-1124.85913545
-1516.92029793
-1524.42376153
-1506.10664711
-1350.21327075
-1567.36471629
-1522.06785757
-1042.60021379
-1647.60505868
-977.42527266
-720.43761774
-1074.30601616
-955.39313396
-1351.55857034
-1529.39628631
-1587.20849069
-1483.97313573
-1505.40372842
-1464.89705149
-1345.96931365
-1588.86494678
-1645.67734602
-1649.16238197
-1588.61640289
-1320.51477426
-1181.31907098
-1385.81682519
-1193.59672324
-1345.25795514
-1491.16580569
-1596.67366504
-1530.23187081
-1320.92230259
-1022.40351900
-1643.52667337
-1429.82252638
-1342.15320214
-1409.38412160
-1169.83925270
-1166.91999563
-1362.03426330
-1485.19835637
-628.05063142
-878.47868486
-1201.59832434
-1240.74117874
-752.19330167
-1503.48417798
-1068.15240568
-1381.96593444
-844.69028774
-1244.44695266
-1322.01336415
-795.45072979
-1231.13078705
-886.88101979
-1522.60164458
-909.25858348
-1137.15354111
-782.52108630
-967.95087755
-1490.10144551
-525.04194100
-1139.25766237
-945.24977483
-1210.97027903
-370.44641910
-604.90765683
-1144.38809447
-1323.01285596
-720.66366272
-1078.06135247
-843.04646963
-726.43150545
-599.61577725
-830.39200128
-1029.22517204
-1129.12277556
-985.36799739
-899.41290025
-1226.58394285
-1257.58415120
-805.77254355
-829.89574439
-1166.91500609
-889.75083821
-1203.78123578
-1208.52116212
-1171.92801616
-1059.89982666
-1006.18549974
-1035.66778597
-852.13226722
-1059.29117984
-1076.82041761
-1065.10128193
-962.15220930
-750.12567499
-1173.55843649
-964.64098749
-1178.43170961
-974.56898250
-777.81348184
-1107.38703739
-1123.77698430
-1107.91880903
-1068.96352802
-977.52624699
-984.31283142
-1088.94163720
-875.84477651
-980.70309678
-1113.05298874
-1231.38570686
-1169.96260114
-1255.29288531
-1166.68910668
-1092.59364703
-1030.41325117
-1252.83842798
-1034.41345372
-994.36114114
-873.35409598
-771.09345408
-987.48488720
-927.12594597
-971.52590465
-990.31734309
-906.16207907
-876.60757876
-960.96984006
-899.26816335
-852.95825132
-889.75681918
-957.40015113
-888.89244010
-928.67011518
-890.00386255
-770.55929666
-755.26416861
-638.93828874
-898.82270192
-1008.88172098
-987.96468968
-1191.27742889
-1145.33488259
-1223.64614786
-1133.98123022
-765.86040318
-647.36325485
-594.41763912
-529.49479652
-641.70468470
-643.79874619
-799.05704364
-274.01215107
-531.13906929
-528.65923370
-401.26320727
-268.28253775
-136.21514635
-389.56834871
-785.29971594
-391.56151484
-390.91044590
-961.28033998
-1045.86914956
-772.53746235
-253.39042278
-16.78678603
-520.42345641
-134.84959152
-369.30252152
-577.75795799
-916.17769739
-128.58955342
-384.31224990
-127.74186892
-383.56888201
-812.80622323
-1063.16689925
-1027.17770052
-915.47737023
-903.90056782
-644.09643876
-250.77751677
-129.26541950
-125.62774436
-126.50755549
-514.10165393
-388.02697182
-501.57761158
-2.22562452
-125.82037729
-240.35035493
-120.73922920
-382.02380428
-126.10983931
-119.38345773
-128.31750549
-115.91680005
-127.24177577
-261.86321002
-712.92999349
-121.16530896
-1136.64492455
-1012.28159464
-887.56704346
-247.45295261
-361.44144088
-236.70544387
-129.86260001
-247.61517818
-119.34511918
-246.92285269
-4.40330201
-125.36605801
-123.43256422
-366.74828635
-248.90288432
-254.32698856
-335.62649024
-378.66308642
-0.27127241
-348.87665179
-128.29629421
-122.05065558
-494.50117389
-2.21185060
-1122.98395760
-1019.99676399
-249.61958050
-0.17367755
-368.94068705
-121.59137499
-127.82626530
-404.06429884
-245.48241290
-140.08983605
-1068.03081366
-886.22812967
-365.05963742
-123.50427442
-249.74120729
-125.75593401
-247.22219667
-230.08798320
-126.78283563
-123.11089028
-380.02728600
-117.87098822
-128.32067743
-255.73881635
-425.37599482
-126.74262687
-254.69539671
-377.04722993
-128.87548882
-129.76730025
-1.99132638
-258.82438437
-127.38718459
-125.21772372
-129.40887064
-118.62802477
-234.82914991
-126.81600836
-129.29267283
-118.89869883
-240.44308704
-0.69782070
-231.21112011
-243.62431972
-117.04279772
-119.91471754
-241.81179035
-640.59314630
-498.19003476
-127.91559466
-238.14539379
-239.56021251
-126.65941430
-232.30577125
-125.48728157
-126.80866282
-253.29886501
-126.64822880
-118.69731697
-129.81073029
-374.31288303
-493.77956259
-381.14419864
-124.25399222
-126.95754511
-132.72828135
-129.06446942
-122.01868436
-1.12678920
-120.22112830
-123.60601795
-246.70176118
-246.61719710
-121.29072873
-125.33118049
-116.71626473
-250.78946211
-126.85255247
-129.20495842
-880.34292304
-910.83982925
-906.16887769
-382.93243216
-122.18350246
-512.35961602
-124.68138055
-505.38571028
-256.02591417
-376.79535039
-358.56143796
-621.88729074
-124.84612929
-401.84364596
-130.98145397
-248.10262697
-245.74778831
-114.24326753
-366.68482560
-249.84285095
-123.66856501
-128.37646491
-122.20422900
-368.67968265
-247.40420339
-128.88891061
-116.11690343
-319.16239225
-240.90533449
-121.73448563
-234.75062547
-118.96799319
-251.10573181
-228.92965291
-118.99241407
-242.74635061
-121.19355647
-123.66440741
-0.98220724
-121.12061885
-243.54054361
-124.11745322
-5.25674623
-133.36253142
-232.89906872
-1.15358726
-0.58814409
-125.34040530
-243.76776863
-236.46409665
-126.49029860
-239.24337631
-245.64210082
-130.67855916
-247.93165117
-121.85547524
-130.62703905
-242.99284773
-229.80313692
-239.30892026
-128.77212423
-124.69953905
-341.60217454
-123.96147112
-130.61174117
-248.61430044
-503.26992825
-116.59625164
-116.34920725
-242.46399708
-118.04725913
-241.74084804
-225.51109431
-329.02907018
-116.86508640
-114.43083222
-632.90274540
-813.26177662
-698.77306459
-250.63216790
-375.58818631
-125.42396435
-509.02426747
-480.14640986
-125.17197059
-237.96263365
-120.35084056
-618.32184146
-248.01268892
-117.27067172
-121.56501068
-123.30697359
-0.62553805
-263.64722169
-261.00530764
-242.04208167
-125.62284523
-492.79469137
-249.92844946
-356.41633001
-383.75039379
-130.93877920
-125.27845190
-121.61242453
-403.52513599
-116.05196721
-0.91522489
-553.44169150
-0.59674087
-233.10542875
-236.21828364
-1.49209068
-251.60025716
-1632.70686579
-249.24618882
-250.02053119
-526.81388959
-123.65440303
-508.55545249
-123.49970794
-117.23015710
-116.65359231
-2.71596128
-1070.71385200
-0.36910786
-124.61662297
-129.42422167
-115.33984042
-655.41186511
-127.15738966
-1112.68499506
-1231.29978038
-864.63635780
-1157.11027725
-895.36359615
-1488.57454072
-491.72627378
-377.30908153
-236.58738978
-123.96823909
-121.09592999
-241.86289255
-1484.55707567
-118.21983308
-240.31071963
-232.04192118
-121.38420829
-230.44762631
-389.54187326
-124.55736365
-233.80997093
-250.27503442
-119.09577900
-0.61138655
-229.56467136
-125.52537938
-247.02352412
-493.54707169
-1624.91409490
-115.46825118
-1.11368212
-126.16970981
-121.93438298
-243.28850253
-268.43018952
-234.76520081
-247.85673845
-114.40296558
-118.37994492
-2.04059182
-1035.98972396
-1.27535065
-886.26324267
-772.24701713
-121.07190633
-864.73511946
-1.05755029
-865.64148419
-116.28582663
-1130.72408126
-242.02658138
-119.83436903
-121.31005639
-127.39026213
-128.42928280
-353.09660703
-243.16691861
-119.03985051
-120.86822042
-253.29376803
-496.25811176
-636.22927421
-627.03221416
-2.13608352
-238.74445529
-120.88578213
-253.91335186
-224.88586043
-240.82299089
-1.06521933
-129.18366891
-375.19176645
-118.93506289
-365.68925633
-129.52133914
-120.33314084
-473.71088932
-127.51586267
-246.97083609
-113.86071113
-118.84536681
-237.57014349
-121.02701982
-115.69694623
-237.06954330
-0.36282233
-242.22560566
-232.73067412
-246.07718442
-123.68462612
-249.24673843
-0.42340309
-250.68205398
-124.44095949
-245.92200126
-537.65311946
-740.53858474
-237.41488987
-123.33747021
-128.75024217
-125.27610253
-226.60913254
-227.37709046
-241.61432952
-126.39052455
-120.17585792
-126.54678780
-118.68635235
-0.10457075
-126.78993222
-251.07074514
-330.53848405
-0.38590841
-116.75219679
-117.42835776
-228.80335644
-235.34575265
-119.54073258
-351.28025208
-225.68526487
-2.73600639
-122.78756582
-233.41743950
-120.25299041
-121.52073145
-128.46990715
-128.04459943
-125.14764247
-113.44199143
-123.78798253
-128.25758318
-129.56721818
-126.53913885
-232.01198416
-125.13399674
-120.54098809
-119.16263498
-127.26408176
-229.58024402
-238.40705322
-126.03580076
-0.59796489
-116.97789104
-124.81908477
-127.52569908
-237.79984676
-229.53170483
-227.75369065
-226.65776840
-127.69259501
-497.60036505
-117.36266595
-235.48536939
-228.28023236
-0.65426328
-744.99871929
-365.66961933
-485.02639280
-113.36769489
-117.14747766
-354.08062372
-120.05558830
-241.10711174
-327.76962984
-122.20527682
-1.32001954
-1.01381467
-125.62769213
-0.05894364
-273.34242455
-116.57715274
-125.29747650
-115.56863893
-120.55939501
-127.05142885
-118.37051867
-128.22889240
-123.39462576
-331.11761224
-236.40110852
-117.51880457
-246.51087518
-118.96316064
-320.11997120
-126.95538172
-128.92122935
-126.52383166
-127.07054181
-118.89895243
-340.65343747
-240.64261068
-123.23752032
-127.13451131
-125.94147106
-240.87962559
-116.63079560
-120.62959870
-232.54842871
-356.38808383
-234.17949851
-113.75279970
-118.98969625
-123.52179216
-124.62191038
-115.38423897
-124.94614621
-360.60586410
-236.89492643
-243.46453075
-120.60003944
-125.94314782
-344.08785999
-236.36208466
-124.83996572
-123.26108949
-236.73480211
-126.35508048
-357.25863447
-414.01239489
-0.78801709
-122.76459499
-239.50449835
-235.94450729
-115.63641731
-396.38613865
-380.59396056
-278.13456304
-117.03408043
-247.01391411
-126.54160095
-120.56798091
-229.27493829
-118.39394491
-115.16777840
-232.38246746
-124.69038540
-123.56214769
-359.32209341
-232.93058047
-248.21600866
-238.28119693
-1.54505008
-457.26797246
-367.73089539
-123.25050638
-398.56579532
-120.56798327
-251.54887492
-120.36318281
-113.31386017
-116.08350270
-229.15624880
-238.38663931
-232.94840889
-126.88756460
-235.52308041
-122.60016720
-248.53830724
-232.50242994
-122.99214254
-124.38738833
-123.53018473
-124.47097392
-238.00334410
-229.55902173
-117.33972353
-116.06413637
-295.48663131
-0.66206140
-257.06529167
-227.23846261
-123.42097044
-249.07615874
-124.67206232
-240.76570051
-236.12270551
-116.45287365
-0.03514721
-233.96670326
-0.75495068
-127.39883876
-352.37505165
-124.53454221
-0.31758074
-116.76733271
-123.03415943
-343.56203881
-0.42546806
-221.26483305
-121.87388145
-127.75169975
-124.26467846
-228.73299714
-124.48761094
-358.21869933
-327.72564753
-345.88129781
-445.81462698
-124.20769055
-116.73568526
-119.00523015
-118.72266252
-236.88875557
-0.23764451
-113.37462210
-125.49010752
-118.67652408
-235.08616833
-233.52607731
-124.00759347
-125.65815461
-125.98198668
-341.13387543
-122.57551730
-124.17384359
-116.20184870
-241.12680859
-232.18635197
-125.33782539
-118.67045060
-0.57844505
-118.71901989
-118.78892646
-248.90515985
-115.88307642
-118.56745477
-231.26162647
-118.70333415
-348.38539938
-124.23037617
-386.50279664
-116.13826665
-894.77607280
-504.43972382
-124.96016529
-122.82309188
-122.18024985
-361.21857157
-120.19714545
-125.89182603
-116.40462983
-125.35660257
-118.05721233
-241.10250170
-125.26551651
-117.69745789
-0.27364976
-123.13035921
-124.78236871
-0.29670157
-5.97952910
-119.41271683
-0.12692769
-230.86551668
-0.04914019
-121.97008974
-0.46556969
-243.72349224
-126.73852410
-120.44820587
-774.86371228
-1013.73714125
-599.24532716
-114.35960493
-117.07411317
-117.88965833
-122.72039811
-2.11515892
-1.09804390
-124.57269048
-114.45293492
-244.16064692
-122.72450624
-122.76527195
-124.57637095
-123.86976105
-0.14316205
-117.13739915
-129.09959871
-116.47793946
-334.83827029
-123.57258844
-356.38917984
-126.37555077
-118.89408540
-123.80967805
-114.60617503
-123.85807619
-125.02874237
-115.13038178
-118.60511755
-230.82689573
-126.40591382
-230.29171348
-235.94712693
-124.58508255
-124.50021773
-122.81901393
-371.09970442
-245.22770218
-113.74356510
-124.93377543
-230.27538317
-118.89830827
-268.26002387
-119.34030287
-235.80696324
-317.88140960
-259.82472668
-125.85678781
-120.42415745
-125.84502726
-124.13930491
-112.96365342
-126.46552498
-124.96454316
-115.10365465
-0.74364768
-122.87038041
-121.94905863
-120.26221943
-121.38780216
-392.10976143
-122.60243015
-0.08273994
-123.89163852
-1.46686716
-124.29630091
-125.70878868
-116.24737884
-230.73247383
-124.61494313
-119.88759842
-113.73355723
-120.11111121
-296.14327110
-352.88689534
-125.84282375
-121.95109598
-113.70524131
-335.23122980
-118.76538345
-117.56207061
-360.48003215
-122.67502274
-343.05259569
-1.30665964
-121.29437239
-117.56593607
-125.77354838
-122.59532998
-117.25588314
-370.59155149
-242.52648397
-247.93712051
-126.16455660
-0.09864685
-233.22889105
-249.16456171
-360.12350820
-119.74252051
-115.75173261
-121.07350187
-249.33686486
-245.57794173
-248.96953498
-240.32640674
-246.86095722
-227.65749852
-124.20690215
-243.17083974
-348.28431167
-120.16712643
-1.48689779
-352.10623387
-234.25877227
-129.19094433
-245.95696841
-0.40760654
-252.65146123
-127.12284155
-128.56434166
-126.87589035
-249.61296168
-122.87994232
-391.57709575
-277.55906149
-241.51226442
-122.26107155
-365.72034056
-249.39617830
-234.83366559
-123.57984483
-238.60020544
-0.67285512
-117.32805690
-0.04677357
-242.17261740
-243.72067252
-117.86236066
-242.71672772
-249.47029838
-357.38868818
-239.02892451
-122.83231185
-353.24100545
-125.59203867
-234.69498249
-354.21083146
-120.38562758
-0.21901227
-0.35176016
-122.98158653
-353.18200445
-124.89851008
-124.62786019
-0.04523214
-368.50054765
-376.57083761
-125.32307051
-125.93979730
-0.12089246
-237.15061062
-235.20504542
-0.84178985
-235.50671238
-377.74658630
-463.79980408
-1.83768458
-125.33016664
-2.83461905
-124.37468783
-123.30072834
-0.83723269
-0.09853737
-367.06139518
-674.07329648
-1.95785587
-117.93342460
-126.44050795
-0.60023810
-126.68652691
-124.54754185
-117.87199752
-118.48447215
-128.98718594
-1.26085767
-241.97736312
-120.62615395
-0.08722233
-123.57702086
-125.68481064
-122.73300024
-126.22959880
-120.83568450
-234.02636020
-126.91138933
-123.97596949
-124.93401121
-122.53493043
-1.31801968
-123.05230636
-116.81089875
-342.36506757
-117.35122320
-0.05155295
-242.90365878
-360.81005023
-123.83965426
-231.40780233
-125.45688926
-118.36183960
-0.78975944
-237.46971635
-253.41756444
-118.91253164
-126.97075513
-128.31359629
-117.82916605
-118.77646879
-124.27184067
-393.05690638
-410.40258117
-126.09693751
-127.23807767
-372.92935201
-126.58929196
-0.97198717
-403.91158231
-245.90031800
-126.25507710
-118.87514140
-116.78904093
-241.41338829
-245.05217602
-118.73625455
-125.18159119
-252.18638400
-478.65056034
-241.76958435
-242.11173657
-734.52191582
-1.89414002
-120.19722712
-728.77473432
-0.39399314
-120.40138741
-259.06232093
-238.00673557
-122.77083496
-238.70766779
-254.11690814
-509.25148633
-241.66616440
-120.92929157
-379.04974758
-128.13010291
-620.87678414
-114.51240970
-481.41431166
-122.59978188
-502.52181920
-233.07424215
-124.87793926
-1227.43528693
-121.96750211
-120.13263057
-246.32032270
-129.39060782
-237.19994320
-488.72999830
-613.16285754
-476.67081969
-247.72870834
-0.13400472
-872.12528437
-0.31755832
-0.11102416
-244.61571361
-533.27907764
-127.97432557
-371.69923257
-886.83897554
-123.49905260
-241.56468362
-261.77861480
-121.32309200
-1.52649909
-125.71055744
-0.18900665
-126.38128640
-125.23225582
-385.61188898
-249.01492109
-118.77849241
-127.20845839
-258.61592260
-122.61183108
-1502.40159213
-127.23472302
-0.30919687
-0.27206026
-1490.46202737
-1423.02088643
-127.20697162
-0.74532494
-629.09793296
-1542.93440777
-117.59804217
-1495.03189037
-1382.95625637
-1446.71107740
-123.55549481
-121.64636716
-1444.17406460
-127.33369257
-1525.80499307
-124.81035061
-0.46466921
-247.32551323
-245.12575871
-0.15205640
-122.38119848
-125.64268648
-1433.78464141
-120.73722244
-122.89639480
-1597.15010637
-1505.55427724
-128.07398769
-1530.94752383
-0.22812786
-1429.74592460
-125.79552446
-1595.74939940
-123.82556793
-799.39849759
-124.35442632
-116.89780564
-0.06491034
-0.16140095
-1489.96842319
-124.34749414
-118.97206213
-122.14161217
-1396.27482945
-1397.87319111
-251.57179328
-121.92908463
-1518.18080702
-125.39447666
-1380.09574739
-0.30400365
-249.82757343
-522.52696314
-1490.83830708
-1033.29103457
-1393.20652246
-251.12201448
-122.22044165
-125.48292717
-124.11763617
-1.92225588
-124.98150336
-122.00923955
-123.94471367
-1511.46434672
-126.60824227
-1.07649060
-275.38388931
-130.21757593
-117.65255852
-254.68649499
-123.46668197
-0.34469892
-1259.84995932
-247.02023683
-123.04544061
-118.75272526
-117.22968473
-377.82099181
-123.42859083
-0.16202412
-399.36052264
-1.26355848
-1662.68583935
-1411.87819587
-397.35986117
-124.51085061
-376.80817090
-1578.76583181
-126.44738313
-395.60020582
-125.51214451
-249.83460695
-127.25797537
-657.40054522
-247.10160070
-0.32225840
-246.33877571
-121.67652336
-961.22807499
-374.93252092
-125.92349880
-124.86520065
-127.05701519
-121.27210537
-0.19305865
-0.66476024
-1410.99997342
-1353.94934231
-126.13802022
-123.24229798
-1399.99214400
-1364.64071947
-2.37848959
-742.80872199
-248.78665674
-123.89323840
-0.42289608
-239.64363344
-1631.97200977
-1586.79669411
-1512.19511980
-1541.15584186
-0.01459123
-1563.06999253
-246.84242750
-0.92825953
-1529.86768131
-1485.61361299
-1345.18947763
-1286.71071332
-0.29292319
-1324.26972377
-1429.17120114
-1500.75918819
-1233.36130374
-1466.46264894
-125.01360908
-1440.17182386
-122.90829018
-1399.47709209
-1420.14302375
-126.58903797
-1387.03844368
-1377.72623536
-1436.49911331
-1413.57894490
-123.05644465
-1368.04550986
-126.37944179
-1424.13765974
-1478.68427567
-1401.07059197
-1362.82914898
-121.18359462
-1407.35702396
-117.29490321
-1389.33701584
-0.18532397
-1409.39272320
-1474.53114531
-1386.71371288
-1473.36013637
-1420.05917662
-251.96985233
-3.61227211
-1464.83560330
-125.78007308
-1413.42410983
-1390.70309070
-0.10891027
-0.53743334
-1454.90579063
-127.61657523
-1447.95426433
-1460.33207609
-1482.27420214
-0.39992974
-1382.34315505
-1482.74935280
-1341.49984036
-1449.66680776
-1460.44800992
-1446.41280739
-1342.98172967
-124.88060237
-1350.43677155
-1297.11785850
-756.95548891
-1382.03904394
-123.98294393
-1456.87819643
-1392.97498757
-1478.41854735
-126.08803903
-1478.97074895
-120.32237854
-1370.66958869
-1466.77540425
-0.08857167
-1377.20607306
-1487.59421312
-1521.25620692
-1113.28670495
-1555.94178474
-1531.22811461
-1078.36054543
-1406.70635077
-1213.49390924
-1066.87387691
-1580.88175852
-1524.44892332
-122.48628079
-1495.84640798
-0.16824587
-1597.70319230
-1592.17530546
-121.79907213
-123.93424044
-118.57575068
-1369.10219558
-1507.71847016
-1210.90157682
-120.58125933
-1620.48424655
-0.80579873
-1354.83806454
-1.21523682
-1418.33942513
-1480.59249285
-1191.53544367
-1378.26835615
-1513.65797139
-1.07414268
-1327.08507334
-1494.04863014
-0.01166459
-1491.83665125
-1492.23014565
-1525.60086473
-1510.86400540
-1586.26846966
-0.49141678
-120.17101558
-1680.18969215
-1771.88333581
-1656.21866632
-1490.10594680
-1733.06176933
-1666.41764076
-1583.83719532
-1397.63407825
-1730.59461801
-1609.95138466
-0.44714267
-1612.09932086
-1373.42064025
-1550.92065334
-1535.47928075
-1609.64028853
-1564.58354539
-1484.47171276
-1400.80610713
-1630.55755140
-1515.06118480
-1583.48170537
-1604.68992325
-1407.23902042
-1497.19765968
-1410.09441285
-118.78777058
-1472.83112993
-123.51141029
-1507.42572395
-1555.66495040
-1566.60569993
-1061.95178044
-1539.91093038
-1506.28215326
-1595.53509846
-1649.53099219
-126.79609842
-1553.95933010
-1504.78991794
-1484.24018722
-1486.63687919
-1491.56653599
-120.59509481
-1442.65427088
-122.09498266
-1502.24725043
-1513.10339438
-1571.83695300
-1651.81015030
-1513.17185860
-1520.32562003
-1537.90718865
-1488.03870546
-124.15325237
-1522.77846454
-1528.46661600
-1507.54460158
-1447.61785350
-125.26061096
-1602.74033158
-1583.81721169
-121.71107082
-1656.08903816
-120.10993121
-1638.06349997
-120.25687569
-1534.99332219
-1750.06043551
-1702.78210262
-1493.56238780
-1472.01502209
-1486.28254612
-118.16443114
-118.50091411
-0.51274267
-122.46393129
-0.03195272
-1785.18585826
-119.25527888
-1696.00481581
-1684.40152984
-1658.97470931
-1628.45594459
-1711.84450805
-1761.30338194
-0.16583105
-1766.00013213
-117.02512060
-1755.46728905
-0.55700048
-1749.94170816
-1795.22756072
-1864.41136601
-1794.11711360
-118.41313425
-1841.19212588
-0.34782554
-1884.65264108
-1773.79460461
-1682.93249448
-1844.96917116
-123.12233876
-1829.83471636
-124.30881524
-1529.14368533
-1758.90109612
-130.49799457
-1729.45051808
-1653.19671135
-1682.87535585
-1628.32502115
-1557.12028349
-1602.07409083
-0.14566147
-1535.91277345
-1482.22180071
-1381.92001758
-1503.73236198
-121.74761774
-1571.44655275
-0.79512152
-123.96439964
-1635.51845491
-1618.38822847
-119.11642702
-1513.22040046
-1395.65267517
-1312.08984275
-1442.97343981
-605.13909715
-0.69834623
-1506.60128349
-1434.67294227
-1466.69629629
-1484.76045691
-0.13196607
-122.54703141
-1390.65315867
-1372.61996932
-1423.30110804
-1413.48498911
-1487.11026592
-1531.15673140
-116.32628864
-1527.93912130
-121.24923769
-1567.44574786
-1449.96455147
-116.18464276
-1419.67748449
-1402.46113971
-1529.85656549
-1525.61609931
-1469.24503094
-1518.32441085
-1629.71361586
-1528.60950834
-1543.05016151
-0.45614602
-125.07757410
-118.46478627
-0.04072735
-1568.93845552
-1500.55761579
-123.84482943
-1486.41309737
-1536.15365883
-121.93568249
-122.20406868
-1592.65337623
-1534.23305150
-0.71354998
-1.54177807
-1587.54703826
-122.63960681
-1581.80849518
-1585.69482759
-1469.40012220
-1551.24174651
-0.12804389
-1510.27385044
-1507.59093246
-1458.14826611
-121.59109686
-1544.17374540
-120.74509020
-1515.43468352
-1406.44504750
-1692.64665498
-1680.89405943
-1687.44565637
-1784.49890055
-0.16975005
-1871.49340573
-0.22537320
-1727.68078796
-1835.08201189
-1858.03193786
-1729.58437927
-1663.88030921
-1819.50138391
-1454.82192923
-1375.56274951
-1708.82218727
-1653.44794203
-1761.05681978
-1719.87864502
-1764.71222831
-1640.44180662
-1655.96151317
-1530.99462594
-1614.21681801
-1550.82615958
-1612.58044858
-1553.77045331
-1551.23698993
-0.22228018
-1779.23110695
-1497.10411812
-1644.78752665
-1663.26005571
-1654.65762337
-1765.83679741
-1424.26719507
-1580.63412657
-1562.82844917
-1590.03733795
-1391.45787258
-0.12757741
-1531.63215302
-1370.04235310
-1495.30895605
-1501.16506331
-1491.34238908
-0.13052455
-1306.23968211
-1485.12166641
-1482.57669326
-1350.91008649
-1289.72173704
-1.30354309
-1369.49190848
-1434.02177704
-1504.58214552
-1448.34174369
-1513.16251635
-1523.74062556
-1663.19830164
-1340.67505223
-1509.10760275
-1543.60620923
-1529.10101100
-1487.14320504
-1476.32191565
-1439.14187376
-1523.98828874
-1492.37514873
-1466.25419182
-1523.39841122
-1524.72118223
-1565.91370169
-1388.85376841
-1473.73894637
-1487.40349139
-1520.63530895
-1500.07649283
-1410.98230421
-1489.27765914
-1490.64607621
-0.65171363
-1566.15842169
-1563.05337003
-1692.95401803
-1742.87492050
-1714.00844667
-1475.89460743
-1544.43665947
-0.20768565
-1609.44223290
-1538.65319380
-1520.50980526
-1458.17087868
-1507.80961915
-1509.05245448
-1594.87925389
-1520.78451920
-1444.26107467
-1526.89832213
-1519.21622455
-1403.44328111
-1480.14465337
-1496.04680596
-1416.05112030
-1486.74810467
-1474.48433130
-1507.94869473
-1471.66118923
-1487.98674300
-0.26895288
-1473.98047754
-1520.64361790
-1511.30198470
-1509.35272004
-1660.89661020
-1621.22540526
-2.86834062
-1557.99650426
-1482.85867156
-1469.90309161
-1481.78152004
-1423.86936163
-1570.76036337
-1423.98708167
-1423.42033911
-1492.87551280
-1422.39788329
-0.15016903
-0.85019603
-1441.52709042
-1395.83433143
-0.75880456
-1466.05388646
-1375.54891788
-0.03725774
-1462.72990722
-0.06263914
-1514.01321282
-1482.85174947
-0.24029501
-1442.23793024
-1487.27684343
-1485.16301575
-1425.97651380
-1448.56584770
-1357.90506359
-1131.71585427
-1493.55816031
-1520.91587954
-1518.86040650
-1435.57176351
-1523.78944653
-1412.51752543
-1489.65682934
-1579.93261718
-1297.21814609
-1531.33232615
-1653.19479847
-1576.76894121
-1691.06414275
-0.09685150
-1464.65184707
-1457.68941503
-1495.33410176
-1.27812200
-1448.97712932
-1528.89803450
-0.31336103
-1572.45051100
-1589.15842276
-1522.39779480
-1461.95694101
-1528.79121785
-1568.63466390
-1566.83674819
-1430.37928260
-1545.64402318
-1535.81857879
-0.81604652
-1637.12529818
-1614.59841895
-1669.39406704
-1665.57735323
-1757.93805885
-1698.52364140
-1674.31145830
-1541.93534868
-1496.16461190
-1482.93048328
-1516.14359288
-0.24229473
-1511.63726993
-1577.01784516
-1626.24657791
-1587.39950198
-1350.49949444
-1588.24320885
-1482.93430059
-1406.91966033
-1520.06235270
-1453.58027638
-1376.67029692
-1490.79992919
-0.88084358
-1614.57480136
-1536.31082699
-1627.55883234
-0.57926548
-1.23729596
-0.25432113
-0.71483976
-1466.13496529
-1369.08744366
-1440.25851401
-1488.12785421
-1373.30923068
-1480.32862331
-1437.84488830
-1506.41333739
-1448.59585606
-1490.73340287
-1465.91855074
-1451.88497297
-1405.10843851
-1516.18408809
-0.07600005
-1508.06942331
-1536.46014044
-1531.37344087
-1530.21458264
-1411.59495903
-1400.07068598
-1494.64842853
-1459.73738010
-1410.75811299
-1418.55909538
-1484.95208870
-1484.75350361
-1494.93970209
-1496.31624568
-1532.64739651
-0.46866588
-1485.95368470
-1600.51920796
-1587.65308353
-1502.63344602
-1672.52883770
-1693.53312442
-1601.07006515
-1515.17434837
-1501.62434958
-2.77442562
-1498.83038381
-1422.44623544
-1497.75438056
-0.42217683
-1482.41082911
-1513.15681151
-1546.92104156
-1579.04952957
-1514.95598441
-1475.41996975
-1493.55732418
-1436.96121519
-1511.85820934
-1509.25810913
-1551.92268325
-1604.20325490
-1621.86925523
-1665.75864736
-4.09034385
-1604.51706786
-1.08893294
-1619.87389207
-1626.78163485
-1617.42184049
-1847.35075571
-1506.49625462
-1483.33009338
-1487.02988665
-1510.60799106
-1382.82951457
-1480.04052512
-1480.26656480
-1534.99849686
-1.61414398
-1657.88023665
-1603.63064062
-1556.17079872
-2.07556924
-1562.77040402
-1578.89345627
-1427.70311828
-1497.04464523
-0.09870745
-1553.78001158
-1547.71093538
-1490.08222876
-1481.46835449
-1489.50818320
-1480.10745122
-1510.44098331
-1603.86576726
-1465.44696473
-1494.11582661
-0.42493920
-3.04723750
-1529.78560084
-1534.34067583
-0.20026398
-1479.92252486
-1439.42631928
-1483.98107345
-1489.49357946
-1448.74725327
-1481.03816740
-1518.63508134
-1562.59880317
-1680.07059645
-1535.95633329
-1566.79051220
-1492.66308244
-1483.62937751
-0.18404443
-1478.93424680
-0.12974219
-1505.05860812
-1532.51892146
-1.95970508
-1579.85073066
-1489.78965517
-1465.57467039
-1436.30506939
-1416.45654698
-1496.55049074
-1493.99049155
-1477.29921189
-1490.09420466
-1469.07601597
-1484.96924058
-1324.29210685
-1496.16084401
-1487.23554909
-0.33246054
-1457.99137754
-1540.50510961
-1602.22058102
-1606.02407860
-1687.35765352
-0.41684173
-1795.56641665
-1741.43528671
-1646.16281967
-1646.16260767
-1538.58032127
-0.31944809
-1483.26204326
-1489.41917081
-1500.43244797
-1434.47140286
-0.10984130
-1467.57999984
-1.50115114
-1373.57941204
-0.41784461
-1361.59787016
-1418.76687071
-1473.65199755
-1445.07568310
-1470.43984027
-1502.57018379
-1568.85622633
-1477.35648938
-1317.16679081
-1491.06163220
-0.56542267
-1379.27686524
-1484.52344972
-1499.25079238
-1409.62364168
-1444.25503841
-1487.96635323
-1524.06140178
-1565.44183518
-1470.96351065
-1488.68182167
-1496.40109290
-1487.34048224
-1472.87220292
-1471.71725420
-1624.06408233
-1581.53749438
-1491.27906901
-1492.04781513
-1549.19517383
-1549.35067906
-1566.28034947
-0.47361738
-0.91382197
-1624.58430879
-1599.83345650
-1542.78946919
-1531.91674592
-1470.77872985
-1609.47571623
-1512.35827985
-1404.86377881
-1506.82826084
-1487.33061207
-1494.07970386
-1562.10390358
-1805.42331829
-1872.43997238
-1833.82214462
-1869.30884229
-0.73837544
-1818.41290754
-1750.75355699
-1857.04111808
-1407.51399918
-1484.95373125
-1501.52113422
-1.80068790
-1637.80740427
-1774.94263207
-1865.45522461
-1816.94159401
-1868.83350118
-1836.30626191
-1.84442087
-1811.44083632
-0.59011839
-1609.86032833
-0.75286379
-1508.18070809
-1516.65579014
-1510.56490389
-1507.46561610
-0.92540583
-1739.90300334
-1576.39719744
-0.41777159
-1526.95365095
-1498.25520325
-1435.43282789
-1395.82824034
-1487.35151175
-1474.73381281
-1510.80619748
-1373.87154860
-1482.59793554
-1487.68651715
-1436.48265432
-1474.13853317
-1462.26773041
-0.18989156
-1559.93573717
-1541.77190985
-1549.75378290
-1519.97470138
-1473.25815496
-1578.92227448
-1610.57475809
-1615.97817718
-1623.35287546
-1546.66948906
-1632.78551770
-1585.75029089
-1481.27521354
-1455.11449076
-1498.10507703
-1433.11876220
-0.63075379
-1564.17922407
-1448.17770158
-1454.95718891
-1425.16712663
-1415.65855237
-1483.97545202
-1480.39525266
-1.57405794
-1501.10967740
-1478.32743548
-1504.36889782
-1482.22320294
-1433.70290270
-1536.93897404
-0.94083633
-1463.40484314
-1510.10512494
-1481.60965820
-1619.18008966
-1554.13017403
-1646.53302773
-1579.76078054
-1595.75596708
-1506.02036771
-0.30981310
-1483.61834430
-1504.34642185
-1455.80986824
-1461.94752324
-0.77419107
-1326.85507461
-1489.42098128
-1463.31812988
-0.24127730
-1505.99439391
-1433.18155170
-1393.35620586
-1461.46403172
-1552.42866118
-1317.44270477
-1484.82559336
-1491.68846138
-1454.22421329
-1419.40727919
-1416.72695510
-1674.98081873
-1615.80240426
-1812.70193290
-1853.96053905
-1559.38960620
-1495.64304997
-1488.65254342
-1462.22387994
-1450.75532998
-1337.60915663
-1482.06723440
-1436.99531034
-1413.21485719
-1435.76094638
-1437.57977695
-1465.54685531
-1470.25678888
-1439.37721388
-0.86268367
-1509.53375025
-1444.95560767
-1562.50297022
-1368.10519933
-1497.03012373
-1441.08865569
-1366.11259223
-1453.25390961
-1485.63451556
-1437.21639730
-1491.66881232
-1491.47000162
-1530.38778687
-1513.60915939
-0.03471927
-1496.63004485
-0.19298649
-1488.37932407
-1636.17343898
-1500.94623603
-0.50039052
-1515.59735471
-1675.15858952
-1670.79628995
-1588.78566485
-1483.12994491
-1660.72360480
-1536.20702339
-1445.54930193
-1741.77801290
-1686.00202962
-1561.70616595
-1671.84563704
-1750.15700624
-1709.55271310
-1591.76053107
-1652.81430304
-1658.23111250
-1527.48334532
-1530.21651721
-1409.87601736
-1797.48432216
-1543.17533346
-0.09578187
-1708.12888902
-1610.22003634
-1503.80434571
-1358.56441522
-1477.25553841
-1597.53798822
-1622.26817986
-1551.35619610
-1576.22411872
-1468.21724932
-1466.79293596
-1511.03034156
-1450.20046313
-1555.20538469
-1679.86634655
-1512.85125708
-1510.24788267
-1623.05599982
-1680.79879094
-1655.82792086
-1596.55398104
-1611.06290452
-1.24676029
-1483.96466907
-1630.01930351
-1578.02319081
-1447.70484049
-1506.98944618
-1.69312628
-3.12865749
-1688.47748711
-1546.83957442
-1538.24368438
-1618.35919910
-1665.73862762
-1725.44653036
-1679.30264580
-1478.82427200
-1622.18182235
-1453.68404772
-1457.04212177
-1472.74758190
-1473.94832706
-1475.19284359
-1479.25768554
-1417.29453096
-0.09863697
-1521.62881142
-1491.15725644
-1432.25969281
-1534.95946803
-1438.09575910
-1447.56471034
-0.43742723
-1354.66150634
-1435.43163805
-1469.40035622
-1564.34459774
-1587.87105612
-1491.72628199
-1508.29084197
-1497.73505474
-1568.41906505
-1626.04649615
-1.83186130
-1621.70070464
-1507.81865206
-0.41237575
-1666.88178166
-1674.67507648
-1677.03164087
-1485.95917100
-1597.73815305
-0.47072614
-1496.53393232
-1550.88533101
-1639.92682770
-1546.47912883
-1583.70159459
-1680.06887205
-1623.00509501
-0.72514773
-1442.52261698
-1499.24314881
-1523.51929635
-1703.44718083
-1764.06056961
-1803.14553167
-1695.56964995
-1498.80764508
-1840.08538397
-1432.79581358
-0.52714556
-0.46449164
-1535.30667928
-1566.03474083
-1.86525807
-1858.85149764
-1878.84545083
-1803.05171488
-1833.28406937
-1910.90160643
-1783.75861509
-1699.96616875
-1639.99898566
-0.05282478
-0.22989004
-1797.27257531
-1822.88691075
-1676.01608476
-1863.17346763
-1.43883042
-1858.82874253
-1734.67978018
-1.12387436
-0.95344362
-1802.58560261
-1737.51230801
-1757.45052236
-1663.51950838
-1572.29313094
-1643.70005419
-1764.15413799
-1773.40828165
-1629.74914833
-1610.13170763
-1528.78908418
-1439.15568217
-1435.42903926
-1451.46302821
-1434.62644440
-0.14260369
-0.83400622
-1434.40876286
-1500.93735503
-1565.92726461
-0.37331225
-1620.87266870
-1762.52316718
-1761.00420814
-1747.18209776
-1758.24412306
-1823.76483571
-1707.42389887
-1690.48979956
-0.57732364
-1682.05371473
-1529.70482615
-1626.47856075
-1570.79906507
-1626.08977134
-1565.46828706
-1420.96056824
-1502.77926809
-1400.08301936
-1509.42815367
-1558.53308825
-1529.90592756
-1519.20960797
-1469.17973085
-1495.43330177
-1504.21154387
-1590.53124191
-1591.80126360
-1594.92354624
-1491.95415122
-1434.79936289
-1512.44313691
-1563.40605200
-1549.71270805
-1607.97118444
-0.21966989
-1571.26791994
-1512.22263003
-1481.32902414
-1567.45672956
-1637.42702130
-1773.47514896
-1651.27250805
-1634.74045401
-1680.26438618
-1669.80559722
-1657.52404970
-1541.58208900
-1488.12887584
-1508.39789271
-1628.22414056
-1590.20431493
-0.71797413
-1716.41392267
-1642.22644762
-2.03539598
-1451.79618429
-1346.13673763
-0.11634010
-1.31351101
-1395.62343066
-1384.31179705
-1516.58320579
-1423.33028241
-1517.66316763
-1422.88050338
-1475.58879419
-1796.75853408
-1820.94355302
-0.95631307
-1449.49333458
-1484.35055370
-1513.13423908
-1344.67154269
-1331.48808342
-1456.60404972
-1513.68805817
-1497.72537022
-1382.85114421
-0.23020959
-1486.91001395
-2.71025355
-1327.33317790
-1477.38898987
-1481.64474415
-1592.00549403
-1694.39654685
-1719.02294258
-1699.08426124
-1520.95217725
-1668.73995609
-1458.39809779
-0.43539692
-1704.59982843
-1485.34277679
-0.16423547
-1518.97888234
-1520.93985187
-1.56568301
-1512.61529319
-1485.89840892
-1497.46460717
-0.92594118
-1454.42425991
-1484.12529295
-1218.52339121
-1406.70886096
-1511.89144035
-1483.34210313
-1510.78853026
-1472.95261112
-1462.54998106
-1.44715396
-1607.41513117
-1599.26667099
-1413.86947628
-1556.83814057
-1539.10599984
-1584.35021729
-1568.16628471
-1539.79969052
-0.31834247
-0.40537888
-0.37849910
-1550.04566812
-1401.83187580
-1562.63087837
-1503.10989364
-1490.83207079
-1490.30879487
-1498.57987404
-1500.73352590
-1498.99894260
-1490.77716098
-2.55728255
-1561.53719922
-1650.62095259
-125.37910469
-1497.03169043
-1463.56670014
-1498.37718190
-1507.28162241
-1515.00189469
-1395.69750557
-1725.94673188
-1492.43903902
-1757.76411389
-1493.56769772
-0.07148482
-1624.56915054
-1495.67417112
-1569.25724580
-1616.23216168
-1578.79516673
-1652.17530210
-1695.27933157
-1543.49803603
-1626.06844944
-1654.18569696
-1586.88138702
-1513.90618048
-1342.93735584
-1496.64535761
-1497.84660556
-1487.36666684
-1393.08940904
-1497.88976551
-0.08996683
-1525.34129023
-1413.73114492
-1435.06109143
-1470.47829997
-1507.03557976
-1497.48067008
-1504.25284132
-1477.21353202
-1671.94163298
-0.26833291
-1627.94044293
-1381.26052117
-1500.45783629
-1515.39725155
-1509.75895107
-1507.08108602
-1495.71814331
-1487.90660226
-1481.25998997
-0.15148010
-1639.30282193
-1804.69624759
-1445.23696620
-1453.53668063
-1.24968564
-1586.00892255
-0.61184914
-1732.87912127
-1525.62836060
-1524.47380068
-1720.67368388
-1712.33673912
-1689.70147879
-1630.15752757
-1733.98803393
-1748.53545603
-1436.15689301
-1749.28783310
-1672.06049974
-1702.83887767
-1469.37564161
-1761.22736589
-1589.67253747
-1701.93134696
-1595.66737258
-1334.97675688
-1682.68436389
-0.44257393
-1743.88575218
-1390.80439701
-1733.28342994
-1739.61139540
-1597.23825313
-1540.57020899
-1666.05827793
-1607.71862468
-1703.13952163
-1600.66187737
-1638.11457954
-1610.50257530
-1730.40451673
-1758.12500419
-1644.83948970
-1657.49017603
-1588.55717298
-1593.77434013
-1609.87266708
-1684.52133419
-1701.82627581
-1666.88257605
-1795.29271055
-0.22456925
-1865.44439610
-1802.84975191
-1777.16914805
-1480.52480211
-1730.06813744
-1665.51074612
-1741.06194722
-1885.99712305
-1751.12027065
-1847.32167110
-1855.06676603
-1847.85341921
-1751.30773610
-1558.47745652
-1792.20752780
-0.63739558
-1627.56041182
-1661.28448383
-1723.42561853
-1707.28627381
-1739.33021239
-1925.33630016
-1639.32685154
-0.12352597
-1806.90902790
-0.06541261
-1828.77573532
-1759.50182948
-1807.13023930
-1760.04382423
-1939.92413963
-1781.37560170
-1643.90895814
-598.55975660
-1229.17489321
-1503.59119693
-1514.97154339
-1694.37888931
-1600.84162893
-1530.11999558
-1543.24739684
-1543.75024181
-1480.11996065
-1656.01847339
-0.17645526
-1502.62119069
-1502.37959438
-1518.05549111
-1491.09038799
-1487.78256412
-0.45887898
-1480.21026344
-1433.43588335
-1501.10411499
-1373.91598485
-1483.01415297
-1489.45243539
-0.54187058
-1506.90955150
-1497.63918516
-1481.27902453
-1435.25124591
-1413.56796513
-1513.16256534
-1433.34859040
-1481.34197533
-1360.78665747
-0.49952469
-1352.28152221
-1407.09466810
-1458.70639727
-1510.58938722
-1490.42961175
-1489.58061123
-1370.42676343
-1506.96534863
-1473.39764483
-1480.11495533
-1486.83583625
-1386.77258626
-1495.23400335
-1542.47234529
-1417.39769984
-1487.23723910
-1415.71910530
-1493.11137510
-1538.29130477
-0.37169267
-1430.05322027
-1506.53206176
-1650.12302983
-1492.90479959
-1547.10209264
-1738.44122862
-1655.43941839
-1578.86898589
-1585.39967727
-1.37893499
-1365.85402164
-1563.76169598
-1583.87620127
-1604.58909746
-1648.58970040
-1469.79738473
-1606.92130230
-1601.38090534
-1535.30098890
-1532.45207066
-1586.28037729
-1538.66486387
-1503.18758482
-1499.51260613
-1496.17023744
-1601.90400451
-1576.69361100
-1500.26754657
-1489.95333119
-1558.61591779
-0.08554599
-1566.98345394
-1481.45382959
-1571.81891672
-1503.21807234
-1391.09133938
-1486.91703554
-1458.23372948
-1521.68663170
-1532.23384428
-1646.53517169
-1598.12518049
-1443.27700706
-1546.39443261
-1448.38159720
-1491.67405519
-1657.84178290
-1666.73705678
-1540.28353803
-1527.28574575
-1629.37060481
-1521.12166542
-1562.27728218
-1595.28571869
-1576.15832679
-1585.69665120
-1447.38031169
-1501.80349166
-1565.25589686
-0.10242514
-1562.60093883
-1644.14381020
-1683.63026725
-1733.29797271
-1784.12894712
-1731.37274636
-1772.22678890
-1740.33002656
-1801.82350754
-1828.67531229
-1746.61316866
-1814.47223861
-1794.81415631
-1879.41722799
-1760.55374172
-0.98219428
-1876.38415224
-1523.59694662
-1805.99555330
-1740.85784826
-1559.16515252
-1810.18923569
-1614.10725736
-1568.79153211
-1545.44282001
-1532.31682416
-1455.96082126
-1688.27894356
-0.05644898
-1762.82492454
-1621.01247974
-1442.26516214
-1.63358752
-1635.89605754
-1508.63164585
-1427.72378737
-0.27291461
-1457.01433610
-1488.59471851
-1502.65000138
-1451.81040098
-1474.07590784
-1406.27809636
-1576.59271220
-1643.82954527
-1562.86150093
-0.81247764
-1659.57693001
-1593.43319106
-1589.94769649
-1728.12092161
-1605.92116548
-1480.90128385
-1617.00165328
-1702.62043044
-1716.97995909
-1513.81442831
-1648.83283784
-0.38548209
-1692.82588932
-1829.13615016
-1879.31072748
-1897.86750314
-1612.38348887
-1747.34923213
-1890.78977141
-1799.64841990
-1780.03198820
-1799.28432042
-1657.18481005
-0.27233781
-1531.36545176
-1647.29994155
-0.16017139
-1407.57330219
-0.36746667
-1522.71886160
-1485.93541397
-1705.49447960
-1860.06580517
-1824.32178375
-1724.66005074
-1617.75530388
-1561.10452967
-1433.11825211
-1751.41262548
-1681.73320682
-1768.98171082
-1794.00202645
-1791.49208108
-1577.53487395
-1578.20464738
-1630.28280201
-1718.67501492
-1810.74245225
-1772.20450438
-1822.11007094
-1603.19064880
-1764.79154590
-1812.68327014
-1634.85056701
-1839.47471786
-1603.55491559
-1834.47563625
-0.91351156
-1829.08820556
-1628.28162594
-1653.88899902
-1642.06441583
-1649.25738343
-1617.58008241
-1748.78564915
-0.53662491
-0.95540080
-1612.22817884
-1680.92655714
-1697.50401183
-1660.88307740
-1589.43572383
-1.83038575
-1689.46982050
-1539.83160434
-1503.74172478
-1779.97434926
-1481.44885088
-1655.93859421
-0.96099918
-1567.22355263
-1805.33268530
-2.13808750
-1833.94765552
-1877.05321402
-0.25887365
-1784.93468289
-1775.44689069
-1785.04701013
-1930.25218697
-1875.90814692
-1843.00989875
-1435.35699555
-1587.85971682
-1627.14202397
-1904.66522857
-1864.35798530
-1523.88393314
-1498.45808868
-1520.31959495
-1506.52880514
-1533.88259880
-1537.14676818
-1668.71826073
-1778.56218696
-1799.64222558
-1681.79577579
-1681.74103189
-1731.05807054
-1.14500381
-1715.19917437
-1795.82815264
-1780.12161918
-1718.97567914
-1665.47090614
-1709.78587904
-1652.98077645
-1600.09947353
-1645.39527001
-1563.33417459
-1869.18709144
-1771.48258106
-1739.18033506
-1673.19237578
-1542.22079817
-1659.20335181
-0.34247512
-1612.68750226
-1683.21869647
-1911.23895104
-1801.91304669
-1670.33712496
-1571.95810321
-1822.74148336
-1810.15884560
-1779.44783774
-1791.52809735
-1792.55722148
-1719.12230807
-1665.85743183
-1616.80614383
-1610.03446238
-1594.25835692
-1493.98281820
-1524.60434951
-1505.52526996
-1676.00562139
-1631.24251341
-1840.75470506
-0.28426698
-1852.56897986
-1903.40760027
-1526.29977531
-1588.55876858
-1521.05624280
-1647.31773252
-0.23828733
-1370.59337602
-1453.18537617
-1495.78406972
-1494.63400978
-1305.54729059
-1545.57106458
-1553.76261840
-1563.63537790
-1588.37839354
-1706.92003122
-1691.90551365
-1511.20882195
-1491.76011357
-1514.76798149
-1476.84620398
-1520.71994177
-1523.23873230
-0.79596075
-0.29864814
-1416.60699256
-0.69066262
-1395.76850864
-1474.98051371
-1627.72978334
-0.12726330
-1862.76925079
-1749.55640100
-1583.11934712
-1496.18471251
-1511.31622981
-1485.52552803
-1703.59445281
-0.25224652
-1494.70836012
-1497.97078564
-1585.80861753
-1492.52541062
-1.41757790
-0.73627582
-1537.11266518
-1502.64905453
-1523.88797517
-1596.35293400
-1615.79668541
-1573.91263707
-1605.59320538
-1728.33938115
-1465.43890208
-1429.09766757
-1490.27825351
-1483.76944136
-1423.05421731
-1505.15834540
-1463.60534816
-1551.00076939
-1564.82433285
-1565.61283550
-1568.70039332
-0.18487677
-0.32448071
-1525.80128070
-1503.04199247
-0.13307365
-1491.90759620
-0.24202598
-0.29474670
-1504.02329510
-1526.65803868
-1502.13771800
-1483.49654444
-1705.68282794
-1801.25427936
-1487.31786734
-1527.15813029
-1650.89650389
-1755.64566573
-1724.84403978
-1634.43539721
-1560.33780656
-1496.54588307
-1503.58767446
-1664.85530018
-1479.99979868
-1496.57599680
-1531.59371646
-1660.43037916
-1670.17974621
-1808.20106490
-1709.60311130
-1889.94490543
-1830.86413604
-0.86999700
-1943.46740699
-0.52091768
-1615.31549947
-1800.32573721
-1859.19854702
-1734.65369855
-1854.81207741
-1745.86132840
-1831.48731922
-1437.76682799
-1386.55890752
-1692.20868089
-1923.78633971
-1818.22794881
-1718.16297600
-1609.50285153
-0.38649272
-1711.09678364
-1478.78359228
-1533.18182034
-1464.53447534
-1343.20912226
-1589.83956491
-1848.15095468
-1.93419342
-1804.86008372
-1690.43687253
-1681.20558504
-0.95923683
-1842.45791057
-1648.80071778
-1580.27149094
-1622.95710634
-1636.05245023
-1547.56598123
-1557.09045707
-1485.99578720
-1582.43402683
-1589.34895069
-1742.78754083
-1718.59179818
-1703.79363373
-1546.26411549
-1584.48669340
-0.63824744
-1519.95018762
-1494.72934912
-1436.17895609
-1399.41328163
-1444.99084349
-1367.36559991
-1427.79661515
-1461.78421086
-1481.53186471
-1536.18372581
-1632.66628333
-0.26448720
-1499.17658493
-1478.66765242
-1314.22567122
-0.16520798
-1598.11044475
-1622.88689601
-1431.31771199
-1428.86433901
-1524.21301335
-1783.35998582
-0.07436278
-1781.41565998
-1684.99293102
-1762.24680518
-1690.54053879
-1715.11271252
-0.46000568
-1602.88155190
-1.05017932
-1555.71662399
-1519.18641603
-1515.68304713
-1432.80324935
-1457.37723324
-1543.30972939
-1486.51916389
-1522.19200867
-1526.00070963
-1589.86156758
-1516.98664904
-1545.09193554
-1482.51418333
-1492.95334180
-1376.16085988
-1497.58034610
-1571.51575477
-1506.38182586
-1514.48743114
-1551.04765848
-1484.08295538
-1626.22181360
-1671.61495557
-1646.01299669
-1646.88339602
-0.39319298
-1.11903276
-1517.09052960
-1570.40445958
-0.53110310
-1433.46163772
-1644.17506950
-1506.06070394
-1494.68862321
-1501.08718342
-1435.49587991
-0.68846905
-1478.90038859
-1500.63817774
-1381.89493259
-1506.06397923
-1472.41396994
-0.24342558
-1460.59328221
-1511.88408897
-1499.47789686
-1500.89146111
-0.26815559
-1470.23197419
-1509.11761095
-1540.64282288
-1511.16662992
-1345.75211901
-1481.64148428
-1444.13130966
-1441.10829114
-1394.70576587
-1505.50761205
-1498.23999691
-1457.01795425
-1515.68252203
-1608.50130200
-0.19410018
-1659.13627795
-1519.86751652
-1.29009616
-1499.22188567
-1495.27478632
-1448.89483322
-1428.44602120
-1535.91728396
-1562.86202104
-1530.14004366
-1515.39065351
-1479.02868363
-1390.45005933
-1522.42145883
-1622.81404804
-1601.25030368
-0.15804541
-1480.97050129
-1486.43280619
-1500.21698521
-1350.48629434
-1401.78952465
-1475.67986696
-1428.75312885
-1488.96539731
-1456.94211575
-1499.89394625
-1514.97387521
-1492.49278451
-1505.29608216
-1532.75370107
-0.39931269
-1463.43627571
-1472.37677095
-1478.29262094
-1534.26714489
-1479.28935031
-1838.21494135
-1875.85540430
-1778.71954289
-1939.03505187
-1.42059042
-1859.07816463
-1711.14418386
-1839.71363993
-1780.81849778
-1802.82306539
-1552.99631452
-1527.14032036
-0.07653337
-1623.95771571
-1431.14207441
-1486.22878647
-1493.99082488
-1552.66951156
-1553.33405670
-1574.96573603
-1506.97050837
-1515.11423496
-1427.30233007
-1511.75054755
-1481.27848027
-1548.26434202
-1485.11710328
-1499.50445280
-1505.22602199
-1501.74539112
-1522.47046266
-1485.84524664
-1457.97450288
-1549.05619961
-1559.10758070
-1551.56329272
-1513.56012648
-1589.89923856
-1526.25368941
-1487.42344104
-1330.93553055
-0.55610574
-1572.75531868
-1508.73935316
-1488.14089292
-1585.79911669
-1591.96441402
-1545.19799419
-1570.26084227
-1475.99391228
-1549.27785226
-1517.29555014
-1439.17505774
-1510.78510514
-1507.09299023
-0.18994719
-1515.09525714
-1515.06199591
-1541.52359176
-1425.11657831
-1575.28091110
-2.20989767
-0.02645462
-1533.24596433
-1526.54307775
-1421.95292170
-1356.14061296
-1596.21339727
-1531.58878929
-1505.41999884
-1486.32074680
-1459.05968096
-1404.75483600
-1553.48585671
-1449.53167383
-1510.22291993
-1491.02808146
-1523.21705025
-1480.14382118
-1549.14174745
-1490.80361425
-1540.71108466
-1487.06315126
-0.01968699
-1481.78437305
-1352.18322730
-1429.65926657
-0.08576885
-1672.00376470
-1543.27361322
-0.34639555
-1521.54973948
-0.94260247
-1488.47378890
-1396.46323255
-1547.72635449
-1.17732357
-1383.07308587
-1470.10299724
-1477.85249284
-1592.24582994
-1641.68330628
-1442.04953416
-1506.63932378
-1578.42844816
-0.05065076
-3.32263601
-1279.61625002
-1502.24031565
-0.08156443
-1502.94544331
-0.02327708
-1495.42137473
-1466.67690521
-1437.26842553
-1436.73675339
-1462.02617814
-1622.02680351
-1366.57027584
-1378.52825643
-1556.89163647
-1674.48330134
-1389.94495177
-1.76279032
-1589.96938299
-1538.72597787
-1485.39775788
-0.30591043
-1689.86578460
-1643.67948489
-1472.12217004
-1704.85562544
-1648.57989735
-1494.01861444
-1408.45279192
-1459.36865431
-1525.58232869
-1596.27070115
-1383.10234450
-1332.31790529
-1540.36352555
-1596.73779442
-1388.77092149
-1493.23268322
-1484.88791333
-1486.87487485
-1306.85817163
-1537.78588080
-0.36085377
-0.36727756
-1541.02457052
-1598.94596858
-2.46136739
-1498.89257226
-1424.16074466
-1477.60198715
-1491.02972305
-1.07761059
-1488.75122722
-1417.75337548
-1496.17891472
-0.97464709
-1453.09470092
-1500.63230537
-1524.96760501
-1627.27769128
-1656.55327832
-0.29625765
-1593.55447519
-1541.10425612
-0.11634860
-1571.09396370
-1576.70465194
-1555.89986621
-1503.93073155
-1474.12624150
-1524.34676330
-1533.24038978
-1667.33306638
-1618.72848780
-1550.89807001
-1494.08979129
-1435.86056405
-0.64706224
-1447.44139862
-1484.01246236
-0.23183803
-1487.04055490
-1432.40147101
-1508.36558870
-1397.01591232
-1470.27325223
-1402.41276877
-1543.40181809
-0.48439531
-1536.23505732
-1532.30392185
-0.49559234
-1450.11525733
-0.46757515
-1468.76977517
-1455.36659571
-0.16777495
-0.05192638
-1488.27956813
-1491.98128127
-1535.14191499
-1530.18057673
-1477.46187803
-1497.72653300
-1302.99893964
-1498.57741065
-1463.25253230
-1497.89501348
-1515.44095803
-1500.58702622
-1498.64519823
-1503.33205661
-2.79087639
-1474.74914319
-1411.93300837
-1450.84421679
-1487.82782245
-1501.83908651
-1492.94577386
-1500.38704055
-1489.17683496
-1485.40503790
-1420.92286640
-1503.54236735
-1404.24497531
-1475.88579015
-1508.31300571
-1517.69733260
-1486.46731299
-1473.04227950
-1510.98799257
-1531.26011504
-1592.02590464
-3.18337864
-1494.62413180
-3.00659776
-1651.12396767
-1513.78954004
-1599.16423990
-1557.24478156
-1540.40956648
-4.47373784
-1569.67826974
-1652.58045366
-1634.63976778
-1611.40005982
-1513.36651402
-1545.52909935
-1511.02675388
-1499.50708858
-0.05793091
-1549.39750777
-1512.48483430
-1.45399585
-1548.71339213
-1568.04340573
-1549.73321146
-1413.23861551
-1417.76125388
-1491.08862467
-1502.23457552
-1515.93837429
-1534.96509344
-1596.85554645
-1594.21323808
-1494.89413141
-1536.56764477
-0.36834039
-1.35631910
-1647.41602152
-0.43083507
-1624.81447188
-1397.17276101
-1499.79006065
-3.89845493
-1474.57882948
-1493.41188438
-1451.42730120
-1513.87486389
-1471.62691539
-1484.87915902
-1377.90586089
-1453.75144582
-1462.95147325
-1502.07831405
-1524.85033852
-1490.77247611
-1496.80498462
-1561.95928236
-0.03542292
-1579.16740945
-1559.67617636
-1515.01288247
-1629.70825282
-1614.83308662
-1639.82268859
-1640.41917820
-1572.31356473
-1694.33585460
-1739.28668060
-1646.27194869
-1576.74827771
-1512.23477196
-1512.59548442
-1457.27289666
-1483.69493529
-1537.94351280
-1535.63673596
-1423.91194444
-1440.52101983
-1502.16280878
-1480.87095001
-1309.94884493
-1457.51426049
-1498.45880679
-1494.69467812
-1463.38779983
-1498.52479175
-1608.18698478
-1395.48827112
-1480.28195462
-1490.62953345
-1479.90805443
-0.23705983
-0.58005059
-1550.95520741
-1502.01784037
-1468.02645343
-1443.88932790
-1471.29426427
-1515.11514289
-1512.58001540
-1529.24977113
-1455.86597893
-0.43263777
-1448.55772018
-1418.01376992
-1432.70194644
-1426.74450567
-1329.75486475
-1577.45573407
-1389.17648418
-1425.02032186
-1447.75385481
-1466.73255329
-1433.70625432
-1463.38717466
-1483.06957873
-1505.55142741
-1504.92125959
-1491.24400556
-1480.23052849
-1395.92607193
-1489.76504859
-1482.34278286
-1359.93507610
-1490.11592789
-1432.80720506
-1498.97010406
-1430.70657544
-1.19000537
-1465.45159036
-1464.00145979
-1509.01077512
-1590.34887369
-1402.35743437
-1608.18656613
-0.79135420
-1465.88321995
-1769.89783301
-1568.02480738
-1585.44079540
-1682.22396785
-1640.21783235
-0.76720863
-1566.95094272
-1567.22558336
-1562.77834689
-1549.40444165
-0.15798267
-1725.93261724
-1514.10972477
-1656.47580302
-1583.86339497
-0.22386087
-1486.22834008
-1554.06734842
-1714.32488596
-1555.59136329
-1620.48450986
-1548.36235224
-1531.51809406
-1585.84061218
-1564.67173704
-1452.91584778
-1492.06220424
-1480.12682776
-1491.25154781
-1518.30139151
-1569.37278604
-1519.72773977
-1630.31379297
-1431.83715048
-1464.73176008
-1460.04943472
-1558.97708117
-1413.08528156
-1558.32748221
-1525.12087398
-2.55663927
-1484.35714479
-1491.45895669
-0.61538659
-0.37500069
-1487.95404670
-1530.19698589
-1481.43948652
-1484.18599795
-1534.46384421
-1538.37959883
-1506.64199321
-1531.61485211
-1481.84558445
-1510.78902437
-1497.50040954
-1565.29302284
-1596.04479584
-1658.10137852
-1637.48077263
-1534.41964916
-1565.21285206
-1491.30218265
-1480.70848391
-1436.77786452
-1444.19878052
-1486.79069352
-1511.73967851
-1500.27032406
-1498.44642673
-1414.26177792
-3.36941297
-1508.78156566
-1512.25379897
-1482.18761735
-1527.35943420
-1734.50184793
-1648.52495458
-1709.74549343
-1611.98426074
-1501.55997540
-1597.94869024
-1716.45291729
-1659.91591259
-1507.40735920
-0.78557965
-1498.52022158
-1494.27345774
-1379.91570369
-1489.23228268
-1457.00946701
-1473.46233170
-1453.49662654
-1496.53561955
-1525.11133988
-1493.91153518
-1504.64224947
-1473.38847013
-1472.84318763
-1488.85028214
-1498.74149727
-1452.58607395
-1443.67045211
-1501.61605813
-1539.88529274
-1511.10921304
-1516.57379478
-1463.70158901
-1480.65623262
-1489.24598354
-0.11672355
-0.14843012
-1467.13493263
-1523.11804020
-1575.69435772
-1462.96905878
-1493.06444418
-1498.51593421
-1509.31305983
-2.64857471
-1487.31181310
-1394.06958613
-1395.54204891
-1516.65419679
-0.47939489
-1809.85405610
-1704.50586717
-1707.13920549
-1678.18886354
-1637.02022678
-1767.22886711
-2.34755889
-1447.24918441
-1503.42671483
-1341.95093494
-1490.54436413
-1499.31198661
-1472.43101232
-1553.47153328
-1682.23392524
-1749.64158015
-1697.06301572
-1648.58858387
-1608.19691111
-1599.44698104
-1514.27959224
-1475.79809535
-1504.94558874
-1433.64415528
-1488.02166987
-1493.60331998
-1451.18528536
-1553.29326073
-1572.17570694
-1585.15852196
-1576.97617810
-1610.48102441
-1468.35791895
-1530.39151773
-1402.44193512
-1445.01151197
-1524.98421420
-1410.24882436
-1520.17444343
-1502.41368124
-1747.91733541
-1608.65836978
-1569.90615131
-1845.63988407
-1864.78575559
-1744.36302235
-1740.00874192
-1585.11698345
-1520.24987124
-1600.41999492
-1579.77642593
-1554.47591815
-1639.63840181
-1624.68055038
-0.46137705
-1568.24430332
-1573.34234387
-1668.67255733
-1567.61548606
-1560.86315344
-1553.50576705
-1535.81726419
-1571.55568977
-1594.16413299
-1663.83113641
-1599.45990366
-1538.99696821
-1603.69467306
-1621.53364363
-1593.85373086
-1573.51991713
-0.93120891
-1506.88299260
-1584.09565097
-1558.79470625
-1567.43786690
-1439.07380166
-1280.04045925
-1404.05173778
-1494.58463096
-1488.21414940
-1489.50674354
-1489.59640984
-1414.94807506
-1428.65609931
-1476.55689593
-1423.27818676
-1487.40543880
-1440.77253317
-1497.60410802
-1491.80870850
-1457.31057304
-1418.55338135
-1473.41638029
-1502.82685538
-1483.11629482
-1493.84797646
-0.21183939
-0.22838523
-1376.79649153
-0.20429831
-1524.79828047
-1622.80783715
-1574.72059180
-1462.82235883
-0.35825424
-1605.50274428
-1603.87748981
-1610.71281440
-1529.93346632
-1514.81003862
-1.70679380
-1490.86745890
-1402.45808208
-1460.02391132
-1476.70317368
-1536.49441923
-1481.49695509
-0.31099319
-1462.07972645
-1594.23554122
-0.44707005
-1502.00087958
-1.92981483
-1537.78711010
-1479.91892441
-1476.17928974
-1496.36978908
-1473.63955577
-3.25333972
-1532.01121705
-1488.72411035
-1450.44001387
-1369.45561908
-1546.97613609
-1511.32994042
-1513.34389036
-1494.60318259
-1485.51290734
-0.59424826
-1567.95960479
-1585.04082398
-1559.36766426
-1441.52792740
-1534.92391509
-0.99255207
-1409.54902425
-1442.77013010
-0.13124194
-0.54713401
-1556.78106249
-1562.08373999
-1659.95904753
-1619.46077386
-0.32110747
-1558.05107137
-1472.68921292
-0.26643014
-1579.26908129
-1395.72469763
-1507.96904221
-1505.33846961
-0.24332977
-1463.97308822
-1488.52064283
-0.41163726
-1488.87312096
-1495.67916978
-1376.15502002
-1495.00041064
-1493.11861544
-1526.48337934
-1501.37268948
-1619.18639089
-2.11480947
-1502.25371061
-1505.36658927
-1496.93795459
-1481.76222514
-1497.57049280
-1474.82424405
-1497.18248062
-1486.64143533
-1415.12926111
-1495.46525197
-1525.32150294
-0.24926486
-1390.48018013
-1517.92231797
-0.17509174
-1493.52374189
-1486.02900496
-1441.12604586
-0.17035353
-1488.52854173
-1479.11375915
-1428.77057454
-1491.10933822
-1457.12341740
-1395.96490073
-1389.94255603
-0.29778935
-1463.49572983
-0.71544383
-1492.07923955
-0.12889281
-1438.86551928
-1446.29192702
-0.17132834
-1485.54617473
-1371.78066702
-0.09825046
-1510.10965720
-1483.51238580
-1480.71463633
-1303.44466889
-1478.93659220
-1502.15186434
-1488.90341305
-1498.17690326
-1477.77317822
-1471.64819550
-1517.88260969
-1492.07752880
-1466.75300315
-1461.26058320
-1484.66549701
-1390.89621662
-1489.77104494
-1517.14863244
-1.16259588
-1482.19879996
-1484.22987699
-1435.22113204
-1520.11692819
-1491.31573371
-1479.88207694
-1445.34093647
-2.09332986
-1494.96728514
-0.28113166
-1495.08008800
-1483.43723939
-1477.83604727
-1598.64237930
-1565.90210432
-1533.98394824
-1644.83573448
-1638.89243929
-1687.79138163
-1628.96467836
-1684.07203017
-1705.13274104
-1708.21514510
-1707.12857933
-1671.99622510
-1649.33471676
-1696.06341297
-1659.68057479
-1483.24464098
-1623.40671028
-1597.67241453
-1552.33021400
-1520.73514460
-1587.93355796
-1510.79761559
-1480.16976622
-1610.38798583
-1512.62743584
-1482.92823682
-1582.77715625
-1669.23636282
-0.43476134
-1495.78676290
-1502.91260841
-1455.66578276
-0.32587513
-1499.45329627
-1498.58471440
-1449.42638680
-1496.24794632
-1457.54021688
-1510.98067048
-1494.16368424
-1459.32291414
-1501.57072241
-1539.51760517
-1463.52733476
-1.15884123
-1411.48057786
-1483.34225147
-0.52900237
-1434.78934551
-1487.14153676
-1491.54449664
-1462.00900490
-1476.51733845
-1397.09772778
-1480.86529796
-1510.63152026
-1439.64579446
-1508.44385688
-1579.39677805
-1548.77662779
-1444.48027021
-1533.85446022
-1581.87646695
-1557.12592502
-1522.57519724
-1570.26489405
-1535.68514401
-1589.95943235
-1502.36994720
-1423.02980515
-1413.68740947
-1520.40303793
-1574.96095946
-1667.52595187
-1667.72030785
-0.06232229
-1488.58145258
-1528.24750029
-1504.49766511
-1548.37797521
-1476.49284565
-1.51345980
-1483.87429175
-1480.84356497
-1389.21794582
-0.74858064
-1529.77145490
-1551.84900138
-1541.49431191
-1574.13035577
-1585.14011640
-1410.22015907
-1600.35509201
-1542.87522905
-1528.18059875
-1478.57028658
-1426.25027273
-1519.90893460
-1520.05484790
-1501.33282897
-1.51200075
-1614.71186552
-1434.33617150
-1518.14333052
-1497.70547971
-1504.88235541
-1508.95241533
-1483.73975589
-1533.19217276
-1500.10880515
-0.04377212
-1486.22480970
-1529.51544289
-1494.34735619
-1483.68922250
-1405.63819124
-1483.27180162
-1532.12444320
-1547.94211526
-1549.26783248
-0.43032493
-1578.97235785
-1546.44963176
-1567.47715386
-1520.28635375
-1708.06410448
-1591.20817905
-1560.59199305
-1616.75525909
-1459.28443643
-1609.94692124
-1506.40068759
-1492.05785788
-1500.18290775
-1511.37724810
-1573.48203551
-1549.75525809
-1498.77454828
-0.30881539
-1531.41611159
-1521.70710352
-1531.78171386
-1486.19987904
-1461.37583883
-1494.99824191
-1576.61958333
-1779.21955466
-1801.76605706
-1548.11140236
-0.40626394
-1507.61146726
-1184.51399345
-1445.65630716
-1501.47892568
-1581.24309347
-1508.70175004
-0.63522380
-1569.84534538
-1512.37015077
-1486.40787050
-1571.50008118
-1442.49986094
-1405.96527275
-1568.77372144
-1459.53721198
-1605.96044586
-1568.95626395
-1546.15949456
-1438.88087320
-1441.26659253
-1444.57998660
-1493.21489133
-1502.34490858
-1551.82340100
-1494.00821428
-1436.64923924
-0.17098223
-1501.53787320
-1492.58166717
-1480.42116476
-1355.33971586
-1420.72848232
-1446.33995925
-1463.15388774
-1497.11945144
-1374.03852331
-1477.07133622
-1308.15313261
-1488.22585240
-1444.62828972
-0.36323090
-1493.56083021
-1485.96470204
-1483.51795758
-1340.93318635
-1510.85511576
-0.10278599
-1520.26682148
-1.10965580
-1619.91564481
-2.30669144
-1577.39727290
-1516.91417274
-1582.77577431
-1693.12131539
-1.74397512
-1643.04538161
-1649.47452105
-1548.45842769
-1473.11573577
-1571.53260364
-1415.95080340
-1488.46655320
-1492.62959680
-0.92612450
-1495.20766266
-2.99858917
-1465.62880518
-1440.82602552
-1495.65903810
-1483.00607880
-1518.78135491
-1464.23512517
-1516.73205285
-1600.69406369
-1457.95968438
-1472.24030813
-1500.65274358
-1453.66815305
-1482.19118147
-1494.44073789
-1389.60440714
-0.16712948
-1494.61500460
-1473.04555698
-1555.05218763
-1688.12831557
-0.65342956
-1642.43300818
-1491.27833207
-1610.06252149
-1673.34226774
-690.84911408
-1676.53660773
-1718.52962551
-1218.10439809
-1377.68859618
-1426.24014002
-1435.25645440
-1315.91861656
-1204.92829970
-0.06406241
-1646.02926586
-1.21138730
-1467.06494825
-1491.04157147
-1498.61199721
-1494.35990831
-1512.30714840
-1269.02097490
-1497.73984249
-1314.78967883
-1491.17724854
-1448.57844259
-1355.80348960
-0.57552104
-1408.63514618
-1466.18511994
-1497.87902706
-1406.66335253
-1471.11912451
-1486.87723607
-1485.23649140
-1407.69639285
-1541.39955614
-1543.45927115
-1556.71441641
-1499.07664952
-1391.73106013
-1515.92374596
-0.28748359
-1575.77674076
-1653.10752908
-1634.39989670
-1586.22824889
-1507.98975634
-1578.18033331
-1478.42651570
-1315.72066129
-1491.92590118
-1502.53548498
-1503.64324802
-1518.75489285
-1462.28030894
-1502.91270204
-1504.20713830
-1550.33596464
-0.25409835
-1494.51110647
-1501.21791824
-1494.88705061
-1487.09628403
-1492.10842071
-1464.29769099
-1482.49116399
-1476.29338880
-1480.00206203
-1477.84741405
-1496.44947128
-1475.75276637
-1246.37551223
-1500.96507301
-1495.51339300
-1490.66380628
-1505.12248802
-1493.51062136
-1477.22941446
-1510.74951118
-1468.79134117
-1624.34935605
-0.72953879
-0.49594894
-1504.16296389
-1765.72397017
-0.97985003
-0.45501003
-1750.45606332
-1751.56217281
-1728.41466561
-1601.06109024
-1790.53916225
-1605.86622860
-1447.99607600
-1490.07715850
-1483.35351659
-1474.83108128
-1467.74047837
-1833.48568466
-1892.27391554
-0.05859360
-1829.57888346
-1771.86855198
-1577.46139221
-1510.97668535
-1444.99157173
-1607.04601039
-1373.62402281
-1527.51812422
-1715.45895020
-1786.89108328
-1409.96150337
-1503.68642822
-1633.39569711
-1484.89713312
-1467.41875629
-1485.58142728
-0.24489657
-1474.23483943
-1494.43916979
-1443.45269857
-1448.15255596
-1560.78093617
-1478.16342969
-1412.67360958
-1482.22873451
-2.28883639
-1499.48340607
-1526.66329107
-1523.21892935
-1470.80528593
-1504.03177999
-1421.08846036
-0.54852862
-1487.07435793
-1687.55032477
-1691.89274803
-1499.15475477
-1501.59922332
-1436.01144365
-1446.17212859
-1453.62691595
-1493.93502283
-1484.83238438
-1571.07876507
-1651.39124174
-1628.54026415
-1453.18949998
-1680.42302540
-0.66784222
-1455.09935252
-1498.63244605
-1484.96027982
-0.12303333
-1547.90916740
-1542.61501466
-1455.38806465
-1729.86121051
-1.30647613
-1471.29645226
-1531.56572890
-1.07195396
-1608.82080602
-1443.50433928
-1607.69925125
-0.12056948
-1450.73286808
-1584.07734732
-1533.66465370
-0.78092891
-1484.31895110
-1492.81080061
-0.69998219
-1466.58979616
-1573.87812907
-1457.26003977
-1572.75661759
-1495.90997605
-1456.28235830
-1623.98843538
-1614.81246175
-1696.89603721
-2.06874312
-1534.44470457
-1505.91326042
-1454.94021575
-1319.63544633
-3.58418074
-1606.88898986
-1545.61606545
-1542.68874976
-1548.79732449
-1571.39612362
-1556.29006488
-1471.68834201
-1569.64613021
-1592.79341845
-1649.99393773
-1551.97133187
-1569.22631153
-1540.03094716
-1669.46679910
-0.46065721
-1463.71343523
-1407.95345176
-1491.99322822
-1534.20845597
-1533.02572840
-1477.62859357
-1521.25272115
-1430.82839510
-1450.21863536
-1458.70328003
-1537.90584752
-1558.41147094
-1546.86744171
-1419.52228965
-0.03849935
-1609.84087300
-1659.91023363
-1293.33534978
-1537.53490120
-1478.51911466
-1295.94702712
-1477.06037382
-1519.44223611
-1490.04696046
-1482.70950537
-1513.61893555
-1594.51037405
-1660.26348193
-1597.28768289
-1562.28804415
-1493.27778662
-1485.11300933
-1479.83946988
-1525.69485055
-1470.41268909
-1561.68419584
-1443.63622428
-1467.04251521
-0.13292791
-1538.36676598
-1909.05407105
-1476.63699247
-1555.70997698
-1567.75396134
-1494.73468671
-1419.87698145
-1579.28856290
-1674.56722088
-0.61031522
-1614.25193774
-1546.02970872
-1741.05421094
-1902.01017573
-1646.22240370
-1462.84642706
-1498.99269776
-1484.81791820
-1574.08804441
-1496.99818869
-1519.45613827
-1502.17085099
-1477.40505399
-1566.44274427
-1554.81452357
-1421.15517472
-1538.61828709
-0.80790200
-1512.92334936
-1528.77204963
-1630.00847669
-1514.81582961
-1649.74443001
-1682.91060003
-1543.20355765
-1502.59140000
-1452.76703266
-1407.11281484
-1507.63962471
-1817.45130169
-1719.67872841
-1479.56335658
-1495.85921327
-1473.80819368
-1682.23915279
-1394.18183561
-0.11318296
-0.82574130
-1804.16646279
-1882.81010628
-1380.42089064
-0.14333334
-1702.99519466
-1510.56620632
-1493.77320763
-1497.88759053
-1395.27458888
-1763.70466231
-1797.97217758
-0.06794336
-1903.11004385
-1783.20217190
-1575.97160594
-0.21452815
-1390.27408453
-1513.54041120
-1527.97888641
-1521.96199583
-1364.74652833
-1842.01882245
-1441.04876943
-1550.91080878
-1.83101186
-1530.68104071
-1556.36080919
-1544.57074980
-1482.81847417
-0.21062481
-1357.31307569
-1520.70074739
-1595.83911816
-1552.98272377
-1596.78883670
-1612.42505599
-0.27635725
-1930.55262114
-1897.12817179
-1839.25178184
-1839.53515747
-1618.89493103
-1499.72745266
-0.22624923
-1590.06594818
-1750.15999944
-1644.67213791
-1657.41484500
-1563.98467979
-1841.25041770
-1662.64255149
-1583.94062550
-1726.82592369
-1633.91837841
-1535.62737300
-1690.58767538
-1703.84794572
-1629.97032204
-1694.39186211
-1533.50586562
-1625.20900075
-1468.47269804
-1.07883354
-1659.38740510
-1654.22064424
-1563.04784687
-1339.64726810
-1613.81932198
-1435.32431482
-1486.19332953
-0.35344124
-1587.53844334
-1507.75363009
-1444.24685211
-1504.26425397
-1438.65532239
-1485.63768114
-1448.14928028
-1489.77836970
-1463.65592477
-1.00588975
-1492.71890779
-0.39332697
-1547.33549527
-1555.30370010
-1573.36333333
-1561.50140799
-1436.48474916
-1.25702023
-1575.29096414
-1541.32867198
-0.11531050
-1677.17076519
-0.05152970
-1449.88325317
-1735.91414737
-1632.36840182
-1566.11439535
-1410.03987396
-1.90362853
-1483.77402945
-1433.15465231
-1521.45278891
-1299.64116596
-1492.22061967
-1484.37100014
-1445.75542669
-128.08255887
-1453.55013444
-1410.75682683
-1493.08773960
-1344.02791631
-1474.27369032
-1345.85621902
-1825.02432976
-1642.81072524
-1369.19707698
-0.16416342
-1475.33975116
-1538.32041905
-1482.82252218
-1.94840752
-0.04687404
-1.97422421
-1579.62595506
-1551.89730358
-1936.66645956
-1527.25580934
-1247.15301942
-1552.92111656
-1881.78410287
-1373.87115510
-1839.89442632
-1492.74898646
-1447.23208664
-1527.35483046
-1548.05784456
-1518.24813541
-1778.82085815
-1593.16489004
-1642.16246622
-1703.47820309
-0.21455573
-1721.60148254
-1736.68247862
-1773.13178794
-1575.96745222
-1702.12893437
-1454.44964193
-1791.22156316
-1677.25050644
-0.17796740
-0.21242079
-1810.46120373
-1.60760303
-0.82135651
-0.43965460
-1828.09785146
-1702.40857739
-1724.57946380
-0.12868520
-1344.29251656
-1735.48782528
-1744.45494657
-0.26095326
-1774.26906008
-1385.86048429
-1759.93729894
-1786.77338071
-1892.17850417
-1835.74735387
-1848.42763741
-1828.47049091
-1469.55592348
-1458.94497928
-1457.35575030
-1873.34524993
-1694.33828684
-1563.70214392
-1746.76778321
-1750.54104275
-1746.39026924
-1608.18199834
-1666.34142221
-1548.57838081
-1445.96804197
-1595.72458212
-1575.18657342
-1556.05653246
-1546.15128075
-1561.18585584
-1617.13827152
-1660.04963146
-1748.11840589
-1420.89173662
-1335.11951782
-128.90591822
-1552.61696583
-1515.13200946
-1832.47571048
-1681.04878569
-1545.38591919
-1832.18267478
-0.54348998
-1559.12724564
-0.26549306
-1776.39748507
-1587.84347103
-1694.57567361
-1497.67189893
-1748.73717687
-1812.30757038
-1605.76886776
-1582.95925047
-1606.13723902
-1595.71810648
-1553.12322792
-1631.05720529
-1541.97824818
-0.67665507
-1507.18809513
-1478.34655554
-1507.16450943
-1494.48966896
-1517.42034774
-0.58938926
-1891.93639938
-1437.44885098
-1621.47850844
-1022.59856559
-515.62964404
-1480.33029919
-1494.67820325
-1591.79378376
-1822.64059479
-1685.28092702
-1859.07258145
-1456.65986091
-1704.55369617
-1712.50585547
-1559.38059527
-1819.88232882
-1501.71831392
-1804.67653582
-1519.79104138
-1445.29170709
-1752.08334868
-1.18847371
-1371.66793499
-1482.74525204
-1432.61443109
-1529.28278898
-1427.25845706
-1544.43431351
-123.15373351
-1726.79361197
-1730.51645612
-0.38380632
-1721.15413023
-1508.95032218
-1729.33691995
-1821.18498264
-1718.52296053
-126.07796393
-1487.29965735
-1607.67833782
-1668.12061964
-0.06684673
-1696.31217171
-1755.38401651
-1546.66623893
-1635.81046544
-1509.43107690
-1653.55755976
-0.44301116
-1747.76443303
-1678.14251713
-1600.21121706
-1746.38055625
-1802.20108879
-1591.89493355
-1599.04952019
-1727.50540321
-1716.12343100
-1627.90944533
-1779.84254908
-1693.86010825
-1559.60775795
-0.20051533
-1611.40146915
-1749.15067514
-1760.18394322
-1.49588784
-1552.48399211
-1628.93948965
-1689.45407155
-1668.93828754
-1441.03102117
-1648.09348344
-4.72634326
-1693.02038151
-1662.60866071
-1724.96158316
-1726.44511996
-1709.55416850
-1699.62126138
-1464.51201717
-1546.56402901
-1617.68222901
-1520.60932512
-1714.16214437
-1741.26166769
-1777.21194197
-1755.96368272
-1717.49975636
-0.05946734
-1672.85855089
-1630.78075117
-1622.56244173
-0.24767793
-1566.03720948
-1558.62846609
-1700.78981838
-1665.87550683
-1520.07271761
-1605.56052815
-1632.25865204
-1667.63896536
-1686.85260237
-1666.03147126
-1569.81219729
-1589.78100175
-0.58949574
-1722.83922286
-1596.79651588
-1576.89246396
-1627.78709107
-1727.06004798
-1723.85746619
-1678.32509623
-1648.75906074
-1704.44140108
-1731.37273891
-1632.50389295
-1485.82248681
-1704.93638009
-1780.92761851
-1823.86213050
-1683.19101675
-0.37311099
-0.04374255
-1712.14164935
-1649.75478087
-0.41839881
-1758.01838395
-1704.41033937
-0.28925227
-0.53469381
-1761.73870255
-1707.41791501
-1608.76231138
-1615.79738824
-1642.70429203
-1665.24782185
-1732.44934180
-1558.38166776
-1748.87982206
-1703.43743041
-1726.62090257
-1.08230173
-1712.65766046
-0.66764098
-0.13947976
-132.08272002
-1680.20008211
-1542.53892542
-1487.93302409
-1676.63999951
-1521.77294231
-1631.26384616
-1568.50715417
-2.00010320
-1740.28400086
-1634.97737735
-1695.76700117
-1734.48492813
-0.11335400
-1657.46705464
-1704.33812297
-1784.51673352
-1710.94285687
-1737.37839997
-1639.37080824
-1705.89638733
-1543.47694523
-1580.00603427
-1641.21796926
-1712.67008895
-1767.29184412
-1581.14242111
-1754.00541105
