-1596.89869638
-1468.37351124
-1368.06726691
-1393.96164249
-1351.95709247
-1368.54397079
-1405.87635449
-1435.84803378
-1460.05718956
-1467.59823104
-1449.08243226
-1418.57936363
-1422.38948447
-1424.94846125
-1426.60933724
-1431.30754678
-1441.99218238
-1447.72563955
-1465.80495100
-1452.94961126
-1455.67573156
-1459.26713764
-1437.14598881
-1441.60542723
-1449.83135505
-1451.28176155
-1458.69444382
-1440.53496947
-1442.74983257
-1444.28098226
-1448.75095288
-1439.99270068
-1444.13569188
-1444.64938069
-1449.79260043
-1442.51625934
-1447.20266184
-1448.97642572
-1442.97559739
-1436.59042158
-1439.12009089
-1428.74465477
-1430.74166580
-1431.10446035
-1428.86756037
-1422.75440292
-1420.70020160
-1422.45157866
-1423.25944935
-1423.93160867
-1427.54690761
-1428.66625945
-1432.72766582
-1431.18934659
-1429.90606552
-1432.44123101
-1425.17759180
-1429.00364610
-1430.95823788
-1434.35248107
-1435.72063259
-1439.06169041
-1439.97740826
-1434.73139830
-1437.96274379
-1441.06145996
-1441.66343959
-1439.82859415
-1440.84997184
-1439.86584115
-1442.70823467
-1441.89141225
-1435.13870495
-1436.26371013
-1437.21224911
-1439.80324694
-1442.46487805
-1443.52125069
-1445.48272209
-1440.61100413
-1441.99358406
-1440.79935374
-1441.75244673
-1442.27773463
-1443.75132823
-1444.44169135
-1445.17762026
-1442.35111331
-1440.42594647
-1439.49383417
-1440.73850354
-1442.92479606
-1437.57846478
-1436.72517963
-1438.17677782
-1439.52749266
-1439.40309207
-1439.68612997
-1438.81711329
-1435.07323569
-1434.25039167
-1430.92197763
-1433.18956164
-1435.39367909
-1432.88449262
-1433.74559382
-1433.45683979
-1432.80716934
-1431.53653412
-1429.06186525
-1428.14695515
-1424.91467176
-1421.33346506
-1419.79998860
-1422.31927330
-1421.69722700
-1423.30392839
-1421.33108461
-1419.95235471
-1415.09650719
-1416.79693150
-1415.48737686
-1413.95857318
-1415.54267094
-1417.10101415
-1415.58424583
-1416.74626026
-1414.74998885
-1415.53287259
-1415.63846286
-1416.19850178
-1412.63236341
-1411.68158502
-1409.96889715
-1409.46204981
-1408.10600573
-1406.44157435
-1407.06171182
-1407.04061221
-1408.60242463
-1410.27979126
-1411.59331660
-1410.24713142
-1410.18119161
-1411.49591547
-1410.89050362
-1411.67676835
-1408.56338732
-1410.01767167
-1408.76916246
-1410.14342262
-1411.66063448
-1412.86704629
-1411.44209798
-1412.98281286
-1410.67782741
-1411.87017294
-1413.23048987
-1409.52581369
-1410.52606398
-1411.19495483
-1410.49191257
-1411.12623797
-1410.39222358
-1410.00422436
-1409.95247933
-1410.71617299
-1409.25798046
-1410.68943450
-1411.30576033
-1409.09582464
-1408.46812435
-1409.62057586
-1409.29262655
-1409.76900673
-1410.29593238
-1410.95319466
-1411.59461214
-1412.19530143
-1409.68913323
-1410.94452253
-1409.00258676
-1406.85685468
-1407.85282292
-1408.26969939
-1408.57020591
-1409.05084328
-1407.76013023
-1408.92848577
-1410.15686708
-1410.59497466
-1410.04242166
-1410.32943865
-1411.38063620
-1410.10760440
-1410.22163143
-1410.87879902
-1410.02765781
-1410.63041447
-1409.79420001
-1408.90592986
-1409.29323104
-1408.22792417
-1407.52299129
-1407.02931258
-1405.73385010
-1407.18796378
-1406.99937511
-1406.90498156
-1407.52111400
-1407.94799058
-1408.39096087
-1408.69229823
-1409.46700404
-1407.28306993
-1406.98174729
-1406.56199939
-1404.37904171
-1405.36874113
-1403.72992934
-1404.85443821
-1405.26596062
-1404.80740673
-1405.28770145
-1406.29874075
-1404.94378277
-1405.93761481
-1406.86706255
-1407.19716456
-1407.78298512
-1406.83032724
-1407.74719946
-1408.08397124
-1408.51601383
-1407.51092927
-1406.05406770
-1406.93434319
-1407.66177860
-1408.16222318
-1407.33635309
-1406.93879479
-1407.79396904
-1406.44864397
-1405.52917611
-1405.31008881
-1405.63277586
-1403.79960811
-1403.58153395
-1404.56464098
-1404.93734082
-1402.65898359
-1403.50286547
-1403.88069769
-1403.55604613
-1404.16439142
-1403.76228938
-1404.22713921
-1404.54179583
-1403.68407503
-1402.60892909
-1403.53161209
-1403.57618551
-1404.53441915
-1405.06658811
-1405.96008491
-1406.55273745
-1406.88267326
-1407.52454119
-1407.99260587
-1408.84125465
-1407.16720593
-1407.46548960
-1408.35545145
-1408.73846322
-1409.12807783
-1409.18835704
-1409.06963219
-1409.34814222
-1410.18389284
-1410.57238537
-1411.35558299
-1412.16343814
-1411.43589382
-1410.58436131
-1409.34829528
-1409.67005133
-1409.63807373
-1409.90686622
-1408.68053733
-1409.50880794
-1409.05760749
-1409.79310158
-1410.05067968
-1410.37827457
-1410.65972459
-1410.13142205
-1408.88347970
-1407.86495932
-1407.51492232
-1407.96620689
-1408.73221292
-1407.83175737
-1408.17800537
-1408.85238675
-1409.17639482
-1409.82613506
-1410.11242538
-1409.73247357
-1409.73017962
-1410.15804805
-1410.83145939
-1411.37248730
-1412.10125831
-1412.55909898
-1412.81620143
-1413.61697158
-1413.21378104
-1413.91987419
-1413.97010797
-1413.52555183
-1412.41006162
-1411.21211140
-1411.85871758
-1412.16508642
-1412.58892852
-1413.15826549
-1413.83744076
-1414.56616641
-1415.04881866
-1415.26680754
-1415.55203287
-1416.15371411
-1416.81648450
-1417.49768456
-1417.73658545
-1418.33280167
-1418.30537350
-1418.42122578
-1417.04706322
-1416.01356226
-1415.40946001
-1415.89691334
-1414.70453495
-1414.17202858
-1414.43182707
-1414.23218282
-1414.81307964
-1414.30000618
-1414.05157372
-1413.53083076
-1413.62009407
-1413.95001906
-1412.63495260
-1411.48566253
-1410.84951873
-1409.93031711
-1409.65325831
-1408.35682721
-1408.92437871
-1409.38076113
-1409.75991290
-1410.20328644
-1409.95145072
-1410.17438441
-1409.14786716
-1409.48763950
-1409.15280081
-1408.32221887
-1407.43628403
-1407.19690477
-1407.29163335
-1407.93541997
-1407.32299619
-1406.59414783
-1406.97314350
-1407.25003997
-1407.77754614
-1408.05413908
-1408.54297127
-1408.94700061
-1409.07385784
-1409.55169908
-1408.92756729
-1407.73198631
-1408.36249303
-1408.09249170
-1407.96089695
-1407.49791182
-1408.11576989
-1406.98249537
-1407.59210009
-1406.77250523
-1407.38704827
-1406.52254002
-1406.99761298
-1406.43582726
-1407.04628255
-1407.64908728
-1408.25861597
-1408.60104442
-1409.20537617
-1409.41370156
-1409.99513801
-1409.98230650
-1409.87603908
-1410.42995693
-1411.02040220
-1411.58816209
-1412.12972007
-1412.32664977
-1412.81699158
-1413.06183282
-1413.61444677
-1414.15526687
-1413.65936786
-1414.19285218
-1414.36513692
-1413.73765002
-1414.26140651
-1414.47735416
-1414.72991565
-1413.90395800
-1413.42612904
-1411.93479001
-1412.13314504
-1412.58593914
-1413.14594774
-1413.70101177
-1413.56385116
-1413.77677366
-1414.22784651
-1414.46008830
-1414.66564748
-1414.75794719
-1415.11367441
-1415.37517420
-1415.21419035
-1414.63025435
-1414.93603624
-1414.77860520
-1414.75151402
-1415.01796369
-1415.22750100
-1415.50750311
-1414.96018491
-1414.72070841
-1414.57119901
-1414.85739066
-1414.08605336
-1414.60961225
-1414.80975154
-1414.96269533
-1414.64145886
-1414.29268183
-1414.27437807
-1413.37682420
-1413.14768149
-1413.20741680
-1412.19283452
-1412.61409197
-1413.13159516
-1412.77434903
-1413.03452063
-1413.42739774
-1413.78148808
-1414.24578127
-1414.25155607
-1414.44745836
-1414.68918714
-1414.16568584
-1414.06817615
-1414.49964853
-1414.29487163
-1414.66748625
-1413.91476622
-1413.79027612
-1414.22111689
-1414.69170585
-1413.71961745
-1413.20652336
-1412.75557163
-1412.26790879
-1412.43701246
-1412.79837066
-1412.65456852
-1412.28942557
-1412.77761776
-1412.05912575
-1412.65575178
-1412.03882706
-1412.07476149
-1411.60906565
-1412.00662750
-1412.46935185
-1412.83381413
-1412.98252314
-1413.16858001
-1413.60754458
-1414.07269101
-1414.21094589
-1414.40618710
-1414.58519746
-1415.05356787
-1414.61334213
-1414.75981202
-1414.36884892
-1414.73958897
-1413.73424549
-1413.94775624
-1414.17143345
-1414.33042414
-1414.69898735
-1414.38773515
-1414.76103330
-1415.13477544
-1415.37548990
-1415.64997046
-1414.55735767
-1414.69983512
-1414.52826783
-1414.11511873
-1413.39582035
-1413.49739169
-1412.83962448
-1412.20560620
-1411.99300516
-1411.59509846
-1411.93139052
-1411.76385592
-1411.33323764
-1411.48478328
-1411.82202466
-1411.34246988
-1410.90658369
-1411.11577323
-1411.03260114
-1411.21699371
-1410.59652818
-1409.72955986
-1409.96793609
-1410.34886375
-1410.03597442
-1410.21480938
-1410.10049809
-1409.89507258
-1409.78480196
-1409.64755142
-1409.22233998
-1409.44116829
-1409.76721847
-1409.59308110
-1409.76621880
-1409.98643398
-1410.42151221
-1410.55804060
-1410.94992623
-1411.15940003
-1411.23437835
-1411.51941092
-1412.03325912
-1412.51811279
-1412.58392071
-1412.69887863
-1412.29511389
-1411.34463092
-1410.89783961
-1410.29694404
-1410.16759874
-1410.65252480
-1410.87703437
-1411.03443693
-1411.17956578
-1411.04063709
-1411.44222599
-1411.44571211
-1411.54826058
-1411.69056107
-1411.82534361
-1411.74980167
-1411.68545962
-1411.59053257
-1411.67782768
-1411.89978256
-1412.11472022
-1411.70717416
-1411.31274025
-1410.62298413
-1410.62033764
-1411.02857896
-1411.38861586
-1411.48975440
-1411.38263184
-1411.13971178
-1411.49984251
-1411.13520958
-1410.53534842
-1410.75781394
-1411.13806689
-1411.45107348
-1411.06895338
-1410.73736599
-1410.44447431
-1410.82977680
-1411.21834258
-1410.82019322
-1411.16094624
-1411.26621902
-1411.48794644
-1411.66382972
-1411.29604836
-1410.55175748
-1409.80448791
-1409.90852836
-1409.45049681
-1408.58879335
-1408.67725232
-1408.72600388
-1408.94657804
-1408.83457456
-1408.21688287
-1408.56460432
-1408.94531646
-1409.13366162
-1408.72748579
-1408.74770653
-1409.01723509
-1408.92229008
-1409.13335019
-1409.25081632
-1407.79567251
-1407.51940668
-1407.29466365
-1407.42299938
-1407.20163603
-1407.45697236
-1407.26943453
-1407.61505957
-1407.77198932
-1407.86625251
-1407.61703117
-1407.89058546
-1407.92024451
-1407.79275282
-1407.93570969
-1407.62973096
-1407.68365729
-1407.63247709
-1408.00336099
-1408.18075293
-1408.37299484
-1408.51623791
-1408.65701832
-1408.48900503
-1407.73979262
-1407.60447603
-1406.90322557
-1407.21124710
-1406.50706998
-1406.64464674
-1406.32690660
-1405.68944446
-1405.83335958
-1406.17688548
-1406.09645241
-1406.45912947
-1406.00249926
-1406.14109115
-1406.30056298
-1406.61483676
-1406.94960387
-1407.09134825
-1406.77161106
-1406.61233500
-1406.34937590
-1406.70287853
-1406.83198307
-1406.51040430
-1406.86762416
-1407.18556764
-1407.16030240
-1406.85441308
-1406.99370824
-1406.72737403
-1406.60382472
-1406.46496012
-1406.73251614
-1406.81437605
-1407.16815130
-1407.32028998
-1407.13366005
-1407.15203082
-1407.17731833
-1407.52175976
-1407.07148042
-1407.24879512
-1407.53204580
-1407.03522498
-1407.34985515
-1406.85874225
-1407.06608857
-1406.72537749
-1406.31105795
-1406.14645866
-1406.31894801
-1406.12618692
-1406.24834644
-1406.51519489
-1406.65276724
-1405.99899163
-1405.64148479
-1405.80460950
-1405.98447111
-1406.11226479
-1406.22024125
-1406.21097026
-1406.21903483
-1406.05329154
-1406.32654611
-1406.66038874
-1406.70278211
-1406.21257253
-1406.44187677
-1406.63301264
-1406.28739969
-1406.55425920
-1406.46864907
-1406.60658471
-1406.12599802
-1406.22778191
-1406.20758686
-1406.07814950
-1406.21250765
-1405.99916902
-1406.19919320
-1406.32865019
-1405.95677422
-1406.08227376
-1406.21788335
-1406.38683101
-1406.26722532
-1406.43719805
-1406.73900606
-1406.66086965
-1406.29559754
-1406.29119168
-1406.43223305
-1406.56244578
-1406.06314941
-1405.95707280
-1405.73340960
-1405.84870396
-1406.17901594
-1406.50069077
-1406.19749200
-1406.36454860
-1406.60551609
-1406.38209059
-1406.14971163
-1406.41882389
-1406.73457250
-1407.05154091
-1406.86572576
-1406.30516532
-1405.98069380
-1406.25702574
-1406.32806575
-1406.48538586
-1406.78137312
-1406.75961301
-1406.85484573
-1407.16284404
-1407.26211237
-1407.57027979
-1407.86778401
-1407.63181332
-1407.83884606
-1407.94543367
-1408.08177753
-1407.49766775
-1407.28166737
-1407.41846321
-1407.72765143
-1407.73633207
-1408.00152261
-1407.92809544
-1407.58707145
-1407.00806556
-1407.26960738
-1407.52843515
-1407.29440777
-1407.49593737
-1406.86012406
-1406.55561585
-1406.81351783
-1406.34588813
-1406.27072724
-1406.15043486
-1406.24522155
-1406.12430273
-1406.35761193
-1406.08052871
-1406.38010064
-1406.33761088
-1406.62758296
-1406.34458806
-1406.54267159
-1406.09475222
-1406.15656914
-1405.44954161
-1405.59907707
-1405.70852490
-1405.78020869
-1405.89261093
-1406.17074650
-1406.45046993
-1406.58585738
-1406.68273828
-1406.97729250
-1407.04504273
-1406.92429778
-1407.19050983
-1407.44204859
-1407.73855462
-1407.54224875
-1407.45488269
-1407.35000490
-1407.40224970
-1406.82311807
-1406.71911008
-1406.32445722
-1406.42213679
-1406.54424737
-1406.27749422
-1406.31447566
-1406.43059010
-1406.67610869
-1406.19643555
-1406.45033851
-1406.67242448
-1405.99266995
-1405.57656688
-1405.86075551
-1405.93228063
-1406.05560134
-1406.34003667
-1406.60809035
-1406.86861294
-1406.78566693
-1407.07710811
-1406.67829767
-1406.77518224
-1407.03579482
-1407.17309170
-1407.38883359
-1407.56045975
-1407.77816193
-1407.48155845
-1406.95768701
-1407.18731085
-1407.28374658
-1407.52381338
-1407.43070660
-1407.33256922
-1407.59731795
-1407.70098550
-1407.79171131
-1407.84391912
-1407.62659664
-1407.52477485
-1407.68112305
-1407.51420025
-1407.48772462
-1407.46479705
-1407.73259725
-1407.36951429
-1407.62702517
-1407.71741771
-1407.86177382
-1407.98100868
-1408.24402344
-1408.41924695
-1408.67177940
-1408.50422863
-1408.77402890
-1409.04838300
-1408.85353415
-1409.11769002
-1408.75583253
-1408.84018566
-1409.09358153
-1409.02568200
-1408.78572886
-1408.79067910
-1409.05650372
-1408.52271238
-1408.79372664
-1408.73962128
-1409.00398176
-1409.09148075
-1408.31745136
-1408.55443111
-1408.53081826
-1408.50173927
-1408.19185741
-1408.31591073
-1408.24579339
-1407.95412410
-1408.10606133
-1408.36360621
-1408.20361564
-1408.11405745
-1408.03735279
-1408.28526717
-1408.51493022
-1408.61331707
-1408.82466916
-1408.93967019
-1408.81824594
-1408.95379791
-1408.55698523
-1408.68257415
-1408.90814296
-1408.94443856
-1408.73130618
-1408.45404380
-1408.66301715
-1408.87625953
-1408.96126566
-1409.13238360
-1409.28649412
-1408.94246618
-1408.54914194
-1408.09324115
-1408.02979624
-1407.91029768
-1408.13205357
-1407.79893678
-1407.46084664
-1407.55040969
-1407.07851941
-1407.13452427
-1407.06557224
-1407.00613802
-1406.30881994
-1406.35181444
-1406.30027044
-1405.90957300
-1405.43717779
-1405.68793695
-1405.20532839
-1405.03876019
-1405.28048477
-1405.40187283
-1405.36951018
-1405.16638172
-1405.27423386
-1405.14262360
-1405.09828673
-1405.26825108
-1405.11502533
-1404.95834008
-1405.03852554
-1405.05882894
-1405.06680478
-1404.69850028
-1404.42981417
-1404.19226121
-1403.90508308
-1404.03839795
-1403.82988953
-1404.05616389
-1404.17733160
-1403.92848967
-1404.03797822
-1404.18388146
-1403.89089228
-1403.99322050
-1403.64727331
-1403.35834280
-1402.99516183
-1403.03891304
-1403.12453866
-1403.37160791
-1403.20677203
-1403.29106429
-1402.99940122
-1403.21770494
-1403.03935211
-1402.57505996
-1402.82373551
-1403.06426607
-1402.85769456
-1403.09063940
-1403.05353783
-1403.14831741
-1403.35129591
-1403.42304921
-1403.40975056
-1403.55973679
-1403.80735878
-1404.04375456
-1404.22709259
-1404.26436527
-1403.85976691
-1403.72256969
-1403.40455124
-1403.30671352
-1403.16969846
-1403.26136586
-1403.30680536
-1403.42593687
-1403.41210639
-1403.02832083
-1403.12966143
-1403.34822910
-1403.30123602
-1402.85227438
-1402.94497528
-1403.02604153
-1403.16114851
-1402.81928461
-1402.90684698
-1402.98602703
-1402.68059707
-1402.91143841
-1402.57497291
-1402.52386230
-1402.70994956
-1402.26558860
-1402.01021497
-1401.91739009
-1401.99657830
-1402.22084452
-1402.30170679
-1402.54274286
-1402.77942660
-1402.91491169
-1402.47230083
-1402.30827785
-1401.87081168
-1402.10052677
-1402.33766495
-1402.34538831
-1402.19391079
-1401.97410005
-1401.90006501
-1401.61959476
-1401.71502715
-1401.63521228
-1401.86028251
-1401.61398336
-1401.52111881
-1401.36700462
-1401.59451928
-1401.82602750
-1401.76812846
-1401.92193263
-1402.14621367
-1402.24168595
-1401.99694267
-1401.81010580
-1401.78918133
-1401.71783775
-1401.94988140
-1402.04910639
-1402.26758917
-1402.37949431
-1402.28122697
-1402.37431238
-1402.60356762
-1402.53183324
-1402.61389570
-1402.82642939
-1402.92114725
-1403.14243375
-1402.96191350
-1402.53824941
-1402.61896355
-1402.84897530
-1403.02702141
-1403.06973923
-1403.16597124
-1403.37078857
-1403.44863156
-1403.67827159
-1403.44382100
-1403.52071664
-1403.11374458
-1403.27144120
-1403.39535339
-1403.40181788
-1403.54015860
-1403.74180960
-1403.92349448
-1403.38488715
-1403.43975493
-1403.45235720
-1403.43133645
-1403.14409712
-1403.25866164
-1403.21572943
-1403.13195992
-1403.32978707
-1403.46784564
-1403.60545245
-1403.79066591
-1403.38000766
-1403.32374050
-1403.39947614
-1403.20423414
-1403.42767753
-1403.53701007
-1403.50952258
-1403.46475622
-1403.53826646
-1403.65719954
-1403.06154294
-1403.06935885
-1403.26351768
-1403.48341395
-1403.21035956
-1402.90854769
-1402.99468740
-1402.83021011
-1402.91476117
-1403.09487990
-1403.31431220
-1403.52716004
-1403.23519777
-1403.35823497
-1403.17498060
-1403.22810737
-1403.35978104
-1403.37279701
-1403.29272053
-1403.42236249
-1403.63495441
-1403.43590000
-1403.31911699
-1403.52248138
-1403.25830853
-1403.47783590
-1403.56170911
-1403.66479906
-1403.84017720
-1403.74271300
-1403.86625821
-1404.07353695
-1404.10568542
-1404.27696375
-1404.40730233
-1404.41363707
-1404.60266461
-1404.53435968
-1404.64892779
-1404.85409113
-1404.80144511
-1404.98845568
-1404.79616476
-1404.98924649
-1405.10986365
-1405.26192796
-1405.41147107
-1405.60769607
-1405.78997977
-1405.98871361
-1406.07466376
-1406.18244463
-1406.29077889
-1406.34472397
-1406.17282530
-1405.87404409
-1405.97771371
-1406.03566209
-1406.12876647
-1405.93657649
-1405.83197214
-1405.88426847
-1405.88811277
-1406.08143870
-1405.93491483
-1406.05614062
-1406.17038190
-1406.27761511
-1406.06176485
-1406.11046410
-1406.20874693
-1406.30958417
-1406.38182202
-1406.00114119
-1405.66510335
-1405.82260411
-1405.68645176
-1405.59176400
-1405.69230640
-1405.40567554
-1405.49942954
-1405.63481806
-1405.55223925
-1405.74525310
-1405.81330911
-1406.01705737
-1405.83207220
-1405.81941770
-1405.89433942
-1405.54792445
-1405.65799675
-1405.60773562
-1405.72027700
-1405.78813644
-1405.83050164
-1405.89680223
-1405.89865527
-1405.88557716
-1406.08540892
-1406.09181871
-1406.29373554
-1406.46821250
-1406.46385209
-1406.63612553
-1406.81348030
-1406.64562080
-1406.76105623
-1406.80725318
-1406.88363743
-1406.68463651
-1406.75978330
-1406.77140209
-1406.94549765
-1406.89391975
-1406.89900106
-1406.81444555
-1406.64947209
-1406.53917950
-1406.70714133
-1406.55100690
-1406.63092473
-1406.34732921
-1406.53570439
-1406.61579576
-1406.34112620
-1406.36173277
-1406.45451339
-1406.63414665
-1406.76150705
-1406.94947605
-1406.89086843
-1406.92166655
-1406.99112000
-1407.12157333
-1407.27248068
-1407.22992513
-1407.17957967
-1407.27328062
-1407.43401730
-1407.39367530
-1407.35126707
-1407.30861351
-1407.47870272
-1407.65173774
-1407.30647241
-1407.42222324
-1407.06567736
-1406.99253424
-1407.09951694
-1406.99097189
-1407.15957983
-1407.34101076
-1407.44928089
-1407.51033495
-1407.61524600
-1407.42734854
-1407.58910015
-1407.68139293
-1407.74859705
-1407.82708010
-1407.77611033
-1407.89372505
-1407.97557768
-1407.90879882
-1407.63983527
-1407.56493039
-1407.79113142
-1407.73562512
-1407.60925941
-1407.54444218
-1407.56580417
-1407.48613513
-1407.43585052
-1407.49848429
-1407.36868322
-1407.39063760
-1407.40973493
-1407.46362796
-1407.32773778
-1407.04012656
-1407.22641424
-1407.20238673
-1407.14725075
-1407.26150221
-1407.37948067
-1407.32487552
-1407.14303243
-1407.22890674
-1407.33965436
-1407.47676810
-1407.57549930
-1407.74380594
-1407.92049852
-1408.07990177
-1408.22533483
-1408.37883818
-1408.34616115
-1408.53279139
-1408.35612912
-1408.09488240
-1408.16021747
-1408.05479897
-1407.88454431
-1408.06431920
-1407.74197250
-1407.58447765
-1407.76828136
-1407.95305390
-1408.02372703
-1407.95556612
-1407.88636198
-1407.94753461
-1408.12633340
-1408.20160392
-1408.38387926
-1408.56805857
-1408.63309775
-1408.76619503
-1408.82916486
-1408.76613195
-1408.45887710
-1408.56839809
-1408.31153492
-1408.19272285
-1408.29123305
-1408.41561205
-1408.48020583
-1408.46132555
-1408.62142292
-1408.51803442
-1408.61453559
-1408.67658216
-1408.51120269
-1408.60676626
-1408.73579443
-1408.91639031
-1408.91296300
-1408.64441952
-1408.76958508
-1408.85079203
-1408.78127914
-1408.87163314
-1408.57455346
-1408.69578129
-1408.46292531
-1408.30439343
-1408.39228232
-1408.22682887
-1408.27078343
-1408.09241544
-1408.00335030
-1408.03088448
-1408.21450672
-1408.36262935
-1408.48089534
-1408.53589815
-1408.44025250
-1408.37066963
-1408.54122994
-1408.59803317
-1408.42189823
-1408.23747378
-1408.24461611
-1408.20328487
-1408.13042955
-1407.86598228
-1407.92117460
-1407.82373602
-1407.99980071
-1407.73470699
-1407.52318675
-1407.69344761
-1407.83341491
-1408.00105643
-1408.16955747
-1408.15640330
-1408.26897539
-1408.41988072
-1408.47718679
-1408.41023177
-1408.25981946
-1408.29565533
-1408.45081240
-1408.30099062
-1408.23560350
-1408.39095770
-1408.46551858
-1408.63286566
-1408.30491913
-1408.24012193
-1408.28820614
-1408.18836756
-1408.25683073
-1408.21574862
-1407.88675164
-1407.72696599
-1407.55500553
-1407.21564358
-1407.25438037
-1407.39697764
-1407.39203419
-1407.53972180
-1407.46639489
-1407.46045240
-1407.56363096
-1407.62301739
-1407.71808586
-1407.64865933
-1407.59870953
-1407.53776083
-1407.52135270
-1407.36004493
-1407.47960305
-1407.54111496
-1407.52114903
-1407.36204165
-1407.30178528
-1407.35887595
-1407.45434956
-1407.60046110
-1407.49414589
-1407.25470885
-1407.17858831
-1407.30189990
-1407.21156198
-1407.11892118
-1407.23260327
-1407.36203627
-1407.42308311
-1407.43874344
-1407.49773723
-1407.56962471
-1407.54888291
-1407.51481828
-1407.34455761
-1407.50688238
-1407.51506869
-1407.35705762
-1407.48976334
-1407.54462116
-1407.45983888
-1407.59912548
-1407.54417104
-1407.24874285
-1407.18177157
-1407.15759935
-1407.18384174
-1407.34279173
-1407.40911939
-1407.24480545
-1407.21349756
-1407.27548687
-1407.14045601
-1407.28803174
-1407.41794747
-1407.09944511
-1407.25147384
-1407.15840416
-1407.32371435
-1407.37098871
-1407.23373159
-1407.10034658
-1406.96970356
-1406.80277324
-1406.89844676
-1406.83714136
-1406.99888137
-1407.04047565
-1407.14352205
-1407.10614631
-1407.16083604
-1406.99229621
-1407.14738684
-1407.31177413
-1407.01597958
-1407.16026067
-1407.14952008
-1407.01940641
-1406.62922834
-1406.32677984
-1406.37962610
-1406.52602818
-1406.67520364
-1406.53463184
-1406.59025595
-1406.65033359
-1406.67552103
-1406.79512257
-1406.92346209
-1407.00389739
-1407.06600767
-1406.87725711
-1407.00891577
-1406.69511691
-1406.73224591
-1406.85863091
-1407.00727624
-1406.70394977
-1406.76283287
-1406.66273756
-1406.66845338
-1406.72814138
-1406.87606560
-1406.85183974
-1407.01125248
-1407.16860730
-1407.20661545
-1407.36165571
-1407.51952841
-1407.48771557
-1407.63289951
-1407.75103032
-1407.59700857
-1407.68801040
-1407.73322929
-1407.72583159
-1407.80419216
-1407.90518131
-1407.99500494
-1408.09702654
-1407.99671107
-1408.01155405
-1408.15187007
-1408.14474101
-1408.28194755
-1408.12801531
-1408.18077438
-1408.00179328
-1407.77664047
-1407.73928361
-1407.89420594
-1407.94926525
-1407.93411162
-1407.79200832
-1407.95690910
-1407.89274527
-1407.98521334
-1407.98252436
-1408.04060182
-1408.12511459
-1408.13139643
-1407.98284902
-1407.91669638
-1407.79522362
-1407.58533445
-1407.52868806
-1407.55383291
-1407.69394806
-1407.53609484
-1407.59684942
-1407.62024765
-1407.68385774
-1407.54879665
-1407.56997219
-1407.52511200
-1407.40844565
-1407.56064593
-1407.42829223
-1407.28071109
-1407.24495165
-1407.02035850
-1406.94295745
-1407.05580469
-1407.00839413
-1407.15777102
-1407.23084675
-1407.12081089
-1407.09841933
-1407.13423335
-1406.93070210
-1407.08702652
-1407.19806500
-1407.14235497
-1407.29394695
-1407.36346270
-1407.50932560
-1407.22074777
-1407.37274457
-1407.52500407
-1407.60831286
-1407.46933434
-1407.55913346
-1407.60979491
-1407.62061132
-1407.75678261
-1407.84127907
-1407.90725105
-1407.85288002
-1407.98438446
-1408.12736121
-1408.27988515
-1408.35834612
-1408.37732557
-1408.24225392
-1408.28965635
-1408.34352782
-1408.48124872
-1408.53354333
-1408.37229640
-1408.47452240
-1408.26432281
-1408.38361349
-1408.35929103
-1408.48135038
-1408.45467900
-1408.60245575
-1408.74805584
-1408.82120992
-1408.76886961
-1408.82119282
-1408.95148950
-1408.94177793
-1409.07600395
-1409.12000079
-1408.96896370
-1409.03880079
-1409.14283173
-1409.19227310
-1409.32121726
-1408.93859369
-1409.08727806
-1409.19937883
-1409.25523793
-1409.30559829
-1409.08360259
-1408.95088206
-1408.66664857
-1408.25515025
-1408.39835297
-1408.44546088
-1408.17126633
-1407.96844507
-1408.08716811
-1407.99604336
-1408.06050452
-1408.15264601
-1408.23527549
-1408.20435441
-1408.34429769
-1408.20872248
-1407.99804968
-1408.08564328
-1408.22311277
-1408.36331527
-1407.98968255
-1407.87387527
-1408.01876895
-1408.01683249
-1408.08578269
-1408.11493487
-1408.13166213
-1408.18629531
-1408.31538500
-1408.18992754
-1408.32993191
-1408.40420839
-1408.53435171
-1408.46305316
-1408.27683247
-1408.33944905
-1408.25175334
-1408.33304907
-1408.34421996
-1408.35730372
-1408.33443727
-1408.36477709
-1408.41470220
-1408.28894709
-1408.00801418
-1408.12879664
-1408.17695080
-1408.09979147
-1407.97081967
-1407.69735649
-1407.75483832
-1407.69866989
-1407.67340205
-1407.80032023
-1407.91681052
-1407.99618852
-1407.86541441
-1407.98181045
-1408.05237978
-1407.91357218
-1407.95401660
-1408.01034678
-1407.87102922
-1407.94048777
-1408.07534651
-1407.92908861
-1407.99197817
-1408.01976008
-1408.15212244
-1408.24824811
-1408.33441648
-1408.19127807
-1407.78895408
-1407.81458557
-1407.95726329
-1407.69036518
-1407.62565376
-1407.72487286
-1407.60194750
-1407.55644976
-1407.41889079
-1407.10614076
-1407.02870937
-1407.16148833
-1407.30098879
-1407.39400427
-1407.12921431
-1406.86767556
-1406.84256512
-1406.44451155
-1406.55836341
-1406.63727824
-1406.56799951
-1406.50391589
-1406.63894052
-1406.77564523
-1406.58781426
-1406.46614483
-1406.21436047
-1406.08291777
-1406.12964332
-1405.94654198
-1405.99937246
-1406.06389369
-1406.18348854
-1405.82646635
-1405.46021897
-1405.59111820
-1405.71450843
-1405.50124237
-1405.20873354
-1405.33890946
-1405.47724706
-1405.56062213
-1405.63373463
-1405.50434749
-1405.64244122
-1405.72983237
-1405.63205703
-1405.54698133
-1405.54262278
-1405.59110028
-1405.39787690
-1405.28197699
-1405.02332721
-1404.97022516
-1404.91535752
-1405.00926234
-1405.09502243
-1405.04898638
-1405.04669929
-1405.01300193
-1404.95291112
-1404.69723905
-1404.78548259
-1404.92066192
-1404.71096092
-1404.31992968
-1404.27260145
-1404.33016233
-1404.13867620
-1404.18212789
-1404.18734086
-1404.31671885
-1404.37002602
-1404.42524207
-1404.53792281
-1404.34088086
-1404.47691257
-1404.53458161
-1404.66727469
-1404.78815513
-1404.62533935
-1404.66851586
-1404.55899435
-1404.44683851
-1404.58360215
-1404.63511783
-1404.66938158
-1404.72354345
-1404.85847909
-1404.84509465
-1404.96326127
-1405.06114846
-1405.14921216
-1405.27267928
-1405.34311301
-1405.42571923
-1405.17985776
-1405.24551296
-1405.04865903
-1405.19931354
-1405.15682761
-1405.20862233
-1405.17388831
-1404.94796475
-1404.81676808
-1404.83875112
-1404.97312873
-1405.03483416
-1405.01393887
-1405.02655742
-1404.96491046
-1404.93464164
-1405.03344467
-1404.90399691
-1404.96843123
-1404.90840402
-1404.87635017
-1404.66849939
-1404.57422787
-1404.53978795
-1404.29100463
-1404.18392505
-1403.98213366
-1403.98454989
-1403.70219856
-1403.69182257
-1403.48029942
-1403.42974518
-1403.33473544
-1403.34863304
-1403.49564201
-1403.47613656
-1403.33967471
-1403.46497128
-1403.51027988
-1403.59157990
-1403.39485412
-1403.41673930
-1403.42773513
-1403.30948523
-1403.17684802
-1403.27840228
-1403.29759541
-1403.21194161
-1403.19695215
-1403.19408731
-1402.94897760
-1402.97805251
-1403.06506528
-1403.10725466
-1403.21950730
-1403.27464285
-1403.22263283
-1403.40347677
-1403.27637753
-1403.21615553
-1403.26465779
-1403.11545997
-1402.98776315
-1403.08884470
-1403.19557731
-1403.17580460
-1403.28923124
-1403.38243768
-1403.43145293
-1403.49171548
-1403.40279886
-1403.46115666
-1403.56579337
-1403.60386934
-1403.71700152
-1403.48118763
-1403.60771077
-1403.48350739
-1403.59989084
-1403.35935008
-1403.27361046
-1403.17316546
-1403.29412432
-1403.11176922
-1402.93113154
-1402.69018000
-1402.55609041
-1402.59919777
-1402.35963362
-1402.22207711
-1402.29371911
-1402.33704637
-1402.16502252
-1402.15831235
-1402.21299071
-1402.26819412
-1402.23106465
-1402.28273663
-1402.17872285
-1402.30314872
-1402.37150491
-1402.22734167
-1402.32754340
-1402.08476980
-1402.20398856
-1402.24728835
-1402.29873592
-1402.12458713
-1402.09690189
-1402.17158367
-1402.22988063
-1402.27684185
-1402.32960540
-1402.33726016
-1402.38570203
-1402.42981267
-1402.46720551
-1402.64353723
-1402.56475374
-1402.52448319
-1402.67503431
-1402.43934085
-1402.56684040
-1402.53966299
-1402.52409139
-1402.49173446
-1402.55078425
-1402.41540425
-1402.48670486
-1402.53462811
-1402.64299895
-1402.65255617
-1402.60998461
-1402.50670409
-1402.58161639
-1402.57511954
-1402.40046927
-1402.52846723
-1402.65684172
-1402.70950787
-1402.80402514
-1402.93307030
-1403.05224789
-1402.90504335
-1402.67182390
-1402.71453992
-1402.64305429
-1402.50218430
-1402.49835899
-1402.47308169
-1402.48987701
-1402.47651167
-1402.52187064
-1402.53627855
-1402.43019825
-1402.55774036
-1402.68083668
-1402.56621693
-1402.45236171
-1402.57666052
-1402.66252880
-1402.78355905
-1402.84632123
-1402.55674587
-1402.60522285
-1402.66882202
-1402.61059749
-1402.68278216
-1402.79513824
-1402.83524149
-1402.79188263
-1402.84743934
-1402.89638359
-1402.86969769
-1402.99026829
-1402.90369215
-1402.76294469
-1402.82590800
-1402.91088344
-1403.00676911
-1402.97358540
-1402.94379505
-1403.01793237
-1403.05878081
-1403.01143681
-1403.13113393
-1403.05624754
-1403.16170404
-1403.23313420
-1403.27518760
-1403.39354854
-1403.45047963
-1403.50345028
-1403.59839719
-1403.68699991
-1403.72803112
-1403.85083979
-1403.89473713
-1404.01950746
-1403.85049692
-1403.96601556
-1404.01519349
-1404.13664942
-1404.25771629
-1403.91989110
-1403.67531322
-1403.79645203
-1403.91786212
-1403.97736436
-1403.84057613
-1403.89572835
-1403.86162334
-1403.86568387
-1403.96353259
-1404.02387563
-1403.85821389
-1403.82990605
-1403.92127746
-1403.69975245
-1403.77663760
-1403.83591895
-1403.88139242
-1403.60991589
-1403.69050429
-1403.59205541
-1403.56461999
-1403.67163904
-1403.80810866
-1403.80897713
-1403.69579755
-1403.72966981
-1403.78191295
-1403.89651640
-1403.97572589
-1403.93318343
-1403.88678952
-1404.00381961
-1404.11561929
-1404.22773669
-1404.34613813
-1404.29446098
-1404.13792541
-1404.24591907
-1404.15362889
-1404.14762696
-1404.03664944
-1404.11685241
-1404.16643075
-1404.21006306
-1404.13186256
-1404.14719655
-1404.16319464
-1404.26583792
-1404.27158045
-1404.15786650
-1403.93605631
-1404.03255835
-1404.14656944
-1404.21224154
-1404.02512974
-1404.08037838
-1404.14787512
-1404.21551392
-1404.15356396
-1404.16801703
-1404.27687084
-1404.11143390
-1404.18092672
-1404.16845519
-1404.20982604
-1404.17641031
-1404.20704405
-1404.31381827
-1404.32473259
-1404.37360406
-1404.47487464
-1404.59302728
-1404.46571468
-1404.51956314
-1404.40707677
-1404.48713971
-1404.59870688
-1404.60289077
-1404.64357894
-1404.71213165
-1404.82232010
-1404.72585233
-1404.77502185
-1404.60164549
-1404.65857227
-1404.74188347
-1404.84031431
-1404.81553851
-1404.83524095
-1404.82289607
-1404.92786077
-1404.71580901
-1404.73281506
-1404.77704204
-1404.86481210
-1404.85738385
-1404.94335150
-1404.72648905
-1404.69549440
-1404.58509390
-1404.62228120
-1404.50712209
-1404.58916738
-1404.37597371
-1404.44426070
-1404.32654953
-1404.38765574
-1404.49681272
-1404.28146017
-1404.17976433
-1404.28077494
-1404.36578857
-1404.34550812
-1404.28449997
-1404.32107961
-1404.19424792
-1404.28091526
-1404.23758858
-1404.18302753
-1404.22672404
-1404.16569786
-1404.19865132
-1404.07094489
-1403.91146496
-1403.94537224
-1403.84701799
-1403.72580568
-1403.69088606
-1403.47441775
-1403.55486788
-1403.68114357
-1403.71141580
-1403.75616051
-1403.86852987
-1403.87731006
-1403.96563083
-1403.78514633
-1403.64982234
-1403.75676983
-1403.66066841
-1403.50964412
-1403.59884927
-1403.62850939
-1403.66854285
-1403.72163129
-1403.76854258
-1403.81721707
-1403.92686536
-1403.83255409
-1403.92798632
-1404.03806406
-1404.03389757
-1404.08616775
-1403.88386741
-1403.96287392
-1404.06341353
-1404.10168622
-1404.15781226
-1404.27192190
-1404.06259134
-1404.09950798
-1404.06609889
-1404.14413586
-1404.19099463
-1404.16919929
-1404.16698127
-1404.09350727
-1404.19174708
-1404.19727210
-1404.16570475
-1404.21404552
-1404.32772386
-1404.36911724
-1404.32081416
-1404.15534275
-1404.09769031
-1404.20109176
-1404.31386334
-1404.27717112
-1404.37370249
-1404.44314591
-1404.34823983
-1404.33385351
-1404.38036387
-1404.34991597
-1404.27202972
-1404.36773318
-1404.47734996
-1404.46891088
-1404.40031068
-1404.45714603
-1404.33745909
-1404.41562262
-1404.41202325
-1404.46441392
-1404.52114951
-1404.57113996
-1404.65493337
-1404.74190638
-1404.78823449
-1404.86369239
-1404.85935334
-1404.76842001
-1404.56330267
-1404.35723438
-1404.45509163
-1404.56355196
-1404.67585184
-1404.57350915
-1404.67348301
-1404.47366637
-1404.55306658
-1404.46093330
-1404.52630076
-1404.56323791
-1404.47343612
-1404.26999609
-1404.28622766
-1404.38375980
-1404.35637642
-1404.40769159
-1404.23690839
-1404.18910495
-1404.20077871
-1404.18417931
-1404.17781774
-1404.10349951
-1404.18276217
-1404.19957511
-1404.23421761
-1404.26919872
-1404.31745377
-1404.35558821
-1404.39480227
-1404.45948190
-1404.53711288
-1404.64441477
-1404.58513335
-1404.69220533
-1404.77754141
-1404.87081669
-1404.86524330
-1404.90037445
-1404.94471680
-1405.03604882
-1404.99418127
-1405.04286565
-1405.08849653
-1405.17016770
-1405.22000327
-1405.12937630
-1405.01211688
-1405.08482879
-1405.12638129
-1405.20178911
-1405.30099508
-1405.20644523
-1405.24198509
-1405.22395302
-1405.17919221
-1405.23188298
-1405.28683167
-1405.28226422
-1405.38888569
-1405.48019674
-1405.51563617
-1405.55157797
-1405.56565750
-1405.66600920
-1405.72177403
-1405.82094383
-1405.92417380
-1405.77634577
-1405.71338206
-1405.65898616
-1405.76243921
-1405.66852471
-1405.58212255
-1405.58951301
-1405.51586831
-1405.36658684
-1405.16403037
-1405.22764531
-1405.27881227
-1405.33665084
-1405.33522431
-1405.38206087
-1405.22921172
-1405.06486628
-1405.17040591
-1405.27327104
-1405.15887599
-1405.21366583
-1405.31125304
-1405.37205515
-1405.45538936
-1405.36121786
-1405.45120809
-1405.30308439
-1405.39972765
-1405.49863391
-1405.41277236
-1405.49917011
-1405.58131988
-1405.62460629
-1405.70264043
-1405.59965636
-1405.44176928
-1405.48943422
-1405.41264320
-1405.28399414
-1405.34622762
-1405.38399606
-1405.48567004
-1405.29242415
-1405.37438968
-1405.42169088
-1405.31759201
-1405.34874497
-1405.41761523
-1405.31878132
-1405.39938957
-1405.38862243
-1405.43989212
-1405.49454667
-1405.47770296
-1405.27528478
-1405.31797634
-1405.37576594
-1405.46653132
-1405.34704217
-1405.40120206
-1405.49084244
-1405.38965386
-1405.41745583
-1405.22119285
-1405.08183560
-1404.96764671
-1405.06622507
-1404.91015342
-1404.80922055
-1404.85656085
-1404.76089498
-1404.83579699
-1404.80908594
-1404.90867215
-1404.85772182
-1404.75807812
-1404.84863567
-1404.79061705
-1404.83865885
-1404.87772035
-1404.71145322
-1404.74488820
-1404.80186574
-1404.88971393
-1404.87446211
-1404.96867786
-1404.97751977
-1404.68795636
-1404.66503007
-1404.58641563
-1404.62928508
-1404.62994657
-1404.73174533
-1404.76635070
-1404.80247571
-1404.90322085
-1404.83526664
-1404.68585510
-1404.59453988
-1404.67978047
-1404.59033144
-1404.40049400
-1404.43671964
-1404.48147305
-1404.39124257
-1404.35149992
-1404.40758952
-1404.49555460
-1404.59324580
-1404.54093431
-1404.61938472
-1404.67922630
-1404.72635691
-1404.68096632
-1404.71856764
-1404.80707730
-1404.61725765
-1404.59195312
-1404.49783284
-1404.50886180
-1404.53243599
-1404.54815744
-1404.55717609
-1404.52252332
-1404.38494226
-1404.40782601
-1404.46812563
-1404.52587983
-1404.40268937
-1404.40825623
-1404.44888772
-1404.53991914
-1404.47312997
-1404.51763103
-1404.60369676
-1404.61253065
-1404.60451424
-1404.70373536
-1404.72636783
-1404.64982810
-1404.54974428
-1404.60404822
-1404.67281360
-1404.74445390
-1404.83235439
-1404.84868044
-1404.79247963
-1404.85991929
-1404.79168541
-1404.85962279
-1404.90456730
-1404.94085438
-1404.83560615
-1404.93701761
-1404.91335756
-1404.68528923
-1404.77763008
-1404.86072585
-1404.96102354
-1404.99714699
-1405.04908642
-1405.14823893
-1405.18138911
-1405.15030327
-1405.20153449
-1405.24721575
-1405.28539515
-1405.32100318
-1405.35156666
-1405.34352829
-1405.26482564
-1405.27013857
-1405.25631410
-1405.23848281
-1405.14689915
-1405.18164333
-1405.25072260
-1405.34472932
-1405.29280063
-1405.38644520
-1405.29607118
-1405.35079154
-1405.36084082
-1405.40963555
-1405.49534435
-1405.54312922
-1405.35845774
-1405.38676499
-1405.40963970
-1405.48041657
-1405.52273467
-1405.55443729
-1405.65360402
-1405.61228417
-1405.53694687
-1405.46964142
-1405.54906843
-1405.45474967
-1405.40123088
-1405.44126541
-1405.48095484
-1405.55181423
-1405.63029331
-1405.69267264
-1405.73540327
-1405.73249223
-1405.79313036
-1405.67383257
-1405.72486234
-1405.77990696
-1405.85323665
-1405.76511234
-1405.79929662
-1405.87508205
-1405.78086175
-1405.59599536
-1405.63065045
-1405.67214720
-1405.70437521
-1405.77438711
-1405.77820082
-1405.81381032
-1405.63072920
-1405.49929280
-1405.53765654
-1405.52059671
-1405.55544380
-1405.59669934
-1405.58075669
-1405.45934958
-1405.40905439
-1405.37459654
-1405.45441074
-1405.51837374
-1405.42900029
-1405.52464254
-1405.62144149
-1405.44363714
-1405.54208034
-1405.45283957
-1405.33336239
-1405.13054469
-1405.09859270
-1405.15172759
-1405.04201617
-1405.09374660
-1405.17582052
-1405.24576467
-1405.16884295
-1405.22084573
-1405.25478222
-1405.19646404
-1405.21635399
-1405.08865270
-1405.17962890
-1404.94388899
-1404.98008658
-1404.90424427
-1404.99943372
-1404.86024587
-1404.84833486
-1404.88642947
-1404.79878918
-1404.88023817
-1404.93421032
-1404.98248253
-1404.89774615
-1404.86979731
-1404.97675470
-1404.98716036
-1405.03789777
-1405.06351114
-1405.10293912
-1405.15889450
-1405.18413692
-1405.22347464
-1405.31337993
-1405.25239635
-1405.28730800
-1405.32442120
-1405.25398366
-1405.34982844
-1405.44487569
-1405.37305936
-1405.30794475
-1405.16739732
-1405.18059517
-1405.27755252
-1405.25219813
-1405.34861930
-1405.38956097
-1405.39177051
-1405.45129254
-1405.47770882
-1405.55998757
-1405.61859876
-1405.66480223
-1405.66462705
-1405.76879167
-1405.77647695
-1405.81065791
-1405.76762745
-1405.59409105
-1405.63073024
-1405.64470051
-1405.65938840
-1405.51682989
-1405.48405042
-1405.56327039
-1405.64959585
-1405.56408776
-1405.64967333
-1405.46006468
-1405.37679129
-1405.46512093
-1405.52479637
-1405.61602988
-1405.62233008
-1405.71745914
-1405.68740480
-1405.73554705
-1405.77825261
-1405.75239927
-1405.77938227
-1405.81638153
-1405.73939294
-1405.78124918
-1405.66443778
-1405.70299092
-1405.69276410
-1405.74140681
-1405.80850771
-1405.87233312
-1405.81656162
-1405.68390779
-1405.55708612
-1405.53155183
-1405.45761262
-1405.38639683
-1405.41927850
-1405.46156376
-1405.52414402
-1405.55362088
-1405.57282606
-1405.66116273
-1405.67850296
-1405.72133026
-1405.68253731
-1405.72241200
-1405.82150200
-1405.86753801
-1405.79994245
-1405.87923559
-1405.78843897
-1405.84755250
-1405.86482196
-1405.75298056
-1405.78644358
-1405.80449980
-1405.83126045
-1405.80903292
-1405.76013728
-1405.76403540
-1405.78426163
-1405.81339880
-1405.91180835
-1405.86732574
-1405.78427150
-1405.80088374
-1405.63916032
-1405.72200615
-1405.76437088
-1405.65146355
-1405.72997928
-1405.72533635
-1405.78590963
-1405.82772211
-1405.87323123
-1405.81719971
-1405.79573045
-1405.75954781
-1405.79143666
-1405.87529843
-1405.92932988
-1405.88367870
-1405.76380149
-1405.81148172
-1405.84528974
-1405.90685515
-1405.93612968
-1405.96444728
-1405.99329324
-1406.02325489
-1406.06401182
-1405.97429093
-1405.87895300
-1405.88388945
-1405.90481586
-1405.92346346
-1405.90910140
-1406.03252943
-1405.94199448
-1405.97453107
-1406.00741694
-1406.05250354
-1406.07791419
-1406.12408482
-1406.05795198
-1406.05772750
-1405.97705041
-1405.81040298
-1405.84399941
-1405.92611246
-1405.99421384
-1405.99745335
-1405.91097690
-1405.89593233
-1405.96741032
-1406.00327098
-1405.89048937
-1405.94039825
-1405.94291870
-1406.02869923
-1406.06484720
-1406.15370758
-1406.24309662
-1406.07826496
-1405.90933684
-1405.98898703
-1406.07801718
-1406.11466005
-1406.19106181
-1406.18304716
-1406.09507540
-1406.12962673
-1406.20567323
-1406.27037838
-1406.24448826
-1406.30664780
-1406.39639655
-1406.47034210
-1406.51198269
-1406.54441862
-1406.62458083
-1406.54551998
-1406.47564571
-1406.49858367
-1406.56487901
-1406.49481118
-1406.37136918
-1406.25143409
-1406.23734067
-1406.21556095
-1406.21552755
-1406.25287504
-1406.29793467
-1406.36107313
-1406.19634068
-1406.11079809
-1406.14762229
-1406.18507651
-1406.10573371
-1406.08147427
-1406.00986633
-1406.06802563
-1405.93938395
-1405.96122679
-1405.91550838
-1405.92915588
-1405.95530790
-1405.99059835
-1406.02594719
-1406.03754091
-1406.10149871
-1406.07744658
-1406.05788626
-1406.12711016
-1406.17409217
-1406.14114579
-1406.11623918
-1406.08575517
-1406.04281121
-1406.08764914
-1406.10453573
-1405.98682334
-1406.07506366
-1406.10084882
-1406.05332284
-1406.06832009
-1406.05499799
-1406.10830877
-1406.09092252
-1406.17760842
-1406.21789791
-1406.30521008
-1406.34298220
-1406.21238928
-1406.26183563
-1406.20880274
-1406.24734996
-1406.33110013
-1406.37567654
-1406.28331027
-1406.31476517
-1406.39460551
-1406.43361374
-1406.49297027
-1406.38321633
-1406.21785527
-1406.30580563
-1406.38529663
-1406.36838890
-1406.35398133
-1406.28492328
-1406.35439737
-1406.38393306
-1406.38989936
-1406.47525154
-1406.51986146
-1406.55886700
-1406.52034933
-1406.39857613
-1406.43082968
-1406.41095053
-1406.47128149
-1406.50119416
-1406.52778723
-1406.55862131
-1406.53797167
-1406.61654000
-1406.53924399
-1406.60229862
-1406.68702300
-1406.74797257
-1406.83307979
-1406.82688819
-1406.91333866
-1406.94189311
-1407.02114266
-1407.03601400
-1406.87207566
-1406.93806093
-1407.01863589
-1407.04811242
-1407.12157303
-1407.15677498
-1407.20151421
-1407.11784971
-1407.12149440
-1407.04286855
-1407.11988890
-1407.15712971
-1407.22984848
-1407.17992137
-1407.23105666
-1407.28896890
-1407.34655474
-1407.43338108
-1407.49089055
-1407.55042238
-1407.52393363
-1407.57418813
-1407.61389766
-1407.45279212
-1407.53769417
-1407.62141915
-1407.67151554
-1407.71130920
-1407.71760353
-1407.80092128
-1407.77687110
-1407.70951890
-1407.75526191
-1407.79849746
-1407.81692835
-1407.84681164
-1407.89756452
-1407.97532848
-1408.01987192
-1407.95549593
-1408.03919640
-1408.11028914
-1408.13758231
-1408.08597257
-1408.10316740
-1408.15944906
-1408.21198764
-1408.23616254
-1408.28832138
-1408.24146289
-1408.23463497
-1408.20512215
-1408.23827413
-1408.32122950
-1408.39060349
-1408.46950233
-1408.51848181
-1408.58602170
-1408.46499011
-1408.34630192
-1408.37683701
-1408.41530431
-1408.36634464
-1408.42286093
-1408.46556097
-1408.52369401
-1408.54115383
-1408.61873798
-1408.67993390
-1408.68737692
-1408.74233921
-1408.81426108
-1408.81967831
-1408.81627707
-1408.88948789
-1408.96498640
-1408.86598274
-1408.75607293
-1408.66615169
-1408.54429936
-1408.58134858
-1408.64900602
-1408.70944462
-1408.69933339
-1408.57897698
-1408.67812891
-1408.68070407
-1408.64531118
-1408.67874590
-1408.70523337
-1408.71489858
-1408.66521605
-1408.73906868
-1408.77371260
-1408.85216949
-1408.92674045
-1408.96999969
-1409.02367165
-1409.06480347
-1409.03612379
-1409.07682775
-1409.09511899
-1409.13348383
-1409.11604792
-1409.18136887
-1409.20896848
-1409.28761941
-1409.33826691
-1409.37637725
-1409.35054343
-1409.34469469
-1409.31942578
-1409.39432680
-1409.30596847
-1409.28498238
-1409.12750389
-1409.23361448
-1409.32809179
-1409.17385547
-1409.07376093
-1409.13300697
-1409.18342758
-1409.22749610
-1409.15349606
-1409.22718908
-1409.25307978
-1409.31034673
-1409.28094199
-1409.35728628
-1409.36385825
-1409.44532182
-1409.20341651
-1409.27876826
-1409.33922965
-1409.27086925
-1409.34024232
-1409.27633980
-1409.30306689
-1409.38402089
-1409.40916815
-1409.44097774
-1409.46816864
-1409.54082971
-1409.61809982
-1409.66177256
-1409.68688895
-1409.72430037
-1409.70800988
-1409.75086623
-1409.82271775
-1409.68960818
-1409.72674099
-1409.75562453
-1409.75238288
-1409.77434605
-1409.85293915
-1409.93537786
-1409.95384995
-1409.93335711
-1410.01357982
-1410.04579239
-1410.00558499
-1409.78893349
-1409.86886477
-1409.80498061
-1409.83031606
-1409.80462397
-1409.77330872
-1409.58406977
-1409.55754951
-1409.63846632
-1409.67848895
-1409.75699341
-1409.83360165
-1409.91368888
-1409.98930023
-1409.96714050
-1410.04476968
-1410.12374865
-1410.19103321
-1410.24443001
-1410.11926040
-1410.15407764
-1410.12403335
-1410.14891322
-1410.14255480
-1410.22070404
-1410.23267717
-1410.21004336
-1410.29435008
-1410.25397302
-1410.24512832
-1410.20893454
-1410.27754319
-1410.29657325
-1410.39422955
-1410.40700714
-1410.43007647
-1410.31573307
-1410.24366312
-1410.28281646
-1410.34421146
-1410.39051477
-1410.42848402
-1410.46742445
-1410.49214671
-1410.51736442
-1410.30878014
-1410.38783994
-1410.37087340
-1410.43372658
-1410.45691410
-1410.32004849
-1410.27397259
-1410.34773449
-1410.40053559
-1410.37111696
-1410.44909271
-1410.29802695
-1410.23431206
-1410.28123888
-1410.30711781
-1410.33521251
-1410.25321869
-1410.33211539
-1410.38638416
-1410.42611937
-1410.36167211
-1410.32965854
-1410.38927305
-1410.43970800
-1410.52358195
-1410.55527903
-1410.62396882
-1410.65644900
-1410.68586599
-1410.76407229
-1410.61258290
-1410.64620473
-1410.72288070
-1410.73517235
-1410.76308597
-1410.84168561
-1410.84651523
-1410.92478965
-1410.90175171
-1410.97146659
-1411.03961916
-1411.06397903
-1411.07740909
-1410.99971253
-1411.02504791
-1410.91734559
-1410.99364128
-1411.07000207
-1411.14705939
-1411.21234432
-1411.28807417
-1411.31252195
-1411.37764071
-1411.42379775
-1411.45951151
-1411.43430749
-1411.43950800
-1411.45638587
-1411.52626859
-1411.58373016
-1411.60224080
-1411.42117507
-1411.47606016
-1411.44108104
-1411.41490106
-1411.30026108
-1411.22822468
-1411.15238878
-1411.08073974
-1410.89553889
-1410.77990860
-1410.70611299
-1410.72690636
-1410.76235124
-1410.83286885
-1410.85737220
-1410.72666363
-1410.77075435
-1410.69292402
-1410.75960101
-1410.75845024
-1410.72720944
-1410.74059508
-1410.78288665
-1410.70911888
-1410.74149127
-1410.81766284
-1410.85092874
-1410.87648897
-1410.93055373
-1410.99841251
-1410.84960572
-1410.79364999
-1410.87080515
-1410.90377498
-1410.86955977
-1410.93404872
-1410.80350461
-1410.78899078
-1410.80367722
-1410.70509800
-1410.73055636
-1410.79041673
-1410.82847795
-1410.74833795
-1410.69026733
-1410.62102801
-1410.68919115
-1410.75769871
-1410.83253143
-1410.81462789
-1410.88457551
-1410.82717559
-1410.87195375
-1410.90471340
-1410.97970518
-1411.05575119
-1411.04170843
-1410.92943085
-1410.92881776
-1410.98761012
-1411.05418967
-1411.10545868
-1411.14334457
-1411.10008445
-1411.15634607
-1411.20807960
-1411.20463071
-1411.24123806
-1411.29744450
-1411.18557011
-1411.24802489
-1411.29379390
-1411.34818277
-1411.42282254
-1411.49536981
-1411.57050828
-1411.46496749
-1411.48863243
-1411.46437888
-1411.48867785
-1411.54679089
-1411.44492592
-1411.47065989
-1411.54626347
-1411.61662700
-1411.68109931
-1411.66357403
-1411.73373212
-1411.71371370
-1411.71326821
-1411.68345127
-1411.63670192
-1411.70737682
-1411.67937611
-1411.53444205
-1411.55841763
-1411.52264730
-1411.59618480
-1411.52620566
-1411.46138796
-1411.52520744
-1411.60032255
-1411.50866769
-1411.55352179
-1411.48567260
-1411.50946354
-1411.57097135
-1411.50083450
-1411.45942345
-1411.48271186
-1411.55767001
-1411.54279917
-1411.61185065
-1411.65319914
-1411.71229361
-1411.66836859
-1411.69831503
-1411.75529765
-1411.63308123
-1411.62134595
-1411.55402415
-1411.49989095
-1411.46663848
-1411.54206201
-1411.47512825
-1411.30794537
-1411.26294510
-1411.24136126
-1411.25238462
-1411.31180962
-1411.34361326
-1411.41093793
-1411.30626625
-1411.33670425
-1411.37218317
-1411.40545465
-1411.43951678
-1411.45597379
-1411.52840257
-1411.49698991
-1411.43508596
-1411.50901665
-1411.53137593
-1411.60543532
-1411.66327381
-1411.60177066
-1411.59123034
-1411.65743584
-1411.71127381
-1411.63623359
-1411.66335293
-1411.68655745
-1411.56374129
-1411.55567326
-1411.62482585
-1411.64301785
-1411.71149344
-1411.56991810
-1411.59423310
-1411.47748828
-1411.34279424
-1411.40706433
-1411.30119768
-1411.33155099
-1411.39118693
-1411.46029747
-1411.53277871
-1411.47830405
-1411.40099831
-1411.42543013
-1411.45745311
-1411.46934402
-1411.51992387
-1411.59279343
-1411.45683927
-1411.49530286
-1411.38735377
-1411.30858443
-1411.22640227
-1411.26802637
-1411.29937529
-1411.32654276
-1411.36032987
-1411.19109777
-1411.15213428
-1411.08450988
-1411.14800081
-1411.22109972
-1411.27669193
-1411.34822028
-1411.27893329
-1411.29629409
-1411.35646525
-1411.37323175
-1411.44673005
-1411.36379461
-1411.15132223
-1411.22359805
-1411.11382403
-1411.10403088
-1410.97522770
-1411.00839971
-1411.01710683
-1410.91037571
-1410.82725634
-1410.79117576
-1410.63861056
-1410.64771665
-1410.71867543
-1410.77085329
-1410.71153059
-1410.74445027
-1410.68743105
-1410.75743378
-1410.79119587
-1410.82631966
-1410.86844597
-1410.89202863
-1410.93325981
-1410.98723071
-1411.01484423
-1411.08667342
-1410.94690194
-1410.85581432
-1410.88788493
-1410.96228079
-1411.01050291
-1411.00248591
-1410.86204853
-1410.72336230
-1410.72885530
-1410.79736730
-1410.86721792
-1410.89974338
-1410.85733603
-1410.90100579
-1410.86824564
-1410.90367533
-1410.83299277
-1410.85677033
-1410.89770654
-1410.79644394
-1410.86547491
-1410.65879403
-1410.67824130
-1410.61628202
-1410.59872984
-1410.65882304
-1410.67914219
-1410.71774879
-1410.78046875
-1410.80978491
-1410.86367047
-1410.89930346
-1410.87835382
-1410.92594840
-1410.95597483
-1410.98502653
-1411.00759111
-1411.02423267
-1411.08622168
-1411.06115193
-1411.09132645
-1411.04985761
-1411.10358645
-1411.06106558
-1411.12836957
-1411.19234349
-1411.21395220
-1411.13375744
-1411.17151010
-1411.23321261
-1411.28502830
-1411.28748734
-1411.30674976
-1411.20764681
-1411.26951561
-1411.16500957
-1411.21598634
-1411.12824520
-1411.15607982
-1411.13017453
-1411.11166648
-1411.15602872
-1411.22158299
-1411.22181644
-1411.26450978
-1411.25646404
-1411.26425860
-1411.32934656
-1411.40128175
-1411.42490466
-1411.47414213
-1411.52963704
-1411.48943556
-1411.44663271
-1411.42777713
-1411.29003121
-1411.22584500
-1411.29581766
-1411.15920519
-1411.11112128
-1411.17954520
-1411.10357789
-1411.14244467
-1411.19967470
-1411.26470920
-1411.12798858
-1411.06945866
-1411.10126947
-1411.06929836
-1411.12131937
-1411.19096200
-1411.22818178
-1411.27529904
-1411.19292952
-1411.10090330
-1411.15001281
-1411.11885508
-1411.09165912
-1411.02591292
-1410.91134022
-1410.84470124
-1410.88848862
-1410.75908190
-1410.74145118
-1410.77403223
-1410.67659887
-1410.70360154
-1410.64750026
-1410.63168136
-1410.68923746
-1410.70900314
-1410.67060372
-1410.60349364
-1410.58962649
-1410.62622907
-1410.64923823
-1410.66871047
-1410.72805232
-1410.79392220
-1410.77316136
-1410.76541016
-1410.78834329
-1410.85765898
-1410.92327908
-1410.95142546
-1410.97893120
-1411.00797521
-1410.96721538
-1410.85783238
-1410.65747185
-1410.71284800
-1410.60238102
-1410.49427337
-1410.52138053
-1410.54948713
-1410.61527474
-1410.50789161
-1410.54798223
-1410.49011937
-1410.35791554
-1410.38737323
-1410.37851021
-1410.32924846
-1410.26100708
-1410.21984236
-1410.26244563
-1410.21939160
-1410.14484794
-1410.17250582
-1410.22780839
-1410.24040717
-1410.26916139
-1410.31994019
-1410.35743367
-1410.29438916
-1410.31919056
-1410.34691857
-1410.21823811
-1410.24220153
-1410.27214447
-1410.28039250
-1410.23007444
-1410.25968668
-1410.19379990
-1410.27957645
-1410.26138088
-1410.33293824
-1410.36588125
-1410.35173606
-1410.22125606
-1410.21841594
-1410.17106340
-1410.24005646
-1410.29899969
-1410.30527823
-1410.16277105
-1410.06649361
-1410.13528167
-1410.16142105
-1410.23055722
-1410.14429743
-1410.19478719
-1410.20728005
-1410.17446398
-1410.14464942
-1410.15393238
-1410.18631234
-1410.17833263
-1410.24056188
-1410.30946243
-1410.33656996
-1410.37837729
-1410.40430743
-1410.42942888
-1410.37932175
-1410.30103261
-1410.35709247
-1410.41215093
-1410.40095575
-1410.28017902
-1410.31112584
-1410.34300624
-1410.36048648
-1410.38510657
-1410.37552860
-1410.42247434
-1410.40267252
-1410.40387212
-1410.39888788
-1410.45135364
-1410.51663839
-1410.54215268
-1410.56507405
-1410.55171754
-1410.45205940
-1410.45271988
-1410.41626747
-1410.44696252
-1410.31445688
-1410.24720330
-1410.27723524
-1410.34163243
-1410.26732873
-1410.32746427
-1410.39387214
-1410.41503486
-1410.43761435
-1410.49142359
-1410.49306583
-1410.49500058
-1410.52138234
-1410.48547700
-1410.51302712
-1410.39323938
-1410.43353784
-1410.47084132
-1410.49930404
-1410.47907197
-1410.45016515
-1410.38101094
-1410.31240519
-1410.31693267
-1410.33263903
-1410.40164012
-1410.45804232
-1410.52070723
-1410.58875467
-1410.49121366
-1410.55315840
-1410.58993281
-1410.65019562
-1410.64116061
-1410.61459889
-1410.59017858
-1410.60842289
-1410.50854766
-1410.49804714
-1410.56117884
-1410.62068248
-1410.64179593
-1410.70270358
-1410.67689363
-1410.73223829
-1410.77966078
-1410.81983313
-1410.83806945
-1410.86544336
-1410.86268385
-1410.88830101
-1410.82772643
-1410.88861183
-1410.93288522
-1410.91139233
-1410.94755414
-1410.94636825
-1410.94653981
-1410.96769335
-1410.99402215
-1410.86603606
-1410.89028597
-1410.95336629
-1410.94501493
-1410.92692052
-1410.95993455
-1410.80016531
-1410.69624121
-1410.75831439
-1410.69622337
-1410.56987119
-1410.52845041
-1410.51022164
-1410.53676273
-1410.43298367
-1410.49682197
-1410.49868801
-1410.56377735
-1410.58530002
-1410.65199438
-1410.71330758
-1410.65116096
-1410.70824811
-1410.61405574
-1410.58642626
-1410.39794110
-1410.42503830
-1410.33021471
-1410.39314331
-1410.36502764
-1410.37286114
-1410.39265570
-1410.34393854
-1410.36694747
-1410.38940649
-1410.42468742
-1410.48426643
-1410.49650280
-1410.43253213
-1410.46775969
-1410.42461840
-1410.44303613
-1410.47699440
-1410.50271183
-1410.54889541
-1410.48919805
-1410.55617719
-1410.62011352
-1410.64587697
-1410.53877260
-1410.59920928
-1410.61952151
-1410.60143847
-1410.66608658
-1410.60722501
-1410.64303908
-1410.66253085
-1410.70370638
-1410.76521304
-1410.76798033
-1410.83351304
-1410.84938996
-1410.88044212
-1410.90787980
-1410.93887922
-1410.87949156
-1410.86169822
-1410.80553379
-1410.70906952
-1410.71166175
-1410.77787059
-1410.74372185
-1410.77269893
-1410.68551532
-1410.71704173
-1410.75118470
-1410.62259732
-1410.68551770
-1410.65571937
-1410.66576199
-1410.69499596
-1410.70525202
-1410.79265653
-1410.79601074
-1410.77634875
-1410.70836179
-1410.68052128
-1410.70965563
-1410.72869534
-1410.76716643
-1410.82202647
-1410.85769362
-1410.91935630
-1410.94971792
-1410.90558077
-1410.85109297
-1410.91332829
-1410.87704762
-1410.92104272
-1410.90541039
-1410.92636949
-1410.79311176
-1410.76167835
-1410.67414904
-1410.71052037
-1410.76539109
-1410.79428401
-1410.70804102
-1410.73021769
-1410.62165559
-1410.62229167
-1410.56447783
-1410.60923117
-1410.67088254
-1410.48672047
-1410.40123748
-1410.43107785
-1410.33460434
-1410.37506802
-1410.42506543
-1410.42150950
-1410.44128890
-1410.46128878
-1410.52457343
-1410.43231797
-1410.48440840
-1410.45004949
-1410.43776915
-1410.45821658
-1410.39827115
-1410.27431797
-1410.33185484
-1410.39446420
-1410.41528195
-1410.34767787
-1410.40761581
-1410.41307351
-1410.44226478
-1410.39255664
-1410.42018919
-1410.46203342
-1410.49852537
-1410.55179292
-1410.53859346
-1410.47067628
-1410.41655849
-1410.40522047
-1410.34844232
-1410.33732450
-1410.32601894
-1410.32971527
-1410.36949422
-1410.30107556
-1410.20718913
-1410.11218014
-1410.14537076
-1410.20907964
-1410.10147640
-1410.02321613
-1409.96022274
-1409.95371782
-1409.99713812
-1409.98143895
-1410.00952870
-1409.88755127
-1409.94300606
-1409.94159570
-1409.98046748
-1409.98688424
-1410.01918226
-1410.04508794
-1410.10767101
-1409.98923276
-1410.01928410
-1410.04473082
-1410.10452666
-1410.07089826
-1410.09678672
-1410.15686720
-1410.19182585
-1410.25296100
-1410.27923111
-1410.30609785
-1410.15188237
-1410.12436057
-1410.09153782
-1410.13584508
-1410.15975230
-1410.22045608
-1410.23794337
-1410.27846642
-1410.31313076
-1410.30893735
-1410.34669659
-1410.28978331
-1410.32367998
-1410.30639892
-1410.33018548
-1410.35294699
-1410.38020528
-1410.44274066
-1410.46242587
-1410.48949708
-1410.51481926
-1410.54451275
-1410.51070955
-1410.56022641
-1410.54738938
-1410.49272234
-1410.55202747
-1410.48848283
-1410.53770253
-1410.56470694
-1410.59655033
-1410.65392471
-1410.71790655
-1410.57301972
-1410.60372406
-1410.65575438
-1410.53224618
-1410.44739391
-1410.47831167
-1410.49870692
-1410.42948902
-1410.45632463
-1410.39593496
-1410.42163037
-1410.47686009
-1410.49393858
-1410.47346707
-1410.49442829
-1410.51828156
-1410.57799424
-1410.42721331
-1410.45657084
-1410.44329593
-1410.45934625
-1410.45858628
-1410.45581031
-1410.47610131
-1410.52121331
-1410.54560883
-1410.56938784
-1410.45084743
-1410.55761895
-1410.61851082
-1410.67193061
-1410.60917167
-1410.60023018
-1410.53183397
-1410.42337889
-1410.47153130
-1410.50348075
-1410.53933766
-1410.56552183
-1410.58350241
-1410.52265375
-1410.56108872
-1410.62407431
-1410.64810353
-1410.70388663
-1410.72841723
-1410.68667426
-1410.68944845
-1410.59862985
-1410.62073228
-1410.65627232
-1410.70697246
-1410.64058293
-1410.66599085
-1410.67678609
-1410.73733602
-1410.79681931
-1410.85682111
-1410.85465979
-1410.78701030
-1410.76567780
-1410.82371963
-1410.77099812
-1410.79705683
-1410.82347275
-1410.86265151
-1410.74831193
-1410.77472301
-1410.80960464
-1410.86528808
-1410.92558828
-1410.98306004
-1411.01593621
-1410.95616867
-1410.98324404
-1411.04460877
-1410.95524484
-1411.01461379
-1411.07554869
-1411.09107294
-1411.15050621
-1411.20636414
-1411.18538681
-1411.17932199
-1411.14496015
-1411.20614746
-1411.26660101
-1411.28898894
-1411.24259282
-1411.25258180
-1411.28369854
-1411.19387003
-1411.18086945
-1411.18479975
-1411.24553185
-1411.30525494
-1411.28548357
-1411.33847769
-1411.39886462
-1411.41820572
-1411.41709103
-1411.43489071
-1411.36903340
-1411.41361095
-1411.40992708
-1411.46447918
-1411.42280689
-1411.40076218
-1411.45964385
-1411.41263179
-1411.38092559
-1411.39522016
-1411.44745863
-1411.47808254
-1411.42237434
-1411.34756779
-1411.39547862
-1411.33956155
-1411.37075950
-1411.43095099
-1411.29005117
-1411.28029615
-1411.20668250
-1411.22794281
-1411.21389491
-1411.24840199
-1411.30239586
-1411.28064121
-1411.33891125
-1411.31826983
-1411.36099225
-1411.38104474
-1411.43874582
-1411.46326465
-1411.45809786
-1411.40241052
-1411.38289092
-1411.37810366
-1411.39811446
-1411.41929640
-1411.33500585
-1411.36412000
-1411.41793306
-1411.35879693
-1411.37778904
-1411.41749478
-1411.40671542
-1411.46788603
-1411.45256748
-1411.37809604
-1411.40108405
-1411.43175777
-1411.41900341
-1411.47872838
-1411.49028469
-1411.54035636
-1411.54827989
-1411.51149021
-1411.54578269
-1411.57594938
-1411.60137744
-1411.56324836
-1411.53889973
-1411.45158532
-1411.47327126
-1411.45050954
-1411.47752241
-1411.45840194
-1411.37000357
-1411.42107187
-1411.45848440
-1411.34153920
-1411.40174233
-1411.32735578
-1411.18262201
-1411.23836524
-1411.25907802
-1411.29924856
-1411.34600627
-1411.36825510
-1411.39375040
-1411.32295460
-1411.34767808
-1411.31966980
-1411.26702621
-1411.29359658
-1411.32604887
-1411.31606720
-1411.22291160
-1411.12126735
-1411.11361152
-1411.15053923
-1411.17207942
-1411.07258265
-1411.00590008
-1410.95986967
-1410.90695017
-1410.93602215
-1410.83666553
-1410.88499597
-1410.93274247
-1410.87666622
-1410.88606804
-1410.79137624
-1410.83722354
-1410.77935189
-1410.79511025
-1410.82407817
-1410.86938595
-1410.87729049
-1410.81495212
-1410.84695566
-1410.89593186
-1410.92439835
-1410.98330664
-1410.99267976
-1410.90645882
-1410.91171794
-1410.92851337
-1410.88671189
-1410.86480874
-1410.91931491
-1410.96198613
-1411.01972906
-1411.07308733
-1410.99004574
-1410.97994032
-1410.99856920
-1410.95658972
-1410.94986657
-1410.97115472
-1410.88503040
-1410.94440515
-1410.99901688
-1410.97385664
-1410.88464196
-1410.89141979
-1410.90345698
-1410.88558611
-1410.78352079
-1410.73929522
-1410.63541855
-1410.59682965
-1410.56445427
-1410.61479306
-1410.67328146
-1410.72523961
-1410.61007937
-1410.59137008
-1410.52915827
-1410.58339510
-1410.50093276
-1410.48283375
-1410.46019347
-1410.49599504
-1410.44435216
-1410.39800229
-1410.33758365
-1410.23078516
-1410.11721429
-1409.94911127
-1409.93006061
-1409.82211794
-1409.77114035
-1409.76644933
-1409.76633799
-1409.67974226
-1409.69910607
-1409.71990540
-1409.76287593
-1409.78541811
-1409.81609251
-1409.86319248
-1409.92129444
-1409.86894845
-1409.81353354
-1409.87029101
-1409.88597005
-1409.87967298
-1409.90777944
-1409.83658732
-1409.88286238
-1409.89918782
-1409.90114241
-1409.87077201
-1409.95926679
-1409.90592341
-1409.79214310
-1409.68525217
-1409.69097270
-1409.73261272
-1409.65422948
-1409.67452014
-1409.71677575
-1409.74759882
-1409.72891653
-1409.60225072
-1409.55734762
-1409.49706332
-1409.43688262
-1409.39743233
-1409.42672749
-1409.42604316
-1409.45332238
-1409.44527375
-1409.47814128
-1409.45367738
-1409.44309512
-1409.42286066
-1409.36322166
-1409.31896388
-1409.26537822
-1409.21897027
-1409.23467721
-1409.26044577
-1409.17762907
-1409.21961600
-1409.12135927
-1409.12057482
-1409.05871998
-1409.06968991
-1409.08317711
-1409.13045212
-1409.09025666
-1409.03534771
-1409.09062368
-1409.11298735
-1409.08998445
-1409.12219090
-1409.18133293
-1409.20080976
-1409.17299300
-1409.21379538
-1409.27087153
-1409.32586469
-1409.38417302
-1409.41183755
-1409.44957846
-1409.48774152
-1409.53274627
-1409.57193381
-1409.60730478
-1409.59487728
-1409.62441643
-1409.62211023
-1409.56788188
-1409.40217766
-1409.31215781
-1409.34620758
-1409.37524773
-1409.43180774
-1409.39416502
-1409.43286756
-1409.45885147
-1409.48656712
-1409.50960018
-1409.42256468
-1409.34495514
-1409.39889845
-1409.37310269
-1409.39475394
-1409.44993796
-1409.40600474
-1409.42010782
-1409.34077056
-1409.39550149
-1409.42174829
-1409.46490315
-1409.51985258
-1409.57752941
-1409.52271144
-1409.54628871
-1409.56594718
-1409.61465266
-1409.60161742
-1409.65764082
-1409.60412641
-1409.50642309
-1409.56407694
-1409.60590685
-1409.56258813
-1409.53433637
-1409.58882667
-1409.57945623
-1409.61588469
-1409.53473728
-1409.52343083
-1409.54145805
-1409.44123615
-1409.49229944
-1409.53712462
-1409.54328607
-1409.55975595
-1409.57636236
-1409.50542811
-1409.49763981
-1409.51948131
-1409.57739783
-1409.61021897
-1409.63509722
-1409.62486199
-1409.66692419
-1409.71210124
-1409.71243348
-1409.64900447
-1409.70105506
-1409.72307676
-1409.74702761
-1409.77670857
-1409.79965307
-1409.77528543
-1409.72054397
-1409.66548198
-1409.61897378
-1409.53869350
-1409.52912774
-1409.54411337
-1409.58917368
-1409.59795408
-1409.63011447
-1409.57866859
-1409.59333497
-1409.57502613
-1409.62684590
-1409.64308119
-1409.70046055
-1409.60614073
-1409.60619486
-1409.64820862
-1409.69115060
-1409.57877853
-1409.57844874
-1409.58988202
-1409.63349556
-1409.65951187
-1409.68836402
-1409.72048891
-1409.68198445
-1409.68985280
-1409.73942878
-1409.79024058
-1409.80787538
-1409.70011310
-1409.75525261
-1409.78612056
-1409.75260878
-1409.80025126
-1409.82404806
-1409.87926017
-1409.88789904
-1409.88047507
-1409.92762089
-1409.98510822
-1409.92771926
-1409.95331462
-1409.97245370
-1409.99543678
-1409.97480224
-1409.92068408
-1409.84633411
-1409.88933348
-1409.80988177
-1409.85582503
-1409.87601777
-1409.82670798
-1409.76630187
-1409.73631518
-1409.68863498
-1409.74409004
-1409.79977427
-1409.71158055
-1409.71819389
-1409.73999043
-1409.73675326
-1409.76660683
-1409.76706456
-1409.79107048
-1409.73018412
-1409.74999801
-1409.75360013
-1409.77557954
-1409.78940766
-1409.81489686
-1409.76507417
-1409.74586865
-1409.74001673
-1409.74063163
-1409.76828611
-1409.72008876
-1409.66799034
-1409.68135392
-1409.69850355
-1409.67038911
-1409.65105294
-1409.70545306
-1409.72740443
-1409.77361867
-1409.69417368
-1409.70151257
-1409.65081326
-1409.56749596
-1409.61804274
-1409.66730904
-1409.56162026
-1409.57903515
-1409.63161630
-1409.65998778
-1409.65639572
-1409.71117786
-1409.66069615
-1409.71729925
-1409.73468645
-1409.73887286
-1409.75532644
-1409.76378121
-1409.81489243
-1409.87122771
-1409.92582446
-1409.94521330
-1409.86657563
-1409.86693769
-1409.88507970
-1409.90268891
-1409.95817706
-1410.01416979
-1409.96522249
-1409.98320365
-1409.92476674
-1409.87343793
-1409.86067634
-1409.91523715
-1409.91555490
-1409.95024920
-1409.83453646
-1409.72896860
-1409.67447889
-1409.64719457
-1409.64974926
-1409.66704107
-1409.52035326
-1409.57352205
-1409.59834511
-1409.60171212
-1409.60590750
-1409.49953092
-1409.46704661
-1409.37051451
-1409.39657683
-1409.41724862
-1409.47161268
-1409.36790464
-1409.25861973
-1409.20815074
-1409.15586137
-1409.17794825
-1409.21356142
-1409.23130682
-1409.27462235
-1409.29527705
-1409.31912217
-1409.34484001
-1409.28795854
-1409.27507952
-1409.17058723
-1409.19688732
-1409.22863736
-1409.11605603
-1409.13345396
-1409.10963486
-1409.13752440
-1409.04340109
-1409.03373772
-1408.98572110
-1409.01297074
-1409.03534442
-1409.00311554
-1409.01449665
-1409.06961819
-1409.12277856
-1409.17846923
-1409.09510420
-1409.06556752
-1409.01422622
-1409.06793215
-1408.95598231
-1408.93245717
-1408.98780373
-1409.04244413
-1409.00897693
-1409.05078832
-1409.07465135
-1409.12685743
-1409.17983741
-1409.18369495
-1409.23044018
-1409.28058026
-1409.32376485
-1409.32062346
-1409.33971387
-1409.35038823
-1409.36777645
-1409.38721796
-1409.38322265
-1409.33570620
-1409.32559466
-1409.24273903
-1409.26923278
-1409.24540912
-1409.26284701
-1409.28387980
-1409.26050528
-1409.27815655
-1409.29473777
-1409.31543054
-1409.33317790
-1409.37265575
-1409.42798609
-1409.46889965
-1409.38744825
-1409.28459468
-1409.32758795
-1409.27842405
-1409.26620509
-1409.31444424
-1409.25441514
-1409.28122738
-1409.32811162
-1409.22667010
-1409.27926369
-1409.33382705
-1409.29417611
-1409.30605577
-1409.32570405
-1409.37887033
-1409.43134391
-1409.45518890
-1409.50251205
-1409.52020601
-1409.49028364
-1409.43194489
-1409.45808651
-1409.41110015
-1409.45728559
-1409.51078157
-1409.53467977
-1409.55948642
-1409.60035619
-1409.60693767
-1409.65110581
-1409.65228988
-1409.59749422
-1409.58060327
-1409.57066474
-1409.53727009
-1409.46668480
-1409.46707500
-1409.48674749
-1409.54005611
-1409.44050012
-1409.33690793
-1409.34539269
-1409.29661988
-1409.21458303
-1409.18519569
-1409.23994639
-1409.29329680
-1409.19087223
-1409.15976611
-1409.19802369
-1409.19885348
-1409.25088310
-1409.30320866
-1409.29466851
-1409.31545117
-1409.33184987
-1409.31483982
-1409.31084644
-1409.32989884
-1409.32674883
-1409.38090428
-1409.43094243
-1409.31784763
-1409.36234130
-1409.31282817
-1409.33839329
-1409.32055118
-1409.35193659
-1409.37890827
-1409.41340614
-1409.34273491
-1409.29151603
-1409.33653519
-1409.36337417
-1409.29529617
-1409.32625745
-1409.37989427
-1409.37950965
-1409.39003736
-1409.26447398
-1409.24822526
-1409.29854878
-1409.18680878
-1409.24083358
-1409.21497995
-1409.24040276
-1409.28183912
-1409.29916764
-1409.33917176
-1409.23349216
-1409.20057643
-1409.17846370
-1409.17149644
-1409.16097714
-1409.19701860
-1409.22681712
-1409.24320162
-1409.29238768
-1409.31993116
-1409.27664803
-1409.29383054
-1409.24391586
-1409.20462669
-1409.22310307
-1409.25954645
-1409.24275213
-1409.26405388
-1409.23198037
-1409.25566675
-1409.20444901
-1409.18099211
-1409.23114188
-1409.21021332
-1409.22418432
-1409.24273662
-1409.25626608
-1409.27785935
-1409.32914689
-1409.38257794
-1409.28556988
-1409.22570164
-1409.23411904
-1409.21506953
-1409.21305740
-1409.23445137
-1409.20453431
-1409.15669351
-1409.18324556
-1409.11922026
-1409.11579324
-1409.03737736
-1409.03910473
-1409.00977323
-1409.06307169
-1409.08787942
-1409.13752709
-1409.15835442
-1409.13273662
-1409.10054642
-1409.11869868
-1409.06550150
-1409.11801664
-1409.16148591
-1409.11372250
-1409.05776678
-1409.01926429
-1409.06127094
-1409.08478338
-1409.07762179
-1409.09773228
-1409.15071766
-1409.11111389
-1409.06228094
-1409.07941355
-1409.05395079
-1409.07150389
-1409.12134146
-1409.16920839
-1409.19890520
-1409.19472256
-1409.24030189
-1409.28088352
-1409.29801466
-1409.30126399
-1409.33814167
-1409.36509570
-1409.30530751
-1409.35761887
-1409.38071903
-1409.34085671
-1409.36318794
-1409.40305439
-1409.41828612
-1409.34114188
-1409.39350881
-1409.32572875
-1409.30525284
-1409.34769702
-1409.35276213
-1409.37334918
-1409.34901958
-1409.39994202
-1409.42152429
-1409.44127398
-1409.46369692
-1409.49477012
-1409.48903332
-1409.41349624
-1409.43601335
-1409.48618623
-1409.43838659
-1409.47061473
-1409.52301387
-1409.48557081
-1409.53658864
-1409.58564593
-1409.52906657
-1409.45912407
-1409.37034593
-1409.40870914
-1409.43837860
-1409.42509678
-1409.47929880
-1409.47285650
-1409.49537273
-1409.42007113
-1409.37166662
-1409.40366039
-1409.44522766
-1409.46215203
-1409.48662063
-1409.54236435
-1409.53222963
-1409.45752309
-1409.51377216
-1409.48952716
-1409.42698167
-1409.41758208
-1409.43857011
-1409.48760449
-1409.45615469
-1409.45537200
-1409.50671819
-1409.55248167
-1409.57302566
-1409.52350189
-1409.50559831
-1409.55550251
-1409.43372419
-1409.42446301
-1409.47668043
-1409.47499275
-1409.47218706
-1409.37577817
-1409.39179420
-1409.34063470
-1409.33198597
-1409.28684698
-1409.25245177
-1409.28883566
-1409.24612319
-1409.26545720
-1409.31748819
-1409.22838834
-1409.17976527
-1409.14614949
-1409.17723386
-1409.20236890
-1409.24955380
-1409.29516928
-1409.34523128
-1409.39319863
-1409.37536953
-1409.38639822
-1409.40900355
-1409.28020770
-1409.31602450
-1409.34431607
-1409.37159137
-1409.37128442
-1409.32369227
-1409.34869285
-1409.39979012
-1409.34280427
-1409.39167664
-1409.40048771
-1409.41977397
-1409.44486804
-1409.49568653
-1409.51226336
-1409.55631008
-1409.50320684
-1409.52680784
-1409.47502621
-1409.51551392
-1409.55354090
-1409.57037981
-1409.47230501
-1409.49447771
-1409.52669343
-1409.55343785
-1409.58445428
-1409.53986366
-1409.50686350
-1409.51817009
-1409.56832842
-1409.59221291
-1409.49405924
-1409.53389939
-1409.46333321
-1409.51447765
-1409.53058315
-1409.52808482
-1409.55635594
-1409.58415076
-1409.56991799
-1409.55942464
-1409.52345051
-1409.48572285
-1409.44445610
-1409.37841238
-1409.31959012
-1409.37053033
-1409.28422705
-1409.23956536
-1409.28235714
-1409.30230674
-1409.31848424
-1409.33921261
-1409.38020232
-1409.40247121
-1409.45103290
-1409.50054005
-1409.51639334
-1409.48620876
-1409.35524301
-1409.38748955
-1409.43312259
-1409.48385274
-1409.53379337
-1409.53753999
-1409.58862395
-1409.62505178
-1409.65303196
-1409.69602667
-1409.71182035
-1409.75894485
-1409.80797461
-1409.84489666
-1409.86776957
-1409.87166352
-1409.90269813
-1409.94342239
-1409.97422511
-1409.89961104
-1409.93995161
-1409.89922979
-1409.78123011
-1409.83081449
-1409.86102634
-1409.86912656
-1409.91707085
-1409.92520284
-1409.95890736
-1409.91048498
-1409.94695977
-1409.96246405
-1409.96636213
-1410.01128962
-1410.04940895
-1410.06819814
-1410.10533605
-1410.08467212
-1410.05050457
-1410.06896804
-1410.08216050
-1410.12503403
-1410.08614275
-1410.03774171
-1410.07739919
-1410.08902382
-1410.12559080
-1410.10567042
-1410.13693882
-1410.10620942
-1410.11916106
-1410.16704380
-1410.18533049
-1410.20348657
-1410.22290855
-1410.25912014
-1410.24136725
-1410.25245025
-1410.27885587
-1410.28864686
-1410.28236272
-1410.25617031
-1410.21029278
-1410.22679634
-1410.24610037
-1410.29271625
-1410.27373810
-1410.26234419
-1410.28929789
-1410.21380605
-1410.17696962
-1410.22685217
-1410.24419715
-1410.29208872
-1410.34081803
-1410.36035464
-1410.29856721
-1410.24777547
-1410.28733503
-1410.33729093
-1410.35695306
-1410.40743879
-1410.45466746
-1410.49505099
-1410.42342433
-1410.41213949
-1410.34333405
-1410.37384588
-1410.32272522
-1410.30739508
-1410.23470434
-1410.25533332
-1410.27578334
-1410.31741913
-1410.33953852
-1410.32468117
-1410.32221200
-1410.34770101
-1410.36943832
-1410.41105256
-1410.43519751
-1410.47222824
-1410.47999354
-1410.53620645
-1410.50192136
-1410.48265361
-1410.50201351
-1410.47414430
-1410.47361872
-1410.37667701
-1410.40080987
-1410.42104193
-1410.39901770
-1410.36519279
-1410.39654532
-1410.38910856
-1410.33976494
-1410.24988736
-1410.15542393
-1410.13507676
-1409.99361816
-1410.00862373
-1409.98199707
-1409.93229153
-1409.94537981
-1409.99494062
-1409.97653747
-1410.00098646
-1410.01807823
-1410.01150600
-1410.05685436
-1410.05756341
-1409.98679949
-1410.00845813
-1409.94564388
-1409.86745432
-1409.88954461
-1409.93044971
-1409.96927507
-1409.92289459
-1409.95346051
-1409.97018629
-1410.01739998
-1410.06703066
-1410.00118806
-1410.04626861
-1410.04476410
-1409.97507233
-1410.00708532
-1409.92183011
-1409.87888427
-1409.90261677
-1409.93354844
-1409.94171401
-1409.91068533
-1409.95953215
-1409.84158556
-1409.88852517
-1409.90426980
-1409.91904719
-1409.94224251
-1409.95817380
-1409.89763675
-1409.92070066
-1409.85068368
-1409.87083666
-1409.82133695
-1409.83924886
-1409.79520328
-1409.82206550
-1409.79120331
-1409.81246074
-1409.83967514
-1409.87691683
-1409.90684918
-1409.92080079
-1409.83451306
-1409.82146347
-1409.86312113
-1409.87839793
-1409.92320761
-1409.96937551
-1410.01100992
-1409.99212180
-1409.97293837
-1409.92128396
-1409.91653684
-1409.93546801
-1409.88860317
-1409.90338781
-1409.94971474
-1409.85548854
-1409.84986617
-1409.80088892
-1409.85655847
-1409.80694145
-1409.77929336
-1409.80600134
-1409.75952595
-1409.77587857
-1409.78721934
-1409.77520510
-1409.82930102
-1409.84126354
-1409.82768455
-1409.81498852
-1409.87946631
-1409.91047649
-1409.93463095
-1409.95285486
-1409.92525901
-1409.94611224
-1409.96659822
-1409.89971966
-1409.91845349
-1409.95367446
-1409.96997140
-1409.94695760
-1409.99453905
-1410.01499472
-1410.06202963
-1409.95867356
-1409.93576258
-1409.95223828
-1409.97014159
-1409.89798023
-1409.92130371
-1409.94203711
-1409.96471280
-1409.91817217
-1409.85797658
-1409.89512766
-1409.88185415
-1409.92084561
-1409.93925391
-1409.94702414
-1409.99593682
-1409.94469903
-1409.90306151
-1409.91878446
-1409.87088025
-1409.89528535
-1409.92448181
-1409.95044734
-1409.92185623
-1409.82929781
-1409.86200222
-1409.86322861
-1409.86078915
-1409.87047173
-1409.81918121
-1409.83568362
-1409.88029414
-1409.90192672
-1409.92177116
-1409.97064086
-1409.98596783
