-1218.59380527
-1161.77558208
-1174.14186891
-1102.66370691
-1208.57924409
-1276.96220699
-1303.67434225
-1294.11538325
-1307.23385345
-1310.57168777
-1329.17693579
-1341.91646473
-1352.53679309
-1347.86695023
-1360.80357205
-1370.42569803
-1378.72114790
-1390.46433006
-1378.57189682
-1371.77313894
-1368.82923499
-1375.50251921
-1366.75828316
-1353.27232856
-1340.32618855
-1347.78494307
-1358.48797306
-1339.86264330
-1344.95644843
-1334.60745929
-1341.94262668
-1346.15975071
-1350.82939958
-1355.10363849
-1358.05059674
-1360.37530680
-1356.00784415
-1363.44529197
-1363.04150965
-1364.31350485
-1361.92670425
-1358.31428050
-1358.34029690
-1357.66635795
-1360.38041761
-1363.32058187
-1356.96232219
-1355.26410944
-1347.10908555
-1349.55968002
-1353.76173799
-1356.90923988
-1361.54706362
-1365.71831941
-1370.75303801
-1375.78314062
-1379.19637518
-1380.71768203
-1382.78867374
-1386.00631650
-1381.02091550
-1378.23374992
-1371.45266896
-1367.08474837
-1368.44744003
-1371.03299683
-1373.03648389
-1377.11739845
-1378.67480417
-1380.22627974
-1381.98603805
-1382.81150065
-1382.97228844
-1383.24550537
-1385.24937083
-1387.25117712
-1390.07372812
-1391.73583047
-1393.28026359
-1395.52117688
-1397.56282806
-1398.88771174
-1400.57546791
-1401.57262415
-1402.97421067
-1404.59560988
-1406.15678599
-1407.46394367
-1408.92424914
-1411.19499706
-1411.26022343
-1411.83167397
-1412.60038980
-1412.58606707
-1413.57859132
-1415.42004634
-1415.83086750
-1417.94349391
-1419.02198260
-1420.94802874
-1421.76044578
-1423.59182268
-1424.47423871
-1425.61387623
-1427.46038523
-1429.28559564
-1430.46024701
-1431.93270448
-1430.42227787
-1431.20730537
-1432.02384450
-1432.96808601
-1430.55547244
-1430.57689156
-1428.62873590
-1430.44795246
-1432.22614508
-1429.83879436
-1430.32368868
-1430.59242132
-1431.89816429
-1429.41696986
-1429.88304153
-1428.17662705
-1429.82913367
-1430.03437641
-1428.68672322
-1430.60706822
-1430.41743158
-1432.68052119
-1428.95981659
-1428.41065717
-1428.99510915
-1429.90055505
-1431.55755495
-1428.87665700
-1430.29441583
-1431.60904427
-1432.76872615
-1431.53239491
-1431.98016954
-1433.26567296
-1433.00287514
-1434.53889961
-1434.84337332
-1431.29279311
-1430.34893498
-1427.89749471
-1426.11219203
-1425.49576068
-1424.00425442
-1425.28204230
-1425.11202049
-1423.45281142
-1420.38118418
-1421.86903378
-1419.40232587
-1419.79313414
-1419.28548370
-1417.58760122
-1416.38058012
-1418.26604000
-1416.80556174
-1415.27145072
-1415.59539913
-1416.90702194
-1417.13838038
-1416.59902106
-1413.86358068
-1412.89709033
-1412.03485686
-1409.94154432
-1409.41219131
-1409.70471191
-1410.96757740
-1411.75887664
-1412.51655614
-1412.44574375
-1411.68309347
-1413.01811315
-1411.83260308
-1412.82123523
-1412.05237135
-1412.05212818
-1409.61619450
-1410.51411977
-1410.06301214
-1408.28676349
-1406.44195013
-1407.68019528
-1407.12184921
-1406.01546255
-1407.23219560
-1407.54563365
-1407.29503726
-1405.26741181
-1406.48307998
-1407.71203527
-1406.75855341
-1407.98040236
-1409.17161297
-1409.66117166
-1410.54821564
-1411.03089319
-1408.70672633
-1409.80175100
-1407.55180706
-1408.62323082
-1408.95765459
-1409.67577222
-1409.44997819
-1410.52691133
-1411.03458819
-1409.93871234
-1408.66330801
-1406.60811343
-1404.98538144
-1405.47261420
-1406.05911546
-1407.17063465
-1406.14654569
-1405.87389158
-1403.20804212
-1403.05082035
-1402.61852451
-1403.27176156
-1401.79015177
-1402.88298295
-1401.33242714
-1401.91546367
-1402.47161640
-1402.84882688
-1402.88945646
-1402.68086451
-1403.26800811
-1403.63701691
-1404.11138828
-1404.53844913
-1405.47255791
-1406.33380183
-1407.33455809
-1406.34780050
-1405.39358037
-1405.10169036
-1405.45384576
-1405.44364521
-1405.85077051
-1406.47945841
-1405.29587939
-1403.87088618
-1404.60165268
-1404.98819431
-1405.41834355
-1405.77684612
-1406.68340310
-1407.09638550
-1407.74446224
-1407.31930793
-1407.86489404
-1408.42706334
-1409.38014471
-1409.99060637
-1408.96276638
-1409.51657725
-1408.18919664
-1407.78109451
-1408.54498755
-1409.31649428
-1408.70975611
-1409.48909497
-1410.06765623
-1409.84930848
-1409.40812261
-1408.85057538
-1409.31732327
-1409.64425421
-1407.98139838
-1408.91614328
-1409.82254933
-1408.16788268
-1408.22123851
-1407.49663952
-1405.23581291
-1404.80048611
-1404.06802275
-1403.02367689
-1402.86647230
-1403.15334639
-1403.53419538
-1404.18987128
-1405.06005948
-1405.41731525
-1404.88139077
-1403.74781021
-1403.30925800
-1403.77711438
-1404.35045013
-1403.67441273
-1404.10638603
-1403.43043915
-1403.97651478
-1404.64251253
-1404.78454618
-1405.31684156
-1404.56122244
-1403.17279370
-1402.83502664
-1402.91871238
-1403.27878443
-1403.58215216
-1404.19524094
-1404.62835319
-1405.11763154
-1404.44204001
-1404.28950110
-1403.53593176
-1403.87505115
-1404.20883008
-1404.64042004
-1404.04764064
-1404.60529237
-1405.02119513
-1405.03596174
-1404.86592375
-1403.96836700
-1403.24590338
-1403.38785529
-1403.51219280
-1402.53458969
-1403.28219095
-1402.60891164
-1402.70980913
-1403.00583078
-1401.95225816
-1402.23053835
-1401.89719163
-1401.64596578
-1402.13502596
-1401.38351473
-1400.88107872
-1400.40341697
-1400.86245257
-1400.68102033
-1400.98639677
-1401.29413384
-1401.54509026
-1401.60513717
-1402.16471937
-1402.00015246
-1402.54260487
-1403.16105891
-1401.23216385
-1400.91498248
-1400.77256845
-1401.08658295
-1401.43123133
-1400.17643739
-1400.03713279
-1400.62798791
-1400.35367918
-1399.46143370
-1399.18459825
-1398.85095520
-1399.20140628
-1399.70423420
-1400.02573158
-1400.11443572
-1400.65072965
-1400.08719356
-1400.64556853
-1401.02906191
-1401.64517469
-1402.21095665
-1402.41936447
-1403.08462189
-1402.57102966
-1402.19198137
-1401.86999081
-1402.15542765
-1402.51114149
-1403.12300686
-1403.40306810
-1403.57121676
-1403.46229661
-1403.43455779
-1403.49954849
-1403.87452323
-1404.47540817
-1404.79318565
-1405.28005652
-1405.07318286
-1405.38758870
-1405.50625191
-1405.42835562
-1405.30759696
-1405.75282313
-1405.91449730
-1406.32438348
-1406.69142274
-1407.10167735
-1407.60707384
-1407.49802211
-1407.95826464
-1408.25898200
-1407.22959611
-1406.65070242
-1406.08835873
-1404.95756122
-1405.16009423
-1405.69987917
-1405.12859364
-1405.48365092
-1405.82490560
-1405.74438291
-1405.42963524
-1405.64592700
-1405.71865271
-1406.30190880
-1406.20494948
-1406.23484921
-1406.05459375
-1406.19622411
-1406.72739543
-1407.07656235
-1406.82904126
-1407.02679150
-1407.26047773
-1407.02808933
-1407.03725191
-1407.33422623
-1407.59464003
-1407.52344242
-1407.87329327
-1407.90754081
-1407.84527684
-1407.76893512
-1408.23252009
-1407.64781544
-1406.58940247
-1406.03128399
-1405.91264408
-1405.01052086
-1404.99239465
-1405.31606932
-1405.52402535
-1403.45587172
-1403.44820146
-1403.82383223
-1403.12462597
-1402.61602754
-1401.56112597
-1402.01765006
-1402.51924992
-1403.02519360
-1402.85452522
-1402.31905033
-1402.62635061
-1402.52296711
-1403.05418219
-1403.27803938
-1402.84604418
-1403.38331980
-1403.61506333
-1403.82183301
-1404.01275653
-1404.42642831
-1405.10013537
-1404.93713929
-1404.76517745
-1404.54175848
-1404.94674137
-1405.16079438
-1405.00317895
-1405.08433396
-1405.39758846
-1405.42045467
-1404.66917926
-1405.01655017
-1404.24760899
-1404.36429895
-1403.94393551
-1404.20944850
-1404.38436184
-1404.62496338
-1404.50291976
-1404.00563139
-1404.03137900
-1404.25438563
-1404.50866479
-1403.84671489
-1404.06307567
-1404.27171514
-1403.86981381
-1403.95232044
-1403.78206437
-1403.42152786
-1403.49846720
-1403.70491122
-1403.64710453
-1403.17575260
-1403.15486498
-1402.45311028
-1401.64822059
-1401.51412032
-1401.02685748
-1400.36206032
-1400.56902328
-1400.75515610
-1401.13504708
-1400.86853005
-1400.01246582
-1399.62184355
-1400.06609220
-1400.06619005
-1399.79753981
-1400.12351041
-1400.34235907
-1400.62370581
-1399.56665491
-1399.76349588
-1399.82830928
-1400.29887371
-1400.76742012
-1400.93186864
-1401.34535971
-1401.46175553
-1401.63445392
-1401.08816206
-1401.51868517
-1401.72419891
-1401.37489554
-1401.69857305
-1401.79790943
-1402.02987999
-1401.66528011
-1401.39497002
-1401.08812229
-1400.98053943
-1401.29688023
-1401.00463660
-1400.99495085
-1401.38933065
-1400.54055698
-1399.70502429
-1399.84299463
-1399.70472546
-1399.97356319
-1399.56792364
-1399.80508862
-1399.96421346
-1399.64969918
-1399.71933614
-1400.03269032
-1400.22303031
-1400.06191722
-1400.27046860
-1399.89620004
-1400.08048257
-1400.43852337
-1400.70762011
-1401.14208871
-1401.44045613
-1401.35567416
-1401.14179803
-1401.08098170
-1400.75032079
-1400.85660329
-1401.30255806
-1401.39511199
-1401.58189371
-1401.42704798
-1401.42546647
-1401.25251050
-1401.59760343
-1401.73984549
-1400.78665055
-1400.71085564
-1400.94058181
-1400.58883298
-1400.82372080
-1401.12974860
-1400.76036935
-1400.91085597
-1400.02418448
-1399.61548233
-1398.82884035
-1398.29179959
-1398.49858742
-1398.91538306
-1398.46025376
-1397.69693631
-1396.93430522
-1396.85975958
-1396.57908322
-1396.71558721
-1396.67792276
-1396.71622732
-1396.91369058
-1397.27379842
-1397.41861527
-1397.59521403
-1397.58831049
-1397.76793153
-1395.50440707
-1395.72243115
-1395.92117789
-1395.77999917
-1395.47506397
-1394.88499191
-1395.42846165
-1395.65784131
-1395.12740450
-1395.25340009
-1395.36987749
-1395.94939433
-1395.33866871
-1395.73117975
-1395.61593698
-1395.57889034
-1395.67061071
-1395.06116449
-1395.22198921
-1395.48944830
-1395.83457580
-1396.00898239
-1396.22495089
-1396.15293972
-1396.42606610
-1396.60747057
-1396.77422844
-1397.17143070
-1397.22308972
-1396.93418475
-1396.54078167
-1396.61717689
-1396.08974281
-1395.69950068
-1395.84082150
-1396.11865730
-1395.69815813
-1396.01890594
-1396.07206220
-1395.95019015
-1395.63873514
-1395.22832097
-1395.21374352
-1395.41688777
-1394.98137315
-1394.92429556
-1395.18293080
-1395.02116690
-1395.17296743
-1394.77061652
-1394.99430925
-1395.34175307
-1394.94180649
-1394.98285148
-1394.96325303
-1395.30437295
-1395.18761143
-1395.24146440
-1395.58550969
-1395.48831527
-1395.14521035
-1395.46681677
-1395.80795770
-1395.50474877
-1395.71222687
-1396.08544702
-1396.40218751
-1396.77876857
-1397.13838111
-1396.63859980
-1396.32669740
-1396.29484695
-1396.65017127
-1396.97800851
-1396.62819146
-1396.76345423
-1396.84411639
-1397.20974370
-1397.22070557
-1397.16278072
-1396.59459739
-1396.48616646
-1396.53080186
-1396.39901940
-1396.36639699
-1396.31101211
-1396.16847990
-1396.32000413
-1396.17642396
-1396.01719080
-1395.80766075
-1395.73781631
-1395.59294156
-1395.44378250
-1395.30382169
-1395.14137259
-1394.86852105
-1394.84159450
-1395.17728936
-1395.27975271
-1395.44510662
-1395.30270490
-1395.20185518
-1395.26801693
-1395.19705015
-1395.67819123
-1395.61668314
-1395.46288137
-1395.38247663
-1395.16495443
-1395.09268773
-1395.02968101
-1394.84136690
-1394.57624639
-1394.32330578
-1393.78101801
-1393.98081757
-1393.34576216
-1393.28549711
-1392.65917593
-1392.29336448
-1392.42409575
-1392.48834618
-1392.84510598
-1393.04472173
-1392.98063320
-1392.89199486
-1392.60448740
-1391.85547308
-1392.05887855
-1392.20305266
-1392.09826975
-1392.40345741
-1392.45233574
-1392.79283796
-1392.49530832
-1392.45718077
-1392.56366390
-1392.24139600
-1392.00847485
-1392.34169420
-1391.70574983
-1391.83070275
-1390.93244198
-1390.65006890
-1390.98090747
-1391.12733085
-1391.06039566
-1391.01741737
-1390.28892398
-1390.05721343
-1389.54478776
-1389.74669107
-1389.91100378
-1390.13985849
-1390.08186676
-1390.26060519
-1390.36160038
-1390.69006880
-1390.41958500
-1390.21287405
-1389.92263888
-1390.11957755
-1390.42825212
-1390.35076674
-1390.31988221
-1390.02768363
-1390.33277792
-1390.64255441
-1390.75664446
-1390.29827169
-1390.45245669
-1390.79115887
-1390.30493555
-1390.64445313
-1390.96688081
-1391.28842628
-1391.62152618
-1391.78431500
-1391.50085564
-1391.65494899
-1391.76894314
-1391.52101061
-1391.79996346
-1391.55407174
-1391.15066193
-1391.48279687
-1391.61648185
-1391.94670407
-1391.59535869
-1391.91709357
-1392.05599688
-1391.98165160
-1391.32444202
-1391.46054726
-1391.72638037
-1391.84189506
-1391.97838627
-1392.05448413
-1392.12071947
-1392.43280236
-1392.52350554
-1392.16717237
-1392.48434327
-1392.26952646
-1392.11327154
-1392.42586943
-1392.41276526
-1392.72085300
-1392.65324828
-1392.84234619
-1393.00850489
-1393.12316097
-1393.43069220
-1393.38656518
-1393.29963737
-1393.47650026
-1393.69556944
-1393.88232321
-1394.03829303
-1394.30499256
-1394.21014457
-1394.49664358
-1394.23745288
-1393.83477372
-1394.14448294
-1394.16155728
-1394.28147174
-1394.59152431
-1394.63258047
-1394.74736756
-1394.52264263
-1394.63868210
-1394.66497570
-1394.96184461
-1395.25617986
-1395.36134181
-1395.13574789
-1395.37664230
-1394.70907040
-1394.81466839
-1394.60138522
-1394.73982634
-1394.85132162
-1395.14412059
-1395.41040758
-1395.67803992
-1395.74594604
-1395.92545085
-1395.54473027
-1395.17223668
-1394.78825333
-1394.81491766
-1394.41829504
-1394.68703445
-1394.87657031
-1394.84963975
-1395.11054645
-1394.87871595
-1394.68557996
-1394.30453412
-1394.49080418
-1394.76636645
-1394.65366288
-1394.78818668
-1394.90921524
-1395.06822591
-1395.36422248
-1395.61807588
-1395.81673881
-1396.09660193
-1396.32457125
-1396.55208250
-1396.80725709
-1397.05756211
-1397.26884310
-1397.53056939
-1397.80472506
-1398.05314424
-1398.33653359
-1398.45763780
-1398.52418416
-1398.60496515
-1398.71434783
-1398.65404320
-1398.88385270
-1398.87723455
-1398.71032621
-1398.33829259
-1398.10316082
-1397.63547532
-1397.87684850
-1398.02217075
-1397.65104915
-1397.34885120
-1397.20329942
-1397.23051767
-1397.49247191
-1397.56536507
-1397.57873715
-1397.08348160
-1396.82880948
-1396.95824690
-1397.20034954
-1397.29748665
-1397.11938657
-1397.39327650
-1397.02277322
-1397.11184539
-1397.06439322
-1397.05279376
-1397.16383600
-1396.90832410
-1397.12837963
-1397.29894811
-1397.39377310
-1397.57986810
-1397.69987324
-1397.79662651
-1398.06903969
-1397.98873290
-1398.17358182
-1398.31633762
-1398.09529153
-1398.07001828
-1398.33683524
-1398.60022691
-1398.78789320
-1398.66281352
-1398.87813074
-1399.05640229
-1399.25355247
-1398.96007076
-1399.11525245
-1399.38195060
-1399.58057021
-1399.32671651
-1399.44990667
-1399.56932298
-1399.48067399
-1399.60360416
-1399.89889882
-1399.99719301
-1400.26202315
-1400.37442512
-1400.46338815
-1400.67584496
-1400.78104300
-1400.81320862
-1401.05746810
-1401.17885352
-1400.97253405
-1400.97460440
-1400.97626908
-1401.13773002
-1401.23704845
-1401.08288582
-1400.84807656
-1400.65186484
-1400.74406152
-1400.72703288
-1400.98627255
-1400.96072379
-1401.20262735
-1401.32646287
-1401.58390884
-1401.11779745
-1401.21576953
-1401.30028392
-1401.54122289
-1401.31566820
-1401.55914217
-1401.60690925
-1401.22084842
-1401.46085939
-1401.64712978
-1401.43951807
-1401.55904671
-1401.21450638
-1400.86851197
-1400.69085637
-1400.88675556
-1401.00488549
-1400.98577897
-1401.23387628
-1400.90349620
-1401.00812301
-1400.66059966
-1400.64158657
-1400.31027761
-1400.55230168
-1400.43018088
-1400.41696709
-1400.64483037
-1400.50808403
-1400.68027887
-1400.52730207
-1400.30988776
-1400.50991015
-1400.82343227
-1400.89674641
-1400.83338571
-1400.65261523
-1400.43144997
-1400.53042241
-1400.31191026
-1400.48983586
-1400.60577772
-1400.45275141
-1400.29459410
-1400.15607846
-1400.40004130
-1400.63513629
-1400.54659849
-1400.61356911
-1400.17945759
-1400.12415502
-1400.18920782
-1399.97294510
-1400.06013535
-1399.94671319
-1400.15290403
-1400.26721378
-1400.50051437
-1400.59975627
-1400.60690912
-1400.78917821
-1400.99686095
-1401.09519004
-1401.25881192
-1401.44829682
-1401.29642505
-1401.40960831
-1401.59207561
-1401.57288611
-1401.52124887
-1401.68800583
-1401.92434463
-1401.27835703
-1401.23831614
-1401.03233964
-1401.12179740
-1401.13543025
-1401.36726347
-1401.57701554
-1401.80675297
-1401.89029124
-1402.08324028
-1402.01999970
-1402.25225840
-1401.93683022
-1401.96989421
-1402.17100648
-1402.16751590
-1402.19282429
-1402.27713049
-1402.19417945
-1402.27911390
-1402.47071024
-1402.56456232
-1402.45902365
-1402.38327670
-1402.61734102
-1402.64724959
-1402.43912766
-1402.65085148
-1402.71406695
-1402.86812931
-1402.70763128
-1402.79500893
-1402.71541013
-1402.51339755
-1402.41677276
-1402.48469302
-1402.66806390
-1402.87191891
-1402.64205864
-1402.43629474
-1402.38363819
-1402.51710415
-1401.99103743
-1402.07019160
-1401.75202734
-1401.87277721
-1401.69020873
-1401.87815392
-1401.93037715
-1402.05039687
-1402.16248329
-1402.19337407
-1402.33654386
-1402.35270290
-1402.56359339
-1402.66526124
-1402.73265054
-1402.90168794
-1402.99431204
-1402.84221434
-1402.93211960
-1403.00905165
-1403.20912338
-1403.25253241
-1403.47718779
-1403.69828442
-1403.87337739
-1403.57435262
-1403.38967613
-1403.27728161
-1402.88005307
-1402.65300110
-1402.87243921
-1402.94002924
-1402.55588650
-1402.43497564
-1402.17135216
-1402.21269893
-1402.42625892
-1402.63118773
-1402.69638792
-1402.83745012
-1402.91363104
-1402.52172987
-1402.61911872
-1402.69900452
-1402.42872387
-1402.32058199
-1402.25361779
-1402.36938163
-1402.46766070
-1402.57791264
-1402.72766333
-1402.78119974
-1402.62280943
-1402.66381956
-1402.53547617
-1402.74406621
-1402.95394308
-1402.81563840
-1403.00959604
-1402.78999921
-1402.63579291
-1402.52252238
-1402.72237563
-1402.63227194
-1402.43919120
-1402.32801849
-1402.15410546
-1402.26735324
-1402.46547075
-1402.43226359
-1402.32548877
-1402.52552387
-1402.74097194
-1402.76699260
-1402.96169912
-1402.58239294
-1402.79661484
-1402.98948116
-1403.17187301
-1403.27870181
-1403.36035602
-1403.06653930
-1402.83299496
-1403.04219124
-1403.02008130
-1403.17810288
-1403.05470312
-1403.15946880
-1403.04613134
-1403.02134774
-1403.19835926
-1403.33133266
-1402.98402695
-1403.09944093
-1403.30998826
-1402.92960526
-1403.14029517
-1403.19439635
-1403.28474476
-1403.35851802
-1403.46415842
-1403.27181285
-1403.23596748
-1403.42782850
-1403.61126988
-1403.57386260
-1403.68669714
-1403.73955392
-1403.62896215
-1403.44744739
-1403.59744373
-1403.39671250
-1403.25169075
-1403.08818185
-1403.25838957
-1403.39298964
-1403.36426306
-1403.32717100
-1403.47239899
-1403.28106996
-1403.28218700
-1403.35086801
-1403.42266091
-1402.91581908
-1402.90378258
-1403.10779600
-1403.05773209
-1403.12652820
-1403.19645978
-1403.16053659
-1403.33251745
-1403.53215037
-1403.36786710
-1403.45275872
-1403.52329571
-1403.62403317
-1403.52456602
-1403.46284792
-1403.44242473
-1403.63247129
-1403.71082474
-1403.91433681
-1403.80674658
-1403.88235719
-1403.96002760
-1404.15529124
-1404.34552483
-1404.49255078
-1404.58075525
-1404.78186581
-1404.91109839
-1404.96980143
-1404.99501337
-1405.18711160
-1405.26259029
-1405.40289584
-1405.34618296
-1404.97435957
-1405.16957357
-1405.36898691
-1405.55907763
-1405.75260512
-1405.61174629
-1405.73394917
-1405.92599146
-1405.90224871
-1405.59776260
-1405.57530291
-1405.64460370
-1405.81685156
-1405.70487944
-1405.82240930
-1405.99271197
-1406.08314192
-1405.94933133
-1406.00947283
-1406.01949254
-1406.12490731
-1406.27651659
-1406.38005550
-1405.95157890
-1406.03988032
-1406.23089264
-1406.40507824
-1406.24203464
-1406.22915986
-1406.09512221
-1405.92647516
-1405.81668459
-1405.47972005
-1405.52724495
-1405.55073801
-1405.45217811
-1405.63340269
-1405.43456500
-1405.57969602
-1405.67181261
-1405.74923793
-1405.69617524
-1405.94252049
-1405.89864645
-1405.63767003
-1405.71604504
-1405.85549212
-1405.67918722
-1405.51096030
-1405.69907484
-1405.67479405
-1405.63052775
-1405.76265729
-1405.84046285
-1405.86265863
-1405.92733358
-1406.01298093
-1405.96280388
-1405.82249818
-1405.89086395
-1406.11374371
-1405.95405521
-1405.69838223
-1405.80821836
-1405.67315673
-1405.61953723
-1405.58833557
-1405.33790647
-1405.44043524
-1405.17924212
-1405.22396405
-1405.07882115
-1404.92185345
-1404.68090891
-1404.58925780
-1404.31565337
-1404.34903877
-1404.47476896
-1404.61953411
-1404.69778321
-1404.87771314
-1404.68813033
-1404.58922565
-1404.60928468
-1404.32597277
-1404.21316250
-1404.26842667
-1404.44800877
-1404.52983006
-1404.70803155
-1404.86582146
-1404.81076059
-1404.44342122
-1404.46217617
-1404.42690546
-1404.72569775
-1404.56067227
-1404.29980777
-1404.15019330
-1404.24865426
-1404.38407182
-1404.56585626
-1404.43926462
-1404.44638733
-1404.20561434
-1403.99878482
-1404.09938792
-1404.04780476
-1404.15126254
-1404.13738935
-1404.22610482
-1404.37329860
-1404.39780277
-1404.49610105
-1404.55401521
-1404.61355992
-1404.46476950
-1404.64617957
-1404.79325741
-1404.70507114
-1404.37725263
-1404.48537864
-1404.56471109
-1404.38619416
-1404.45560838
-1404.52976182
-1404.42648725
-1404.51486846
-1404.59163859
-1404.72836485
-1404.39285457
-1404.44049105
-1404.50895603
-1404.39330903
-1404.51448650
-1404.41180010
-1404.23670161
-1404.11277617
-1404.17100153
-1404.23304244
-1404.34044435
-1404.20577962
-1404.29729351
-1404.29629247
-1404.26012056
-1404.43023535
-1404.60796244
-1404.40916591
-1404.39381227
-1404.28539445
-1404.38240538
-1404.53268303
-1404.20929920
-1404.17014541
-1403.98584050
-1404.06902634
-1404.24474607
-1404.37458237
-1404.50728229
-1404.34976105
-1404.29701471
-1404.47144193
-1404.53290094
-1404.55473186
-1404.39843263
-1404.21079213
-1404.14837477
-1404.31013602
-1404.25572151
-1404.41247390
-1404.44546765
-1404.29106771
-1404.31411579
-1403.92477892
-1403.98409352
-1404.15772861
-1404.33106108
-1404.09427321
-1403.60489396
-1403.60739072
-1403.54458365
-1403.71441895
-1403.86274312
-1404.03686484
-1403.71149854
-1403.63273965
-1403.64680794
-1403.79108681
-1403.86837560
-1403.63217382
-1403.51383876
-1403.21505421
-1403.34953598
-1403.38707934
-1403.39408189
-1403.56407284
-1403.73566792
-1403.26709221
-1403.40301037
-1403.49333611
-1403.25707486
-1403.04280611
-1403.09938420
-1403.27047559
-1402.97511733
-1403.03635963
-1403.20560441
-1402.94974087
-1402.98634075
-1402.86570484
-1402.99776014
-1403.16608265
-1403.26180189
-1403.03441660
-1403.01841507
-1403.09147564
-1403.03153628
-1403.20191244
-1403.25918969
-1403.29632364
-1403.45011069
-1403.52269090
-1403.28308724
-1403.44658548
-1403.41860531
-1403.20073089
-1403.36966028
-1403.43151604
-1403.51359866
-1403.18712340
-1403.34705666
-1402.88122398
-1402.75556157
-1402.85677635
-1402.87160069
-1402.74954733
-1402.80559771
-1402.88968803
-1403.05498123
-1402.90761549
-1403.06554658
-1403.23126938
-1403.08216060
-1402.77505944
-1402.93246705
-1403.02496712
-1403.19191745
-1402.87534784
-1403.01886304
-1403.12556859
-1403.08742043
-1403.16255309
-1403.25060979
-1403.33159625
-1403.46409469
-1403.53094620
-1403.36227617
-1403.41907072
-1403.26270378
-1403.32085772
-1403.39905241
-1403.44165027
-1403.49325928
-1403.65258769
-1403.52830942
-1403.46350545
-1403.56535297
-1403.37837447
-1403.50331465
-1403.57659710
-1403.43048983
-1403.56556131
-1403.41551591
-1403.11317950
-1403.03488336
-1403.08787906
-1403.16635660
-1403.26303919
-1403.22911745
-1403.04428046
-1403.20144379
-1403.11690523
-1403.12247982
-1403.20811933
-1403.33768237
-1403.39659189
-1403.28120556
-1403.05390582
-1402.96881597
-1402.60083014
-1402.61087843
-1402.66717092
-1402.65282144
-1402.51119662
-1402.15158282
-1402.31071767
-1402.39550506
-1402.45849160
-1402.32519277
-1402.40075462
-1402.48002782
-1402.40507401
-1402.35930564
-1402.50607620
-1402.48191900
-1402.55434371
-1402.70782947
-1402.67192376
-1402.68632084
-1402.75559623
-1402.69104062
-1402.74833416
-1402.82533375
-1402.98086558
-1403.01950322
-1402.91874813
-1402.86207721
-1402.98784466
-1403.12706870
-1403.02722306
-1402.84343115
-1402.99870889
-1403.15811174
-1403.10162657
-1403.07843114
-1403.21251297
-1403.36744958
-1403.51861367
-1403.33808994
-1403.48727526
-1403.60512609
-1403.66078605
-1403.82007958
-1403.97094850
-1404.12056507
-1404.23230196
-1404.00274286
-1403.88994975
-1404.00076235
-1404.00312378
-1403.92686992
-1404.11814352
-1404.24122177
-1404.10554430
-1404.25438333
-1404.40086319
-1404.35054445
-1404.19376485
-1404.26748082
-1404.07813488
-1404.06445675
-1404.13866730
-1404.19200948
-1404.32056928
-1404.37873305
-1404.50257530
-1404.58900447
-1404.39390166
-1404.40474169
-1404.11735260
-1404.19251890
-1404.06028601
-1404.12896651
-1404.06872664
-1404.18932932
-1404.31799151
-1404.37739350
-1404.47479560
-1404.49840500
-1404.36029386
-1404.50417988
-1404.63788253
-1404.69944077
-1404.75329650
-1404.89638938
-1405.03258846
-1405.16877039
-1405.14187725
-1404.86113406
-1404.91383312
-1405.01168975
-1404.77553961
-1404.70372210
-1404.63316705
-1404.68275714
-1404.73200017
-1404.65378942
-1404.51428025
-1404.48637544
-1404.34402182
-1404.48458201
-1404.20269669
-1404.23004921
-1404.28018368
-1404.30941306
-1404.46099161
-1404.61048227
-1404.67518650
-1404.53789752
-1404.62772454
-1404.66417396
-1404.38955380
-1404.45478890
-1404.51221334
-1404.48838209
-1404.26370044
-1404.41370170
-1404.50051919
-1404.63658246
-1404.42929353
-1404.28143936
-1404.16712196
-1404.23358039
-1404.34453275
-1404.49026763
-1404.51172486
-1404.57181363
-1404.65474897
-1404.62242297
-1404.59633097
-1404.67934329
-1404.74525176
-1404.53936263
-1404.60495070
-1404.74991233
-1404.84904075
-1404.57666874
-1404.63810705
-1404.53367454
-1404.68095278
-1404.64123830
-1404.75319082
-1404.78803641
-1404.73490507
-1404.60293849
-1404.69886067
-1404.83288469
-1404.96447395
-1404.86191110
-1404.93092221
-1404.99895343
-1405.10608606
-1405.20248902
-1405.30603487
-1405.12014587
-1405.26551063
-1405.33015813
-1405.19684494
-1405.08379929
-1405.23164880
-1405.16971168
-1405.12957934
-1405.17569855
-1405.32293121
-1405.30900364
-1405.43790595
-1405.39187218
-1405.51829501
-1405.66034289
-1405.56369007
-1405.70473228
-1405.84189171
-1405.62804971
-1405.75472481
-1405.81297785
-1405.67459161
-1405.81700758
-1405.79161558
-1405.88320959
-1406.02630980
-1406.16739428
-1406.31182756
-1406.00058481
-1406.05482434
-1406.19740365
-1405.96077663
-1406.00718644
-1406.14417561
-1406.28664461
-1406.36839684
-1406.51046239
-1406.16004832
-1406.08354817
-1406.15395032
-1406.05033482
-1406.10623679
-1406.23604269
-1406.25792661
-1406.14171317
-1406.18805926
-1406.14073350
-1406.27831465
-1406.20190520
-1406.08195523
-1406.14382164
-1406.12810665
-1406.17446521
-1406.24219921
-1406.30103941
-1406.42984820
-1406.47414883
-1406.61618400
-1406.30311094
-1406.35959090
-1406.43841266
-1406.49462016
-1406.57648404
-1406.53935803
-1406.53605507
-1406.27422962
-1406.39684395
-1406.18334871
-1406.29508072
-1406.23456750
-1406.11275243
-1406.19648414
-1406.11364383
-1406.22158519
-1405.95833763
-1405.83989644
-1405.57562361
-1405.60411260
-1405.74160530
-1405.75772046
-1405.67201802
-1405.76337607
-1405.65760398
-1405.77924010
-1405.90798286
-1405.93039876
-1405.98633485
-1405.81377901
-1405.86060326
-1405.60599776
-1405.74220749
-1405.78790283
-1405.92151814
-1405.86918764
-1405.82592985
-1405.83014068
-1405.80938047
-1405.85390845
-1405.77872653
-1405.65315928
-1405.60245988
-1405.41183178
-1405.12697838
-1405.12523103
-1405.17617960
-1405.25984974
-1405.19542162
-1405.12056047
-1405.08260511
-1405.13365994
-1405.17645846
-1405.20831134
-1405.27680515
-1405.20782659
-1405.26700303
-1405.36412075
-1405.22396746
-1405.31297356
-1405.24480023
-1405.32721591
-1405.25899618
-1405.20314672
-1405.25124042
-1405.32782570
-1405.46340936
-1405.33381919
-1405.14141738
-1405.14414775
-1404.94744524
-1405.00069724
-1404.80829090
-1404.71583425
-1404.77320555
-1404.82812128
-1404.95822380
-1405.00532683
-1405.00342118
-1405.05512518
-1405.06346880
-1405.19532013
-1405.27632009
-1405.40121071
-1405.28058901
-1405.35417317
-1405.40403423
-1405.31473130
-1405.40429588
-1405.51621754
-1405.51652279
-1405.57961464
-1405.42769728
-1405.50605838
-1405.58915291
-1405.72294991
-1405.63602593
-1405.66875683
-1405.59111398
-1405.49207245
-1405.53475532
-1405.37642217
-1405.50121404
-1405.58711540
-1405.66434658
-1405.53805985
-1405.32016145
-1405.38552812
-1405.46722744
-1405.41630652
-1405.38977273
-1405.49904937
-1405.31160143
-1405.29206724
-1405.25474686
-1405.12372304
-1405.20706129
-1405.31755075
-1405.36199350
-1405.32686540
-1405.22872215
-1405.29016678
-1405.23700264
-1405.24735988
-1405.17432354
-1404.96738020
-1405.01210552
-1405.05855263
-1405.05151707
-1404.83365081
-1404.96070856
-1405.03500355
-1404.85615853
-1404.78772411
-1404.69969842
-1404.53200189
-1404.59858050
-1404.63407423
-1404.67526656
-1404.51276740
-1404.39563564
-1404.32325741
-1404.39096257
-1404.49606781
-1404.57384762
-1404.67897222
-1404.49763462
-1404.25881408
-1404.32604023
-1404.42679969
-1404.32627743
-1404.29849099
-1404.42951440
-1404.47454338
-1404.49539230
-1404.54125194
-1404.64029061
-1404.76933831
-1404.89450838
-1405.02089548
-1405.06795358
-1405.06326071
-1405.11928908
-1405.15106408
-1405.27831282
-1405.40045817
-1405.51551847
-1405.57016407
-1405.62227011
-1405.61029846
-1405.68219870
-1405.74772116
-1405.86746139
-1405.96259367
-1405.91314480
-1405.84854751
-1405.88133194
-1406.00867708
-1406.10129105
-1406.01730820
-1406.13603809
-1406.24153889
-1406.36779460
-1406.47685650
-1406.52969737
-1406.64970321
-1406.75010464
-1406.82155345
-1406.69538427
-1406.45645171
-1406.49819887
-1406.54064859
-1406.59053443
-1406.63779382
-1406.52493326
-1406.53652088
-1406.58013382
-1406.56954393
-1406.68536571
-1406.57581137
-1406.51748861
-1406.55498614
-1406.41865777
-1406.18041928
-1406.22299336
-1406.34507998
-1406.39749044
-1406.52436137
-1406.40299390
-1406.52783294
-1406.65253345
-1406.47598154
-1406.57107152
-1406.57482489
-1406.63933646
-1406.73670956
-1406.64587459
-1406.75032802
-1406.81593227
-1406.84121365
-1406.73898830
-1406.85669047
-1406.90876136
-1406.97230519
-1406.86339384
-1406.91570040
-1406.83975958
-1406.81420604
-1406.83774375
-1406.96139742
-1407.07436150
-1407.13399305
-1407.17895689
-1407.24461618
-1407.30700660
-1407.40794447
-1407.34908406
-1407.35356455
-1407.40898751
-1407.52997960
-1407.65006058
-1407.62509030
-1407.40870650
-1407.19680944
-1407.29585528
-1407.30227986
-1407.37199239
-1407.49033207
-1407.55083563
-1407.59586150
-1407.60436271
-1407.39542545
-1407.35195793
-1407.51754678
-1407.60482050
-1407.49762872
-1407.49610153
-1407.54045506
-1407.59590160
-1407.61365879
-1407.62114038
-1407.74325734
-1407.60308066
-1407.37700761
-1407.45624432
-1407.17061820
-1406.97540400
-1407.07671118
-1407.13847496
-1407.14637721
-1407.07045367
-1407.10570693
-1407.15046497
-1407.14568211
-1407.26639605
-1407.37247490
-1407.24251427
-1407.15117169
-1407.19275477
-1407.27964162
-1407.27897403
-1407.36933426
-1407.08657991
-1407.12981859
-1407.09738982
-1406.98376542
-1406.87176185
-1406.91356091
-1406.96208692
-1407.00061618
-1407.04710257
-1407.16311910
-1407.25948756
-1407.17984861
-1406.85616470
-1406.74646171
-1406.80774314
-1406.87133122
-1406.89049940
-1407.01103067
-1407.05023715
-1406.91595014
-1407.02151583
-1407.10970927
-1407.15913944
-1407.20041725
-1406.97086521
-1406.99817059
-1407.05621602
-1407.17371128
-1407.20307458
-1407.26828349
-1407.31376565
-1407.42858025
-1407.36240030
-1407.46092780
-1407.38067151
-1407.24684083
-1407.07624196
-1406.90916547
-1406.69457804
-1406.62291423
-1406.72176994
-1406.63644171
-1406.62078815
-1406.66562346
-1406.74781686
-1406.58424046
-1406.64873213
-1406.73670744
-1406.82720676
-1406.68720802
-1406.59241997
-1406.54767237
-1406.50497263
-1406.40559577
-1406.37959251
-1406.21567407
-1406.19413866
-1406.30293555
-1406.33469517
-1406.30450217
-1406.36951418
-1406.26178259
-1406.34229738
-1406.41699093
-1406.41688741
-1406.40065265
-1406.18994849
-1406.16163506
-1406.24299494
-1406.29908622
-1406.35550420
-1406.33155750
-1406.41979257
-1406.49990783
-1406.59293307
-1406.67769923
-1406.73432218
-1406.51955234
-1406.63360549
-1406.67444170
-1406.71818036
-1406.62111677
-1406.67646191
-1406.68944646
-1406.48600132
-1406.26938432
-1406.21584296
-1406.05253237
-1405.87002549
-1405.82981446
-1405.68247423
-1405.59229444
-1405.66380396
-1405.74010672
-1405.55277543
-1405.59383592
-1405.47964130
-1405.52214001
-1405.50464871
-1405.61636931
-1405.62247482
-1405.67477130
-1405.64357479
-1405.73775905
-1405.76993408
-1405.65983608
-1405.69538102
-1405.77769849
-1405.87383134
-1405.96687057
-1405.82726109
-1405.71787036
-1405.64636137
-1405.75659489
-1405.86908400
-1405.90955005
-1405.70239594
-1405.67724834
-1405.74089514
-1405.77896372
-1405.76924797
-1405.88546112
-1405.93618475
-1406.04603990
-1406.10203694
-1406.15394961
-1406.10242860
-1406.07060484
-1406.12086786
-1406.17107537
-1405.96433915
-1405.93744673
-1405.83500671
-1405.93072630
-1406.00922159
-1406.05306640
-1406.18037513
-1406.17248567
-1406.12328500
-1406.13237287
-1406.24444773
-1406.31726248
-1406.35301450
-1406.35502631
-1406.23415345
-1406.30847176
-1406.35409313
-1406.40650688
-1406.48539300
-1406.43780419
-1406.53062559
-1406.59679769
-1406.47532755
-1406.37279771
-1406.44551973
-1406.39947192
-1406.26788313
-1406.36763245
-1406.47997177
-1406.57957022
-1406.68863538
-1406.69003267
-1406.69550162
-1406.73702279
-1406.58035715
-1406.56211085
-1406.61546937
-1406.71343112
-1406.74994067
-1406.71778540
-1406.77010290
-1406.87654156
-1406.98770501
-1407.02503039
-1407.10548945
-1407.21121223
-1407.31912173
-1407.34651866
-1407.44197664
-1407.34473931
-1407.43097960
-1407.53713136
-1407.47584361
-1407.45950467
-1407.40966836
-1407.48369153
-1407.57763023
-1407.65477585
-1407.70013566
-1407.73804984
-1407.69866047
-1407.80374611
-1407.89552790
-1407.77532324
-1407.67085252
-1407.54559125
-1407.59148862
-1407.43706549
-1407.48941368
-1407.57237612
-1407.57103425
-1407.56097916
-1407.61112320
-1407.62361834
-1407.65506580
-1407.68430401
-1407.63112219
-1407.67352768
-1407.49640071
-1407.39947769
-1407.46562407
-1407.57423977
-1407.42947295
-1407.22084870
-1407.11132633
-1407.13354577
-1407.23864445
-1407.12598686
-1407.17501601
-1407.26447664
-1407.31341999
-1407.36570302
-1407.44747829
-1407.48210731
-1407.52861054
-1407.63279371
-1407.74013663
-1407.70737690
-1407.78698674
-1407.82265594
-1407.92208129
-1407.76879098
-1407.87415448
-1407.88369450
-1407.96499745
-1408.01480035
-1408.10255330
-1408.20523455
-1408.01337256
-1407.89169406
-1407.94991771
-1408.02474955
-1407.72697812
-1407.82877148
-1407.87767509
-1407.96189245
-1407.80975003
-1407.84801686
-1407.89802897
-1407.95116404
-1407.88401418
-1407.76984899
-1407.85912577
-1407.83793543
-1407.80470923
-1407.84054921
-1407.93834513
-1407.83902675
-1407.90618614
-1407.85663721
-1407.89700565
-1407.98335528
-1407.93931507
-1408.02862553
-1408.12976681
-1408.19960050
-1408.29352736
-1408.19746074
-1408.21390432
-1408.31183059
-1408.31057152
-1408.34489260
-1408.34231493
-1408.38680325
-1408.42368759
-1408.32570223
-1408.35266242
-1408.39039209
-1408.49009266
-1408.55901972
-1408.59448241
-1408.64338136
-1408.70266201
-1408.80704574
-1408.60209202
-1408.66865725
-1408.70889645
-1408.65020750
-1408.71892777
-1408.75139422
-1408.79388874
-1408.88936033
-1408.97559167
-1409.01529819
-1409.01907474
-1408.83089694
-1408.90755887
-1408.94199327
-1409.04255745
-1408.84454068
-1408.87725760
-1408.96684112
-1408.95607154
-1408.75785333
-1408.72601123
-1408.76091945
-1408.68088185
-1408.65577589
-1408.67531051
-1408.77103929
-1408.72346537
-1408.81947090
-1408.67469504
-1408.69009736
-1408.73733350
-1408.63301814
-1408.68283648
-1408.77165465
-1408.86800663
-1408.93431491
-1408.99138148
-1409.09191103
-1409.10126317
-1409.07642026
-1409.09356679
-1409.12833899
-1409.16874988
-1409.19286188
-1409.23876883
-1409.33568311
-1409.13434966
-1408.97604823
-1408.91654222
-1409.00893733
-1409.05327292
-1409.15102483
-1408.96284117
-1409.06543232
-1409.09293432
-1409.14258353
-1409.24505419
-1409.28034374
-1409.31569490
-1409.41551568
-1409.38380360
-1409.47631771
-1409.52013201
-1409.37230841
-1409.27314229
-1409.08598726
-1408.94824981
-1409.03027872
-1409.00514442
-1409.06963726
-1408.88224378
-1408.93342664
-1408.64557288
-1408.74532968
-1408.81701270
-1408.88143661
-1408.92804334
-1409.01790378
-1409.05269928
-1409.11203849
-1409.19128890
-1409.25213479
-1409.22605264
-1409.07518210
-1409.09539872
-1409.17913566
-1409.14960727
-1409.25650360
-1409.23459111
-1409.27435207
-1409.36897079
-1409.34919890
-1409.43362346
-1409.53443651
-1409.60878331
-1409.64029607
-1409.64740583
-1409.74662583
-1409.68049140
-1409.76689667
-1409.72163043
-1409.76476913
-1409.84333845
-1409.87960703
-1409.75403294
-1409.80070116
-1409.78049995
-1409.73271970
-1409.85961382
-1409.85382547
-1409.90716104
-1409.83560605
-1409.81993992
-1409.65403652
-1409.46354413
-1409.52392052
-1409.41980451
-1409.36059058
-1409.29976896
-1409.10494115
-1409.01843448
-1409.04585358
-1409.08767879
-1409.09423976
-1409.17137487
-1409.21303716
-1409.25405730
-1409.28723336
-1409.31988837
-1409.21869832
-1409.13692354
-1409.17724594
-1409.22303223
-1409.25845934
-1409.24732510
-1409.28823354
-1409.14289756
-1409.19259617
-1409.22016081
-1409.19215198
-1409.10382275
-1409.22589171
-1409.12275865
-1409.15990987
-1409.23795446
-1409.12161577
-1409.15672503
-1409.19757916
-1409.14562277
-1408.97077205
-1408.89126877
-1408.98432187
-1408.83661353
-1408.65573872
-1408.71383840
-1408.79998253
-1408.83913289
-1408.88048544
-1408.95582794
-1408.88629863
-1408.92566258
-1408.84654851
-1408.85792879
-1408.90885727
-1408.98471504
-1408.90565519
-1408.77768241
-1408.87105802
-1408.90560526
-1408.95775867
-1409.03361083
-1408.90437718
-1408.97476377
-1408.83953667
-1408.93456341
-1409.03006315
-1408.94163254
-1408.85367570
-1408.83013366
-1408.86075625
-1408.82579536
-1408.65479175
-1408.73425494
-1408.50357573
-1408.47691001
-1408.33659910
-1408.41300012
-1408.46811930
-1408.51901825
-1408.56281970
-1408.54644028
-1408.41228058
-1408.28115299
-1408.33756265
-1408.42138902
-1408.48522135
-1408.48798582
-1408.48263950
-1408.52793595
-1408.61509144
-1408.63811288
-1408.53810794
-1408.56994637
-1408.52887673
-1408.42258947
-1408.46959994
-1408.32887184
-1408.40639680
-1408.30646881
-1408.34974212
-1408.36696041
-1408.42857904
-1408.47695960
-1408.57305421
-1408.59864560
-1408.57556630
-1408.66688865
-1408.69790485
-1408.60852737
-1408.46693173
-1408.49145215
-1408.41269664
-1408.44739474
-1408.53092722
-1408.50974199
-1408.56051691
-1408.52623875
-1408.54967557
-1408.53405830
-1408.61165932
-1408.70639509
-1408.74353072
-1408.83364875
-1408.87002993
-1408.94613552
-1408.67515049
-1408.76143460
-1408.80469108
-1408.88503868
-1408.76226502
-1408.82224393
-1408.79454912
-1408.81212545
-1408.65919235
-1408.63821866
-1408.72446242
-1408.77722309
-1408.83935984
-1408.89628480
-1408.97998146
-1408.98283607
-1408.99040399
-1409.02189471
-1409.06284412
-1409.08692758
-1409.03053532
-1408.91438207
-1408.98209569
-1408.99300677
-1408.98134997
-1409.07286950
-1408.94939885
-1408.98625353
-1409.01922820
-1408.97301010
-1408.79308032
-1408.82917647
-1408.91726758
-1408.94735621
-1408.92020919
-1408.94900034
-1408.97630239
-1409.00667500
-1408.87853088
-1408.71211346
-1408.62120446
-1408.66590377
-1408.54050798
-1408.53699435
-1408.53713783
-1408.58681446
-1408.55676344
-1408.40849482
-1408.43772935
-1408.52935286
-1408.57430518
-1408.40862291
-1408.45635574
-1408.49097729
-1408.44014976
-1408.52602535
-1408.57109069
-1408.66214662
-1408.60951825
-1408.67592565
-1408.70667273
-1408.73774160
-1408.72498224
-1408.80681976
-1408.49659888
-1408.58644698
-1408.67822436
-1408.73255558
-1408.76680161
-1408.66029420
-1408.51301339
-1408.58443098
-1408.66703370
-1408.73208746
-1408.77448681
-1408.81355801
-1408.82242106
-1408.87794731
-1408.90776709
-1408.95560616
-1409.00260832
-1409.03321774
-1409.06179744
-1409.15308239
-1409.22869885
-1409.21566404
-1409.10821582
-1409.12793582
-1409.16372719
-1409.12702573
-1409.07671225
-1409.07778725
-1409.19098922
-1409.17597356
-1409.24926415
-1409.11350926
-1409.16258278
-1409.21738353
-1409.28801226
-1409.36358777
-1409.44814318
-1409.49686643
-1409.53690712
-1409.57921261
-1409.41066068
-1409.37069265
-1409.34748236
-1409.31147346
-1409.22218767
-1409.14003465
-1409.18660149
-1409.05479724
-1409.12443928
-1409.18134056
-1409.20543270
-1409.07586102
-1409.11099062
-1409.15167809
-1409.20259285
-1409.12674902
-1409.11987129
-1409.08013009
-1409.18102603
-1409.08008595
-1409.03419746
-1409.10275111
-1409.13310177
-1409.16205598
-1409.16954866
-1409.02137618
-1409.04164147
-1409.07123883
-1408.89946297
-1408.80566767
-1408.83680619
-1408.90071418
-1408.83928089
-1408.92335773
-1408.70951345
-1408.74280279
-1408.57697353
-1408.57844859
-1408.61742617
-1408.64777442
-1408.67619376
-1408.55051324
-1408.54530579
-1408.60505460
-1408.66769998
-1408.69794971
-1408.52890845
-1408.57435070
-1408.63646188
-1408.46569799
-1408.54722906
-1408.57849332
-1408.61193870
-1408.55739815
-1408.58126555
-1408.62608213
-1408.66805459
-1408.72498547
-1408.62361135
-1408.65318613
-1408.58731237
-1408.58835806
-1408.67114341
-1408.51161036
-1408.34360208
-1408.39229638
-1408.48186386
-1408.51248856
-1408.34423548
-1408.37453836
-1408.21502548
-1408.10059034
-1408.14109249
-1408.02374965
-1408.05330831
-1408.14131723
-1408.17336004
-1408.24109821
-1408.27319522
-1408.21764066
-1408.15255347
-1408.24038962
-1408.18783051
-1408.23362909
-1408.23099480
-1408.22218110
-1408.10000823
-1407.93346938
-1407.89751693
-1407.83423995
-1407.92036605
-1407.80368712
-1407.67869421
-1407.70510251
-1407.75445939
-1407.75076239
-1407.78333492
-1407.77098802
-1407.73790836
-1407.76587573
-1407.80814686
-1407.76068948
-1407.81255216
-1407.84687802
-1407.89000000
-1407.92796666
-1407.97074132
-1407.96049147
-1407.83713244
-1407.91485679
-1407.90155934
-1407.94450902
-1407.82333482
-1407.85194384
-1407.70755827
-1407.76875894
-1407.80057309
-1407.66098083
-1407.60453886
-1407.39176402
-1407.47633448
-1407.42544996
-1407.34499262
-1407.38368137
-1407.46562833
-1407.53434127
-1407.56008611
-1407.64572899
-1407.72755147
-1407.81623861
-1407.80594695
-1407.88233512
-1407.94082759
-1407.76748662
-1407.82163175
-1407.85438168
-1407.81776138
-1407.69213506
-1407.65025261
-1407.61904525
-1407.70255047
-1407.75781767
-1407.73683565
-1407.57109719
-1407.63316793
-1407.68258635
-1407.72730407
-1407.71125107
-1407.69767754
-1407.63207349
-1407.60818156
-1407.62417817
-1407.53019098
-1407.34244636
-1407.43571402
-1407.50414704
-1407.43113164
-1407.47514748
-1407.56303023
-1407.64086743
-1407.68857405
-1407.66752258
-1407.64092718
-1407.72336263
-1407.77718721
-1407.76299075
-1407.82313612
-1407.89539848
-1407.97084068
-1408.03710853
-1407.96411694
-1408.00593984
-1407.86291946
-1407.89050850
-1407.79005878
-1407.86836394
-1407.89634254
-1407.93555538
-1407.97574971
-1407.81308735
-1407.84616447
-1407.86564239
-1407.75533962
-1407.78853326
-1407.85702155
-1407.75963765
-1407.82696376
-1407.80961460
-1407.89314095
-1407.96927475
-1407.98912578
-1408.01714470
-1407.99207884
-1408.01554896
-1407.86150964
-1407.94619940
-1407.92369283
-1407.98026399
-1407.82357997
-1407.90562534
-1407.94578315
-1407.98718985
-1408.02748954
-1408.06818426
-1408.17501652
-1408.19513362
-1408.20787664
-1408.23447946
-1408.31918116
-1408.37612178
-1408.46205510
-1408.49754630
-1408.37235037
-1408.43455644
-1408.48585068
-1408.47138952
-1408.51001704
-1408.45532426
-1408.48702565
-1408.48929024
-1408.50173886
-1408.58585763
-1408.57029163
-1408.60304620
-1408.64968493
-1408.71402447
-1408.74563557
-1408.83053308
-1408.67471074
-1408.65203800
-1408.62734397
-1408.66180659
-1408.65175257
-1408.76139841
-1408.89910932
-1408.81539931
-1408.78498717
-1408.84863525
-1408.76790436
-1408.79136505
-1408.80736860
-1408.88974024
-1408.91579490
-1408.98361188
-1409.06451012
-1408.95564778
-1408.93696860
-1408.77939577
-1408.66488591
-1408.64392746
-1408.52521202
-1408.60242696
-1408.62812647
-1408.65833999
-1408.72957236
-1408.80827966
-1408.73828944
-1408.81819086
-1408.85045329
-1408.93174779
-1409.01447366
-1408.91302051
-1408.88330250
-1408.92291986
-1408.85060709
-1408.91096183
-1408.98181799
-1408.84423545
-1408.82641799
-1408.70461035
-1408.62947787
-1408.55667400
-1408.58797573
-1408.61472753
-1408.67841251
-1408.73471148
-1408.73297860
-1408.77811392
-1408.76057521
-1408.64609616
-1408.56560235
-1408.57197417
-1408.61648881
-1408.58588173
-1408.51305702
-1408.48023925
-1408.37768033
-1408.42759291
-1408.30864859
-1408.33477583
-1408.20921729
-1408.23894460
-1408.30665616
-1408.34590760
-1408.38081845
-1408.38072646
-1408.45601559
-1408.48188176
-1408.45759479
-1408.53851501
-1408.59495621
-1408.65941406
-1408.67995670
-1408.70544899
-1408.58591960
-1408.63875962
-1408.61148661
-1408.62474685
-1408.64577398
-1408.72686201
-1408.69115397
-1408.73315948
-1408.70045647
-1408.72854884
-1408.67542581
-1408.65963089
-1408.60639789
-1408.68270810
-1408.57408291
-1408.60531477
-1408.66423343
-1408.70104289
-1408.74688731
-1408.77759416
-1408.85624591
-1408.93778008
-1408.96761202
-1408.90249223
-1408.90914576
-1408.93448584
-1408.90140212
-1408.93740329
-1409.01287735
-1409.03861878
-1408.93145611
-1408.97207255
-1408.90077755
-1408.81983595
-1408.71157563
-1408.68438164
-1408.56878891
-1408.64583841
-1408.58687991
-1408.60528893
-1408.54360078
-1408.49475932
-1408.54806185
-1408.42810343
-1408.49309272
-1408.43720717
-1408.42610866
-1408.49128569
-1408.54297739
-1408.58584651
-1408.64357698
-1408.56485486
-1408.57856237
-1408.54054187
-1408.57561970
-1408.59613950
-1408.67243921
-1408.73453400
-1408.76501724
-1408.84422750
-1408.88715446
-1408.91878634
-1408.95533513
-1408.99192811
-1409.02616948
-1409.10424216
-1409.04744841
-1409.06799550
-1409.13218722
-1409.07645400
-1409.10161423
-1409.15588838
-1409.13529979
-1409.09850615
-1409.10818454
-1409.12365765
-1409.14913007
-1409.18670556
-1409.21696142
-1409.20658292
-1409.06799238
-1409.10390282
-1409.13507594
-1409.20431869
-1409.23924664
-1409.30426854
-1409.14825387
-1409.20513186
-1409.24936189
-1409.26931549
-1409.27453309
-1409.32402549
-1409.37037046
-1409.41178380
-1409.43120988
-1409.50512497
-1409.51260681
-1409.55419971
-1409.63116336
-1409.62312694
-1409.65585038
-1409.60351105
-1409.49087627
-1409.42712146
-1409.50678312
-1409.48862309
-1409.51599838
-1409.56956803
-1409.54684765
-1409.62374440
-1409.57858175
-1409.65446731
-1409.55207643
-1409.46460968
-1409.46592115
-1409.50564209
-1409.56020021
-1409.42983844
-1409.40155706
-1409.47676075
-1409.55183720
-1409.63046870
-1409.69678343
-1409.72154491
-1409.75086003
-1409.73070659
-1409.79858144
-1409.76244224
-1409.80400322
-1409.82911477
-1409.75217217
-1409.78146733
-1409.82516582
-1409.85918371
-1409.91034891
-1409.83941489
-1409.89713047
-1409.87013639
-1409.89895163
-1409.87265642
-1409.92856577
-1409.98250878
-1409.97031678
-1409.90215223
-1409.92955517
-1409.78688742
-1409.75734254
-1409.60901258
-1409.47829573
-1409.37580265
-1409.31500449
-1409.39248920
-1409.31423135
-1409.31717516
-1409.20382829
-1409.26457222
-1409.17341760
-1409.22671699
-1409.29923045
-1409.33856861
-1409.36301856
-1409.43958842
-1409.51424706
-1409.54096580
-1409.59766595
-1409.60601609
-1409.68253867
-1409.60928796
-1409.64209311
-1409.63909482
-1409.63554311
-1409.66000008
-1409.59149819
-1409.56913319
-1409.61166011
-1409.64001777
-1409.71524641
-1409.64334767
-1409.67247960
-1409.69642835
-1409.76869683
-1409.84042272
-1409.75890103
-1409.77134703
-1409.84438037
-1409.86849053
-1409.77315180
-1409.62568422
-1409.65060790
-1409.67553567
-1409.74394814
-1409.54482008
-1409.57009034
-1409.49214571
-1409.47160959
-1409.44023631
-1409.35119588
-1409.39652490
-1409.33491487
-1409.22977158
-1409.28220716
-1409.21009197
-1409.12688938
-1409.15153751
-1409.20725174
-1409.23316993
-1409.25045886
-1409.34119744
-1409.36119624
-1409.32069966
-1409.32427118
-1409.27372265
-1409.19154569
-1409.22889230
-1409.08558487
-1409.12600160
-1409.07154627
-1409.09813381
-1409.04981709
-1409.05308160
-1409.02213186
-1409.09572775
-1409.16782716
-1409.22047104
-1409.25776834
-1409.26410342
-1409.22363732
-1409.25332810
-1409.28062629
-1409.20974025
-1409.19023463
-1409.20598107
-1409.18815789
-1409.17487698
-1409.24503776
-1409.27645900
-1409.26257555
-1409.28777131
-1409.34550206
-1409.42064461
-1409.45598853
-1409.42522431
-1409.40342762
-1409.34548021
-1409.38636539
-1409.31457348
-1409.34279995
-1409.41450897
-1409.31204150
-1409.37966848
-1409.43199218
-1409.36643975
-1409.37285967
-1409.41264669
-1409.47745460
-1409.51714653
-1409.53668999
-1409.59275031
-1409.61764599
-1409.52995232
-1409.53618491
-1409.51867634
-1409.51529070
-1409.55132901
-1409.40782406
-1409.44251680
-1409.47000243
-1409.49376786
-1409.50504737
-1409.56475504
-1409.56674906
-1409.59852714
-1409.61194690
-1409.65043582
-1409.50683168
-1409.37222793
-1409.43163725
-1409.39655464
-1409.37739171
-1409.42521210
-1409.39483962
-1409.42857841
-1409.48575511
-1409.37395957
-1409.24842587
-1409.27583231
-1409.31156810
-1409.23374784
-1409.23034361
-1409.20174235
-1409.11954226
-1409.12959481
-1409.14397094
-1409.23090670
-1409.14728422
-1409.06978732
-1409.00478207
-1409.05303662
-1409.09106053
-1409.06810904
-1409.04067958
-1409.07884403
-1408.93793247
-1409.00979913
-1409.04753221
-1409.11591576
-1409.15969451
-1409.01894494
-1408.94746516
-1409.02015124
-1409.09348292
-1409.13255893
-1409.20515664
-1409.27903555
-1409.32341047
-1409.23219371
-1409.28281500
-1409.32106913
-1409.34448910
-1409.37370723
-1409.39476219
-1409.32619206
-1409.41698335
-1409.42918401
-1409.50782189
-1409.56255762
-1409.54500451
-1409.58370409
-1409.58003645
-1409.57360667
-1409.53028234
-1409.48380994
-1409.54892880
-1409.60813668
-1409.63959147
-1409.63188712
-1409.65892329
-1409.70334341
-1409.67840104
-1409.66061054
-1409.70337030
-1409.73855945
-1409.78135183
-1409.80802985
-1409.63950054
-1409.54770344
-1409.55365718
-1409.44132894
-1409.33606701
-1409.31143530
-1409.39058069
-1409.44234135
-1409.49574397
-1409.56206053
-1409.60694688
-1409.64612767
-1409.67429880
-1409.72699831
-1409.60256339
-1409.57630728
-1409.59438554
-1409.63262402
-1409.70044074
-1409.70959706
-1409.63973145
-1409.71241363
-1409.70910143
-1409.67028849
-1409.57610345
-1409.43754053
-1409.37644388
-1409.43916426
-1409.50849315
-1409.55611670
-1409.59049734
-1409.66301934
-1409.55723575
-1409.58747152
-1409.63433755
-1409.67487696
-1409.73845164
-1409.66456729
-1409.71488430
-1409.65354901
-1409.58381720
-1409.61270878
-1409.63184622
-1409.43317781
-1409.48631934
-1409.55694682
-1409.59063766
-1409.64578548
-1409.71448277
-1409.72820617
-1409.61199048
-1409.65951719
-1409.56336182
-1409.63174578
-1409.64032074
-1409.62463274
-1409.67032913
-1409.56364539
-1409.59419930
-1409.61742668
-1409.65337254
-1409.63495789
-1409.66588849
-1409.73448786
-1409.79221195
-1409.74650928
-1409.76863862
-1409.74441361
-1409.76687644
-1409.81316995
-1409.84830964
-1409.89598410
-1409.93958530
-1409.97852378
-1409.98578952
-1410.00702689
-1410.05437725
-1409.94294445
-1409.95629277
-1410.01725409
-1410.03487470
-1410.06843676
-1410.08822515
-1410.06835243
-1409.98138437
-1409.95903233
-1409.93919846
-1410.00076782
-1410.04240877
-1410.07722227
-1410.13799779
-1410.16873094
-1410.21637579
-1410.24129744
-1410.21994496
-1410.20814913
-1410.24074990
-1410.28801591
-1410.29373376
-1410.22878727
-1410.25277417
-1410.27480396
-1410.18960065
-1410.02075674
-1409.93505000
-1409.99270025
-1410.02970751
-1410.07008445
-1410.09197476
-1410.15861575
-1410.19628228
-1410.15010499
-1410.21598799
-1410.23858678
-1410.26105864
-1410.19257896
-1410.25982723
-1410.31271546
-1410.36715494
-1410.39947854
-1410.42659943
-1410.36947544
-1410.40962392
-1410.45390899
-1410.46027552
-1410.40975283
-1410.46334791
-1410.47191762
-1410.50927305
-1410.35691501
-1410.27920069
-1410.30849545
-1410.34282274
-1410.31154564
-1410.27141353
-1410.30337494
-1410.33566655
-1410.33027306
-1410.37362506
-1410.39581182
-1410.42444770
-1410.45276577
-1410.29547630
-1410.35998741
-1410.40929576
-1410.34282641
-1410.40923165
-1410.45584784
-1410.40262042
-1410.36671272
-1410.36880325
-1410.39682515
-1410.41007003
-1410.47055624
-1410.28541352
-1410.30871267
-1410.32856969
-1410.34323526
-1410.30556229
-1410.37354731
-1410.41403073
-1410.45831790
-1410.40919576
-1410.43271105
-1410.48730929
-1410.51062247
-1410.56507207
-1410.61008412
-1410.63342812
-1410.61908209
-1410.62028493
-1410.64889609
-1410.67500593
-1410.61423273
-1410.68080708
-1410.75048033
-1410.81465932
-1410.86627205
-1410.89494690
-1410.91648313
-1410.94988160
-1411.01690736
-1411.07686323
-1411.05632520
-1411.04555168
-1410.97769236
-1411.01742177
-1410.95988045
-1410.90019040
-1410.85213113
-1410.87635320
-1410.81607534
-1410.88533216
-1410.88761386
-1410.95251639
-1411.00681251
-1411.05056378
-1411.11759010
-1411.18432068
-1411.21976254
-1411.22050615
-1411.25468647
-1411.27936485
-1411.32469441
-1411.35018948
-1411.41593111
-1411.45824002
-1411.35865522
-1411.34799207
-1411.39034022
-1411.36877075
-1411.40966773
-1411.39179210
-1411.42087555
-1411.44654287
-1411.48115757
-1411.42176285
-1411.43614065
-1411.37635995
-1411.40534827
-1411.36483552
-1411.24598823
-1411.11986369
-1411.10136585
-1411.16175963
-1411.20327625
-1411.23047696
-1411.22522077
-1411.24887746
-1411.15061571
-1411.18174565
-1411.23967142
-1411.17548266
-1411.04464734
-1410.97906109
-1410.98026151
-1410.88654143
-1410.78642418
-1410.72561712
-1410.63825430
-1410.67302054
-1410.73092579
-1410.77044973
-1410.83497900
-1410.88445047
-1410.93482872
-1410.95548428
-1410.91432888
-1410.80454460
-1410.76329678
-1410.81531082
-1410.83928847
-1410.86633188
-1410.92865276
-1410.99571931
-1411.06436294
-1411.13099257
-1411.15318065
-1411.21165555
-1411.15200624
-1411.21017462
-1411.11612228
-1411.05300898
-1411.07366688
-1411.13644907
-1411.19392253
-1411.13321960
-1411.12340615
-1411.18865550
-1411.09896310
-1411.11601934
-1411.13709871
-1411.00067433
-1410.94672968
-1411.01258846
-1411.07437030
-1410.97319946
-1410.87618975
-1410.71787021
-1410.77952359
-1410.81245990
-1410.81425708
-1410.85903314
-1410.88338608
-1410.91926234
-1410.96346071
-1411.01664900
-1411.03880444
-1411.07902699
-1411.12736216
-1411.04426153
-1411.08638660
-1411.06093590
-1411.12446206
-1411.19161034
-1411.16104889
-1411.15960539
-1411.18592698
-1411.25171304
-1411.29696167
-1411.27516500
-1411.21362024
-1411.28011997
-1411.31350924
-1411.36572914
-1411.34123694
-1411.21364534
-1411.25565653
-1411.28078779
-1411.27304044
-1411.20878750
-1411.23429841
-1411.09395826
-1411.11399048
-1411.05217616
-1411.07569271
-1411.10314562
-1411.09191875
-1411.04213825
-1411.02663989
-1411.06443544
-1410.93627906
-1410.94046731
-1410.97931618
-1411.02443834
-1410.99616497
-1410.93413423
-1410.89410168
-1410.95371449
-1411.01430797
-1411.05096495
-1411.00551593
-1410.99724811
-1410.94118986
-1411.00014555
-1411.00006239
-1411.02657764
-1410.97307715
-1410.88475742
-1410.83000454
-1410.83076245
-1410.86255395
-1410.92599892
-1410.96147591
-1410.95172508
-1410.92683302
-1410.94533247
-1410.97471792
-1411.03653653
-1411.09576956
-1411.10582408
-1411.13678339
-1411.19851767
-1411.20003251
-1411.22008602
-1411.25406153
-1411.30669017
-1411.18634650
-1411.18973250
-1411.14722349
-1411.20907870
-1411.27389199
-1411.30096153
-1411.36251537
-1411.27167212
-1411.14549071
-1411.03923743
-1410.99317930
-1410.91574504
-1410.94120016
-1410.84817615
-1410.89071242
-1410.83691231
-1410.90284718
-1410.92510943
-1410.98876480
-1410.89803621
-1410.91920584
-1410.97640975
-1411.01128858
-1411.06925738
-1411.12717129
-1411.17108887
-1411.19450528
-1411.25934129
-1411.16543145
-1411.10594726
-1411.16136274
-1411.10385882
-1411.07661327
-1411.01983363
-1411.07573965
-1411.02389510
-1411.08753288
-1411.15268875
-1411.09926772
-1411.12937172
-1411.15539300
-1411.12630323
-1411.11064490
-1411.02661456
-1410.99609498
-1410.92173596
-1410.98678473
-1411.01214420
-1410.96761913
-1410.86530883
-1410.89757629
-1410.78180583
-1410.80919880
-1410.74548072
-1410.78678609
-1410.78841065
-1410.69576663
-1410.75460448
-1410.75725282
-1410.78665977
-1410.72880357
-1410.74914700
-1410.81249148
-1410.83333652
-1410.88219334
-1410.91573972
-1410.96669155
-1410.96857368
-1410.87598584
-1410.85206642
-1410.87609664
-1410.91255850
-1410.97792218
-1410.97322736
-1410.98524036
-1411.01666160
-1411.01110828
-1410.91282962
-1410.94501645
-1410.94570031
-1410.92203205
-1410.89308578
-1410.92082636
-1410.85903314
-1410.91742525
-1410.89822885
-1410.89912479
-1410.92953982
-1410.86423274
-1410.85867112
-1410.89912557
-1410.90918122
-1410.93160055
-1410.89691544
-1410.92028997
-1410.95595998
-1410.97546339
-1410.96529498
-1411.02365617
-1410.97987671
-1410.97023168
-1410.93825920
-1410.96966986
-1411.01812396
-1411.02635453
-1411.05402095
-1410.99421359
-1411.05721803
-1411.07777380
-1411.10144325
-1411.15776042
-1411.21883111
-1411.23514031
-1411.15504151
-1411.18270250
-1411.24100283
-1411.22025995
-1411.24044817
-1411.18669869
-1411.14152138
-1411.20135634
-1411.18245994
-1411.24177525
-1411.30342588
-1411.33193110
-1411.37212367
-1411.38070217
-1411.32655395
-1411.36188847
-1411.38291328
-1411.29429914
-1411.34774718
-1411.29274825
-1411.35407186
-1411.41807507
-1411.43706112
-1411.44722089
-1411.50839452
-1411.50552252
-1411.54457970
-1411.48608780
-1411.51952667
-1411.53914540
-1411.58819156
-1411.61330859
-1411.64155222
-1411.70463199
-1411.65551788
-1411.53836349
-1411.56104926
-1411.59348026
-1411.56490815
-1411.55397736
-1411.51523306
-1411.42431300
-1411.41932764
-1411.44740339
-1411.47418798
-1411.52505987
-1411.58742424
-1411.64906648
-1411.65978337
-1411.70496938
-1411.75394573
-1411.74018405
-1411.80219587
-1411.86345107
-1411.89923426
-1411.85344860
-1411.88084730
-1411.83973337
-1411.86774117
-1411.89960489
-1411.92518415
-1411.98662548
-1411.99909063
-1412.02508782
-1411.96463033
-1412.02614783
-1412.03861642
-1412.08717061
-1412.11028730
-1412.14194091
-1412.18014794
-1412.20258792
-1412.23419471
-1412.18308981
-1412.09357872
-1412.12124009
-1412.15564229
-1412.07927017
-1412.14128874
-1412.20197879
-1412.25402355
-1412.16213997
-1412.20824242
-1412.25653237
-1412.26621008
-1412.25088692
-1412.23505604
-1412.28127107
-1412.33923372
-1412.36714367
-1412.38941820
-1412.33840507
-1412.24907861
-1412.28067910
-1412.32070931
-1412.37255463
-1412.33903395
-1412.39315620
-1412.36398604
-1412.30133908
-1412.29796857
-1412.34901401
-1412.38419527
-1412.40048782
-1412.42735101
-1412.46311970
-1412.49023399
-1412.51106317
-1412.47639938
-1412.49470681
-1412.39728964
-1412.34034657
-1412.34289209
-1412.38083471
-1412.43084713
-1412.36971744
-1412.38851655
-1412.40799313
-1412.38886020
-1412.44288179
-1412.42737986
-1412.38155623
-1412.33888572
-1412.36323222
-1412.42066586
-1412.48175814
-1412.48199660
-1412.54354273
-1412.50541437
-1412.56455173
-1412.50379948
-1412.55676049
-1412.61395506
-1412.65670071
-1412.56865015
-1412.53288320
-1412.49117175
-1412.41492981
-1412.41403652
-1412.45293193
-1412.36481711
-1412.43371290
-1412.45404197
-1412.51289118
-1412.56161824
-1412.58066070
-1412.59940708
-1412.58941257
-1412.61316791
-1412.65799132
-1412.66339950
-1412.54720175
-1412.45931043
-1412.50027788
-1412.51898256
-1412.42715526
-1412.47811195
-1412.53941276
-1412.55808178
-1412.61872939
-1412.57424899
-1412.58146318
-1412.60016126
-1412.45197774
-1412.47392262
-1412.32697859
-1412.34710903
-1412.39919667
-1412.38600106
-1412.40470157
-1412.45408889
-1412.48384699
-1412.51517400
-1412.48925853
-1412.50795864
-1412.55367143
-1412.61410601
-1412.56863643
-1412.58290008
-1412.56380574
-1412.59896248
-1412.63712392
-1412.68158694
-1412.67881292
-1412.71399573
-1412.77022668
-1412.71043974
-1412.73335474
-1412.73657946
-1412.70588742
-1412.68350559
-1412.64049390
-1412.63642723
-1412.67499424
-1412.72226052
-1412.78086476
-1412.83646307
-1412.77619051
-1412.82936139
-1412.73292505
-1412.71880963
-1412.62443007
-1412.66554735
-1412.66740903
-1412.69080833
-1412.70973577
-1412.58349977
-1412.62102749
-1412.56443958
-1412.56393120
-1412.54533288
-1412.59105285
-1412.56048044
-1412.45548792
-1412.51160948
-1412.47182495
-1412.51062870
-1412.51580984
-1412.57418233
-1412.63167475
-1412.69063457
-1412.71542535
-1412.73739333
-1412.76983655
-1412.81460437
-1412.87169586
-1412.87781244
-1412.78969952
-1412.81811782
-1412.79162364
-1412.81785585
-1412.85987936
-1412.84022497
-1412.75150786
-1412.76252833
-1412.82979918
-1412.77024585
-1412.85546022
-1412.77313446
-1412.73926894
-1412.62393478
-1412.52730182
-1412.55335433
-1412.50125047
-1412.47955606
-1412.41922076
-1412.43908324
-1412.41991274
-1412.38947712
-1412.44751012
-1412.47030065
-1412.39190577
-1412.45006077
-1412.47588896
-1412.36484296
-1412.42389728
-1412.46582589
-1412.35191391
-1412.39986406
-1412.37255876
-1412.30983559
-1412.35309863
-1412.40915621
-1412.43827137
-1412.44534253
-1412.41431179
-1412.35703957
-1412.38430690
-1412.40589454
-1412.46560519
-1412.52342744
-1412.54151522
-1412.60001432
-1412.61855496
-1412.50371519
-1412.48830218
-1412.53300099
-1412.47337022
-1412.53169817
-1412.52972591
-1412.57895908
-1412.60161574
-1412.62136205
-1412.50958137
-1412.56805060
-1412.55347714
-1412.48782384
-1412.53915297
-1412.58650932
-1412.54281215
-1412.49426669
-1412.55225371
-1412.59116354
-1412.50908905
-1412.47839665
-1412.49592679
-1412.47816044
-1412.50147982
-1412.54864091
-1412.46709551
-1412.49051527
-1412.54849623
-1412.57980979
-1412.53596941
-1412.47579017
-1412.49806107
-1412.55492454
-1412.55528890
-1412.57382852
-1412.48694737
-1412.52058454
-1412.46735345
-1412.42374761
-1412.44311372
-1412.46680809
-1412.42896222
-1412.37882645
-1412.38915190
-1412.36651310
-1412.42328449
-1412.30819996
-1412.28020806
-1412.29795816
-1412.35681938
-1412.39370651
-1412.45256671
-1412.51113388
-1412.55040777
-1412.60575545
-1412.61625827
-1412.67470407
-1412.73315247
-1412.72822227
-1412.77977268
-1412.79136025
-1412.81627551
-1412.84192875
-1412.82670962
-1412.87571604
-1412.80475904
-1412.86157201
-1412.85384489
-1412.83361217
-1412.83416935
-1412.81498981
-1412.84519427
-1412.89860572
-1412.85555698
-1412.87505890
-1412.78762045
-1412.80816001
-1412.74997854
-1412.82884569
-1412.83230400
-1412.79664722
-1412.76524112
-1412.78417843
-1412.76539990
-1412.80427956
-1412.78834449
-1412.75993667
-1412.73824023
-1412.68295316
-1412.63618690
-1412.58203351
-1412.63984630
-1412.63517623
-1412.65290031
-1412.70419808
-1412.75251330
-1412.80312147
-1412.82916866
-1412.88429846
-1412.77160092
-1412.76531527
-1412.78113229
-1412.80844167
-1412.75783885
-1412.76446889
-1412.78077184
-1412.83553552
-1412.78836271
-1412.77788943
-1412.56775614
-1412.58901153
-1412.47882289
-1412.53208967
-1412.55416504
-1412.60618602
-1412.65363041
-1412.70528322
-1412.74309821
-1412.79947391
-1412.85577098
-1412.91360247
-1412.91328421
-1412.86109047
-1412.87445014
-1412.89612717
-1412.92347923
-1412.97045598
-1413.02019174
-1412.91694611
-1412.96964206
-1412.98503989
-1412.93379613
-1412.95810327
-1412.95281312
-1412.93100204
-1412.86399747
-1412.89230015
-1412.91171573
-1412.89788795
-1412.89776938
-1412.94538802
-1412.89213297
-1412.83887809
-1412.83148464
-1412.85246062
-1412.82947187
-1412.87193226
-1412.76506069
-1412.79762882
-1412.83125732
-1412.86665710
-1412.88721239
-1412.94400858
-1412.99933544
-1412.88987524
-1412.94043272
-1412.96296318
-1412.94847132
-1412.97887516
-1412.94793983
-1412.99920209
-1412.93795005
-1412.98614602
-1413.00996905
-1413.06555608
-1413.12103784
-1413.04513666
-1413.10147375
-1413.15005530
-1413.06746272
-1413.09134608
-1413.10981434
-1413.12826899
-1413.16138530
-1413.16682143
-1413.18702133
-1413.21177498
-1413.22696194
-1413.18114554
-1413.16709205
-1413.17278150
-1413.10835168
-1413.11069690
-1413.12893757
-1413.05110734
-1412.98159358
-1412.96101490
-1412.90421516
-1412.95953084
-1412.95113569
-1412.96914901
-1412.96272708
-1412.91911167
-1412.82385146
-1412.85248117
-1412.89815505
-1412.95080173
-1413.00733182
-1413.05124074
-1413.09277851
-1413.07895341
-1413.07425392
-1413.11136141
-1413.13234001
-1413.05175517
-1413.00855366
-1413.00013037
-1412.94579696
-1412.88991135
-1412.90329542
-1412.88783253
-1412.84813693
-1412.86545166
-1412.79237134
-1412.66886278
-1412.68920735
-1412.55661013
-1412.52982720
-1412.55208712
-1412.56079233
-1412.51833091
-1412.50174885
-1412.46100504
-1412.51228597
-1412.53933689
-1412.56690658
-1412.51620392
-1412.51212006
-1412.51864574
-1412.39255048
-1412.33597242
-1412.37192224
-1412.42703960
-1412.37315748
-1412.39269142
-1412.41243104
-1412.42181855
-1412.47742305
-1412.49545073
-1412.54123075
-1412.57099100
-1412.56177449
-1412.53063001
-1412.50414271
-1412.54899941
-1412.53286259
-1412.58108716
-1412.60200476
-1412.65278156
-1412.69459341
-1412.72421028
-1412.74346845
-1412.76091522
-1412.70983735
-1412.65508220
-1412.70646330
-1412.75524498
-1412.77243989
-1412.82725517
-1412.77296022
-1412.66532069
-1412.70809277
-1412.75463977
-1412.80908893
-1412.86442766
-1412.89650257
-1412.81391501
-1412.79875588
-1412.80975553
-1412.82053348
-1412.87397754
-1412.85827248
-1412.91021795
-1412.96443337
-1413.00494626
-1412.89256392
-1412.94493441
-1412.96154822
-1412.97925255
-1413.02760105
-1412.99079789
-1413.01267301
-1413.00846363
-1413.02128427
-1413.04032249
-1413.09430535
-1413.12154560
-1413.15780047
-1413.16629501
-1413.15009743
-1413.17352867
-1413.18821226
-1413.23482300
-1413.26865936
-1413.20805685
-1413.21783785
-1413.20976489
-1413.15555486
-1413.09758123
-1412.99167524
-1413.01504722
-1412.96167999
-1412.91134385
-1412.88239467
-1412.86214353
-1412.91637147
-1412.96759214
-1412.90774200
-1412.91078027
-1412.93031931
-1412.95196049
-1412.93216446
-1412.95207897
-1412.88354394
-1412.77844494
-1412.82248420
-1412.83714705
-1412.80883777
-1412.83158930
-1412.85127000
-1412.90113474
-1412.90420776
-1412.87684656
-1412.92164051
-1412.89556253
-1412.94007867
-1412.99101689
-1413.00850035
-1412.96646791
-1413.02147776
-1413.03990206
-1413.08363777
-1413.11864534
-1413.13332415
-1413.18833211
-1413.23193209
-1413.22348331
-1413.24546755
-1413.28987961
-1413.19935851
-1413.19974889
-1413.14954044
-1413.17173363
-1413.21263387
-1413.10670954
-1413.12842711
-1413.15608492
-1413.18314789
-1413.23663496
-1413.18289324
-1413.09937229
-1412.99266735
-1413.01461365
-1413.03032121
-1413.05094955
-1413.06499744
-1413.05346463
-1413.09398972
-1413.12590473
-1413.16482375
-1413.12652940
-1413.08077408
-1413.11695468
-1412.95972574
-1412.99393025
-1412.88756774
-1412.91887292
-1412.97134760
-1413.02284141
-1413.00730540
-1413.05785549
-1413.10340901
-1413.02085974
-1412.94474361
-1412.96680550
-1412.95387316
-1412.90007027
-1412.83542150
-1412.75278805
-1412.75085789
-1412.77004256
-1412.69004772
-1412.73799769
-1412.75779943
-1412.73975770
-1412.78834539
-1412.75895155
-1412.75646306
-1412.79189307
-1412.73198946
-1412.62677625
-1412.67885516
-1412.62673350
-1412.63298993
-1412.60148709
-1412.49608039
-1412.52604833
-1412.57161247
-1412.59584031
-1412.49535786
-1412.48564706
-1412.48115670
-1412.42207328
-1412.41519135
-1412.44698750
-1412.41079625
-1412.45401308
-1412.40383764
-1412.44948502
-1412.48279841
-1412.43369557
-1412.41805712
-1412.33954428
-1412.35438584
-1412.27838499
-1412.30697404
-1412.25276230
-1412.24273649
-1412.26695086
-1412.20548870
-1412.21138519
-1412.25109780
-1412.26921388
-1412.22697536
-1412.25104207
-1412.19182304
-1412.21060989
-1412.25785667
-1412.27592981
-1412.30033033
-1412.35229254
-1412.37773058
-1412.32012514
-1412.30458023
-1412.18405994
-1412.21985642
-1412.22691597
-1412.19709284
-1412.23621576
-1412.18163245
-1412.20011097
-1412.19546882
-1412.14251843
-1412.17261521
-1412.09447089
-1412.11863343
-1412.13902844
-1412.07988300
-1412.12547827
-1412.15624593
-1412.17696415
-1412.22988563
-1412.28313219
-1412.18004374
-1412.22887621
-1412.28123525
-1412.30296354
-1412.29305510
-1412.29701039
-1412.34781726
-1412.38101472
-1412.36625968
-1412.32763054
-1412.33523685
-1412.33007512
-1412.37938754
-1412.42004806
-1412.38476663
-1412.33430437
-1412.35682000
-1412.40954814
-1412.46165752
-1412.36802415
-1412.27711100
-1412.29357427
-1412.32654059
-1412.37764011
-1412.42018382
-1412.44019140
-1412.40022189
-1412.38289847
-1412.36068084
-1412.36646316
-1412.39128495
-1412.40885318
-1412.47059820
-1412.39152319
-1412.40872894
-1412.44472031
-1412.46764554
-1412.46383574
-1412.51098169
-1412.51525396
-1412.40623508
-1412.45667956
-1412.47275608
-1412.48836295
-1412.44488840
-1412.38475324
-1412.40176372
-1412.35879689
-1412.40000354
-1412.41820675
-1412.40447753
-1412.40606471
-1412.42155144
-1412.36469664
-1412.34226872
-1412.35448460
-1412.33020504
-1412.34798326
-1412.37104598
-1412.39597681
-1412.44804853
-1412.46419748
-1412.51687788
-1412.46839717
-1412.51878082
-1412.53882893
-1412.58861917
-1412.51391101
-1412.44040873
-1412.42872017
-1412.46769878
-1412.49583749
-1412.51625695
-1412.53505749
-1412.55609741
-1412.57482243
-1412.60071900
-1412.60285650
-1412.62529288
-1412.60963450
-1412.65925272
-1412.56133598
-1412.60463000
-1412.63040287
-1412.67679877
-1412.66118029
-1412.68957237
-1412.71437127
-1412.72734356
-1412.62470265
-1412.63181085
-1412.65789366
-1412.67385685
-1412.72541064
-1412.69712925
-1412.69882346
-1412.75037273
-1412.79738584
-1412.82243766
-1412.85462103
-1412.82454252
-1412.81641797
-1412.79586990
-1412.74915707
-1412.76559457
-1412.79196731
-1412.75431866
-1412.78612710
-1412.81759768
-1412.84343147
-1412.84815357
-1412.87950423
-1412.80605411
-1412.75827519
-1412.70209459
-1412.59130872
-1412.63286626
-1412.65744280
-1412.70549774
-1412.75625591
-1412.74793101
-1412.77217467
-1412.79404295
-1412.82783168
-1412.80667014
-1412.83864322
-1412.83568819
-1412.78418566
-1412.79744520
-1412.75661133
-1412.76794017
-1412.71614049
-1412.64012205
-1412.64835143
-1412.54767427
-1412.49611277
-1412.42417945
-1412.41997133
-1412.44968804
-1412.48647821
-1412.42825279
-1412.42136519
-1412.36779543
-1412.38462008
-1412.43030657
-1412.45746403
-1412.36556988
-1412.39673084
-1412.44483858
-1412.49487516
-1412.52737193
-1412.57735960
-1412.59100384
-1412.61201245
-1412.66234433
-1412.71342192
-1412.76051641
-1412.77826268
-1412.81311442
-1412.84322240
-1412.78293122
-1412.71593314
-1412.76430199
-1412.78981560
-1412.80884934
-1412.85977448
-1412.89353803
-1412.94199779
-1412.96280244
-1412.95299094
-1412.99351274
-1413.04068545
-1413.05855524
-1413.01953232
-1413.04718949
-1412.98693626
-1412.98423069
-1413.00522659
-1412.95354365
-1412.98158068
-1412.93516459
-1412.95584116
-1412.98668276
-1412.93319774
-1412.94120962
-1412.89082624
-1412.90721149
-1412.89515948
-1412.84519626
-1412.89345724
-1412.93335001
-1412.92571954
-1412.96208043
-1412.99112789
-1412.94506875
-1412.99043488
-1412.97604789
-1412.97042102
-1413.02122386
-1413.06583044
-1413.08145702
-1413.09936790
-1413.11433960
-1413.04130229
-1413.08763822
-1413.13174270
-1413.14951579
-1413.19534013
-1413.09538115
-1412.99637479
-1412.91632354
-1412.96642165
-1412.98416866
-1412.99271648
-1413.04067677
-1413.08922985
-1413.13254572
-1413.15329252
-1413.17524924
-1413.22448023
-1413.27388557
-1413.20094003
-1413.21758243
-1413.21218544
-1413.18783561
-1413.22850189
-1413.22852720
-1413.22263060
-1413.23322174
-1413.22870869
-1413.17546762
-1413.09052876
-1413.09538466
-1413.10812435
-1413.13234741
-1413.17695449
-1413.07909232
-1413.04780788
-1412.97170797
-1412.98816668
-1412.98666219
-1412.96329322
-1412.92061612
-1412.90763689
-1412.83017327
-1412.84703211
-1412.74931915
-1412.68853044
-1412.72982523
-1412.74703767
-1412.74549176
-1412.75131745
-1412.77559601
-1412.77348203
-1412.79463678
-1412.80358091
-1412.84643329
-1412.81288848
-1412.76369201
-1412.78836094
-1412.82157800
-1412.85666329
-1412.84576704
-1412.74344360
-1412.72218003
-1412.73574191
-1412.71144396
-1412.69704342
-1412.64422414
-1412.63050118
-1412.65695223
-1412.66618411
-1412.64084697
-1412.66072277
-1412.65081726
-1412.66073206
-1412.70281273
-1412.68089807
-1412.70221731
-1412.75285033
-1412.78128966
-1412.80007245
-1412.84022682
-1412.88975960
-1412.81225617
-1412.84432002
-1412.89164414
-1412.83944925
-1412.88658946
-1412.88324890
-1412.88427064
-1412.85017481
-1412.89711001
-1412.87547890
-1412.89408810
-1412.92324291
-1412.85761259
-1412.87067049
-1412.79753087
-1412.81465573
-1412.83984371
-1412.86627622
-1412.86601972
-1412.88161498
-1412.90001396
-1412.82361391
-1412.77309289
-1412.67615493
-1412.69713064
-1412.64931677
-1412.63129059
-1412.64833360
-1412.66577726
-1412.61955514
-1412.64056623
-1412.66545700
-1412.71232519
-1412.65264465
-1412.69966042
-1412.63044301
-1412.64891537
-1412.57075650
-1412.56728226
-1412.47435760
-1412.49212633
-1412.53799536
-1412.55418519
-1412.57996557
-1412.55481394
-1412.53546959
-1412.55756715
-1412.59536041
-1412.64303265
-1412.56493535
-1412.61093676
-1412.65946343
-1412.58630399
-1412.49715556
-1412.54668673
-1412.59387048
-1412.59798842
-1412.60906425
-1412.61668963
-1412.62361683
-1412.56026741
-1412.48886932
-1412.50803952
-1412.40375710
-1412.39998925
-1412.38609048
-1412.38169556
-1412.37387529
-1412.35133166
-1412.28384597
-1412.31757459
-1412.29219209
-1412.34054242
-1412.30278658
-1412.23257738
-1412.26181891
-1412.25855528
-1412.23148410
-1412.21329299
-1412.16286029
-1412.19019283
-1412.22433956
-1412.24273087
-1412.15311006
-1412.16937422
-1412.17015300
-1412.21280069
-1412.26156152
-1412.30301885
-1412.32045693
-1412.33682081
-1412.38483849
-1412.31260734
-1412.33168997
-1412.25067897
-1412.23590395
-1412.18843009
-1412.19315530
-1412.11582096
-1412.06443332
-1411.97861366
-1412.00969491
-1412.01058684
-1411.92255792
-1411.93827287
-1411.89553386
-1411.80282211
-1411.84769624
-1411.73885577
-1411.75892506
-1411.77301022
-1411.80722496
-1411.75452148
-1411.76523284
-1411.77962827
-1411.79767102
-1411.72195292
-1411.71895994
-1411.63643242
-1411.56881921
-1411.47536819
-1411.51375307
-1411.52834050
-1411.57410371
-1411.45725040
-1411.50401193
-1411.55261112
-1411.56900066
-1411.58780560
-1411.58128472
-1411.62804466
-1411.64344911
-1411.54950650
-1411.51087484
-1411.55797999
-1411.59139059
-1411.49720698
-1411.54581065
-1411.59425134
-1411.64128705
-1411.65914658
-1411.62935277
-1411.67183697
-1411.69329107
-1411.64554163
-1411.59861403
-1411.50343612
-1411.51015220
-1411.44735806
-1411.49282300
-1411.53665903
-1411.46178895
-1411.48303294
-1411.52373559
-1411.54834434
-1411.57689053
-1411.53368681
-1411.49007664
-1411.53853615
-1411.58587541
-1411.49972072
-1411.51644514
-1411.53208432
-1411.57518504
-1411.59083568
-1411.62791069
-1411.67527217
-1411.61187223
-1411.63445722
-1411.65479120
-1411.65671352
-1411.67449936
-1411.71098039
-1411.73386672
-1411.70414958
-1411.74927398
-1411.75045052
-1411.73932745
-1411.69417351
-1411.71385508
-1411.73698022
-1411.75091882
-1411.74556861
-1411.70754798
-1411.72255524
-1411.76943699
-1411.65086793
-1411.53780395
-1411.56343929
-1411.52444438
-1411.55571834
-1411.50582085
-1411.52042226
-1411.49680889
-1411.54066731
-1411.50743221
-1411.49323601
-1411.48292888
-1411.53113808
-1411.57066991
-1411.56503685
-1411.59037299
-1411.61524003
-1411.61323761
-1411.61663420
-1411.59448662
-1411.57086828
-1411.52559418
-1411.43704493
-1411.48507050
-1411.53086947
-1411.57811175
-1411.43967424
-1411.39274396
-1411.40752060
-1411.39068015
-1411.31918674
-1411.36493605
-1411.39813090
-1411.44547693
-1411.41207553
-1411.43249643
-1411.40445626
-1411.41052253
