-1596.89869638
-1339.84832610
-1167.45477825
-1471.64476925
-1183.93889236
-1451.47836239
-1629.87065673
-1645.64978879
-1653.73043579
-1535.46760438
-1263.92444449
-1083.04560861
-1468.11093464
-1458.21515938
-1449.86160112
-1501.78068986
-1612.94635194
-1545.19441145
-1791.23255717
-1208.69815605
-1510.19813768
-1534.68666517
-950.48071476
-1544.17251067
-1647.25362283
-1487.54192418
-1651.42418278
-950.22916184
-1504.76599939
-1488.68432345
-1582.85007138
-1168.48688240
-1576.71141031
-1461.60111140
-1624.66207177
-1187.84432100
-1615.91315188
-1514.60568932
-1214.94412105
-1187.56856482
-1540.30686317
-1003.35177393
-1514.61612906
-1446.70462586
-1330.44396129
-1147.66231800
-1326.20694084
-1504.76630036
-1462.03724258
-1456.86741534
-1608.31185422
-1485.75320352
-1643.92079717
-1349.65842715
-1360.60888789
-1571.87533300
-1018.41379587
-1647.08874139
-1544.32456117
-1634.61282940
-1517.80972327
-1642.86621782
-1496.75191479
-1104.23277099
-1644.76885523
-1642.47801096
-1481.39409532
-1316.89394973
-1510.30365441
-1371.96082387
-1641.67578053
-1383.89702072
-948.94377918
-1518.38908805
-1507.40413377
-1634.12808413
-1644.74884234
-1524.86194404
-1598.47749169
-1055.74528544
-1552.59997776
-1344.06669803
-1519.90607176
-1485.87663036
-1567.53319093
-1503.12255628
-1508.46750681
-1196.44500887
-1271.01126438
-1356.53583905
-1552.75874754
-1641.87741502
-945.71598663
-1357.36966114
-1574.62700795
-1567.84540214
-1427.46063525
-1467.14080629
-1353.65347892
-1064.42935315
-1351.96598981
-1094.75215963
-1664.48313086
-1662.41777651
-1171.92909975
-1524.16121978
-1402.84891182
-1363.29243156
-1294.30793027
-1159.32295841
-1327.50684477
-1066.13121524
-1020.23831428
-1246.51714841
-1709.51772991
-1350.16190206
-1609.68128943
-1190.50836240
-1257.26222636
-837.25065248
-1620.84784847
-1257.03126515
-1227.44452517
-1610.38669511
-1610.33557234
-1225.98820544
-1563.16007913
-1161.22351987
-1515.74199028
-1429.25960751
-1489.00356143
-945.46823775
-1286.17883730
-1182.18140989
-1341.54450617
-1225.04005569
-1180.07890712
-1492.02054434
-1404.12886579
-1625.69435207
-1645.11111900
-1596.80038965
-1219.08883636
-1400.75179743
-1600.81615241
-1323.10578561
-1526.47141884
-950.89637570
-1625.25175553
-1222.74128958
-1616.28244606
-1640.75962674
-1596.24164066
-1193.42500594
-1650.25290503
-1053.40508291
-1597.87607484
-1626.80024871
-824.18697768
-1569.56585901
-1518.21749077
-1297.30210906
-1513.88695304
-1290.74787741
-1346.37235306
-1401.41454874
-1537.48932006
-1165.73982883
-1651.17371314
-1515.46482517
-1033.40675776
-1301.13137395
-1607.84223586
-1352.55739591
-1492.65915941
-1502.50791947
-1526.63135638
-1525.12550735
-1519.11799401
-961.08502494
-1636.91459730
-1057.51221292
-1016.33361550
-1590.11501167
-1484.97496963
-1464.16391100
-1498.44939504
-1166.39678951
-1628.57932697
-1642.32093535
-1493.83541447
-1304.50479838
-1465.43670093
-1614.26176337
-1163.13943576
-1432.45690197
-1539.68364663
-1242.35283940
-1529.97623390
-1243.38752170
-1231.25190019
-1487.14076790
-1193.03593540
-1264.42161687
-1306.31885685
-1140.16404105
-1706.73538281
-1367.96151871
-1387.27112392
-1536.29279415
-1497.59207212
-1501.85769151
-1472.57582020
-1574.47934117
-939.92116984
-1342.19737961
-1315.89645424
-930.67722308
-1621.12321487
-1044.83014849
-1652.24638937
-1496.21241425
-1303.00844212
-1512.39342453
-1632.77154421
-1100.07823726
-1630.54365486
-1617.85170017
-1482.46042146
-1541.93589360
-1187.71901562
-1619.54468152
-1486.21502599
-1509.18193551
-1172.32114333
-1063.69159901
-1614.67935899
-1580.06396985
-1527.26803219
-1209.95340236
-1311.52480216
-1613.89096418
-1080.87997656
-1182.09848555
-1351.85278801
-1484.69110340
-952.84034187
-1349.71721654
-1648.37518351
-1497.73960279
-833.06967559
-1615.31721791
-1499.09441716
-1321.41919931
-1558.68409552
-1301.22627090
-1523.22869475
-1485.40854630
-1182.39210948
-1124.14613039
-1643.42919292
-1415.20984776
-1655.59163188
-1545.02702494
-1641.84324178
-1563.60565922
-1494.64559847
-1578.90327774
-1533.43394162
-1637.12777668
-955.17404953
-1488.30036619
-1650.42507432
-1513.30067482
-1515.88248211
-1425.76514001
-1376.30157309
-1486.49542196
-1642.52256312
-1518.96180117
-1630.65091766
-1639.17073412
-1206.26839644
-1169.60066109
-1058.30554272
-1501.37052635
-1400.49247932
-1487.05031090
-1055.49781807
-1648.87901406
-1278.20947729
-1623.82188133
-1485.26348304
-1506.36357808
-1493.40603085
-1254.28217153
-1039.49254502
-1105.36440624
-1303.20389636
-1542.90029346
-1638.53402306
-1136.79463741
-1512.74490111
-1613.18994492
-1507.67484636
-1607.99690990
-1497.71726297
-1293.08726730
-1409.02364340
-1542.36939349
-1619.58897238
-1579.63216915
-1639.47781338
-1555.86322845
-1493.54637140
-1665.85956948
-1285.80556818
-1637.75140285
-1429.94444965
-1271.71214478
-1055.45319497
-1026.67008956
-1620.06590928
-1511.12221914
-1549.91377095
-1598.19277884
-1635.24857885
-1652.85945541
-1573.35875553
-1486.98515037
-1509.67639217
-1615.31020416
-1636.85625157
-1644.33730738
-1497.52948278
-1618.06523301
-1409.08951068
-1457.46344180
-952.58011885
-1065.65673772
-1210.01469442
-1582.11849809
-1006.91112737
-1231.52234141
-1503.80250996
-1345.35491550
-1615.80337987
-1236.26351374
-1327.59708012
-1231.79153568
-1444.86225482
-1529.75368968
-949.73155930
-1005.78626704
-1185.65461167
-1083.61374166
-1311.02032574
-945.53092745
-1612.10781481
-1573.22204849
-1546.25455086
-1570.26113346
-1318.78692086
-1491.09931593
-1035.49558622
-1533.50454530
-1286.60183864
-1103.49864576
-1081.41226294
-1318.86596071
-1442.34120604
-1646.78025789
-1179.50134848
-1134.73370931
-1548.71752284
-1511.08621681
-1606.11986742
-1512.32967627
-1593.32154015
-1562.07412017
-1457.27960325
-1591.60921501
-1170.50922014
-949.82447412
-1650.47707349
-1304.14197654
-1357.16532445
-1228.32266810
-1647.84470074
-966.13870631
-1645.33794064
-1086.31091674
-1648.28791975
-1066.77079652
-1594.17636046
-1184.53046824
-1648.78657685
-1646.96256600
-1650.85103347
-1545.22999527
-1650.93807690
-1492.95218336
-1643.73259140
-1404.81120464
-1366.94400496
-1634.76668354
-1650.74118369
-1642.66643609
-1633.08537574
-1492.87089655
-1613.85713291
-1513.69158196
-1641.29139611
-1637.51396746
-1208.35717672
-1635.58884663
-1486.03559081
-1152.07560944
-1633.19162216
-1504.95941977
-1520.80573894
-1066.17578708
-1211.78230954
-781.09837819
-1496.23567903
-1605.02343402
-1651.70960873
-1650.71335317
-1354.85911117
-1505.12052522
-1608.18917228
-1514.55630085
-1503.46721324
-1454.72372032
-1569.49928593
-1529.12758529
-1345.02523154
-1159.45022298
-1548.86850235
-1345.66638059
-1402.83139524
-1532.52226751
-1507.84299107
-1539.54843570
-1171.95090563
-1308.15366512
-1347.89000720
-1542.78505950
-1068.52694251
-1649.68755295
-1504.87243262
-1483.94034500
-1269.44257423
-1256.29668541
-1405.96447070
-1004.98981384
-1308.65860950
-1440.50645029
-947.51415008
-1605.97126326
-1651.18306118
-1248.08388460
-1533.23379738
-1595.32949982
-1578.07940950
-1630.14211108
-1416.94261277
-1505.93382978
-1527.81825726
-1168.64357239
-1368.23862605
-1617.72313987
-1317.64017326
-1590.91420071
-1057.12547064
-1354.65747789
-1619.30132658
-1639.16263713
-949.06136159
-1167.43445713
-1196.29874221
-1177.70208044
-1493.94498073
-1587.33438146
-1343.05433492
-1235.19509368
-1650.03902271
-1062.15351740
-1703.80925116
-1110.36264361
-1429.68263049
-1182.95240836
-1607.60705849
-1640.59245348
-1592.87818177
-1486.59348504
-1505.45278698
-1631.77293596
-1645.71560982
-1483.20013191
-1512.02679140
-1504.26938949
-1650.17551437
-1193.17979234
-1488.58063943
-1216.93248306
-1602.33405347
-904.02510009
-1522.41121958
-1528.02313450
-1495.41567142
-1603.03478867
-1255.02661198
-1606.26298424
-1607.23823265
-1539.34343900
-1557.28194022
-849.67654281
-1488.50315563
-1325.48484162
-1199.27758880
-1038.64136272
-1466.51763300
-1068.82737231
-1079.98002579
-1300.37746382
-1202.29617324
-1589.15730449
-1323.30558939
-1183.53616585
-1491.80397043
-1590.89719763
-1156.21932823
-1178.57924442
-1522.82298663
-1366.53553638
-1510.05141116
-1077.40653478
-943.30060452
-1538.45272418
-1616.04980062
-1240.76284880
-1507.14335820
-1348.02946409
-1298.14359766
-1349.68731350
-1334.70875358
-1176.63168315
-1529.35908275
-1588.76876978
-1313.81752531
-1505.16509132
-1531.54521700
-1651.01977259
-1486.19476612
-1628.44645050
-1527.62683609
-1452.99730108
-1570.56758452
-1699.27440445
-1684.03616519
-1449.50216500
-1477.30523006
-1184.97556312
-875.27223665
-1158.46075169
-1070.19005124
-1336.82881051
-1686.09053022
-1538.62297581
-1500.75389971
-1494.04813935
-1331.57342584
-1641.55266298
-1413.44674665
-1470.51363105
-1493.65564550
-1489.59486532
-1368.08656488
-1374.43140896
-1356.53284651
-1462.39628253
-1541.07752660
-1537.42337346
-1173.70027451
-1180.56890330
-1006.42589694
-1409.06684816
-1651.07447626
-1623.45035181
-1471.16148936
-1348.07320148
-1267.33103841
-1625.05736385
-1194.54324621
-1053.61796194
-1543.34726250
-1638.14907887
-1598.62901182
-1182.17901432
-1211.78493522
-1234.41657333
-1642.78187209
-1645.52350999
-1170.33798306
-1617.31651890
-1475.06152739
-1546.07648927
-1518.60086503
-1187.31720079
-956.53431510
-953.22278117
-1473.58128788
-1128.67715728
-879.50286570
-1463.07951886
-1438.75696296
-1545.04083905
-1339.61641942
-1025.86572846
-1624.15190636
-1645.36755082
-1526.28435667
-1155.67994335
-1421.36544387
-1577.47258514
-1349.48671587
-1541.46803901
-1483.01954442
-492.51021554
-1233.47193752
-1265.48181047
-1488.53118297
-1267.07863348
-1569.34020192
-1288.18291767
-1627.43258219
-1507.73624270
-1468.00616648
-1248.36459196
-1582.96533414
-1426.93169355
-1325.94308992
-1499.85697575
-1210.57942598
-1442.46614155
-1374.57006786
-1647.96524859
-1523.13072794
-1533.13799106
-1501.62423376
-1500.30507007
-1298.94433850
-918.50408577
-1319.10742854
-947.58417397
-1609.27336991
-943.86270344
-1497.17015376
-1196.93615689
-984.96443189
-1500.96125256
-1633.59103055
-1352.76933065
-1647.27669466
-1102.34340701
-1498.44329118
-1512.66827600
-1616.54972165
-1630.90879689
-1502.06008782
-1192.22795649
-1299.57881782
-1229.37790397
-1644.96365339
-1493.97754600
-1189.12315750
-1648.70546498
-1622.75124662
-1390.00520431
-1198.84967944
-1501.85370929
-1225.08744432
-1322.21964687
-1311.48157595
-1590.00838971
-1462.97026917
-1650.21175254
-1511.99169958
-1278.54563464
-1419.82786463
-1424.65098855
-1645.87522900
-1095.02790070
-1530.30519394
-1604.39127006
-1061.24793462
-1626.64708085
-1064.06193874
-1552.00116844
-1168.22762239
-1115.87305467
-1290.59776376
-1527.57895758
-1270.42237629
-1492.37081138
-1594.91019885
-1503.91642027
-943.12585634
-1152.16913664
-1521.62315657
-1533.86607485
-1497.10136722
-1483.20745383
-1399.59148207
-1411.98520647
-1287.38109208
-1602.25007729
-1646.35939556
-1437.18361608
-1053.26167651
-1571.77023321
-1544.63311112
-1156.40923642
-1599.76054481
-1344.40130039
-1506.74785728
-1056.73947704
-1480.32645140
-1391.48540000
-1311.58887692
-1504.42831191
-1249.83529441
-1552.81691564
-1501.35008346
-1132.62793504
-1498.44993631
-1506.16214626
-1531.07020457
-1317.87862365
-1532.21701684
-1630.37874109
-1348.68365327
-1134.89841942
-1403.01323045
-1511.50805430
-1503.70114306
-1033.08876129
-1326.61176773
-1238.20967196
-1492.31948092
-1654.24330975
-1648.40016608
-1177.88881780
-1532.32522345
-1588.53596951
-1237.47241168
-1230.23883827
-1610.40591595
-1646.38776844
-1647.94753287
-1265.46040115
-979.15810913
-1158.40892458
-1617.37462629
-1460.67367415
-1526.99258522
-1633.80360364
-1390.04784623
-1480.08881261
-1644.32154415
-1483.79798732
-1645.47552907
-1637.83854931
-1224.99050159
-1568.28921528
-1490.65741736
-1514.02096233
-953.06025562
-1239.01737324
-1514.11922128
-1649.20364925
-1414.52459426
-1615.64571292
-1350.36119632
-1139.88323952
-951.90942975
-1613.10302339
-1611.48471365
-1222.64681033
-1566.70431717
-903.93179961
-1165.38511133
-1611.32979017
-1035.04790610
-1346.51782194
-1310.39769290
-1481.79021533
-1309.63108803
-1592.77166379
-1184.41394849
-1646.33721721
-1372.26082734
-1639.47516047
-1178.81669141
-1565.99990722
-1045.07173886
-1456.04282366
-834.17130131
-1526.57326534
-1494.36126710
-1463.91575768
-1497.16323213
-1632.29496609
-1634.14534441
-1516.92662626
-1485.73755222
-1647.62808738
-1462.46473581
-1308.03418661
-1625.48438539
-1613.95537230
-1651.46650713
-1245.98252379
-1335.46524739
-1320.82583150
-1450.55645281
-927.88125404
-1320.60050186
-1079.15723184
-1487.49617994
-1508.01813993
-1184.33887652
-1437.12001079
-1503.27003101
-1611.68413536
-1005.18968711
-1618.96712317
-1592.78045903
-835.67862435
-1056.04999063
-1644.86338922
-1466.15643478
-1510.01496103
-1646.40345044
-1633.11345097
-1627.27072568
-1336.53039559
-1654.21922576
-1068.08823858
-1489.12706307
-1628.81709937
-1524.15003549
-1591.41666717
-1554.12919581
-1593.91353199
-1153.58897920
-957.99986124
-1604.20456130
-1490.12204507
-1613.98125826
-1327.26577004
-1322.73815153
-1636.07546887
-1497.26974353
-1486.26953984
-1453.05588343
-1219.20800512
-1319.14345972
-1543.54771419
-1262.29136012
-1384.42745217
-1387.47195559
-1641.52217510
-1090.03500816
-1632.94904480
-1486.90128044
-1534.46207763
-1512.66921757
-1639.43399545
-1562.61593725
-1631.15286989
-1260.72445157
-1647.00766214
-1651.57740875
-1236.41230009
-1643.15979562
-1087.78823865
-1483.74576222
-1634.36251092
-1348.59510553
-1194.98747699
-1413.20629232
-1646.43789295
-931.31324951
-1651.35148790
-1360.26122473
-1646.13533034
-1487.66557157
-712.46503054
-1621.83621010
-1387.25563584
-1382.27248939
-1128.36854070
-1520.46011512
-1344.78959562
-1143.70175310
-1545.91312248
-1642.21435984
-1262.77218587
-1326.61610372
-1338.15940820
-1634.38318791
-1618.19729510
-1498.53889451
-1602.21182636
-1514.28061591
-1297.47221420
-1533.39049939
-1043.88613438
-1524.22437973
-1616.65702246
-1442.40897858
-1212.01011520
-1152.26360472
-1601.96337199
-1606.33870140
-1487.76194595
-1567.92983722
-1552.45516663
-1088.99648376
-1042.36427050
-983.19370836
-1348.83568933
-1296.29864740
-1615.47380375
-1096.00162659
-1090.67038667
-1491.56054815
-963.97354992
-1459.77908783
-1342.18171322
-1351.01910574
-748.73786881
-1446.93862361
-1357.59119001
-1036.30978931
-958.07891507
-1643.40762510
-947.20980002
-1246.79897728
-1635.16056123
-1520.96329821
-1374.52790511
-1211.38183348
-1508.27302993
-1279.32321477
-1362.66790439
-1568.09409169
-1258.17153759
-1254.54049271
-1482.09676042
-1424.59069152
-1412.74754494
-1049.65295670
-1145.14772069
-1174.71610451
-1126.20383390
-1533.08718554
-1201.78523016
-1623.54229741
-1521.83117162
-1162.05413940
-1510.57033347
-1546.29363825
-1118.22644329
-1503.86556495
-1065.65686655
-1120.78430902
-1047.44098678
-1445.91509743
-1487.12327162
-1645.99361368
-1241.17309852
-1486.23465617
-1115.71127319
-1618.46517046
-1227.00511258
-943.85441889
-1648.76385426
-1641.18951656
-1198.14532754
-1634.17192142
-1366.21167768
-1497.35921576
-1605.31490499
-1474.88933528
-1390.15100376
-1553.24598614
-1651.18173348
-1640.43953014
-1587.74846297
-1441.61158840
-998.04761004
-1265.97656592
-1083.79600643
-1304.88196888
-1265.19553591
-1495.66209984
-1449.15525877
-1523.74876554
-1389.42948677
-1014.63733439
-1505.78769159
-1624.97584533
-1355.60326114
-946.70725148
-1497.22179284
-1485.55148220
-1540.83516094
-1054.11810306
-1492.30803018
-1483.90803591
-1090.22574902
-1639.29297133
-1057.69783749
-1350.08437761
-1593.82156281
-945.46252153
-1139.23074887
-1306.30776157
-1483.63962342
-1633.66358503
-1485.83243130
-1651.77404179
-1647.74709140
-1543.27746423
-943.48484362
-1232.05242402
-947.34345723
-1641.00422521
-1649.19850805
-1410.39313574
-1244.20285058
-1172.49169487
-1324.53344737
-1108.24771118
-1501.63273225
-1317.98923152
-1637.95895546
-1142.99987093
-1303.92048040
-1239.23887711
-1641.16746184
-1645.83568790
-1340.68464430
-1564.33912717
-1639.21127876
-1503.25135794
-1142.81381108
-1203.76301668
-1379.58832725
-1325.95095317
-1648.61227558
-1507.62450285
-1634.95174631
-1521.67037477
-1297.42997205
-1501.78952896
-1647.67742813
-1325.77604039
-1490.50279644
-1630.66254477
-1504.55340559
-1640.80413198
-1208.90264754
-946.67569394
-1489.54809142
-1650.80164324
-1595.13877271
-1449.20497827
-1507.19277731
-1624.98313543
-1487.75259213
-1652.60806454
-1149.06493417
-1487.02937515
-960.73511659
-1574.84536570
-1538.33572995
-1410.44810625
-1554.46989033
-1623.94470298
-1602.50506266
-814.14846789
-1463.51997465
-1417.26444364
-1380.37157719
-1087.75531063
-1529.16507085
-1355.99029715
-1310.90173607
-1621.33530466
-1555.74644573
-1555.52337441
-1608.45153080
-949.19198669
-1341.03599431
-1487.31456753
-1186.68085292
-1651.44984058
-1525.00546345
-1372.94343707
-1353.63979985
-1485.42867145
-1536.26757919
-738.30877909
-1411.79972515
-1620.33309653
-1649.54733848
-1097.38944160
-1064.57743991
-1499.64344698
-1218.12220814
-1497.95015118
-1605.72846066
-1650.39507932
-1643.40666897
-1073.90176529
-1542.26723198
-1196.09754130
-1463.31447875
-1552.41437558
-1418.11989847
-1312.48598926
-1550.56599309
-1645.13937142
-1177.11103155
-1270.42005344
-1635.15452590
-1102.10126171
-1653.95855562
-1499.34491501
-1521.49661270
-1604.47277139
-1292.14620297
-1545.44906987
-1641.82225368
-1441.01212729
-1601.07577095
-1554.29666938
-1411.70491536
-1622.36238980
-1325.77878076
-1536.86052716
-1641.81774677
-1343.94264583
-1621.35968049
-1182.12328673
-1628.77096508
-1545.02576984
-1581.80859801
-1579.18055620
-1633.81737260
-1617.96821025
-1637.51364034
-1506.29253276
-1531.96272015
-1532.82519955
-1469.40652032
-1205.05138653
-1056.00124275
-1527.47850801
-1474.00911573
-1515.43329819
-1180.11335972
-1282.81725257
-1467.43704958
-1410.41670168
-1634.01270044
-1233.03675689
-1549.22379612
-1541.20357764
-1533.13449882
-1150.49505440
-1463.81908228
-1522.77218519
-1526.00338071
-1492.20038554
-953.37164397
-1005.78007116
-1593.40600179
-1243.39285848
-1292.62926617
-1525.73992526
-1062.88180161
-1517.62921651
-1567.69487702
-1306.62281497
-1637.16886097
-1487.48052387
-1650.71872364
-1183.47989015
-1390.59606272
-1496.10008505
-988.11788530
-1538.40519640
-1344.94254376
-1541.67027198
-1487.83019616
-1457.09239456
-1486.18681820
-1408.14453734
-1390.02182127
-1648.68117571
-1413.87970852
-1651.82460060
-1618.80667936
-1401.15286663
-1616.63744756
-1623.18629991
-1201.68917195
-1547.82314758
-1463.30612763
-1500.37796283
-1162.90850224
-1498.88975378
-1421.02765085
-1620.73485410
-1343.50467901
-1413.14901049
-1302.72660823
-1203.40217064
-1270.54842336
-1613.97203067
-1213.72498529
-1505.40936916
-1055.53966433
-1639.74418820
-1505.84900360
-1065.75086740
-1431.93448881
-1521.68803684
-1629.91829654
-1565.19784517
-1640.97087973
-1333.86576924
-1445.32691894
-1493.66903308
-1570.05777682
-1595.90666773
-1353.99293390
-1344.14706471
-1524.68056746
-1608.99781412
-1356.76446644
-1354.08653751
-1353.69308022
-1621.45093120
-1625.50283169
-972.27215336
-1553.38402230
-957.10477714
-1314.61277524
-1542.32564966
-1269.68147780
-1620.61722852
-1637.21400071
-1544.73580958
-1484.98793871
-1540.85228165
-1168.60966674
-1613.33714726
-1525.17011210
-1493.36663627
-1507.89297044
-1342.73869402
-1558.08771423
-1512.58323855
-1322.49863564
-1063.36649362
-1311.61177990
-1697.78084869
-1336.52104388
-1245.35569016
-1324.25429806
-1435.03732502
-1304.95207667
-1342.66927569
-1488.23342225
-1239.92530023
-1435.73373745
-1432.08348379
-1477.14732145
-1231.48584855
-1034.58359088
-1648.65525267
-1376.03869843
-1335.58075018
-1555.67414824
-1560.75147985
-1336.28357190
-1170.38333827
-1519.12312081
-1551.75456310
-1586.41018952
-1536.51845311
-1627.72058705
-1639.03438577
-1616.73876234
-1598.74264315
-1609.62173006
-1365.47389019
-1653.57830448
-1176.22189694
-1064.55544944
-1494.14117038
-1269.21863092
-1183.48890922
-1645.18739766
-982.24432634
-1199.53378550
-1650.75677512
-1652.40713088
-1501.59495592
-1317.64235557
-1316.12167657
-1489.12361213
-1645.57112901
-1508.23612102
-1650.81007577
-1653.71073052
-1495.26528517
-1586.18487061
-1492.83090829
-1324.61720281
-997.96639287
-1554.99796252
-1064.62861210
-1249.10335868
-1540.29490336
-1575.20784856
-1495.16506977
-1383.10510623
-1623.79228699
-1269.46049643
-1538.50511152
-1492.25331752
-1185.57967618
-1537.52201794
-1582.92383380
-1652.90141141
-1404.27925150
-1045.30508242
-1578.24375221
-1518.88621336
-1314.52180233
-1531.48200560
-1005.14035304
-1573.44439518
-1091.77880438
-1192.54249733
-1528.09695778
-1182.71376525
-1468.22480532
-1164.62011604
-1286.34035959
-1445.67011912
-1659.40973101
-1611.14250558
-1570.50530575
-1483.94474762
-1277.21441374
-1312.83339431
-1642.89109997
-1486.70246517
-1166.06022461
-1154.28501361
-1418.08673616
-1351.20751515
-1307.59008426
-1042.66429496
-1484.19697006
-1273.06617898
-1651.67332954
-1040.57990485
-1114.35612680
-1643.84526067
-1602.10803669
-1640.85512836
-1642.38599404
-1389.85895267
-1564.96932461
-1618.63101057
-1488.36184834
-1315.00797726
-1198.28424219
-1458.35835685
-1625.36039380
-1198.70032360
-1316.69363391
-1626.04219603
-1512.99987623
-1643.42081633
-947.86799557
-1317.20004388
-1475.89460558
-1267.71549550
-1504.65296451
-1350.33106363
-944.00100828
-1182.26941383
-1164.74683135
-927.69720935
-1462.02819924
-1609.17211575
-1400.39212000
-1616.81305988
-1303.48883749
-1399.02805146
-1554.07719465
-1492.01113734
-1542.90544133
-1308.85470547
-1336.47019288
-1320.68586620
-1384.12336813
-1177.17385225
-1578.20859540
-1495.44164192
-1378.96986313
-1179.67938289
-1321.01466014
-1489.16981001
-1544.36350597
-1617.27052406
-1254.82549944
-1063.18368364
-1297.71725223
-1584.74728094
-1277.12495468
-1273.62352786
-1571.16217480
-1594.13385718
-1495.57472143
-1430.06792352
-1492.80275371
-1511.59080121
-1377.51475936
-1358.15517682
-1160.46658009
-1643.04011863
-1419.40159426
-1177.76697340
-1600.44388228
-1487.36274452
-1284.01684920
-1610.53969160
-1327.42060485
-976.21900592
-1309.40370273
-1371.84199292
-1445.55020945
-1639.88663088
-1504.51281789
-1166.52488643
-1361.31612924
-1498.21380416
-1208.91514605
-1624.07677431
-1598.39407345
-938.58248018
-1631.03776353
-1270.06676526
-1650.99093549
-1477.10066515
-1204.64222174
-1210.09068681
-1213.87932956
-1159.91282176
-1548.49525817
-1316.04384316
-1646.69757689
-1468.72479038
-1560.06438842
-1351.60316787
-1488.42976954
-1156.37356669
-1637.92225138
-1652.08445385
-966.28208798
-1622.28337422
-1391.12455740
-1212.75970058
-823.70319238
-954.16627361
-1485.43763234
-1625.68993578
-1630.14004851
-1195.81749074
-1490.02642337
-1496.82687629
-1444.50705039
-1586.55623990
-1599.94610450
-1528.05902175
-1500.60408205
-1122.43017100
-1605.55017318
-933.17263504
-1462.79703312
-1597.82637549
-1631.75900555
-947.77100211
-1495.91184794
-1255.01834851
-1415.33362673
-1497.27484551
-1631.42503485
-1370.05275270
-1649.31862541
-1646.50528037
-1465.05502387
-1643.48797518
-1648.11751730
-1358.97313485
-1629.18359072
-1588.13678267
-1172.25176979
-1546.82980505
-1476.91812951
-1396.39995779
-1527.85258543
-1562.72154513
-1545.78446257
-1564.70018346
-1253.91213545
-1430.82521599
-1623.95791760
-1397.17311636
-1619.58001647
-1170.91842727
-1489.53526425
-1131.83396351
-1060.14070339
-1350.02293600
-1647.40411897
-1493.12601801
-1384.47629238
-1187.67399400
-1663.55312393
-1308.37463552
-1551.49566676
-1403.80653777
-1498.29297903
-1539.54246202
-1417.90593912
-1176.69454041
-1304.85087990
-1218.41919792
-1080.15822732
-1319.10366333
-1446.83008925
-1626.69393433
-1160.65365247
-1502.67776773
-1444.26188088
-1507.36087005
-1195.77299779
-1440.79440721
-1337.09460558
-1224.12561374
-1646.81947777
-1199.23593121
-1174.98799213
-1350.92383396
-1053.06156063
-1284.88150064
-1585.12874331
-1332.14712451
-1643.17325291
-1522.76357799
-1233.04408630
-1371.65257452
-1463.86364279
-1084.33366533
-1655.01756596
-1583.41611843
-1318.67483839
-1648.17359171
-1517.89351127
-1639.57720793
-947.80483887
-1649.50364118
-1650.22665268
-1540.48582867
-1185.65961634
-1550.96832721
-1488.56679058
-1424.91606111
-1625.63083957
-1543.12011394
-1513.59435534
-1320.69612378
-1618.91750659
-1637.60504210
-1653.23334399
-1534.44512436
-1438.89627327
-1190.91196852
-1484.60756910
-1495.13046956
-1630.48733361
-1492.88475104
-1148.11975763
-1573.56950242
-1068.58178943
-1601.27663886
-1369.00555170
-1606.09545043
-1365.24703884
-1648.14856993
-1644.91140200
-1527.55027327
-1323.76820821
-1493.84641427
-1620.81389329
-1393.14105365
-1627.59595956
-1480.79085626
-1162.77850303
-1522.94309890
-1578.92131530
-1489.93003705
-1620.01597736
-783.34905798
-1652.33489890
-1592.70833970
-1500.75243905
-1491.84622829
-1045.01066984
-1191.15648391
-941.95525178
-732.16341153
-1643.82363748
-1485.93795791
-956.84704300
-1073.92183356
-1603.74274394
-1257.73131557
-1514.42142226
-1560.27824601
-1544.73917828
-1357.09180496
-1639.81049261
-1183.83174679
-1059.12388414
-1553.22824610
-1636.14753473
-1640.95925846
-787.75936468
-1215.51798132
-1648.83205906
-1404.79651246
-1522.81890831
-1456.65331108
-1435.99927757
-1499.25980721
-1623.63699741
-1198.80141589
-1642.13723634
-1532.52020080
-1626.13397936
-1289.18057927
-1096.54339986
-1513.22222086
-1261.27375201
-1544.66598573
-1427.08897970
-1430.32493485
-1369.91878803
-1459.36601501
-1492.38873748
-1196.64310982
-934.91698815
-1611.64724649
-1489.36485717
-1277.93200507
-1190.26641314
-945.81805628
-1504.89912083
-1312.71786224
-1364.92022285
-1622.67279472
-1605.25136029
-1542.54189160
-1186.07252730
-1605.50588986
-1527.87909827
-1172.07947382
-1476.70952714
-1503.82797664
-1170.75254982
-1526.22838646
-1637.87464575
-1158.55937000
-1515.28156115
-1455.44349005
-1634.22702300
-1572.52702002
-1555.68233735
-1163.28144931
-719.01029239
-1451.72132583
-1652.50687777
-949.96010555
-1296.58085154
-1578.08406769
-1196.41617785
-1329.34584273
-1170.81745669
-868.86333418
-1273.69186480
-1635.93964180
-1647.79977087
-1567.84570940
-950.10173604
-955.19026736
-1363.45172776
-718.20988604
-1603.52207851
-1543.23884178
-1286.57723539
-1295.44701264
-1640.77165084
-1643.95832040
-1080.51325077
-1195.12634000
-968.61314080
-1177.50406686
-1487.43209116
-1087.16711025
-1498.03007440
-1518.52438774
-1614.75692131
-782.82274487
-765.99228306
-1634.27208350
-1621.40062008
-1032.49889896
-893.31829627
-1633.27693461
-1647.84473143
-1551.71711819
-1533.87304732
-1178.42991985
-1648.13502776
-1559.27608660
-1233.74300960
-1255.89883592
-1397.87156239
-1490.95998230
-1064.93828259
-1200.95043259
-948.76511729
-1311.24511231
-1308.01910009
-1570.93907779
-1556.71886884
-1323.61121084
-1400.99854686
-1345.33498109
-1298.47199332
-951.39065482
-1561.32952087
-1644.86397971
-1032.28198962
-709.45741094
-1320.12301078
-1506.73096778
-1063.29336935
-1481.56957985
-1413.47686254
-1634.99766918
-1499.47000978
-1502.98588932
-1605.78573661
-1052.22691290
-1647.70160984
-1507.70449904
-1642.18788852
-1621.28501690
-1112.85945741
-1482.08400380
-1208.07739939
-1203.12710391
-1650.21109743
-1497.20880400
-1466.27560857
-1502.16074620
-1647.74262409
-1380.73971739
-1617.89950748
-1581.55176410
-1564.01612747
-1628.13082493
-1532.54642072
-1554.69517284
-960.66230859
-1524.01578078
-1048.74304180
-1678.03462364
-1328.17233029
-1499.11244912
-1342.16637793
-994.89670324
-1166.56360766
-1444.78193624
-1649.27162444
-1517.27701838
-1366.98450797
-1428.00493661
-1292.64415686
-1349.75457182
-1585.25017375
-1168.66182934
-1522.62550606
-1295.23869515
-1346.28191298
-1024.50942045
-1232.05735173
-1341.48028148
-948.51996427
-1207.90706317
-1033.89671850
-1408.41832381
-885.30516703
-1384.63113487
-1014.70073432
-1310.46050660
-1228.51680374
-1428.93412795
-1674.28615649
-1367.52759105
-1151.70402819
-1634.63715003
-1487.14994865
-1553.75272150
-1039.84560604
-1443.88243567
-1423.77003107
-1184.42890624
-1157.53273493
-1591.45844486
-1438.88165776
-1244.32414404
-1375.37652160
-1397.87407562
-947.53514854
-1457.02830943
-1564.90880129
-1481.62169133
-1612.23392388
-1505.99218770
-1306.27594226
-1740.67743436
-1166.10919413
-1290.78168294
-1493.86687723
-1124.26472423
-1164.19471412
-1592.21243242
-1602.99901166
-1366.14151855
-1615.85076640
-1578.14451695
-1495.38405833
-1516.60451331
-1236.41739181
-1513.11546202
-1600.28281625
-1475.22476983
-1616.63175091
-959.44364500
-1641.97729088
-1169.36014719
-1623.09908153
-949.45893552
-1241.39719650
-1213.43256615
-1631.90636922
-1058.27827624
-1061.16464465
-946.56891417
-1148.59039970
-1484.28764483
-948.14600459
-1141.27737141
-1538.27024589
-1484.61550219
-1075.31972614
-1389.40227359
-1506.21123332
-1507.32027162
-1331.53655592
-1500.71785973
-1203.92846654
-1639.58327080
-1532.79512081
-1127.01971322
-1593.71285763
-938.14442171
-1630.15024446
-1485.07979300
-1500.76938046
-1068.62966158
-1349.05197189
-1545.33655444
-1514.04345065
-1492.39542565
-1503.63562250
-1417.04206332
-1495.49096641
-1487.25458700
-1474.41102511
-1742.08210005
-1250.82774227
-1324.92312973
-1692.93761001
-947.78665420
-1648.64095996
-1350.06008845
-1372.43975431
-1339.94579328
-1516.75307362
-1140.45511505
-1540.52468508
-1495.36195884
-1612.66569251
-1421.18399230
-1320.02117511
-1202.03921177
-1548.06129086
-1389.95173966
-1062.88035526
-1651.48448704
-1652.47361189
-1505.25050090
-1586.92367249
-1654.44207752
-1635.44854414
-1115.70898909
-947.42745892
-1486.13892164
-1262.96013191
-1127.10135534
-1395.01605463
-1353.00540920
-1435.37511144
-1376.29380581
-1491.42546147
-1430.79019433
-1194.30063922
-1652.92290338
-1644.44201519
-1177.33841217
-1178.61298297
-1647.07243546
-1571.65130540
-1641.09210420
-1526.48781821
-831.80371138
-1498.20182739
-1528.14998946
-1287.67538131
-1545.24750511
-1624.81075069
-1482.11937036
-1317.02805487
-1512.79416465
-1499.80599953
-1350.00492291
-1641.96120465
-1231.22321341
-1123.51996981
-1527.80808357
-1571.67211203
-1593.53158854
-1337.00437260
-1343.69079552
-1550.55118800
-1484.38803810
-1308.70217689
-1641.68748916
-1253.73279098
-1613.54742410
-1545.80773665
-1487.25582560
-1639.87870893
-1517.25573266
-1509.44474571
-1593.58716416
-1581.06964103
-1485.91354259
-1649.95941486
-1491.90889914
-1654.30879160
-1064.64635283
-1635.92743198
-1502.81366331
-1648.26307708
-1647.72317829
-724.21561247
-911.34004637
-1647.77001092
-1648.55920488
-1523.93387615
-1127.93871405
-1515.19291149
-1335.00359426
-1412.06796144
-1601.71580386
-1526.03748710
-1068.72452864
-1346.53482132
-1588.94839087
-954.89007933
-1559.62284996
-1524.05849529
-1496.14704937
-852.51255676
-1567.36555285
-1203.54392706
-1347.78841081
-1621.34839897
-1681.52378732
-1405.57717682
-1173.14899264
-1472.76133390
-1510.30567524
-1637.68754851
-1565.64229953
-1317.06148816
-1309.10401685
-1643.21332537
-1632.74596691
-1633.61993398
-1646.71389596
-1298.45964969
-1083.39653879
-1625.63292454
-1214.86648375
-1391.83165241
-1176.19981450
-1568.85375387
-1506.04991583
-1493.91808024
-1243.27343823
-1435.70454667
-1437.10327452
-1615.71098701
-1416.10694029
-1169.67968609
-946.34165311
-1603.21275371
-1639.57947133
-1539.89080390
-1017.26503930
-1518.33456467
-1543.79864015
-1544.22782954
-1275.85519307
-1434.11476530
-1629.93083220
-1060.99521417
-1548.37852531
-1378.27755303
-1490.13710117
-1334.73850439
-1467.89460040
-1626.40418608
-1427.03744201
-1506.12401033
-1615.42147639
-1650.82313178
-1139.01894374
-1516.84745713
-1169.64803086
-1571.65855471
-1637.66253011
-1413.34720176
-1489.72256142
-1548.12439268
-1635.44675139
-1202.72234046
-1507.78515757
-1041.20479153
-1524.03402713
-1579.52878612
-1611.44665501
-1352.78635650
-1446.23006989
-1378.87395693
-1625.66861742
-958.55891734
-1440.53054764
-1497.91906414
-1589.79632967
-1389.19863177
-1586.24912449
-947.14671416
-1339.26579761
-1171.41921944
-1483.19905467
-1161.06076358
-1578.11496470
-953.25815734
-1549.00782043
-1155.01430244
-1533.87169893
-1635.90962030
-947.51869505
-1188.38120366
-1618.72629044
-1584.93474160
-1361.24953992
-1274.58118868
-1482.12596437
-1134.29641343
-1588.79568745
-1311.95175643
-1287.91344039
-1497.38767430
-1273.99685458
-1474.52134335
-1131.41769974
-1063.26235340
-1476.40521701
-1193.56562571
-1144.45268031
-1328.96290334
-940.01576995
-1575.87904446
-1674.28994236
-1468.61507638
-1499.73357273
-1645.01317550
-1422.72838092
-1593.67862871
-1015.92396779
-1112.70322879
-1633.80082212
-1196.85042173
-1078.35435377
-1595.74672515
-1467.54607679
-1489.98069180
-1518.23337921
-1505.00311304
-1508.90543406
-1640.76718624
-1200.02589459
-1610.25246644
-1642.13620807
-1395.01761293
-1517.25110786
-965.70134719
-1575.16998314
-1622.03327501
-1487.11515694
-1525.95131275
-1652.00394562
-949.39661508
-1484.31937205
-1331.43475107
-1573.87453893
-1506.15566603
-1356.72075659
-1399.33612862
-1243.99365718
-1618.35452986
-1416.24734921
-1335.28575217
-1509.74194506
-1652.60122337
-1494.81364788
-1298.73027766
-1042.26937876
-1277.95414284
-1630.54687020
-1651.28361514
-1323.88451690
-1615.97047469
-1556.73255327
-1196.12430926
-1372.75588517
-1506.51710138
-1337.45589398
-1233.07805439
-1614.81964174
-1645.63425792
-1385.89448810
-1253.34266594
-1529.66542714
-1140.54745034
-1576.76621414
-1396.47179427
-1520.09062329
-1529.79333013
-1515.00004670
-1589.83838273
-1597.03921829
-1507.26602155
-1571.85203382
-1395.25269326
-1203.35109366
-950.02327012
-947.50383329
-1621.50246465
-1645.23702696
-1653.98158515
-1177.27041153
-1626.81538266
-960.28128840
-1581.13911962
-1199.46439531
-1550.03426070
-1486.82228183
-1204.39504948
-950.80216077
-1440.48262383
-1621.97797807
-1343.23666769
-1518.99445458
-1022.70725088
-1297.34840878
-1430.30330791
-1367.05131890
-1389.94063412
-1237.70497968
-1581.73112233
-1441.87737167
-1481.90270536
-1482.73181610
-1512.60178436
-1489.96741793
-1492.46958789
-1549.79460420
-1579.05154384
-1645.96637058
-1271.20193435
-1645.71123855
-1596.95438604
-1615.02002644
-1392.30283738
-1484.12111821
-1504.98106011
-1611.17239912
-1310.45726702
-1515.02088288
-1508.21428747
-1589.82867477
-1517.94806014
-1200.04053583
-1139.53678829
-1569.77731718
-1499.28434759
-1576.15130337
-1630.30014895
-1190.67283793
-1485.91745923
-1364.27312530
-1303.48263431
-1524.99798773
-1530.24015943
-1394.89130972
-1648.05937169
-1613.39544165
-1486.24666387
-1487.46293765
-1437.66697710
-1634.56824518
-1532.97712012
-1632.22559593
-1641.70141825
-1067.98930165
-1261.77833743
-1281.25556244
-1642.46301545
-1190.69825025
-1207.72117459
-1422.52105622
-1236.72220175
-1063.06417511
-940.49948760
-1551.22395467
-1522.75814069
-1538.19184457
-1402.05706264
-1513.05930478
-1053.67616531
-1026.90602106
-1648.12262534
-1642.17167376
-1141.59267576
-1531.50425491
-1630.34735199
-1545.64251119
-1597.79074808
-1187.91924460
-1613.32863008
-1062.98920374
-1628.83895062
-1634.26881002
-1206.72915678
-1605.50996566
-1595.84017664
-1505.91921873
-1586.58578505
-1166.77957972
-1039.14375457
-1516.11977104
-1227.10387544
-1106.43223714
-1549.97683455
-1493.19560764
-1641.97936258
-955.60923219
-1596.19014410
-1515.58619287
-1162.76722448
-1477.96629894
-1566.02305909
-1174.73926365
-1593.53905127
-1380.24733495
-1525.20589237
-1533.22223865
-1366.09710254
-931.81916123
-1505.21621888
-1540.66123261
-1618.03903646
-1125.38397674
-1532.35197976
-1615.69753942
-1168.00123192
-1470.66869829
-944.39570742
-1077.73165641
-1136.62374932
-1636.82394774
-1037.82964689
-1167.31416029
-1516.29563901
-1179.46776503
-1581.30493411
-1341.85113375
-1639.73296314
-1284.66589171
-1169.59893664
-1618.65502863
-1267.75062636
-1518.36143414
-1497.21910339
-1011.48969441
-1483.85206091
-1539.66770023
-1612.91422884
-1368.74289107
-1628.26001155
-1425.94169271
-717.84353274
-1350.26095906
-1217.95572020
-1506.44424046
-1406.20164277
-1646.70738623
-1487.05792724
-1490.74387098
-1644.67665995
-1243.03630235
-1048.78755748
-1186.99037508
-1607.89334323
-1191.25440720
-951.44836081
-1490.90731901
-1511.35260614
-1188.83063812
-1309.36655688
-1538.51783385
-1614.90801639
-1638.36827829
-1279.30724176
-1592.50811222
-1548.05963891
-1517.69843732
-1295.83433678
-1494.92414424
-1617.23026049
-948.86027098
-1343.81046227
-1178.32679849
-1431.02249386
-1461.22836743
-1442.37394520
-1426.26507776
-1321.07866285
-1072.95217161
-1459.55765134
-1549.85050903
-1543.82900384
-1107.14412782
-1417.84664861
-1502.57394106
-1624.47183029
-1243.04369079
-1512.12120016
-1612.79670395
-1425.99053260
-1385.19680025
-1645.01728482
-1459.56483109
-1219.11752945
-1161.84647586
-1536.34541886
-1571.56637722
-1578.68711351
-1618.34264208
-1444.52097888
-1268.16831978
-1568.87315300
-1238.77866722
-1570.21920459
-1514.34445528
-1493.33616316
-1148.34568283
-1652.17816284
-1347.20647801
-848.19857096
-1630.18165550
-1607.78058257
-1649.98829076
-1493.28285922
-1532.04099197
-1647.67527040
-1486.29989412
-1329.05216059
-1530.66678986
-1517.16630858
-1498.86310611
-1492.63187528
-1480.32379443
-1385.61737711
-1212.04980451
-1418.31868649
-1371.28960037
-1361.40917387
-1179.94267815
-1490.65233300
-1575.25478836
-1636.78929665
-1277.39243872
-1636.12665620
-1182.52410650
-1540.29120390
-1430.15241763
-1525.83503589
-1617.11036431
-1523.57176486
-949.03521389
-1475.36229830
-1461.97878569
-1580.58238781
-1510.26003975
-1484.05012233
-1651.28959945
-1303.22170551
-1218.77576183
-1238.55213976
-1602.60747459
-1171.35558190
-1272.51408694
-1504.88704465
-1504.10917997
-1581.70824699
-1600.80778402
-1560.89242761
-1512.09193624
-1398.48401741
-1556.84270528
-1108.38374844
-1532.94208362
-1543.06118665
-1588.81079454
-1185.80685455
-1491.15742506
-1595.18710726
-1170.32431488
-943.43002969
-1492.30303125
-1509.49701906
-1486.37106575
-1581.08420864
-1415.33152103
-1495.05121817
-946.64635921
-1075.85681523
-1501.79227766
-1362.70042160
-1493.05649285
-1509.23062104
-1365.51685704
-1100.24189524
-1278.91664731
-1318.67863016
-1606.34676389
-1566.57721881
-1180.29725856
-1646.54312268
-1649.65159271
-957.02105648
-1653.91429085
-1180.20913407
-1103.65348597
-892.81302453
-1324.35591450
-1539.47673241
-1127.58184198
-1535.97173028
-1612.90491205
-1582.34434488
-1210.32612780
-1536.99589481
-1491.28377572
-1257.30156230
-1455.67715878
-1080.98277692
-1636.16820028
-806.16451963
-1496.95815455
-1212.11311519
-1647.06619126
-1050.76636920
-1374.53481376
-1501.87530696
-1181.57895455
-1612.41228080
-1542.50919678
-1528.07663169
-1188.73523645
-1333.54436867
-1678.03897191
-1431.56321914
-1534.67197915
-1470.53128490
-1505.92026583
-1548.29276965
-1469.77949507
-1505.92802854
-1635.56082340
-1249.01247659
-1494.76585579
-1500.48266152
-1224.58170161
-1651.28752048
-1649.43116604
-1220.94873539
-1238.02851539
-1043.96049426
-1439.11227854
-1654.65185820
-1340.01534812
-1653.53671248
-1510.81435155
-1411.08355955
-1558.83954785
-1473.57889364
-1617.75688416
-1556.83546290
-1524.91594787
-1405.21232483
-1674.82598965
-1425.63526054
-1494.16842769
-1294.49085132
-956.65544042
-1500.45294868
-1441.81372100
-1443.70102898
-1036.14773623
-1320.51965126
-1610.98066257
-1629.57783589
-1183.67059380
-1627.82980244
-913.04641917
-1189.03252878
-1635.03383581
-1560.68095676
-1642.91438384
-1422.01545911
-1653.33839889
-1327.42590212
-1531.14610588
-1517.06895108
-1338.35273488
-1476.15104752
-1502.34743239
-1204.79917534
-1515.06789366
-1100.55306303
-1506.44235603
-1378.95984388
-1532.94211326
-1581.34443953
-1572.90344280
-1259.80676163
-1058.26353923
-1073.28429799
-1338.60618776
-1211.58900412
-1218.58737814
-1491.70079384
-1516.46037035
-1569.85988970
-1482.98934934
-1456.04403410
-1637.89825190
-1451.28333121
-1518.39994895
-1303.57949396
-1510.71248000
-1666.82454687
-1527.17241945
-1227.61804674
-1614.97525256
-1166.26696049
-1561.84815397
-1451.45620133
-1110.37983657
-1494.19574325
-1453.52709158
-1476.58641542
-1347.01720512
-1276.38227601
-1416.08237815
-1459.34329653
-1482.99776230
-1666.69712477
-1287.94393642
-1185.52442414
-1449.87314428
-976.42520582
-1625.67770094
-1518.28509701
-1105.65667182
-1614.42478244
-1393.37978846
-1566.91085320
-1517.09073214
-1527.01849351
-1256.60527372
-1348.60162654
-1309.33279574
-1490.80712261
-1629.53461903
-1550.08525786
-1284.04068268
-1085.69163045
-1533.16538026
-1496.18032899
-1570.47117830
-1484.21623294
-1481.71402002
-1483.18509994
-1486.23057705
-1515.21107565
-1165.61203528
-1150.37330022
-1419.11850885
-1462.02945330
-1455.95495721
-1367.36133638
-1737.43680088
-1162.76512235
-1493.40034344
-1494.40463842
-1527.29037017
-1474.43255616
-1530.36925558
-1228.02833870
-1405.45320843
-1188.63296020
-956.69558108
-1496.41996965
-1627.38502466
-1589.73171921
-1414.74089780
-1172.42457255
-1365.26053359
-1599.10095225
-1502.93461668
-1100.92904020
-1540.94389503
-1412.76326352
-1638.23660529
-1503.95355187
-1646.87646073
-1648.48740335
-959.21964531
-947.77625243
-1622.07995481
-1647.70585398
-1505.60005976
-1613.69822969
-1384.40725979
-1166.98781709
-1500.07469764
-1613.05213970
-1582.33310731
-1335.77158636
-1575.56706998
-1650.87198127
-1607.97198003
-1520.02421093
-1494.99722383
-1625.30706687
-1190.78845836
-1215.71889511
-1469.14216838
-1587.68374182
-1214.99942953
-1068.88094852
-1078.22896635
-1367.67773625
-1346.60447578
-1406.12407711
-1508.54764690
-1529.76132348
-1579.42358669
-954.49995420
-1171.46748595
-1507.19321881
-1508.99690283
-1188.23040169
-1339.44079192
-1209.23126202
-1565.94792693
-1052.17476549
-1466.05089551
-1280.09844221
-1443.50071026
-1477.97797255
-1503.21579948
-1503.44735196
-1438.00141488
-1582.49710864
-1339.71761468
-1352.07141011
-1597.25430505
-1535.93839149
-1315.11030783
-1337.27437278
-1321.79746474
-1287.25981471
-1530.15421122
-1452.84661632
-1080.04121110
-1650.50074483
-1477.55152743
-1274.31130846
-1447.65570146
-1369.09949809
-1554.04570645
-1357.82668467
-1646.90435980
-1518.14210703
-1648.94571996
-1511.34948386
-1043.03347845
-1543.82157300
-1258.61826978
-1513.56282735
-1639.57532720
-1530.56555278
-1148.85851759
-1494.01101777
-1629.06931612
-1515.26657726
-1572.15704141
-1099.95021080
-944.36441603
-1652.03912440
-1628.56263793
-1359.09436091
-1366.05600818
-1213.06049820
-1600.81238879
-1489.08385655
-1423.10151369
-1645.63206546
-1531.56145099
-1515.93040160
-1298.47827862
-1064.70299503
-1496.96655238
-1350.59028360
-1575.94094287
-1490.55581135
-1481.28090864
-1493.26404814
-1348.45051802
-1627.70783914
-1188.95097598
-1584.16412426
-1645.35561274
-1578.50386190
-1646.75032474
-1389.36658142
-1650.79012402
-1487.52254220
-1630.74263193
-1449.03265487
-943.74626391
-1593.41245359
-1634.80405062
-1490.40772461
-1614.94163493
-1506.77829950
-1533.85827226
-1170.18000280
-1417.44688038
-1184.21723100
-1625.47256094
-1512.77207126
-1613.53300608
-1265.48677843
-1552.40414973
-1571.75972405
-1570.94791648
-1654.19383970
-1570.99031730
-1576.85895759
-1332.16344763
-1550.59847201
-1520.66694188
-948.62422450
-1649.42362746
-1646.23761253
-1550.49630499
-1521.20285174
-1425.67532747
-1645.58976706
-1339.11361507
-1215.35162727
-1538.44303443
-1531.36570133
-1460.51086286
-1493.31301623
-1553.10153632
-1630.53580238
-1535.54774504
-1223.58263698
-1647.84104549
-1611.86208042
-1486.38711545
-1260.06923177
-1457.43514210
-1569.68779703
-1559.05024768
-1477.66649682
-1558.14067231
-1273.57013649
-1388.60438449
-1323.32623814
-1503.61653199
-1647.06677869
-1608.11832169
-1635.69814928
-1549.62837893
-1603.23597667
-1059.53092361
-1066.04956429
-1496.47056662
-1519.43192545
-1267.01977602
-1571.64192203
-1531.82597815
-1576.52817002
-1459.01748256
-1632.99210626
-1585.71973400
-1430.22748049
-1567.85817034
-1617.09999845
-1424.51339669
-1398.95948677
-1621.12765085
-1627.91065617
-1121.65635516
-1089.79782963
-1147.62477770
-1054.68512122
-1516.20935769
-1605.26150277
-1584.40448064
-1379.29585134
-1058.46219012
-1697.21024030
-1416.17701451
-1305.58120186
-1506.07407456
-1485.88974531
-1436.88897342
-1263.79096640
-1624.16719351
-1509.86464988
-1637.86783871
-1626.67393914
-1535.33025179
-1565.85312755
-1529.29313298
-1325.17672393
-1528.13591776
-1462.61528940
-1521.42734815
-1358.06371360
-1600.50642645
-1490.07582973
-1639.81350537
-1557.83673777
-1521.15399676
-1333.55411485
-1392.17864033
-1335.12990783
-1629.37863615
-1149.70919127
-1347.60686205
-946.14072979
-1721.30487269
-1687.28031968
-955.25638083
-1114.39544331
-1583.61258882
-1557.72255265
-1539.09739891
-1191.00140002
-1626.54789826
-1485.63063187
-1578.30512841
-1322.47814007
-1634.80199321
-1428.77745644
-1650.17015653
-694.13132986
-1632.09388787
-1588.18401577
-1206.99244664
-1614.68454558
-1220.06097475
-1488.46868827
-1649.25073133
-1483.94565278
-1503.75639755
-1490.11638924
-1625.12622575
-1638.95578348
-1539.32614104
-1484.28257506
-1520.87361721
-1361.29268962
-1537.16278872
-1623.50912538
-1013.68863264
-1520.23398660
-1495.74193431
-1400.09873385
-1475.20263300
-1644.06039339
-1655.68517507
-1465.03759805
-1348.80322658
-1649.39815325
-1506.20032447
-1289.94627630
-762.65089500
-1648.70353299
-1218.85523210
-1485.58331244
-1332.95956712
-1316.07810027
-843.19189599
-1330.15586674
-1651.98432766
-1529.58628199
-1645.03485562
-1639.50511162
-1650.09529090
-1636.82334093
-1343.46581251
-1643.08757336
-1647.29756735
-1612.31385296
-1570.70182298
-1033.85941503
-1514.84951564
-1319.75080517
-1485.01245980
-1391.00369062
-1645.52806976
-1446.29575896
-1342.01437541
-1664.39479008
-1288.51715141
-1383.56950978
-1301.01228726
-1617.33846516
-1467.74829935
-1705.31625836
-1449.00812689
-1480.14558954
-1064.65562875
-1192.30412184
-1528.72168336
-1596.12546657
-1550.55064535
-1525.39936476
-1528.41798532
-1485.40060999
-1486.95223623
-777.88125268
-1650.17622132
-1358.89436911
-1601.19314850
-1480.85422338
-994.65918273
-1270.29538613
-1634.51014178
-1570.91589112
-1320.90906180
-1647.65132245
-950.60492304
-1216.28616864
-1553.17341000
-1489.13434214
-1495.93977598
-1160.33603813
-1650.88814870
-1575.90615629
-1531.65824748
-1213.66862021
-1312.59224649
-1592.45197812
-1564.51848436
-1666.84235820
-1507.45325332
-1620.67735348
-1510.01331960
-1500.70184395
-1650.15357150
-946.75205118
-1513.62989839
-1645.65804494
-1448.40906242
-1496.34626858
-1651.90677889
-1425.66378334
-1651.14897606
-1340.17527716
-1625.06585928
-1620.40432057
-1485.92185868
-1452.36139948
-1172.08280365
-1488.95668378
-1079.51730239
-1645.83177240
-1646.18487764
-1648.48359041
-1612.35523857
-1644.68745114
-1486.68502661
-1612.20389290
-1553.81828004
-1521.67216219
-1333.62952472
-1427.49866747
-1463.59213332
-1627.46386683
-1589.19745274
-1468.83713660
-851.38486044
-1581.29052001
-1303.18071978
-1330.36169593
-1056.26023906
-1188.05943946
-1176.13692946
-1188.96874349
-836.58768577
-1052.09476689
-1181.71831259
-1475.26952006
-1520.81872012
-1629.86055117
-1486.98929401
-1004.48442166
-1547.84881308
-1168.64058620
-1618.19172826
-1407.17723639
-1313.47461831
-1452.42346574
-1542.52113162
-1180.84874707
-1511.64622556
-1648.32062505
-1514.60728548
-1490.62438604
-1579.66667049
-1622.85353602
-946.12598992
-1235.98794576
-1651.98068594
-1513.96746110
-1303.87860944
-1612.65549228
-1002.33096065
-1365.36072136
-1456.78690002
-1101.95500459
-1490.49156976
-1598.39283357
-1530.15040521
-1159.42930635
-1228.52272430
-1193.34805010
-1624.65328409
-1625.87144173
-1645.88210173
-1354.56170041
-1630.72993647
-1230.36182393
-1551.69928374
-1513.96656094
-1646.97883106
-1650.44859079
-1366.82106934
-1057.25504574
-1408.99698042
-1596.30113738
-1620.97948696
-1572.80793924
-1530.67329707
-1274.57115671
-1588.77427776
-1574.58256848
-1400.30958466
-1526.92047757
-1588.96600826
-1057.43872283
-1608.79250921
-1556.10693510
-1583.48895775
-1647.73234342
-1641.25256751
-1649.60919076
-1077.00619564
-1486.50649100
-1334.55636919
-1488.56501220
-1595.93948361
-1088.12551118
-1493.17600215
-1651.66324712
-1635.16154227
-1616.57409086
-1355.95072724
-1634.83646696
-1348.03511158
-1410.29571044
-1316.77613075
-1262.78678754
-1636.80693668
-1322.46908707
-949.62960781
-1487.99255434
-1297.45108339
-1646.18079385
-1188.22278660
-1204.56328074
-1615.30080316
-1651.51797811
-1118.67139849
-1554.90724122
-1194.57179570
-1487.59287907
-1608.33445966
-1187.06291901
-1278.90266315
-1486.05218903
-1651.64861996
-1363.89663128
-1632.92184504
-1544.21647555
-1601.22825997
-1270.75688666
-1507.79643135
-1594.66952778
-1019.19614140
-1373.92762860
-1195.24907591
-1237.51579072
-1304.55995042
-1654.10412239
-1196.14923980
-873.31344981
-1266.40707407
-1341.74137496
-1446.75863974
-1602.77916586
-1513.84673097
-1628.46566653
-1073.74012012
-1509.52969618
-1525.86265321
-1518.80577985
-1521.42614753
-1464.61210310
-1645.54578409
-1309.97128222
-1211.29961232
-1650.60087156
-1483.86363329
-1651.26162124
-1598.88647694
-1212.45457636
-1377.45112071
-1626.16328025
-1586.20012869
-1168.35584436
-1499.61134679
-1486.96203688
-1013.02531413
-1385.36684199
-1636.16326013
-1470.73065790
-1634.18867772
-951.45004906
-1490.64230266
-1031.82334666
-973.18308920
-1620.54191861
-1066.70527511
-1510.16190524
-1605.62545605
-1636.62243438
-1647.74914580
-1233.89089666
-1159.30697484
-1491.12202904
-1515.94845944
-1450.28125459
-1576.66314624
-1649.58478097
-967.29459185
-1537.19429658
-1058.50180500
-1153.73284755
-1142.40852549
-1547.46209915
-1513.90437877
-1500.27286457
-1522.01310925
-856.78672513
-1283.46878499
-1189.41171397
-1619.33476803
-1650.98551667
-1593.67474200
-1646.10426999
-1183.80975573
-1468.30913979
-1609.01872113
-1466.46797471
-1653.03562045
-1138.67208023
-712.32965090
-1649.01104457
-1049.84753220
-1378.86497023
-986.82636586
-1520.27702103
-1439.70705719
-1059.12459507
-1136.78271227
-1291.79739476
-907.32602600
-1440.69780205
-1644.95363257
-1583.06215083
-1214.76863928
-1519.51108770
-1222.23890748
-1642.18644084
-1522.44243975
-1527.01582434
-1550.26440198
-1488.95061340
-1547.44971630
-1589.73883920
-1502.49844219
-1649.12860969
-947.60443064
-1108.80927792
-1517.26608627
-1657.80774616
-1571.05974109
-1384.38602585
-944.46952713
-950.00767932
-1428.98211875
-1638.53125019
-1643.12051517
-1519.07942608
-1269.76807526
-1556.23398958
-1301.80968611
-1528.88456987
-1175.38937934
-1490.08359579
-1547.33809449
-1073.18691919
-1641.08377961
-721.17137473
-1475.57379301
-1203.79619420
-1351.99200301
-1611.37010180
-1478.56542685
-1539.74099288
-1620.45328987
-1508.84305599
-1591.11085186
-1530.12729122
-1340.75989940
-1570.27259865
-1511.51449795
-1508.30823101
-1486.62150247
-1466.80672188
-1618.93537581
-1326.97722865
-1512.32684419
-1271.88040943
-1591.47132232
-1268.27596747
-1637.20246968
-1626.14472344
-1483.84083767
-1141.51896392
-1538.13370529
-1618.80046696
-1585.64479204
-1419.56464760
-1476.16329208
-1077.42892361
-1619.70549213
-1058.97966036
-1583.05869216
-1115.26510688
-1505.04224005
-1323.72573115
-1348.64701903
-1560.92292670
-1632.59836418
-1412.01042300
-1555.52531114
-1384.06185590
-1437.61764335
-1631.45684399
-1654.75803881
-1491.36481734
-1578.14296659
-1599.43541782
-1275.32703495
-1266.43057533
-1347.52621844
-944.33133469
-1193.57043532
-1648.64305374
-947.63310976
-1247.91433786
-1643.47874899
-1153.11859472
-1543.17290671
-1605.66730251
-1632.31696046
-946.27789461
-1212.00921338
-1519.32164078
-1302.27159086
-1588.20085767
-1648.32410062
-1537.99877154
-1571.80377591
-1130.47761743
-1097.38353669
-1578.61343713
-1304.83982776
-1318.29904954
-1186.63412899
-1019.76014592
-1183.27257291
-1560.46617706
-968.57631483
-1350.47966837
-1522.16864290
-1077.45449982
-1503.07974910
-1218.66889234
-1356.48360500
-1607.76130467
-1478.40646921
-1279.11420602
-1180.61722482
-1363.05304973
-1536.13648123
-1489.57066752
-1477.47795066
-1614.38928085
-1636.92522607
-1339.48043360
-1384.14002052
-1489.58659688
-1649.09566921
-1636.52520144
-1507.74680693
-1505.59869502
-1510.94839932
-1270.67188322
-1034.25216281
-720.61582437
-1601.48368996
-1029.93316320
-1037.84719655
-1503.98687497
-1507.48914494
-1637.58253950
-1039.92869221
-1548.94079465
-1210.68969075
-953.72585867
-1512.16371589
-1379.74788553
-1240.03137891
-1174.28233784
-1267.83108030
-1557.66976051
-1261.20938276
-1152.07470046
-1505.95173758
-1601.79592537
-1453.89515228
-1509.93131677
-1586.37003795
-1540.38482398
-1191.59298164
-1496.38002519
-1506.59086859
-963.43967046
-1493.46715544
-1514.29391654
-1438.94227970
-1235.32451767
-1513.22145847
-1181.03955045
-1708.69619668
-1346.94079480
-1659.42411809
-1525.07345496
-1361.08404286
-955.62891115
-1400.32060573
-1245.10011135
-1650.81887072
-1615.89297789
-1432.21110726
-912.81269941
-1073.96194974
-1650.34320576
-1501.46624650
-1651.79233995
-1108.66633592
-1586.70698841
-1453.89482646
-1295.38384816
-1305.82348206
-1442.64431814
-1523.54852960
-1382.23340898
-1628.22961763
-1651.73697848
-1505.34848243
-1556.95486768
-1501.34130046
-1498.55546744
-1234.55341925
-1135.50615456
-1607.18326507
-1603.77746305
-1371.07227631
-985.87076878
-1519.08919790
-1522.43446216
-1471.83850745
-1496.99857940
-1376.67064694
-1575.67149901
-1340.68045693
-1414.62884277
-1392.83942331
-1595.34069622
-1640.64536760
-1500.50554435
-1491.40875266
-1363.42994743
-1058.75848156
-1412.78420954
-1281.70280337
-1518.86188871
-942.17202436
-1172.57306177
-1516.44014342
-1638.05011438
-1147.45511237
-1623.08702654
-1645.41130836
-1485.33106319
-1490.39157817
-1601.08377233
-1416.31153349
-1417.35173183
-1504.04473890
-1283.16514079
-1508.23329042
-985.38632434
-1553.45279258
-1542.89817450
-1511.57044647
-1338.61474768
-1307.74425284
-1164.60691979
-1166.41899570
-1426.41664636
-1466.20014823
-1655.90750618
-1611.19349942
-1633.60776431
-1652.90569471
-1063.05015090
-1631.26226196
-1541.65393746
-1625.48710379
-1378.42229608
-1315.86895856
-1323.45850966
-1475.72235909
-1053.95398511
-1373.00068916
-1636.06759870
-1623.22718439
-1486.10127095
-1628.44757523
-1318.38051783
-1608.70008405
-1580.45732148
-1554.59666446
-1476.12411070
-1508.89141051
-1400.97810477
-1502.67460766
-1193.72842008
-1629.16276557
-1569.69726513
-1333.81640481
-1540.69610368
-1406.69021477
-1411.56245030
-1486.93005024
-1505.56709105
-951.01201356
-1498.04445629
-1637.72711277
-1380.91353694
-1345.84132680
-1529.74441666
-835.79066683
-1036.56946985
-1634.28383436
-1187.04435678
-955.32299191
-1261.24795327
-1344.79549980
-1506.24392542
-1036.10192967
-1640.82538272
-1417.23322827
-1645.53630266
-1488.30368390
-1651.55202192
-1632.23789117
-1186.05325297
-1617.07830895
-1070.01446609
-1310.65057309
-728.45862569
-1508.48980153
-1067.06882523
-1638.25759901
-1308.53008476
-1438.75361447
-1482.12815483
-1233.74425157
-1493.79732925
-1491.84824562
-1538.42389767
-1626.69650333
-1454.91451394
-1178.15505207
-1538.41424800
-1253.69231582
-1477.37304991
-1533.91531556
-1504.01131149
-1578.51854719
-1193.31022808
-1654.29326969
-1643.34835147
-1504.45058703
-1020.46463935
-1630.77005182
-1484.63729783
-1344.68875469
-1646.37306951
-1195.93908659
-1541.29276232
-1481.78800453
-1560.99441263
-1635.32601205
-1420.87411876
-1650.22451111
-1468.86367129
-1524.37607194
-1511.22004085
-1524.30374712
-1193.63942872
-1345.75587578
-1205.24371381
-1057.55338331
-1420.20441196
-1653.30085594
-1285.62274530
-1516.97368967
-1091.07039030
-1526.32440629
-1535.98757677
-938.83549901
-1641.60332364
-1301.26606534
-1447.54222806
-1518.07138840
-1448.38599482
-1732.00425183
-1423.12607483
-1338.47920818
-1160.65234424
-1308.25526228
-1517.92406849
-1480.81388813
-1552.41769934
-1612.87155177
-1542.25547751
-1638.14634819
-1522.86263827
-1248.17189803
-1209.90008438
-1640.49943337
-1277.00138313
-1573.30695639
-1353.19084251
-1488.32832177
-918.53905655
-1294.61522875
-1087.16583602
-1545.17531573
-1613.67730955
-1517.66920041
-1091.60898684
-1492.80606091
-1008.72474951
-1412.97772138
-1196.42199845
-1576.42035247
-1639.15087994
-727.79793222
-1093.43029470
-1521.10899600
-1052.41791002
-1560.53576503
-1596.01546263
-1397.21832524
-1483.90199539
-1484.76082494
-1645.69034548
-1067.51877358
-1604.15664771
-1282.66923336
-1364.75492828
-1486.54308419
-1187.28138697
-948.79662259
-1624.59914774
-1643.61434698
-1487.98221620
-1158.38727606
-1633.85625775
-1430.76482285
-1519.32569558
-1224.93150325
-1513.54488402
-1566.66652165
-1546.75945511
-1609.50610940
-1361.22540626
-1156.66416441
-1208.12425591
-1368.01239700
-1197.99815190
-1368.74555766
-1368.02059185
-1424.16507822
-1559.30188573
-1154.07321560
-1058.50863010
-1054.11349644
-1534.54381560
-1649.05365108
-1006.58932590
-1116.46892840
-1173.60903127
-1385.54076473
-1572.99695651
-1351.03105281
-1515.51463657
-951.61833764
-1618.34210339
-1404.64003082
-1556.13839533
-1434.12031831
-1531.52431937
-1507.52816213
-1645.67034169
-964.06920974
-1523.19263056
-1505.90255092
-1635.41525615
-1283.32545121
-1507.69627375
-1636.72036315
-1542.05584445
-1640.91588077
-1509.42264497
-1511.72803163
-827.83421784
-1306.17450789
-1286.08720995
-1577.57298671
-1500.52902721
-1639.74146000
-1476.37487907
-1563.57715680
-1541.48299249
-1394.43689671
-1553.30316225
-1194.75919782
-1538.72424219
-1344.82849546
-1500.48123246
-1496.64184806
-1513.74364166
-1647.63943777
-1485.14807713
-1513.22474623
-1506.63781699
-1523.29070442
-1282.12615961
-1598.67476404
-1361.76666991
-1202.70333532
-1636.03012178
-1168.82819930
-1597.76946650
-1513.31646740
-1531.79251365
-1629.07818898
-1654.36073270
-858.69909516
-1527.58723308
-1608.94330786
-939.71901402
-1086.90566486
-1528.39865403
-1488.30657851
-1146.29401305
-1512.88783201
-1179.82817928
-1508.55240344
-1621.45437395
-1475.75087167
-1332.23136021
-1490.62914613
-1501.73319040
-1638.97899567
-833.53939641
-1522.80782034
-1359.62695710
-1471.91602061
-1407.54789235
-1399.82107529
-1488.23118812
-1583.43553800
-1504.07801612
-1501.76189522
-955.72981198
-1820.23995452
-1644.32152334
-1615.75049870
-1169.61483872
-1376.25595111
-1147.75360498
-993.63051990
-1595.56936979
-1533.34913284
-1548.44499678
-1511.29604157
-1479.77275482
-1176.31619296
-1558.53572233
-1653.18157493
-1503.20866580
-1625.63617253
-1505.26932337
-1249.76752550
-1421.38671765
-1060.31131692
-1495.89190466
-1547.80529468
-1606.40949379
-1154.31060637
-1508.79136812
-1452.37883022
-1644.70225241
-1640.69974418
-1642.82375676
-1402.49685152
-1149.11876835
-1328.23024387
-1635.44560491
-1206.68603289
-1511.69636947
-1513.13235569
-1562.64113908
-967.68246118
-1513.14407163
-1546.04567270
-1626.80566965
-1644.83006589
-1633.97349719
-1538.60833019
-1178.93860137
-1516.11689884
-1649.38519930
-1063.77639269
-1641.72235772
-1647.92951263
-1471.44934510
-1642.28649204
-1628.49372887
-1329.56259517
-1387.57503726
-1277.37432580
-1649.46950067
-1646.73318910
-1498.51237051
-1230.43690854
-1450.18964047
-1532.60786501
-1060.86267153
-1360.46562337
-1426.52081999
-1648.28292863
-1644.46419864
-1334.07825426
-1618.33350420
-1647.33060594
-1487.00321937
-1407.05979608
-1481.03162445
-1153.80110685
-1585.80096912
-1396.99493851
-1624.98143153
-1248.27576982
-1325.07367410
-1642.09914504
-1227.21937145
-1287.12435681
-1467.42991737
-1616.27449168
-1531.58508014
-1192.87909982
-1117.80666213
-1599.44548940
-1191.80912282
-1533.88512915
-1647.86311902
-857.69467495
-1372.94305650
-1121.83141905
-1494.82346790
-1355.96351094
-1546.99927890
-1623.76827193
-1325.65432310
-1640.74804240
-1330.03238915
-1579.64458249
-1490.38787360
-1638.83867968
-1508.11651176
-1391.08542313
-1191.77157588
-1334.37804747
-1392.48759462
-1490.38074540
-1495.04559376
-1078.47160622
-1526.36500429
-1624.03333394
-1177.65281154
-1486.45360074
-1568.41399981
-1368.77434589
-1653.45880926
-1350.83706279
-1116.62015951
-1502.41061921
-1532.89966561
-1360.89899286
-1648.10907447
-1457.28792943
-1610.02443737
-1442.96510085
-1265.60361515
-1547.58405793
-1531.27735178
-1512.52533860
-1260.19081505
-1314.85048653
-1064.63875972
-1497.63152706
-1320.99540161
-1518.85368334
-1335.43540876
-1059.80971963
-1614.57074518
-1560.32295510
-945.89964073
-1651.07041530
-1115.12010386
-834.70802021
-1633.31938653
-1493.79950013
-1571.41900407
-1597.76903309
-1500.09658895
-1513.09448739
-1128.84769831
-1510.01908634
-1299.51061437
-1201.06119040
-1517.41563888
-1540.97294849
-1371.42933944
-1038.87994716
-1004.74758204
-1380.49794690
-1558.86136208
-1497.35437621
-1012.88652079
-1144.07557060
-1226.65410724
-1198.96433521
-1527.39840488
-1012.71466319
-1604.59342183
-1602.34845124
-1186.01092293
-1448.59676355
-1030.88785394
-1594.82243719
-1178.48256983
-1474.06491805
-1527.15925378
-1592.87073038
-1442.63772349
-1160.27702539
-1539.50120589
-1607.82922251
-1525.41663232
-1647.97136124
-1448.71010927
-1063.86717500
-1432.08495126
-1478.56368254
-1242.51035483
-1322.61702208
-1630.57919076
-1582.96965926
-1643.83921682
-1626.26699988
-1076.00026194
-1370.20460054
-1486.18472320
-1241.48541725
-1383.80178902
-1496.95399739
-1062.94278125
-1650.87774589
-1631.73962438
-1309.25101436
-1050.10047995
-1438.30774406
-1459.60595023
-1338.56216673
-997.62307946
-1231.66995968
-989.93491526
-1254.27320996
-1279.37939859
-1614.63793850
-1647.78524937
-1621.41550421
-943.52017948
-1334.68777156
-1158.07362016
-1630.73068264
-1075.70383328
-1336.98275203
-1318.49538941
-1555.95778696
-1200.56766576
-1221.98577166
-1164.67539698
-975.88132930
-948.11093414
-725.93792546
-1332.39387062
-970.38750152
-1202.19040930
-1390.65991186
-1409.31274059
-1056.80213282
-1488.62599627
-1494.51877563
-1584.99670193
-1501.73497978
-1534.96762261
-1602.07816309
-1647.09350931
-1196.14028205
-1183.49902736
-1641.72458295
-1473.95049038
-1384.14354919
-1524.80701392
-1118.73202039
-1599.14782399
-1476.68658818
-1417.89932097
-1285.56473116
-1772.25686230
-1191.46481835
-943.74796860
-971.75312555
-1433.13371964
-1580.41501728
-1088.28296730
-1492.88651414
-1583.04927267
-1536.21467322
-1333.05679630
-889.63908792
-1225.18522818
-1161.90943016
-1162.21459214
-1247.29619777
-1529.82981688
-1406.61275343
-1521.62548451
-1376.34126101
-1544.69515681
-1308.78473426
-1365.88650303
-1326.11758118
-1163.76984318
-1227.02115394
-1188.49247929
-1217.97180763
-1473.97867490
-1515.50421203
-1067.64156290
-1582.41570814
-1003.71409198
-1405.88312977
-1153.72195875
-1454.36452219
-1464.78529165
-1604.42354184
-1243.00260394
-1182.09666094
-1637.60150754
-1501.58673086
-1313.95000617
-1542.36028737
-1653.91104703
-1489.81540313
-1294.01158458
-1578.17646903
-1645.68029630
-1637.16252018
-1651.01389769
-1524.08130481
-1565.92337791
-1567.74995591
-1596.21243735
-1572.16105340
-1556.39683383
-1358.00831277
-1532.27097371
-1400.04447267
-1184.30332629
-720.90114752
-1035.18963320
-1550.89111992
-1530.12418287
-1644.66487936
-1252.80045291
-1570.47414686
-1517.60389628
-1524.86678570
-1505.41927116
-1046.91970495
-1086.02363055
-1634.18064813
-1301.85638528
-1499.65880082
-1639.56733015
-1226.16053003
-1468.25814178
-1078.26639801
-1637.84242138
-1519.00211446
-1589.67962956
-1639.04359668
-1650.55131434
-1180.43843743
-1508.09926201
-1491.75801837
-1613.30094976
-1355.07521947
-1644.05954422
-1185.64631684
-1000.52035219
-1650.96073129
-1584.78958477
-1228.10043880
-1291.15947857
-1637.95769045
-1370.29855644
-1562.36041162
-1069.20251965
-1362.09287292
-1485.18364913
-988.80995026
-1623.85596741
-1597.75807848
-1435.42135921
-1478.74973316
-1479.35647937
-1111.36876865
-1376.75563775
-1501.36297935
-1653.17428199
-1547.68878488
-1514.32275536
-1366.54479157
-1586.74877012
-1599.95267355
-1411.11180773
-1142.42258792
-1629.04223952
-1502.54453978
-1510.72380943
-1534.94131508
-1506.57956436
-1306.96821191
-1178.71160582
-1177.24882479
-1213.26133872
-1070.51507802
-1369.12333284
-1472.85839947
-1600.01405811
-1446.71270671
-1545.60424019
-1192.01403940
-1471.63213402
-1332.11029459
-1628.92813643
-1478.36706803
-1652.64465266
-1010.16169476
-1409.83550780
-1587.66049077
-1591.67928390
-933.23356274
-1408.18012558
-1458.07843350
-1594.64213353
-1520.04672490
-1532.13687738
-1546.09064566
-1246.19204664
-1443.10674345
-1620.33821177
-1625.68957398
-1484.75577932
-951.60264806
-1644.20846608
-1541.06749491
-1267.19347958
-1612.51901249
-1511.10322844
-1644.91719833
-1446.67223048
-1378.26179550
-1610.76880551
-1654.93859764
-1165.33598305
-1519.06632407
-1491.58151221
-1508.01829222
-1321.94784424
-1178.99847203
-1092.52068849
-1593.45363568
-1070.55109258
-1606.07945999
-1496.13940680
-1199.12600402
-1151.59055163
-1281.54324440
-1205.80806965
-1646.92537671
-1648.01691993
-1032.33068188
-1438.02325251
-1503.05100454
-1395.87516956
-1537.62945887
-1411.72796190
-1512.65645265
-1148.77124757
-1494.69215590
-1425.19947975
-1504.04528733
-1469.11203522
-1519.18902507
-1195.92610041
-1327.29657767
-1384.61187860
-1412.38160183
-1528.57194626
-1202.61608686
-1185.74896465
-1467.13137969
-1483.44191106
-1288.75019025
-1326.46685749
-1643.78918413
-1504.20606821
-1608.72595000
-1067.60405137
-1441.31010250
-1191.23818359
-1050.55325852
-1627.47463967
-1622.05434065
-953.83162550
-1484.68942321
-1636.46670904
-1532.08294577
-1394.15303408
-1646.20570531
-1191.68064778
-1654.18608217
-1484.84740997
-1427.82832499
-1480.86769933
-1446.31378359
-1630.81979258
-1653.52130597
-1646.11138468
-1493.84070807
-1069.52274562
-1411.43429779
-1488.43998454
-1486.16815340
-1650.33286616
-1652.63066179
-1197.82762494
-1487.93154025
-1156.54230526
-1187.26041421
-1354.50090359
-1646.65456093
-1411.29461765
-1560.55821292
-907.40978649
-951.24774657
-1172.97118080
-1291.09684770
-1420.75242761
-1484.83454696
-771.72176231
-1640.80458155
-1517.57865008
-1424.25158073
-1427.86419440
-946.44227546
-1268.03037526
-988.97322032
-1522.92403247
-1499.48422950
-1646.39017566
-957.30455978
-932.77644271
-1189.11286477
-1181.06960874
-1505.54304619
-1564.62941082
-1486.68999861
-1598.39022950
-1499.49432620
-1513.47459497
-1521.70609429
-1160.71593062
-1352.98089835
-952.33027484
-1524.20721112
-1548.10330718
-916.57272242
-1485.26679024
-1304.85346477
-1531.23790317
-996.87741592
-1366.70820265
-1198.62491983
-1528.42087769
-1507.09917851
-1267.71172630
-1458.92064399
-1650.83267310
-1642.33733320
-1653.54914559
-1043.20599360
-1279.39952283
-1183.57457382
-1644.94439303
-917.16032420
-1305.56301604
-1652.23591714
-1649.24162691
-1261.85372402
-1592.93724971
-1514.04812089
-1638.83361862
-1642.34472493
-1426.16460771
-1615.04966617
-1630.09752088
-1599.55187694
-1395.47966546
-1493.47112798
-1456.40296945
-1486.03244304
-1495.12426565
-1391.75991193
-1199.69316016
-1364.70336923
-1043.51796910
-1526.23915867
-1304.04008675
-1486.28601950
-1502.20674765
-1305.96850796
-1487.29675479
-1482.60034886
-1500.81884105
-1487.82972970
-1584.02268611
-1654.26472746
-1590.55232546
-1048.80209095
-953.84898915
-1599.74480131
-1191.48233185
-1355.12399647
-1623.11037400
-1143.14539854
-1528.16668201
-1617.25974972
-959.23205618
-1642.63704177
-1651.48602057
-1233.28365018
-1462.05175760
-1496.58368602
-1645.54347709
-1642.57148614
-1515.42230544
-1619.85391000
-1488.18758683
-1276.42547743
-1149.94121059
-1525.76214720
-1200.32179589
-1615.02865253
-1647.67492716
-1515.95336077
-1520.04830877
-1591.67516259
-1438.93401500
-1606.50851717
-1414.93086594
-1165.26363184
-1334.24696528
-1365.23486975
-1260.53035732
-1094.44453056
-1411.20894852
-1497.32439865
-1647.61634461
-964.72391537
-946.48697518
-1447.26380990
-1191.28215473
-1042.42784089
-1277.76499133
-1654.13983012
-1647.98304709
-950.84089003
-1269.92880714
-1580.47720081
-1412.91466571
-1642.29153686
-1643.72170157
-1371.02628293
-1502.46331209
-1482.84722350
-1333.04178628
-1391.40051876
-1494.79897761
-1395.19263214
-1652.43056764
-1634.05219287
-901.52222025
-1609.18342930
-1186.89983067
-1524.20247603
-1329.13811231
-1550.42933752
-1530.64360917
-1564.55030635
-1091.46354028
-1178.85778620
-1611.92273185
-1530.16566309
-1102.80811751
-1548.74488126
-1650.96015586
-1407.64677991
-1456.82789367
-843.35031759
-1335.99902357
-1636.20727882
-905.23941107
-1652.94669897
-1292.56344118
-1523.97350365
-1596.32558015
-1487.53742755
-1589.99779010
-931.87873163
-1260.48733742
-1309.25102830
-1377.67948035
-1361.60323466
-1572.17647908
-1544.00551923
-1483.36667762
-1631.85931326
-1533.98172589
-1213.33392393
-1487.09620934
-1183.18033038
-1231.22470562
-1492.93959313
-1574.42094754
-1333.11408453
-1505.84621013
-1263.77860656
-1516.69709393
-1176.82954666
-1302.73356116
-1636.86097252
-1314.19456090
-1472.66647295
-1493.50726279
-1470.72063815
-1507.39766365
-1642.43102830
-1652.28012377
-968.18991893
-1136.94492740
-1447.52487611
-1322.53979890
-1400.05588662
-1506.61980009
-1272.99215658
-1191.28968066
-1530.12780679
-1117.41998023
-1393.49886637
-1051.61777318
-1416.91419916
-1275.25811100
-1652.15735410
-1522.26076175
-1635.67983058
-1504.21428284
-1292.18749278
-1262.12008720
-1492.02007349
-1166.06076800
-1649.05970143
-1607.81606839
-1190.78718326
-1153.22819328
-1232.94736361
-1601.19971460
-1516.65418090
-1376.30621190
-1501.14344099
-1651.71778460
-1227.76544641
-1185.40736626
-1487.56390543
-1292.38357965
-1489.51737464
-1637.57676178
-1628.63908609
-1545.38844477
-1390.00898465
-1618.35825404
-1595.50999582
-1487.92994288
-1424.21892187
-1578.68047342
-1533.16491508
-1134.63837766
-1649.72832994
-1515.54903511
-1226.09376392
-1512.04219189
-1592.74886417
-1479.48426025
-1054.40046435
-1650.38612302
-1097.33413857
-1315.03414812
-1604.80314168
-1432.68268387
-1504.21787721
-1297.23819940
-1644.10148068
-1508.91578963
-1500.50709471
-1512.87831593
-1552.83542518
-1383.01943375
-1060.80986309
-1513.37502709
-1641.13435040
-1188.69965946
-1558.33240927
-1651.60700819
-1236.46120209
-1645.34097750
-1636.37751462
-1147.90610936
-1085.97508149
-998.68265545
-1586.91526688
-1546.74864583
-1347.94355912
-1660.43466453
-1379.63855877
-1513.79053939
-1060.54774307
-1185.06517166
-1557.69477900
-1602.15108868
-1487.94048897
-1522.97197480
-1668.13748728
-1362.50712345
-1062.74446426
-1670.62195609
-1296.92001078
-1118.96572657
-1365.75649118
-1506.94893542
-1637.35038061
-1263.27749095
-1405.81664408
-1648.26647849
-1622.39844603
-1505.14363817
-1179.08942284
-1326.18233644
-1641.85952727
-842.43389804
-1366.29512877
-1652.70544652
-1401.61207798
-1396.39769009
-960.01391143
-1484.05855989
-1170.78386196
-1368.99430583
-1198.71344894
-1248.76442210
-1579.09246233
-1209.86427464
-1499.53596656
-1652.30222126
-993.04299097
-1182.01278299
-1252.05960054
-1554.46557990
-1526.70866520
-1629.88618334
-1622.63876984
-1643.53525154
-1633.83241632
-1325.93520628
-1461.01170109
-1515.24711991
-806.12924921
-1577.08191457
-1541.89032837
-1537.18364543
-1407.93263615
-1186.21169337
-1526.57636948
-1649.04602631
-1142.02214090
-1638.70086598
-1450.75083843
-1499.94946468
-1527.26153257
-1648.13931055
-1487.37364231
-1616.48777970
-1159.97107897
-1520.45152538
-1166.04961140
-1599.88869345
-1588.39445176
-1488.78060376
-948.03037369
-1513.83921338
-1561.16606700
-1535.46618421
-1555.64082850
-1199.51801630
-1254.04311741
-1462.79483656
-1645.96454471
-1522.18369399
-946.69948224
-1597.42003742
-1076.60269341
-1650.81393589
-1485.53241997
-1397.73595908
-1543.02432176
-1540.83131155
-1342.34854581
-1359.98885253
-1239.54566592
-1231.18481771
-1214.37649242
-1097.12373657
-1131.14910570
-1650.31771881
-1000.98340231
-1197.90044297
-1611.81584934
-1503.74375898
-1485.91891200
-1507.50879217
-1603.54843016
-1514.91249989
-1639.58489227
-1644.16442803
-1484.67680939
-1266.35096511
-788.18466407
-1562.36506118
-1625.96191602
-1650.24913460
-1646.60199640
-1427.32646702
-1652.18635937
-1582.65725937
-1542.58685013
-1614.00686498
-1484.77919175
-1633.78883507
-1642.94447772
-1585.44614956
-1518.67419981
-1428.39911906
-1557.59640668
-1603.79088564
-1556.62596154
-1054.58740675
-1602.08210223
-1215.90049119
-847.51274676
-1646.14996676
-1553.88093149
-1448.49095244
-1638.56337380
-1448.71480720
-1570.76318326
-1178.83888169
-1584.04114905
-1483.97988299
-1428.57967918
-1624.58499579
-1592.14546470
-1499.84293404
-1587.58741052
-1311.31108608
-1246.69543207
-1498.36131480
-1473.18166193
-1615.23201480
-1223.99134547
-1178.39036281
-1599.91778588
-1465.74773254
-1585.24484924
-1314.68708478
-1559.94384754
-1262.85089211
-1472.19636849
-1639.71692927
-1497.87000106
-1497.28002607
-1503.39014846
-1584.00232617
-1325.04524478
-1463.45085740
-1537.05223669
-1457.30501503
-1380.09959821
-1284.42782994
-1189.76878190
-1489.54291271
-1503.04056287
-1634.42187562
-1319.00779426
-1355.45765579
-1539.96354264
-1046.94707397
-1232.88325088
-1650.36140734
-1493.76030319
-1640.93789509
-1645.06987388
-1504.48774117
-1112.54495939
-1165.43161058
-1601.00394284
-1651.22464844
-1505.18739396
-1653.95063087
-1638.33296473
-1605.38599122
-1064.68153878
-1355.92893548
-1078.08187902
-1557.74596159
-1163.35879445
-1336.23216287
-1058.92040024
-1509.97580461
-1509.15160840
-1611.66812806
-1517.33102784
-1338.44481825
-1398.37387859
-1533.71453648
-1515.59975235
-1611.90717327
-1527.36920274
-1589.84909875
-1448.10286193
-1682.94399090
-1244.32208602
-1317.07259900
-1504.37814218
-1275.30846648
-1407.92405349
-940.01549692
-1527.51759641
-1508.62744505
-1303.47137005
-1246.11145434
-1562.67576494
-1374.26134143
-1170.57912548
-973.44480974
-950.96872152
-1311.20710164
-722.08044740
-1482.99572358
-1280.44332043
-1168.06510093
-1473.64607781
-1651.25696407
-1320.37157569
-1529.06755659
-1493.27209540
-1377.99160202
-1631.03942141
-1413.51346999
-1065.01270370
-1515.61598334
-1103.60056079
-1028.45875719
-1517.66806011
-1609.54737369
-1599.47586008
-1183.49337852
-1559.20685163
-1491.65886026
-1640.65627491
-1652.56256760
-1088.22836593
-1630.40001871
-1402.68923753
-1069.18228982
-1566.58264067
-992.85332385
-1199.74488182
-1526.04950557
-1561.34403568
-1449.92035103
-1257.96323752
-1649.21127167
-832.02126082
-1639.89257142
-1487.06874146
-1482.35778781
-1523.66890925
-1488.08519394
-1112.96341343
-1523.07225368
-1066.27734154
-1508.78168565
-1166.82726680
-1497.78671944
-1193.48734134
-1541.76928920
-1258.16525909
-1514.27150375
-1543.59846000
-1592.95704080
-1557.08420849
-1478.53481591
-985.38519448
-1345.61746040
-1614.86049994
-1485.07080699
-1630.52123501
-1637.30013519
-1615.06045006
-1316.94923382
-1315.45622216
-1155.36833476
-1386.51799744
-1503.26612848
-1178.79805320
-1482.82124258
-1638.48047236
-944.94341401
-1382.10345520
-1168.04918507
-1684.69710803
-1164.79810465
-1273.22538757
-1541.74342467
-1180.12462240
-1490.59052465
-1465.84464923
-1350.37680568
-1677.33362359
-1469.00790251
-1342.65240877
-1346.99505413
-1728.98001022
-1563.41088454
-1529.52334543
-1500.19768653
-1273.24299439
-1513.25301476
-1511.47461305
-1078.44957779
-1502.78207042
-1584.57922579
-1490.78652322
-1295.79848093
-1646.04612942
-1511.51602809
-1643.49631179
-896.89914069
-1296.18270699
-1491.77058449
-1498.89587035
-1051.40034408
-1525.81567527
-1512.98706315
-1522.68554398
-1178.51818123
-1110.50528979
-1594.68458361
-1343.84614127
-1603.94236416
-1501.55737241
-1448.62725190
-1653.53212660
-1154.78053330
-1202.50656104
-1488.25053569
-1171.16418202
-1531.53030904
-1555.46884234
-1539.41457861
-1267.33799265
-948.14791449
-1573.02426971
-1415.98292490
-1397.68545396
-1458.20591138
-1153.72558419
-1492.24874676
-1632.70985996
-1517.97827998
-1509.08441293
-1654.22143368
-1486.60545526
