-1502.11257342
-1609.98449530
-1246.34291945
-1641.77959649
-1649.23751327
-1642.67592136
-1564.82721166
-1204.47058843
-1138.02039830
-1562.44370563
-1110.51276373
-1549.12862741
-1540.21359563
-1617.93375217
-1130.72358627
-1452.70386993
-1202.01222573
-1253.73278957
-1073.33097171
-1331.19193875
-1274.33073491
-1492.69452365
-1602.96238424
-1735.89324903
-1328.88665551
-1646.75331910
-1413.93885016
-1446.38375693
-1121.21986521
-802.48505541
-1650.10206314
-1576.78362035
-1497.01864953
-1524.17481627
-1643.57219255
-1191.40688943
-1242.50742042
-1542.17561903
-1515.17123945
-1541.32020256
-1582.86166692
-1650.57018875
-1641.00451530
-1634.14117192
-1422.86458191
-1635.44035250
-1245.83225662
-1560.64883075
-1352.35809017
-1183.10922759
-1170.80959002
-1179.09559327
-1360.53538144
-1372.89984802
-1361.67605117
-1516.78848319
-1643.60677444
-1508.81187948
-1285.81129412
-1567.71684743
-1364.20706179
-1418.83497335
-1513.55219469
-1370.02582640
-1332.02937230
-1435.87823951
-1498.07802584
-1094.75599040
-1149.19931256
-1586.01265592
-1396.55750506
-859.34612428
-1514.23366798
-1481.68701784
-1391.46469462
-634.22651527
-1215.94166062
-1072.98949759
-1029.58899726
-1318.44963802
-1162.45368622
-1151.56531546
-974.08845549
-1259.84107530
-1211.28708849
-880.86791436
-1016.40551084
-1156.44280557
-1151.57380176
-861.07326470
-733.90649190
-1565.79368405
-1160.30697098
-1351.63797652
-992.64901040
-1121.69353998
-1034.77116480
-792.92380374
-1113.95770909
-1020.85006456
-1164.01284305
-881.21581750
-755.38081188
-1377.32738802
-966.58665044
-1151.49590711
-1160.37288117
-1604.26033599
-1244.94732672
-1152.99983634
-932.22952367
-1908.91578024
-1084.68743613
-1547.43845663
-1296.54972447
-1143.78425023
-1719.57580323
-1212.46511585
-1232.11095549
-1129.99194835
-1301.04973647
-1287.13193892
-1461.11710107
-1264.28703777
-1300.25697089
-1259.68971308
-1439.83192812
-1309.67957504
-1326.55215095
-1360.30181988
-1162.41674268
-1143.25576366
-1149.31177539
-1325.41835522
-1370.12492601
-1116.87906290
-992.39959605
-1209.29450379
-1043.01956410
-1140.85653174
-750.14284550
-756.71631533
-886.91645831
-1105.03775569
-774.26446172
-885.25683335
-763.69154623
-761.22473421
-779.47152567
-894.38047083
-879.21112622
-741.48372259
-988.16150934
-701.90786450
-1022.57995716
-842.27557379
-963.55601611
-993.30941579
-884.15668809
-1007.92969260
-1074.69557846
-834.05445805
-502.61936719
-1175.32745549
-1204.81386807
-1054.46800455
-946.64795796
-947.82142411
-844.68886549
-950.57933142
-976.68069237
-747.26252876
-631.64096885
-1190.70021896
-253.45959216
-514.98897824
-814.59553072
-995.78911203
-885.96172080
-782.74039304
-604.76308899
-760.10737957
-752.42397350
-868.34559085
-877.70289076
-981.88592442
-1093.59600949
-1054.16140639
-628.37756612
-967.58925921
-1003.82991424
-400.77563610
-852.07676424
-869.57809907
-1078.45382866
-951.56344685
-736.54409446
-881.90686714
-900.02067870
-738.11453442
-492.38433956
-1043.92827374
-842.06476719
-502.14947332
-375.42274049
-518.12512760
-512.80264770
-386.73023296
-261.24789477
-759.50563884
-741.32297780
-857.21678226
-985.60743710
-690.79628264
-139.30717029
-965.83666663
-849.70531276
-259.34271183
-267.17969080
-985.47652849
-978.50962077
-979.76300296
-362.25994900
-742.65695365
-494.16828896
-1025.47780896
-753.37062146
-492.60447082
-511.10330112
-244.42704163
-683.82087772
-738.20639086
-367.28673693
-129.70295475
-366.56260758
-367.48641881
-371.37707215
-500.84754123
-726.49026645
-408.29146048
-758.76477790
-736.43975373
-1097.07525163
-962.51131579
-126.82158394
-5.29737251
-759.32601000
-739.99483327
-249.81684161
-617.66573550
-841.42834615
-140.44440164
-251.75024070
-129.94713645
-376.87850436
-253.42513157
-610.95668474
-253.43792435
-372.68626181
-629.01951450
-634.44177175
-369.70183654
-790.78370167
-500.13342204
-127.58329091
-348.37183733
-256.20477010
-585.37926610
-377.32856657
-252.71304038
-582.34621620
-248.13859876
-255.29735149
-1042.64613658
-4.39027964
-244.35836540
-357.07553444
-349.32086132
-3.06152152
-127.91879834
-363.76385737
-128.13303715
-649.69124965
-1117.36339102
-897.12795407
-800.92679342
-717.03327938
-742.98705892
-253.92471604
-123.90708446
-244.91375341
-727.48659349
-248.33111236
-129.64592907
-371.83125931
-503.68513444
-656.79236861
-780.40242795
-755.58316371
-731.84749997
-247.99595271
-133.38481666
-496.34775440
-247.34222250
-744.46870319
-115.60171435
-371.47522866
-348.81408300
-364.40139867
-358.70175317
-128.20436193
-248.23048707
-239.12407276
-127.99557936
-492.63800733
-372.60148573
-506.45862297
-126.60033586
-270.90459966
-514.29253675
-360.63381342
-345.14861843
-612.64495676
-243.96571633
-503.09733846
-629.68346396
-382.41120472
-356.94652160
-244.87981334
-241.51328921
-0.46711981
-249.92073954
-127.17487016
-125.41608616
-0.69238676
-123.07714452
-126.39376988
-125.42524962
-235.22161205
-500.03852552
-256.65974201
-2.59484558
-242.29497085
-248.52627490
-365.19681380
-0.79373828
-490.63624273
-127.75842409
-613.95189017
-234.28687414
-504.44682313
-637.24214422
-601.74591516
-355.23674653
-618.47867922
-748.56101724
-369.59140434
-472.52562486
-119.49953701
-893.57982428
-868.96776665
-231.66997231
-239.94499595
-491.95512604
-241.83382494
-429.62711627
-116.97629594
-252.98634123
-367.44869896
-663.80923167
-879.11008515
-499.42617613
-370.52979512
-378.71001972
-120.82864516
-242.43483992
-241.73806672
-894.20901576
-893.40377447
-380.99554810
-247.51035276
-239.17111799
-114.90600341
-126.87946643
-362.25890732
-247.96229288
-121.25387738
-121.58393027
-486.08126331
-586.03420510
-241.71181810
-362.28239416
-127.69430179
-122.16014415
-119.01221913
-506.82797346
-2.85961733
-884.14602578
-251.73777312
-383.26334585
-124.32008467
-364.91424194
-1.29130316
-240.50658447
-477.82537179
-460.92538607
-244.14400604
-126.71838381
-1.00668113
-120.63482498
-120.59360360
-387.99241604
-120.76093108
-1.53108627
-122.98350115
-1491.29848188
-741.68153421
-508.80655479
-741.05201147
-729.73012903
-501.80500935
-488.45729798
-371.98693746
-117.92457394
-377.57721870
-388.13829474
-128.62249685
-472.99463214
-900.70651696
-233.61132482
-116.23884556
-126.40435955
-238.35821536
-129.15887066
-380.23938579
-502.88985971
-235.49913141
-357.12842015
-345.69822925
-0.16231641
-346.61564917
-963.93033119
-1.08973516
-483.72619004
-126.27174996
-130.25668977
-127.91126111
-383.12804817
-332.95709411
-0.28978252
-126.38509303
-127.85324492
-0.27049419
-124.89268803
-126.18339614
-0.97038465
-126.05258818
-118.37621446
-368.86331906
-235.20399646
-123.61860864
-124.25081769
-121.76100191
-367.77638289
-121.30838236
-121.29403014
-123.05219711
-0.67912239
-126.54624274
-482.34530779
-260.37112867
-121.88400461
-607.41494970
-868.20021258
-504.46363318
-127.36639530
-396.76514567
-120.08492707
-840.42507100
-123.56229233
-1.44556707
-246.67625823
-332.32055961
-341.11781803
-117.03115957
-127.41953974
-370.98470016
-862.96895086
-119.46245111
-646.92020593
-448.30087769
-0.25802073
-483.11620884
-346.80446241
-383.85206992
-243.97386021
-374.54961223
-253.71807272
-128.33696826
-117.11052316
-882.10028995
-233.29173619
-908.55089113
-1000.89978459
-348.77151277
-118.44470795
-235.16504551
-364.88094015
-242.32007714
-123.29295391
-2.61772493
-507.14195629
-0.48973030
-123.86844420
-124.95510324
-245.96378938
-225.13653907
-1008.10321923
-990.15047015
-376.74063491
-251.17962358
-603.87443243
-380.28481419
-0.26438685
-248.42407852
-367.27791112
-125.54772482
-114.66209831
-450.55509630
-239.06176997
-120.24258727
-116.87215657
-248.74189215
-373.04086823
-127.81537170
-253.75154105
-125.62109779
-229.53063535
-121.19693646
-122.59476463
-1025.68187839
-1005.47959100
-251.02118025
-0.15086342
-238.02530160
-3.79462394
-235.73041856
-117.69550523
-114.34953942
-127.38106409
-886.70778638
-357.41313089
-242.57941295
-114.56541102
-1076.96588042
-948.49856225
-229.64811073
-619.00895065
-362.69895894
-1230.00923292
-1008.45219958
-1.84351476
-755.92584406
-2.44687086
-119.61908122
-1050.34130936
-376.62048461
-561.03628741
-229.74834144
-497.97537565
-233.37599333
-367.29444616
-381.01763764
-1.79998183
-2.58317770
-127.68004900
-224.99370625
-370.02303474
-0.91934084
-370.68490742
-120.14301645
-121.89776187
-123.77776391
-126.10394310
-125.82853592
-124.19695071
-229.31928402
-486.11543800
-1.52147848
-115.94625519
-253.52725379
-1.53258851
-235.86075494
-877.33949772
-125.54902266
-376.71795257
-118.79488800
-122.04599381
-119.37798597
-124.13788807
-126.01924085
-661.36622613
-116.89411233
-247.59035236
-113.43855650
-239.67460810
-117.47263337
-117.56785918
-0.15605459
-114.76960435
-120.23642103
-369.11641071
-0.68883284
-2.31591560
-491.66704780
-118.18331682
-236.01239157
-240.89606903
-125.63898958
-127.04142764
-1.46998757
-121.62263481
-0.32641791
-2.57560676
-123.22043015
-239.45990731
-375.82623000
-242.65523157
-735.31570102
-245.47836504
-542.83401214
-1.72222501
-243.33519851
-121.48438275
-236.73129511
-123.85998169
-368.96218356
-128.08209932
-351.94693363
-119.14257693
-127.76256830
-0.81302705
-124.22807449
-232.81736511
-0.38808535
-124.93740532
-118.95014348
-237.39271364
-243.46444085
-123.29612604
-308.02833464
-226.36856168
-1.61698561
-459.93027181
-234.37607129
-116.87691781
-117.83153119
-0.76922255
-327.16896051
-363.17166234
-120.60340477
-127.25180172
-0.56880004
-123.61809714
-121.62945099
-122.45290883
-122.88682926
-241.63984495
-117.76523781
-116.40855929
-117.54897101
-259.95898805
-113.35134753
-120.04648240
-114.82301894
-117.71264504
-123.96095584
-234.84009024
-120.17399294
-260.96347467
-120.09277465
-239.24566377
-117.21998055
-118.78649777
-232.77795055
-233.89408365
-1.55763097
-239.27333493
-125.58302565
-1.28429871
-253.13597652
-122.89982501
-122.19144513
-243.77331287
-1.89436566
-1162.32107300
-118.91339864
-122.07328790
-239.59242139
-236.67867264
-234.14642214
-126.45578319
-123.21287173
-0.96058903
-118.48891084
-124.70002475
-123.18606449
-244.98377018
-115.05363536
-500.79715788
-119.33786814
-237.36369223
-240.47699638
-0.61449615
-121.84098132
-122.09041269
-115.02250264
-121.74722751
-235.59691697
-233.47873625
-114.02046197
-121.95454760
-0.14682855
-0.61105533
-124.08858275
-250.83156626
-124.77405568
-124.00056745
-250.22298926
-461.74474545
-239.17378816
-624.52118617
-1.52510801
-127.73388364
-126.69555004
-0.77246177
-127.76407004
-120.03541185
-355.82285749
-127.31245695
-121.52776136
-121.72413176
-1.40141456
-243.08039552
-242.50129298
-117.44043688
-0.07236748
-116.89003650
-127.66409215
-246.66695754
-239.29643325
-391.93951042
-126.33563409
-116.34470746
-240.82517215
-118.29090049
-124.61109572
-0.43067179
-126.91599075
-0.86322491
-249.92429874
-121.77585827
-120.95165008
-115.31549245
-121.07599571
-891.43383006
-760.90291831
-1.15315601
-242.52476521
-0.16940956
-251.78240194
-542.78175210
-128.15934761
-238.17039038
-230.29234256
-377.31642081
-122.85793885
-115.39079923
-121.28938725
-223.35672178
-373.88199083
-125.05043585
-118.09228903
-125.86062184
-359.27854195
-126.02906091
-120.59459439
-234.68171295
-116.73252148
-114.29419662
-242.18909882
-122.54955753
-116.87942419
-230.88095671
-3.38027457
-112.88577905
-127.55282484
-241.52370421
-264.16112603
-1.63451894
-122.56751571
-118.70482470
-358.60993286
-0.73883540
-125.76097252
-1.65198867
-126.49869021
-120.18270628
-235.58815535
-328.70109461
-128.67337366
-127.50897938
-342.71546909
-117.67677580
-379.70741363
-127.06003215
-499.68609164
-125.36070913
-243.83053032
-1048.25110422
-497.38360018
-355.90689817
-0.27601288
-127.83257869
-121.98873231
-117.98613962
-350.01185474
-384.65257649
-127.15397298
-1.60985907
-119.74244835
-245.34837310
-115.71501135
-125.79636519
-121.70038982
-231.42434312
-240.20019204
-118.55168464
-119.90858902
-123.18171951
-241.74922245
-242.46799859
-128.03727567
-237.97810438
-117.16235330
-116.88526122
-268.84339700
-127.32616837
-118.79235048
-344.02519032
-126.30028439
-383.44967621
-126.15189529
-117.86616039
-126.55163194
-230.95683379
-117.30913972
-126.69492433
-124.32014284
-124.56555374
-121.17423318
-0.37384540
-250.13207632
-238.42102393
-1.69582382
-239.36887033
-226.59873387
-122.83735952
-127.89723713
-120.86822277
-122.40573087
-234.97740543
-118.68049690
-127.69183584
-358.50923684
-122.73386005
-278.46106978
-120.98993229
-238.54098876
-129.77694786
-0.42491920
-125.85660159
-118.10392392
-123.11586481
-124.31968914
-113.93731256
-237.13757436
-127.26813070
-123.11837711
-341.48537977
-1.50466579
-124.71761510
-120.17563989
-0.07861178
-1.67949216
-2.42808776
-128.88415408
-127.13399736
-245.38481091
-0.67218528
-118.96007791
-242.19583531
-117.27663373
-237.95552645
-127.56571990
-0.45543456
-120.63744980
-237.90167043
-118.82379044
-116.12790884
-116.85637896
-121.60976496
-119.63098434
-240.83242202
-231.67319923
-227.15963479
-249.11443214
-116.54282006
-2.66638605
-390.08124870
-354.83587606
-121.03074674
-126.68920281
-123.50879106
-119.88173015
-233.50410197
-123.29884642
-127.29043269
-127.94078032
-116.28785398
-232.34796220
-126.33134189
-119.01296195
-0.55991982
-363.90845008
-126.83881045
-1.37773966
-119.59051284
-127.37798229
-124.47242906
-130.70952572
-124.44205235
-1.33824484
-130.47572273
-238.74023740
-360.73989996
-250.93014379
-119.08852198
-118.38073192
-127.62514934
-361.49054834
-127.52576045
-121.51400936
-120.17762724
-120.98148807
-124.44660987
-114.24848116
-246.34206290
-1035.04270012
-1011.30362719
-237.21597472
-339.19123881
-115.64148320
-118.58522239
-241.16701940
-126.73949371
-116.62594297
-230.72357236
-119.91318083
-223.25007196
-122.56764371
-121.16587126
-359.90564419
-239.95892277
-1.97055082
-119.87821607
-237.51329020
-113.73481523
-749.36521684
-120.40540633
-230.02763879
-238.12743536
-0.47826562
-121.34599857
-125.49471182
-351.48524303
-120.06702011
-230.69270182
-898.25535980
-0.95799558
-363.76769675
-121.34444627
-121.54602410
-118.78258430
-0.33767839
-128.42260262
-230.69334289
-117.52921783
-240.80318499
-127.69013297
-115.10113741
-465.81530918
-624.54083169
-120.18892766
-124.53403027
-120.37587557
-236.21604574
-119.94198130
-250.72254170
-280.36503004
-960.96176099
-121.35439792
-123.97179716
-241.15601397
-233.70668378
-116.26563043
-244.39710775
-126.01690168
-616.79019784
-378.85436291
-250.01763697
-124.09849889
-118.95486997
-114.24154262
-0.09446807
-118.54151342
-123.14274526
-127.24193361
-0.82035252
-122.53921851
-121.42053494
-228.55929262
-115.41284606
-124.28781206
-120.02030820
-125.88361596
-118.68157097
-124.92854763
-0.19301002
-122.38120878
-118.96472220
-1.56749260
-238.33399103
-235.46134721
-378.14224059
-476.37496402
-126.78341152
-115.14685526
-551.35106377
-319.99913406
-339.00830385
-118.19414663
-118.44945135
-0.07714860
-2.66192862
-119.64507522
-234.76244223
-0.67169286
-238.79898421
-239.19482176
-121.86588915
-115.85242122
-370.37185169
-122.86776143
-120.52649112
-119.38237212
-122.53030344
-307.44382326
-366.12975968
-330.22266886
-234.17511787
-115.29771819
-126.45163413
-117.52724358
-126.26230335
-229.58063657
-121.13765912
-125.08569638
-257.56566598
-120.00942786
-120.38540505
-0.62413690
-114.29663690
-120.82326523
-329.17963074
-224.68018815
-117.61568700
-342.28784241
-122.06261608
-0.14392803
-0.05220812
-113.98673554
-235.34293574
-123.99041292
-121.70699486
-127.90719154
-115.15048868
-1.49131812
-119.33722739
-337.90453762
-225.54634654
-220.39574452
-122.34345409
-115.66905406
-234.51536504
-334.12974503
-219.35090583
-125.88331009
-125.25778679
-116.93534896
-244.47089232
-0.90355796
-373.85321835
-309.60506397
-229.42452918
-396.67961680
-123.72608937
-116.67543360
-124.06356492
-231.25238728
-116.02406180
-233.81615394
-224.40744493
-119.07673497
-330.37004582
-129.57587573
-223.19347978
-243.21979071
-1.44555651
-117.98151293
-116.69917711
-122.78434591
-233.05528275
-122.77815194
-245.87889112
-239.12796157
-235.34145198
-0.80499832
-227.42840853
-2.69703706
-114.25385823
-121.93484320
-119.11176279
-116.25420290
-123.61459990
-115.78480493
-122.97962417
-379.93297562
-241.81822530
-118.82370599
-123.71813598
-118.68123497
-124.10928236
-0.31381148
-244.09118344
-363.53663286
-412.55940582
-232.62221944
-120.17318674
-118.08795027
-1.77307931
-118.51705383
-117.65298356
-118.67783110
-0.11166187
-346.31598273
-235.62022218
-356.14679957
-125.05058712
-117.42237596
-117.03807908
-457.06566820
-118.56368287
-1.35486327
-115.06381275
-120.34502686
-121.86635275
-123.52362695
-389.36814765
-242.99916434
-128.20734579
-0.12015556
-116.37778917
-115.99740211
-114.06793445
-379.48268948
-115.42012371
-121.64579060
-121.84694071
-242.18315590
-113.95774428
-238.21169147
-220.35476842
-121.97100970
-361.58791360
-226.49901557
-120.83678658
-113.63514213
-348.69306255
-0.20552929
-235.65245497
-126.47070260
-463.97589943
-905.12040708
-127.21938820
-364.63639950
-244.96198917
-224.50051326
-119.31406943
-0.04726656
-117.38305008
-114.98398026
-124.85146918
-0.19573833
-117.87239666
-1.70365435
-222.04597874
-115.01750525
-121.51114375
-118.18528583
-246.89677301
-0.33049764
-220.84519125
-0.14553565
-2.04112470
-118.94807371
-120.32572872
-113.63484458
-121.34489136
-113.91299244
-125.83829464
-117.94246879
-0.32927026
-122.46239150
-227.23755619
-366.06633036
-125.38435934
-405.40061345
-123.01507631
-342.23867667
-118.70687074
-116.61635515
-0.27897861
-244.77813148
-119.19713806
-122.42079576
-347.19111298
-118.80267174
-126.23060875
-115.48603323
-237.06334746
-0.38127319
-125.67194534
-3.09623513
-121.34372044
-114.82449619
-124.11962267
-113.86670470
-242.33806660
-230.79211982
-381.92426606
-223.92432885
-0.99295709
-243.86101990
-238.26474435
-117.20672740
-117.12673380
-118.36318816
-232.94732342
-127.75845927
-371.59366467
-243.29985921
-125.66610553
-124.80599336
-389.32658682
-227.47526171
-354.98812013
-249.08770394
-244.84730587
-119.17675876
-249.22167753
-237.97017875
-124.32939351
-125.65486279
-248.89845141
-125.64731332
-230.39713836
-254.14063662
-0.26684309
-224.72792880
-418.53864254
-123.78347628
-115.41410531
-0.48912735
-238.88028730
-121.15916642
-127.94617837
-245.19456008
-254.54863251
-122.67677351
-116.33959021
-125.38415984
-395.10371992
-0.20455381
-354.29910202
-236.20785980
-353.42375728
-2.28941907
-0.58148318
-124.92828218
-246.57637456
-487.64235559
-386.51685615
-126.67705941
-516.30920255
-121.13619091
-130.01393657
-117.80363035
-237.82292743
-370.41634606
-246.87103663
-126.38543786
-122.35665413
-231.27785805
-120.55125145
-116.23572583
-117.04606856
-120.40758299
-244.75410383
-240.03526659
-117.15539561
-119.19714696
-387.58231862
-114.48021949
-229.23558257
-126.06977263
-237.31169241
-124.59981611
-114.78324698
-247.35330901
-538.31662039
-486.38024094
-125.87097409
-122.14820330
-127.37094624
-127.17100600
-237.75262266
-120.15194217
-118.11268343
-0.14229064
-116.05174074
-125.13721706
-0.32458231
-0.50905594
-127.47608458
-119.49210829
-121.26884882
-116.69171868
-121.61921090
-119.54218560
-246.51399059
-126.80482401
-120.92086269
-124.96616151
-521.82943182
-113.35802197
-245.39994419
-124.33656326
-122.69936395
-227.11971283
-124.20122739
-246.16842823
-0.41633867
-114.73114409
-238.30269178
-119.69966635
-118.67939474
-0.35937199
-124.72315620
-124.14554760
-126.45118476
-119.25571285
-229.81925805
-0.29097210
-272.19994642
-1.56807109
-334.77662416
-0.25780937
-0.53849956
-117.60126446
-115.49467381
-0.36528047
-268.47473756
-124.82119378
-0.31903487
-116.53236028
-120.42225265
-592.15911887
-117.22290617
-120.36316228
-1.58472328
-354.43175697
-278.13846909
-121.28322673
-122.95194326
-127.44520030
-124.21046725
-124.20402255
-126.87641462
-126.94948413
-248.64505418
-348.50201428
-127.03075884
-125.47873924
-122.35457334
-230.32754556
-118.35672135
-0.25975940
-686.24926714
-125.88415737
-118.56803766
-230.19449801
-124.67519293
-117.81480964
-0.11692790
-378.38729095
-127.22605717
-0.28319598
-1.82214794
-251.22732813
-912.43280420
-1503.05948531
-238.03561406
-1.15463075
-1126.78560109
-123.71673723
-1745.87436471
-118.04368892
-380.90853640
-350.62386656
-246.45025483
-121.00171005
-124.71972902
-1.30253692
-120.82584687
-121.71486059
-227.60432667
-243.96042807
-120.51507549
-0.58143501
-2.11001083
-229.08896126
-236.87177452
-246.04842365
-1391.24222552
-355.67423833
-238.83684523
-1485.04651051
-118.05919374
-858.04934443
-122.31434040
-118.63423240
-493.10373849
-115.70893194
-240.67360207
-1284.17802840
-121.46709645
-116.19825742
-1115.80564385
-239.35686223
-127.38042540
-0.24833833
-0.09580612
-239.20328445
-512.14039193
-244.54583328
-241.53323045
-354.91968930
-123.44632829
-114.12151579
-778.13063142
-730.98410226
-116.96278900
-117.68682601
-0.24454776
-244.81393421
-116.37417172
-935.95604760
-121.68491492
-353.73159962
-233.22130839
-1540.55708966
-126.84022458
-669.94526818
-1654.46973273
-127.67663009
-221.93255959
-1.59979573
-0.31894161
-244.74033516
-228.45670666
-129.91527758
-227.24761335
-1863.40366864
-0.46837955
-243.21136964
-0.29590295
-129.08387402
-124.25857145
-120.90618925
-248.87139272
-1813.19356141
-1807.10721281
-126.71330803
-1870.12401368
-377.27415831
-375.78923562
-125.19277501
-1806.41297461
-354.11654864
-236.09304496
-124.97416340
-116.61444095
-124.19220774
-116.01068935
-228.99524428
-235.88864134
-1900.37718434
-121.96765177
-120.90742091
-1883.94259675
-123.28068914
-116.86760722
-229.23459373
-123.66585739
-1534.48266468
-126.72758483
-0.13969027
-242.42030806
-125.09527819
-124.28833957
-1504.40755110
-0.65013092
-116.37516043
-1532.87265002
-116.23942259
-230.52455078
-1532.02657931
-230.65644090
-123.27575634
-1.16738253
-1532.83065549
-118.41540685
-1601.78135052
-1668.96625089
-1647.24731338
-242.13543504
-114.79922642
-116.91682561
-1.40035913
-121.08697583
-1546.41910839
-0.04211455
-1502.50024291
-1505.65009422
-249.70412511
-0.17568953
-0.53989399
-127.57384468
-117.43578497
-0.63399049
-0.08759719
-243.56599798
-124.37519546
-123.12940205
-370.80190313
-122.04882256
-1646.91233955
-125.72192579
-122.19090951
-379.83202969
-123.24188594
-126.67599580
-1663.04094810
-124.98498321
-1692.68027775
-239.32159390
-122.76426127
-1632.14063133
-239.29417442
-0.12604219
-120.74030615
-252.95872992
-247.30341961
-125.96335361
-262.58434768
-1754.26765272
-123.96865778
-123.83564056
-1918.65015639
-0.27153327
-1601.53970027
-241.23608918
-375.98651762
-124.81479080
-118.28444982
-245.28170191
-0.88797576
-124.79123110
-1350.06318129
-0.25858800
-487.78792761
-1523.43171692
-234.45450114
-1479.31473226
-126.77299367
-122.50494004
-124.06497913
-240.20718287
-122.18367122
-113.59196534
-117.75372293
-130.29007897
-0.37022267
-486.52543614
-1830.00764809
-240.55587327
-1821.32113167
-1888.89827555
-119.86272135
-1601.78749079
-247.31800414
-241.82279344
-1788.80796232
-124.63710703
-1759.55915345
-0.31627747
-128.32521159
-1725.91278057
-0.06419849
-1757.20981504
-1773.71337634
-118.38388856
-1716.01434575
-123.34843407
-1711.66099396
-0.23764761
-1789.24432837
-124.90531602
-1890.81227019
-1.74753836
-1677.10131863
-756.76201537
-357.90750648
-0.29366567
-1766.94131570
-1.43814981
-1673.21864549
-1602.28872594
-1624.90439094
-123.74959858
-250.79393853
-246.52008108
-121.95053500
-1773.37781069
-1700.12359102
-0.01775561
-125.85275262
-1496.63537809
-756.51500849
-1618.18313366
-122.29079108
-1498.50439014
-127.13864585
-122.13312497
-123.71111123
-122.54544088
-119.22990124
-116.61047820
-1571.71041057
-124.13766805
-118.86279801
-118.35442295
-118.82473702
-239.89780177
-1807.36134382
-123.17097009
-1836.52749738
-116.60300074
-125.62017556
-1.85358267
-120.80180444
-121.42012606
-1.13197376
-0.18622339
-126.92794437
-1790.58553130
-118.30170195
-121.84191634
-0.79524145
-1695.55649143
-121.10459502
-128.29459468
-1756.52009445
-1727.85378524
-121.79738634
-1637.97571518
-1617.41391989
-2.35810869
-120.43156523
-124.74805086
-0.14675808
-1730.23939667
-123.48664235
-118.50183910
-125.75088296
-121.95960100
-119.96682853
-123.34799186
-0.38614016
-1508.27148773
-685.69320615
-247.98817040
-120.41001750
-122.42208763
-115.67118244
-117.54736572
-1494.76740890
-1512.37681803
-116.73919848
-1485.51822931
-125.18488664
-125.91137319
-1483.57558062
-1449.40052993
-127.03692520
-126.93752114
-123.16567214
-115.44429848
-121.76511325
-122.15562708
-2.11631421
-116.00564447
-1619.79879265
-124.09196238
-1618.15251453
-1546.48635600
-1751.91235368
-257.16553207
-0.46925005
-0.06112331
-1.14671672
-1498.89770479
-125.18930994
-379.26567646
-120.94701460
-235.80942426
-1840.39454835
-237.11675837
-121.18251897
-1854.13044779
-123.41580290
-1791.73060619
-123.10135043
-126.30335941
-1553.19860210
-1738.35380639
-123.82682671
-128.58801392
-128.91815966
-1748.33951576
-127.52486731
-129.39984389
-0.44018661
-116.78307016
-123.85960745
-0.51479344
-1665.82541474
-0.20706475
-120.80414443
-1679.50781311
-242.69440794
-1565.93931708
-120.14685420
-120.15543457
-1573.34723158
-119.77827478
-1697.62971023
-122.80038551
-127.39258628
-252.61075090
-244.63944065
-1791.08071357
-124.36823273
-1829.58098693
-238.84541148
-125.07725146
-1582.97676852
-115.68679344
-1680.26143520
-239.39268403
-238.80222509
-1415.00081711
-0.09650775
-118.69064301
-1457.49285118
-1509.81336932
-1509.99262872
-1808.12166624
-123.42485378
-1798.66907639
-1798.19809427
-1377.62966155
-1500.24589094
-120.02163368
-121.37229609
-1399.28922515
-1125.91346750
-1505.41332791
-1418.38146624
-1511.34049830
-123.95774098
-1329.63085233
-123.05175431
-117.47095991
-1490.23628142
-123.84665960
-1501.66369484
-1503.56930871
-0.23843477
-1521.72824011
-120.51237847
-1791.29826445
-123.70761487
-1808.87837242
-2.11963540
-122.64605682
-1684.11136682
-1469.12676988
-1503.99946820
-124.19466842
-0.59306484
-1455.26247226
-1524.15215217
-1450.08692704
-1496.71720382
-1471.55793001
-124.69677242
-0.18734939
-1631.08232845
-1504.28280110
-1601.10405550
-1493.73127057
-1464.39812189
-121.66035996
-1516.34401087
-1504.50402119
-1481.41460956
-1490.08101212
-1495.92921254
-1558.23678401
-1549.04048369
-1456.62673100
-1499.93598193
-1552.78886099
-124.73370646
-1553.05705498
-1628.77899660
-1583.41825271
-118.00392826
-1549.72844166
-1520.85282374
-1476.20082601
-1552.62780031
-1490.68708446
-1529.17189159
-1469.32073636
-0.69093964
-0.44826256
-1500.04392422
-1503.58698151
-1470.36688326
-1.41640971
-1485.40544439
-1466.08232992
-1468.31427436
-1500.03428691
-1533.02816004
-1506.42627369
-1496.93710438
-1407.84069512
-1407.72697847
-1492.36488224
-1488.15514487
-1491.02193261
-1514.54124044
-0.94331278
-1428.27207998
-1.40599790
-1470.88291565
-1473.89314750
-1455.28252072
-1484.91435289
-1486.73801064
-1493.68372175
-1.87634933
-1502.31212423
-1512.01589801
-1330.67236173
-0.12566817
-1571.16962022
-1630.81737174
-1586.33157483
-1645.75159671
-1614.00106953
-0.04731720
-1489.08533960
-1399.69489773
-1518.22632746
-2.10615755
-1494.51977270
-0.90663850
-1484.47579391
-1426.31464927
-1539.06013786
-1530.58042908
-1492.22709357
-1.29378414
-1415.10175449
-1510.33155438
-1504.43704184
-572.04395885
-1456.63347328
-1503.79985660
-1735.58010457
-1792.61787391
-0.22846459
-1496.29192820
-1575.58347948
-1510.66889491
-1521.96143093
-1493.91351648
-1866.03390100
-1495.44538439
-1471.84645355
-1474.53799911
-1442.48895119
-1785.43522744
-1844.83857105
-1740.13944615
-1619.42524318
-1699.85647563
-1714.02987676
-1666.02162815
-1706.01421318
-1631.03059654
-1684.01729420
-1634.31054865
-1605.59030446
-0.04836788
-1475.24411452
-1515.35825088
-1559.83751759
-1507.00229333
-1.68790809
-1511.73544353
-1519.14406406
-1514.12094907
-1537.43659374
-1513.88184911
-1461.32154098
-1489.27412510
-1528.71547653
-1441.13671962
-1560.55835707
-1473.62910554
-1496.27854268
-0.81110138
-1435.85217563
-1545.78192027
-1490.74438286
-0.69709834
-1570.98663121
-1709.79634254
-1798.06480863
-1745.98310264
-1739.26756912
-1711.99944097
-0.41900280
-1592.25366147
-1662.70166785
-1708.81367290
-1595.85573090
-1616.23727573
-1642.72385017
-1674.03870326
-1660.43366562
-1.25183108
-1549.48550166
-1479.55975910
-1448.21609718
-1523.94064723
-0.28177224
-1655.39250338
-1646.29309349
-1686.21760388
-1599.05722920
-1628.91819443
-1709.21640969
-1683.49866513
-1503.83698356
-1625.95527599
-1629.61529947
-1467.32074908
-1536.92777562
-1586.22279127
-1488.84232705
-1397.11415010
-1475.03019347
-1461.02256603
-1480.06378146
-1471.54447177
-1473.39179198
-1470.33669483
-1500.47006659
-1488.99551401
-1492.83658100
-1506.81389580
-1510.41257209
-1601.92504309
-1658.45626423
-1536.71622574
-1485.94090466
-1.08735772
-1408.22794429
-1490.09437241
-1432.73866272
-1514.71605716
-1474.36250464
-1534.04149631
-0.75551298
-1502.27086597
-0.61691386
-1470.72961899
-2.55267024
-1497.76471355
-1489.74424038
-1306.96975706
-1486.06815084
-2.40385552
-1485.70669537
-1454.52948969
-1550.16962580
-1486.86442725
-1482.75769776
-1654.51549180
-0.27161793
-1553.26070618
-1646.32864801
-1534.64723829
-1525.39345798
-1738.33189488
-1.31980166
-1655.48656176
-1656.54272295
-1682.08858735
-1451.13923297
-0.48993616
-1429.67705877
-1561.57735129
-1722.79985853
-1543.41035953
-1419.24850639
-1530.39585303
-1487.91934777
-1477.15795509
-1409.60162057
-1467.87149894
-1611.43833098
-1548.97733614
-1477.39715512
-1581.79145619
-1472.95024348
-1535.30022317
-3.30617134
-1507.30283203
-1336.08477691
-1465.16525997
-0.01701673
-1412.76184013
-1497.99007253
-1387.87270266
-1471.31192130
-1492.20608091
-1526.46210447
-1599.59076804
-0.07458373
-1504.97346497
-1453.61868745
-1473.84748076
-1523.93430559
-1453.29072570
-1569.34064257
-0.67344098
-0.40495451
-1502.06232166
-0.69908800
-1472.91817665
-0.21834823
-1374.91981341
-1485.24892443
-1484.08799596
-1495.49696137
-1460.43956108
-1476.46794122
-1479.55073091
-1503.59322477
-1497.97306427
-1471.72312864
-1475.67882622
-0.60586820
-1554.53460074
-1543.12963253
-1574.59590421
-1654.49979522
-1659.34861411
-1495.75200465
-1603.31671857
-1715.54112748
-1644.01821707
-1669.08747733
-1866.83255424
-1795.49709588
-1623.79212212
-0.13741587
-1660.22765560
-1808.72950623
-1.41944926
-0.99810842
-1888.50145866
-1880.03467757
-1887.48862514
-1752.21916229
-1729.14819571
-1862.27065921
-1866.69013456
-1893.13717499
-1784.73157440
-1608.01703677
-1761.41943788
-1828.37203761
-1717.97727863
-1624.22643286
-1858.99830317
-1767.80434727
-1790.21119157
-1784.92776659
-1804.89296467
-1548.93249964
-1567.51541355
-1451.24372807
-1457.49530032
-1556.17644487
-1462.08578975
-1490.23060305
-1453.22200448
-1499.69934797
-0.36626249
-1491.97139386
-1499.16871047
-1497.32480834
-1546.55614772
-1489.09824465
-1509.75355786
-1558.06466935
-1510.86695404
-2.28139731
-2.45211806
-1671.07158924
-1657.99620954
-0.49140287
-1522.04995578
-1471.84719334
-1584.47641128
-1664.33506245
-1603.80898439
-1543.17635482
-1615.69890317
-1455.52760479
-1515.36987689
-1570.04827235
-1478.60264065
-1560.41251247
-0.11668752
-1555.61566958
-1515.69915306
-1503.95624902
-1473.87011569
-1471.22433847
-1517.28111191
-1493.43886245
-1466.53160900
-1424.74750323
-1496.13604788
-1498.00539397
-1486.84300295
-1470.52699942
-1499.88708094
-1520.92078505
-1485.42048617
-1613.39777975
-1467.62510155
-1429.47221697
-1491.94798433
-1482.99942869
-1491.47810547
-1448.21909487
-1442.17218679
-0.73463440
-1476.64429347
-1651.06312090
-1635.36542671
-1609.73597326
-1760.11377886
-1415.94144576
-1484.09160197
-1742.02981710
-0.72512902
-126.75328904
-1384.58698187
-1433.23686709
-1722.35405465
-1774.03517000
-0.08878526
-1535.05943894
-1421.04196843
-0.73625559
-1522.38860628
-1613.05062306
-1545.87215748
-1499.06060344
-1510.66311565
-1497.14378058
-1523.67375552
-1564.93386225
-1500.16399690
-1459.27456072
-1526.46816351
-1525.80809536
-1.02375374
-1446.39145235
-1480.91177769
-1545.54744541
-1373.59503569
-1498.65463830
-1802.28712525
-1381.21584359
-0.77342607
-1587.92209149
-1509.86864620
-0.34652944
-1.40487097
-1557.05303984
-1913.94340812
-1737.73478774
-1898.83259667
-1709.39758307
-1876.23300599
-1500.11875798
-1486.04983690
-1791.98751596
-0.24321394
-1461.94647261
-1491.53852949
-1470.00911206
-1465.34899902
-1504.83095876
-1466.92641463
-1430.77069320
-1437.54042511
-1434.73576093
-1475.27318816
-1511.44693203
-1482.70875370
-1448.88659701
-1.33725586
-1418.74423299
-1734.80409728
-1514.97740091
-1504.90678887
-1607.97452494
-1689.42498197
-1508.08612757
-1711.39662337
-1640.80322205
-1644.73375124
-1642.44900515
-1706.55256609
-1681.05900566
-1743.49202297
-1705.57685291
-1684.65264803
-1683.16126335
-1706.89988672
-0.15108611
-1700.86625921
-1650.47157668
-1566.26458979
-1650.86576939
-1652.84809442
-1595.85389623
-1679.90741114
-1714.72779500
-1680.59075170
-1841.88186236
-1777.96433144
-1898.95120737
-0.59862108
-1508.54865799
-1479.10292013
-1468.61335685
-1363.19752304
-1442.27778286
-1373.96151362
-1443.25115396
-1446.83337564
-1498.57125427
-1481.23756383
-0.77340745
-0.19738799
-3.76786110
-1464.85242073
-0.31140951
-1491.88736280
-1486.33348110
-1437.03710343
-1470.14373345
-1498.94528226
-1523.24217715
-1473.29788125
-1492.44153308
-1446.32216064
-1456.66032570
-1444.76712845
-0.99473316
-1498.03087259
-1479.94859221
-0.06497524
-1492.02282687
-1485.01185167
-1492.82081135
-1498.54110180
-1423.68412529
-1463.89996730
-1494.84999857
-0.17828408
-1461.67741473
-1421.97448057
-1496.00045384
-1469.70918101
-1484.58595494
-1408.20706185
-1446.31467110
-1518.65644097
-1504.31406325
-1513.76272832
-0.73072162
-1458.56310400
-1540.09735219
-1572.19678666
-1532.46689873
-1497.87537887
-1419.97086076
-1449.73716719
-1491.69427966
-1490.62472469
-1525.31117837
-1550.52679369
-1554.22338122
-1567.93833475
-1508.64850675
-1595.43007052
-1578.65298695
-1579.28399997
-1380.12298402
-1501.18004961
-1358.13319533
-1485.09504438
-1482.94954021
-1497.61622865
-1446.38667620
-1297.28618700
-1534.36225018
-1498.89772050
-1484.73041184
-1503.01531798
-1462.44977801
-1508.90365158
-0.57362680
-1479.75005743
-1527.85896211
-0.47048883
-0.12914878
-1503.60252812
-1496.89336927
-0.86608788
-1467.25146468
-1342.41579485
-1439.15799238
-1492.09873680
-1771.04220027
-1744.65080742
-1787.13309863
-1847.57851000
-1861.56164781
-1884.83909418
-1949.20822467
-1726.66297901
-1816.39062501
-1676.96652712
-1868.84998378
-0.53204233
-1801.94483964
-1851.87671265
-1839.85535959
-1784.96659788
-1906.20108859
-1863.05058555
-0.22792525
-1754.56829474
-1706.56033772
-1774.36110834
-1781.15660292
-1819.57974867
-1892.58497761
-1880.66254413
-1.23290184
-1824.92459879
-1842.59410330
-1868.56479684
-1.11034662
-1811.95816785
-1754.30048374
-1738.99952239
-1626.53203023
-1509.87449967
-1494.12281016
-1496.00736713
-0.33304505
-1479.98168296
-1376.54955544
-1429.68268207
-1489.44682687
-1428.23326175
-386.55926779
-1365.38273747
-1491.67680985
-1507.03419024
-1614.86164835
-1759.61295743
-1759.37122463
-1743.92257094
-1641.18905701
-1750.60156488
-1664.42971013
-1552.18154527
-1603.74891027
-1631.80329129
-1542.46979505
-1578.05358082
-1521.93390955
-1559.95879959
-1479.75007951
-0.21986127
-1469.28431309
-1495.05941470
-1477.42472693
-0.16813369
-1483.64040760
-1487.19269114
-1485.55213465
-0.16098706
-1466.57807572
-1508.83800867
-1494.71177792
-1452.97382457
-1457.09516723
-1500.98315513
-1406.78250211
-1553.78222485
-1443.54725164
-1491.28242341
-1476.67457440
-1489.25738485
-1471.76589810
-1482.29546313
-1540.14577603
-1508.87334114
-0.22621847
-1375.03173014
-1456.41617249
-1514.71907944
-1479.05828941
-1470.55143622
-1506.76981177
-1431.26529273
-1555.60127021
-1491.76963780
-1624.45802328
-1515.91964841
-1564.50592964
-1451.38771703
-1.26245922
-1513.49914056
-1600.94909159
-1629.35187469
-1668.72272501
-1391.50568902
-1702.62039623
-1871.16377558
-1910.97462100
-0.31732864
-1807.93104290
-1880.48242337
-1855.51293291
-1704.23943961
-1816.15308482
-1834.57633207
-1851.05354326
-1814.80672632
-1667.78639340
-1810.33197091
-1758.00036225
-1791.35555597
-1786.09855974
-1883.96029024
-1697.86648199
-1717.26845152
-1800.60613279
-1807.80033128
-1832.84650173
-1900.42253070
-1728.93665612
-1741.32124758
-1761.12821597
-1809.40303936
-1721.36975219
-1602.95215329
-1751.06282711
-0.26377142
-0.17684072
-1741.13481060
-1749.12783373
-1839.29401148
-1779.03946789
-2.00817720
-1736.36071241
-1833.78889833
-0.24901227
-1698.09115786
-1701.91682212
-1793.40906499
-1.27798568
-1611.19656087
-1691.79589231
-1678.48828827
-1611.81524603
-1599.74174731
-0.68779370
-1332.44129966
-0.37892070
-1563.22386257
-1600.49374545
-1579.82489526
-1612.25239676
-1558.73598982
-1511.12842347
-1510.83617127
-1501.55782251
-1414.44638266
-0.75053219
-0.68907125
-1509.26644382
-1511.81807222
-1515.06731831
-0.91319476
-0.46336341
-1583.51230483
-1515.72689922
-1488.65354374
-1506.51397966
-1488.75248745
-1421.01341303
-1488.78545269
-1501.60898377
-1486.57291831
-1463.82331020
-1460.80153866
-1583.22774206
-1674.70308598
-1490.62914287
-1514.95184999
-0.29504936
-1447.23060798
-1495.00205156
-1354.26553711
-1526.46379136
-1532.56986440
-0.43642691
-1496.95284380
-0.80390589
-1487.03896850
-1654.87328081
-1596.26443677
-1575.37738699
-1471.16386387
-2.12395692
-1411.29086050
-1488.11816017
-1515.86083723
-1647.71617529
-1695.04547796
-1494.82850986
-1.41750118
-1706.26758185
-1727.54683628
-1674.31698650
-1775.34092185
-1683.46080793
-1753.78975657
-1513.47619427
-1801.56629550
-1786.80426042
-1776.62395645
-1727.58320063
-1844.40734264
-1483.69708750
-1791.03931908
-1466.30975650
-1480.08309251
-1490.42964064
-1504.22044180
-1377.46168260
-1461.93982517
-1479.67511322
-1422.96495655
-1415.76471479
-1427.00988794
-1670.23241431
-1542.52991145
-1480.99031497
-1504.11828674
-1493.83290896
-1497.05839254
-1574.98579030
-1481.90266061
-1550.92427850
-1575.12178787
-1527.04537643
-1483.43745767
-1532.04554099
-1601.38193665
-0.52243202
-1461.56024659
-1418.13992822
-0.33742112
-1508.12945735
-1680.31256406
-1558.99094546
-1443.87298473
-1510.66604729
-1458.20975497
-1524.70060453
-1516.65784261
-1618.30945391
-1.34373686
-1626.57738430
-1538.10080959
-1600.82162680
-1660.38704892
-1461.65699028
-1515.23014534
-1572.15103429
-1519.70916992
-1626.54056129
-1399.94039288
-1652.21553174
-1586.85802838
-1501.84418507
-1599.68936298
-1502.11231075
-1652.74889028
-1713.27755314
-1628.11914553
-1584.67095191
-1577.71378500
-1507.37196578
-1483.47396669
-1489.36394019
-1518.85014811
-1521.14640443
-1582.36186945
-1484.92528288
-1.46007445
-1539.54145563
-1494.98299977
-1600.38037014
-1585.51406184
-1611.39520614
-1430.24640266
-1594.21383491
-1556.55772839
-1656.64633962
-1260.99263095
-1522.70557294
-1619.27102963
-1588.60288521
-1560.90092899
-1550.02598292
-1655.96271444
-1591.77339314
-1551.07341374
-0.10144367
-1603.75089819
-1570.38854123
-1334.76848789
-0.10316014
-1505.27962726
-1472.44318235
-1436.80635964
-1490.70185775
-1499.60809636
-1406.92562200
-1441.02713838
-1510.00487412
-1458.52702797
-0.25793905
-1550.44768050
-1764.41997417
-1728.96414231
-1922.50753779
-1872.81660445
-1875.38437854
-1720.84992028
-1710.13735016
-1678.37956489
-1738.05394615
-0.86845478
-1588.69560091
-0.28572621
-1758.82680759
-1761.26103091
-1.72670878
-0.24483028
-1441.22558843
-1484.56205381
-1736.32251080
-1853.01186293
-1579.19970984
-1535.10731202
-1509.50891332
-1471.60042006
-1478.11276000
-1392.08654702
-1515.69241629
-1546.36587144
-0.18065730
-2.83133438
-1476.59981786
-1616.58834302
-1652.18575154
-1591.99563333
-1678.51201600
-1096.57554727
-1605.55734635
-1500.16460604
-1490.71171768
-1496.75466318
-1523.36324528
-1555.45387278
-1546.61806399
-1530.29398509
-1614.02727330
-1447.61678880
-1570.70265983
-1504.93345464
-1487.62989671
-1487.50103183
-1507.46302630
-1485.27760459
-126.67742582
-1493.02528966
-0.67802040
-1490.05793953
-1462.56296888
-1483.29290269
-1495.99447671
-1500.35207353
-1512.38099319
-1465.06726384
-1534.65509091
-1427.34262157
-1530.17067964
-1455.55193343
-1511.05928275
-1615.32737651
-1635.21391398
-1669.61871322
-1751.86491835
-1713.17338742
-1668.68309982
-1634.62902263
-1.12844916
-1570.50599557
-1455.02102094
-1361.54695482
-1604.55822530
-1525.79828457
-1401.32800749
-1439.47936089
-1515.30871545
-1487.44190570
-1507.51474646
-1458.67426440
-0.74838263
-1510.34976227
-1504.58216151
-1501.65658186
-1484.93113806
-0.96712696
-1542.56071296
-1461.07831258
-0.14593756
-1534.05870796
-1503.47785951
-1545.69677616
-1572.17733781
-1486.40327686
-1510.32065624
-1455.76915834
-1504.28010451
-1478.36206709
-1496.03006517
-1492.58267456
-1616.48307893
-1.41355208
-1671.37509894
-1543.49678576
-1629.21445607
-1597.24711747
-1371.99221722
-1506.34303612
-1561.98370288
-1504.82806682
-1462.70822289
-1481.71520721
-1472.35134246
-1484.09294457
-1499.82923993
-1582.20721790
-1597.06069276
-1560.99478317
-0.28317530
-1467.29081726
-1491.69319061
-1544.44830358
-1370.12029890
-1561.26438592
-1539.27492636
-1565.24995792
-1540.31794943
-1537.28210219
-1598.06597729
-1589.30912624
-1665.66599496
-1563.44281654
-1572.06519769
-1636.04802079
-1505.14815407
-1715.96836614
-1697.54069782
-1688.85340586
-1.56489349
-1407.40720419
-1636.84456186
-1501.66767690
-1666.88829877
-1519.00028167
-0.14527556
-1.68367497
-1672.69624460
-1832.43986157
-0.57002187
-1830.19218267
-1754.65564141
-1824.74277350
-1788.07276950
-1842.09702622
-1767.58519661
-1769.87022303
-1794.72542659
-1779.62381823
-0.16133841
-1764.68606171
-1649.30854142
-1797.89171965
-1842.15687988
-1695.11647465
-1816.72186292
-1772.08577204
-1851.19651598
-1780.82989897
-0.47969153
-1865.37952457
-1710.08599535
-1673.06992488
-1827.33309347
-1837.77982930
-1643.84416010
-1658.85654359
-1741.80902087
-1653.46259247
-1848.03748913
-1813.40653715
-1768.57944007
-1682.22176756
-1880.86328613
-1820.89914767
-1875.35209775
-1951.59883909
-1910.60176365
-1808.22704756
-1896.39910389
-1886.51909776
-1811.52156338
-1913.53991889
-1.40693490
-1794.75076130
-1711.13418813
-1763.54440641
-0.13897999
-1837.33831745
-1857.86471504
-1.19534322
-1902.14393080
-1.08577488
-1850.60640046
-1838.22682836
-1871.84774123
-1681.42271012
-1798.94855861
-1740.53054797
-1613.86134432
-1585.25490709
-0.26967392
-1544.81909629
-1566.57182944
-1564.18085319
-1521.91537786
-1601.93273751
-1583.72609679
-1572.64465585
-1.54814757
-1475.19792372
-1530.99937638
-1518.69266238
-1462.35688551
-0.06822149
-1492.90924002
-1468.96470715
-1461.21507851
-1.32498240
-1488.79281457
-1398.24740904
-1816.88801600
-1860.72336736
-1581.22466480
-1756.20211862
-1860.27053547
-1899.06014659
-1890.92092725
-1785.83111507
-1484.29858913
-1849.91236943
-1646.78842105
-1834.06642837
-1821.07041782
-1898.67669333
-1869.90537729
-1762.77487172
-1912.65630118
-1822.50890196
-1714.65915185
-1839.73412347
-1868.68849418
-0.04203046
-1592.02256983
-0.28147598
-1816.67470842
-1483.05271522
-1870.68344600
-0.20903294
-1772.44183578
-1.24291680
-1785.52422963
-1931.89311891
-1837.17539101
-1882.09739296
-1844.31267223
-1730.87911859
-0.02349592
-1791.55832142
-1865.64233913
-0.75570671
-1703.67307548
-1691.22974879
-0.35837137
-1722.69290479
-0.81994509
-1755.72188057
-1705.41479522
-1474.43664397
-1773.80283569
-1497.37129093
-1848.93755717
-1788.00001185
-1893.49280561
-1492.17433628
-1526.92224190
-1784.78161468
-0.73353041
-1745.60755887
-1647.27970306
-1891.59441276
-1907.34197255
-1726.74422729
-1811.04465536
-1848.37409214
-1733.57817443
-1772.79944394
-1635.98294121
-1647.96004493
-0.84446197
-1830.20076662
-0.46703763
-1953.00133024
-1878.79834167
-0.70169409
-1639.34129751
-1766.45788042
-1846.47844374
-1856.44321741
-1913.19398966
-1803.90165321
-1895.29951923
-1642.89481281
-1905.85070498
-0.68868078
-1784.48557909
-1.16944138
-2.05372394
-1870.88617307
-1672.88255127
-1622.38283602
-1841.93866265
-0.76419963
-1940.96821076
-1900.61032151
-1585.31484094
-1803.75792533
-1870.48832175
-1815.08827655
-1863.95023069
-1.06572074
-1829.19548659
-1692.53661898
-1828.92563621
-1773.52649686
-0.27751874
-1869.49147807
-1828.15207987
-1810.22131756
-1844.76839411
-1896.73694383
-1864.17636283
-1845.29815414
-1670.44650326
-1862.67340571
-1948.02931655
-1941.32885529
-1855.43000332
-1895.27282500
-1841.76258583
-1743.81719212
-1584.70806271
-1536.01099250
-1548.48591462
-1509.95481327
-1508.15166276
-1333.58867334
-1496.44133087
-1504.28540828
-1407.92847602
-1451.85751826
-1489.86485984
-0.45376263
-1498.54154627
-1439.42184257
-1476.18140057
-1502.19641665
-1510.92983338
-1478.64598667
-2.70531572
-1512.51527462
-1506.25391334
-1501.27427122
-1460.74615186
-128.83605367
-1488.58835780
-1499.65927671
-1488.30850376
-1426.13250695
-1492.63066700
-1483.28368508
-1472.88626983
-1489.06427359
-1466.06903366
-1486.16300300
-1481.94242172
-1492.61508725
-1505.19485158
-1441.45763104
-1305.62959885
-1499.64390110
-1437.23464641
-1447.87008506
-1434.50715138
-3.05959723
-1531.71320311
-1532.82025454
-1530.69283694
-1548.15563725
-1538.70899493
-1462.90794471
-1480.91610734
-1521.81159464
-1451.06347183
-1.18909104
-1603.94577286
-1491.59804249
-1480.80633047
-1480.23146282
-1441.49533720
-0.01342776
-0.11097110
-1495.34734635
-1505.45035345
-1478.29239633
-1378.76946591
-1333.99846515
-1515.36435019
-1405.99575048
-1466.78322879
-1450.23003755
-0.63198087
-1505.33567695
-1453.16450865
-1539.52927645
-1590.71773128
-1541.09316404
-1508.08823103
-1722.73815477
-1679.06392011
-1572.32708046
-0.13808305
-1647.24918536
-1647.86938148
-1588.64800840
-1681.25752386
-1558.58481059
-1484.63589618
-1585.82478214
-0.11185384
-1676.15147071
-1638.03106202
-1620.70636203
-1598.33388483
-1603.48210444
-1617.26331786
-0.08729178
-1612.53734223
-1559.59728899
-1493.08826304
-1.28878642
-2.67702596
-1510.76750772
-1677.98227943
-2.39727639
-1697.42077171
-1684.74900973
-1769.39789336
-4.95465373
-1730.39954468
-1745.26567294
-1660.86140610
-1805.94029873
-0.86176115
-1694.64519840
-1809.45185975
-1657.23599464
-1796.16118598
-1640.33392568
-1629.55220384
-1804.76496974
-1809.62790778
-1776.04190970
-1839.24708066
-0.36436164
-1739.05142628
-0.01984167
-1733.98613113
-1832.99380171
-1862.15000816
-1836.47745943
-1871.82696295
-1555.88315478
-0.07632540
-0.22726653
-1563.82783562
-1504.65254864
-1508.19173613
-1461.69022821
-1481.79000969
-1435.95290786
-1396.38489777
-1418.99565067
-1528.61842419
-1500.47316463
-1494.27765671
-1486.64924859
-1484.06719323
-1427.49975850
-1403.02027174
-1464.10423590
-1497.96571250
-1356.13909684
-1424.59343426
-1570.22753803
-1605.48796390
-1525.69841979
-1538.11999552
-0.12488319
-1516.40229204
-1404.62177045
-1398.21641869
-1509.73929631
-1454.93157799
-1441.27876942
-1456.37268044
-1444.21236194
-1524.39513735
-1480.48491683
-1495.22359500
-1445.23178279
-1479.86398902
-1522.53915702
-1451.20608579
-1572.66529459
-1568.40534030
-1546.39490285
-1500.60360421
-1361.89535078
-1447.29749744
-1510.93799888
-1493.55886756
-1502.12851045
-0.23457189
-1487.43895853
-0.75816231
-1474.03413059
-1500.38267301
-1500.92573883
-1447.15994792
-1411.10840451
-1524.32060562
-1544.81786233
-1511.98411523
-1529.42374529
-1391.49823075
-1519.58250154
-1497.97593687
-1414.94928818
-1496.23565334
-1488.50571089
-1506.05737531
-1459.13135748
-1446.31606636
-1466.93277824
-1468.02862797
-1486.45086612
-2.14246045
-2.51796884
-1501.04679663
-1436.24443650
-1501.38664571
-1586.40587751
-1591.01047239
-1582.00200603
-1435.69284952
-1637.79894690
-1645.89389872
-1664.53628502
-1762.67709110
-1796.58444298
-629.76517811
-382.13596956
-1709.00265972
-0.31596390
-1571.45381782
-1637.60375573
-1514.44867340
-1509.22684832
-1491.61828144
-1493.95580858
-1496.58304940
-1489.86356737
-1407.71058934
-1482.96496396
-1480.62313958
-1570.75528031
-1514.52389578
-1674.53595482
-1802.57680935
-1828.90732989
-1774.54053432
-1803.19700578
-0.26240532
-1.39750549
-1555.22611426
-1563.34454660
-1575.25958701
-1472.14806514
-1518.72687890
-1478.93429491
-1535.52285918
-0.69189370
-1464.55994415
-1528.32819205
-1506.31010405
-0.20384202
-1619.18518362
-1523.42412135
-1611.50655521
-1640.98056661
-1613.52458987
-0.41493338
-0.17131635
-1658.99973617
-0.02222676
-1486.55219729
-1667.50339669
-1643.09400991
-1692.58929965
-1717.33616258
-1600.71728241
-1687.17642457
-1478.40809968
-1485.35473817
-1492.69561156
-1482.33041644
-1531.32695351
-1624.06808417
-1582.03347678
-1570.33289898
-1536.49078379
-0.05616485
-1591.57790723
-1631.36211912
-1693.52563753
-1593.56104387
-1813.53432528
-1.05567383
-1649.52605422
-1544.48825096
-1532.30997696
-1661.71253795
-0.30250690
-1420.71871288
-1636.99475808
-1.53248151
-1568.43379590
-0.09860397
-0.31617984
-1545.68902617
-1399.15259329
-1504.17799552
-1413.44055048
-0.80758450
-1465.77463812
-0.14384461
-1506.28969582
-1777.30738959
-1883.49843321
-1626.86455589
-1691.85499624
-1857.91523000
-1478.23449517
-1494.92642221
-1496.64623333
-0.65592560
-1898.69381832
-1553.64730518
-1588.96050799
-1788.85118701
-1824.75905007
-1769.89443846
-1790.94560803
-1590.62132815
-1848.99665519
-0.87668497
-1509.41183876
-1399.08152143
-1413.11854346
-1448.44238854
-1575.37680384
-1414.00192560
-1535.40704053
-1522.37131781
-0.02454354
-1474.43481099
-1572.95431959
-1.79806333
-1859.96854756
-1443.05938606
-1744.27722409
-1744.57563587
-0.23666803
-1650.86890995
-1426.90472830
-1498.99118954
-1414.96307293
-1525.39546079
-1515.51180794
-1441.47863203
-1385.21904441
-1808.63613607
-1715.70208565
-1529.05639187
-1660.62555656
-1624.78814740
-1765.83728387
-1745.67853811
-1677.76789597
-0.93636161
-1750.66609803
-1429.22603640
-1715.55691742
-1725.89278385
-1527.19613653
-1600.86163050
-1640.42348925
-1692.01240075
-1738.28874571
-0.24997681
-1691.21450447
-1746.12154721
-1723.02383937
-1724.01068354
-1678.37830254
-1488.26289474
-1547.73398446
-1528.79884512
-1596.21231485
-1557.55060587
-0.17545128
-1508.98317852
-1451.24237720
-1487.65103238
-1.64580896
-1490.95306560
-0.73773829
-1590.50160354
-2.39682139
-0.43619581
-1500.26979501
-1491.52797715
-1469.37890228
-1485.27149025
-1488.63275696
-1485.90799275
-1385.59092292
-1499.69474725
-1497.90329032
-1392.36804572
-1474.92696837
-1485.96590918
-1399.45241864
-1446.71455765
-0.06867690
-0.53625711
-1486.48198840
-1487.52884096
-0.17392606
-1627.94227629
-1212.88403487
-1798.61628033
-0.81619350
-1622.66899638
-1657.68696341
-1545.23868905
-1406.59508218
-1530.00334166
-1491.13227389
-1488.14725201
-1535.48422055
-0.10705672
-1462.20649526
-1553.79347891
-1553.28729539
-0.87482560
-1460.27951898
-1373.58866234
-1464.07577546
-1568.36199221
-1526.38425645
-1508.84068763
-1468.87881209
-1499.86075562
-1503.19982440
-1514.96803899
-1621.54876956
-1753.25240812
-1692.33208152
-1638.01963682
-1520.18685833
-1545.25235749
-1450.67534516
-1512.92358919
-0.95161552
-1568.86199689
-1589.28206067
-1654.50605903
-1514.01327557
-1470.29968123
-1463.17849392
-1405.36939196
-1662.15196510
-1513.73815540
-1578.45706587
-1513.47003137
-1568.11399631
-1641.34162480
-1870.28385956
-1859.12811674
-1743.21140507
-1595.61596979
-1909.73222456
-1891.35763677
-1734.52125425
-1819.65737974
-1817.89082169
-1546.96786336
-1617.07890206
-1888.78200098
-0.13466387
-1768.94533726
-0.18372187
-0.51636953
-1405.47478942
-1702.56169741
-1479.88171040
-1589.92451439
-1523.62603549
-1820.56048151
-1672.82326293
-1772.71991906
-1858.74737277
-1909.65810809
-1933.14376270
-1821.86922086
-0.48224768
-0.46393103
-1884.87240742
-1929.11774978
-1819.39328260
-1913.45653719
-1759.59670568
-1756.51014341
-3.53554925
-1941.80385153
-1403.45095143
-1912.90373775
-1826.23230495
-1788.83236119
-1912.69435040
-1859.71132644
-1845.44081377
-1832.26713854
-1.59283641
-1924.73456297
-1823.98709984
-1896.73319785
-1946.25771173
-2.67023343
-1863.81684725
-1870.14438175
-1837.95386628
-1851.13548749
-1898.59519534
-1757.54365091
-1764.44623017
-0.30720464
-1510.01111297
-2.19780329
-1761.83999672
-1747.99376592
-1861.39841981
-1691.48264064
-1876.50718028
-1888.94596227
-1871.92168450
-1885.22699185
-1351.45115303
-1877.64427665
-0.89093117
-1840.84989357
-1857.48587661
-1760.20003172
-1665.00753247
-1754.91747007
-1681.99298513
-0.42866693
-1514.92948409
-1894.55646628
-1638.66895047
-1434.53590023
-1532.76063803
-1452.61936744
-1655.80784714
-1669.65636417
-1462.89504080
-1223.93622514
-1401.87171082
-1381.08775921
-1697.99268323
-1485.75220486
-1469.95947307
-1493.01491046
-1507.13943894
-1510.86195942
-765.93821618
-1475.08546817
-1487.34839376
-1171.11531229
-1654.46054820
-1535.40673586
-1.18894674
-1484.47623468
-1.89620966
-1501.64926112
-1517.40397392
-1317.31406334
-1407.97211913
-1511.55574887
-1486.16099057
-1460.85976516
-1427.60905664
-1383.06774747
-1600.85812625
-1829.48359363
-1617.60964434
-1606.86139421
-1461.96724108
-0.28734266
-1585.93919101
-1753.91947490
-1593.55020277
-1841.55201455
-1764.97723554
-1718.45245613
-1653.63524510
-1373.25255163
-1497.05246500
-1328.12256036
-1597.15653805
-1632.18372465
-1731.74816685
-1643.67248077
-1493.20545696
-1564.59407432
-1772.37944429
-1616.26264434
-2.39423622
-1527.29098659
-3.23173914
-131.79470613
-1797.50615494
-1816.77386801
-0.93652464
-1708.40427408
-1593.83280210
-1775.45703265
-1505.50692899
-1779.51532691
-1797.32563834
-1769.99860623
-1725.98394552
-1765.25113282
-1693.46700078
-1743.65240757
-1432.76697989
-1447.00233145
-1767.67139023
-1650.91379128
-1425.47997369
-1615.20418378
-1730.21688150
-1719.00043192
-1.89126481
-1517.80289924
-1668.28323193
-0.85548848
-1594.86899430
-1544.60542195
-0.92825744
-1566.40300848
-1682.66474399
-1511.98550325
-1502.11448010
-1516.49636438
-1522.02790064
-0.24571358
-1524.54235432
-1582.71276725
-1528.99503532
-1458.56802439
-0.42342044
-1509.21584547
-1411.01965237
-1490.83750300
-1517.34363923
-1530.14968987
-1522.51079216
-1533.08100780
-1541.71292989
-1637.34622450
-1649.31945498
-1699.03849262
-0.92676333
-1510.84280372
-1767.90226524
-1814.46386240
-1832.15136819
-1697.10333916
-1659.83670446
-1313.69470819
-1.15160961
-1560.36517421
-1494.22762735
-1359.53765766
-1532.63430325
-1499.75403624
-2.19782950
-1519.13710995
-1479.96915285
-1493.18438071
-0.31263700
-1515.06021964
-0.26331634
-1466.39689934
-1131.35159711
-1416.43902927
-1486.38912681
-1487.50420043
-1509.90954562
-1386.10822237
-1473.30759188
-1491.67425371
-0.90568042
-1477.90455448
-1475.64312406
-1.17799320
-1533.70998971
-1481.79368324
-1464.68491113
-1508.62236638
-1379.73109118
-1473.79596810
-1514.97266420
-1467.85231789
-1577.93771744
-1508.43357651
-1460.30664279
-1487.44714567
-1482.79988073
-1620.93699544
-1703.77915909
-1489.61112554
-1493.70641630
-1535.97048369
-1456.32554652
-0.32970282
-1409.18976050
-1477.09662585
-1427.41882743
-1478.91068681
-1409.05544325
-1442.47048478
-1492.54600572
-1496.31035535
-1441.13455042
-0.10963406
-1424.36060304
-1249.58638690
-1420.96096570
-1404.49011219
-1432.04569986
-1362.36890425
-1409.84010960
-1291.47543106
-1477.18083432
-1270.38452904
-1379.95891281
-0.77133569
-2.21530481
-1406.97755660
-1294.72561229
-0.59256890
-1394.43661847
-1491.40731857
-1410.13480394
-1487.05682739
-1419.76216828
-1459.90443453
-1490.70231170
-3.05084636
-1507.61932523
-1461.67763950
-1489.87219453
-1500.86281656
-1423.01795241
-1483.83674801
-1386.71792622
-1486.94188649
-1437.14693143
-1.43501043
-1411.65439613
-1509.20038275
-1607.21752190
-1580.37921155
-1614.73183776
-1567.18894536
-1472.19469973
-1515.97885706
-1.28500851
-1652.07843661
-1645.79632575
-1664.71181441
-1532.18724326
-1710.01176020
-1603.72173924
-1726.63632604
-1785.95731023
-1709.74295426
-1757.21113238
-1751.79554710
-1547.21710641
-0.75009501
-1404.75374607
-1538.62009124
-0.02296828
-1558.41538760
-1433.22266927
-1510.10153510
-0.66935067
-1410.90161014
-1462.00480654
-1479.37041494
-0.28250161
-1530.62999440
-1443.21075276
-1414.88125907
-1400.93736246
-1437.81414526
-1488.47442567
-1568.83501128
-1498.60325043
-1559.26282213
-1524.43138200
-0.60046586
-1548.79009088
-1495.26399572
-1537.81266302
-1519.51373268
-1517.85402670
-1440.87074638
-1472.09348998
-1349.86706255
-1459.61611892
-1370.33962318
-1502.88836129
-1505.69824779
-1500.04110768
-1503.31942260
-1508.00375091
-0.04845945
-0.19937082
-1549.85014387
-1614.47669692
-1667.40397098
-1563.16736024
-1524.33610049
-1527.37469304
-1543.20406230
-0.19425837
-0.84486672
-1553.60931874
-1593.71554271
-1543.05299772
-1519.15178169
-1599.61596046
-1504.76595836
-1504.58491394
-1568.09829893
-1488.24790378
-1362.06151139
-1418.64166326
-1423.57690227
-1429.33891385
-0.12225882
-1435.77894954
-0.26055029
-1591.85890287
-1375.95995879
-1455.35274699
-1499.52256576
-1489.77179485
-1712.99228627
-1812.82513106
-1882.77726323
-1840.21614332
-1709.98324092
-1635.50337565
-1597.60713329
-0.71728446
-1607.99209198
-1.63235171
-1526.85691690
-0.58998882
-1670.48797781
-1465.31241439
-1571.85061964
-1543.27731249
-1498.57829249
-1536.05519521
-1481.66031346
-1603.66288126
-1512.66323379
-1529.51163836
-0.18356792
-1539.20510621
-1.83564865
-1462.83264327
-1483.64993950
-0.47200371
-1483.36831007
-1450.01200198
-1541.57039841
-1599.20273418
-1576.29003849
-1614.17399455
-1522.90531235
-0.12456701
-1435.45789775
-1499.18814407
-1286.84849656
-1439.23676157
-1501.69971471
-1399.00667566
-1477.28974618
-1425.56347318
-1488.42155643
-1508.63550431
-1482.31471692
-1510.97842709
-1493.40364780
-1545.38379282
-1476.19625591
-1523.19412622
-1.16052876
-1493.24428553
-1509.03184781
-1454.67626027
-1464.75776521
-1458.39860062
-1577.31931800
-1542.96247526
-1502.38888319
-1522.60190066
-0.07740250
-1620.63534085
-0.14677193
-1500.00606732
-1491.71291137
-1461.58470289
-1578.99675793
-1451.62587738
-1491.56154469
-1483.69214328
-1464.07000168
-1350.82119089
-1442.93314011
-1446.00894084
-1511.95435932
-1503.92596402
-1479.86700269
-1517.04363469
-1493.22460764
-1424.70477575
-0.35425167
-1465.39065745
-1514.32757463
-1443.03967907
-1496.86516856
-1428.42250381
-0.21302773
-1588.23012172
-1351.19620069
-4.06295158
-1592.50300164
-1425.97165578
-1604.81920596
-1496.40687546
-1545.22154127
-0.42492421
-1338.58245385
-4.04832065
-1549.36546942
-1518.43052923
-1415.32337492
-1506.58747529
-1452.22975045
-1400.02752073
-1505.11809413
-0.11352103
-1545.42222587
-1725.32205854
-1873.82735867
-1627.39122459
-1880.14238891
-1831.88071511
-1880.18376765
-1466.55418647
-1763.72389016
-1484.24723359
-1827.69583528
-1853.70787836
-0.78374127
-1833.11637604
-1845.19227231
-1836.14133077
-1769.90094781
-1465.68302896
-1372.33906399
-1504.70143792
-0.22305076
-1490.79296896
-1489.86946065
-1577.93057564
-1520.60721915
-1536.57630976
-1670.45479896
-1712.94150076
-1793.20223576
-0.78441643
-1903.84570955
-1639.24420424
-1825.16340504
-1850.86506009
-1562.34594923
-1848.18174850
-1821.05565619
-1773.20204523
-1826.43452223
-1856.64799996
-1758.62602329
-1895.06659041
-1798.03187698
-2.11383599
-0.42476333
-1.12336728
-1833.23605416
-1910.80236314
-1550.62394806
-1741.52149039
-1849.63910960
-1763.77594336
-1757.55956578
-2.62756303
-1789.16095318
-1888.20723478
-1.21281041
-1.54657813
-1661.14334417
-0.67432256
-1916.71295171
-1870.82629413
-1851.84560088
-1802.31283013
-1839.88314131
-1944.22746989
-1871.57093464
-1934.50266886
-1785.97637100
-1886.26973881
-0.89957543
-1890.89568472
-1898.73572482
-1836.15789524
-1793.61601966
-1803.77035694
-1773.60697440
-1935.17550366
-1785.85203453
-1817.28976614
-1881.46154956
-1917.51425588
-1836.85957255
-1934.94467283
-1833.86965906
-0.13452681
-1850.99787906
-1939.93791772
-0.14993709
-0.48647087
-1742.49448446
-1747.89964070
-1818.43248705
-0.15504382
-1809.20545530
-1.43835023
-0.13182499
-1684.43847731
-1920.74852582
-1721.36348594
-1929.58702150
-1943.40496271
-1911.43850644
-1772.21160626
-0.67080097
-1817.60192705
-1884.36152149
-2.08827931
-1855.62223602
-1904.93326777
-1875.16418398
-0.33781010
-1906.62343518
-1907.25854228
-1869.00402328
-1840.75912123
-0.59672012
-1953.35928400
-1766.62494257
-1905.31251501
-1904.81993363
-1787.58071267
-1895.66295054
-1894.56217494
-1848.17486736
-1893.88148559
-1792.85198651
-3.98777520
-1842.81118833
-1847.25063555
-1826.57571554
-1744.17646016
-1587.60292757
-1904.81013316
-1836.18580180
-1807.59717201
-1781.71134536
-1878.11685391
-1834.12168016
-1666.13563128
-1664.40507761
-1832.66786368
-1592.90399422
-1625.50937006
-1802.03397488
-1842.53570477
-1738.36893328
-1811.34707191
-1777.54143596
-1800.55245658
-1863.06184573
-0.05788633
-1531.54090829
-1747.52325398
-1686.94929219
-1654.79472305
-1719.30036100
-1724.99809231
-1706.71419749
-1699.56965118
-1586.04691636
-1540.97356479
-1495.80608737
-1561.89104283
-1598.40729551
-0.65753627
-1500.75558406
-1502.53350208
-1807.45192812
-1604.50441336
-1454.84511672
-1462.70800135
-1462.90786952
-1474.20444335
-1642.38847373
-1484.29986137
-1483.27002117
-1474.47086120
-1546.74065185
-1440.21626640
-1427.77884669
-0.90568941
-1477.62460365
-1704.95782563
-0.40369529
-1524.87793431
-1550.83449444
-1504.81771045
-1481.15601052
-0.42573623
-1436.34717294
-1472.20585646
-1466.05532059
-1532.68922115
-2.17304022
-1550.61887243
-1449.87368877
-1449.39008290
-1504.88570006
-1411.65830541
-1543.74548349
-0.26776575
-1451.82253622
-1510.18625901
-1325.71183021
-1423.75918660
-1502.75659987
-1397.49956468
-1458.79392114
-1502.74250528
-1527.66425250
-1607.69779850
-1586.02578744
-1522.27621843
-1472.82198309
-1455.38575425
-1643.30120548
-0.57449148
-1492.70227682
-1487.40932790
-1480.06681879
-0.45583616
-1503.12196363
-1531.74945231
-1509.44183295
-1513.25410157
-1445.79014172
-1493.35579747
-0.10668906
-1492.70027291
-0.27747328
-1457.93735818
-1491.26557877
-1417.59151131
-0.56586232
-1497.08343474
-1326.23577997
-1468.94657983
-1427.41246064
-1480.73426567
-1382.85186938
-0.06701022
-1460.61608281
-1478.50017506
-0.69022604
-1487.75949940
-1485.01363870
-1386.25574913
-1501.45419523
-0.63428320
-1448.49376500
-1495.43611020
-1330.03911894
-1454.93244060
-1307.85987909
-1304.51173489
-1492.19875437
-1430.07207673
-1561.85562285
-1539.11945355
-1473.97415998
-1474.42194426
-1.89147698
-1499.65937995
-1370.98958981
-1.28595510
-1551.88363476
-1420.35161092
-1507.55282344
-1374.78668126
-1488.02829311
-1531.36746252
-1548.95988957
-1553.85813292
-1651.49686806
-1602.55991072
-1571.16069137
-1636.78825384
-1540.16261606
-0.16002062
-1500.49894477
-0.03952416
-1498.06990157
-1501.87524430
-1482.78777971
-1400.86241689
-1488.46996897
-1530.58645107
-1575.69413785
-1438.01506982
-0.38510583
-1575.75161353
-1512.43604297
-0.05504250
-1488.69716103
-1521.26203957
-1553.60838223
-1525.59791792
-1681.50120463
-1514.93570685
-1531.05975807
-1686.80915444
-1699.69944439
-1628.78429603
-1640.37575328
-1639.21116252
-1500.43993288
-1420.87350121
-0.82649383
-1486.66943793
-1488.70255454
-1496.83043765
-1489.33117619
-1514.19515922
-1542.13861254
-1618.16008693
-1607.66650757
-1517.50756717
-1498.53686316
-1451.65293507
-1524.50267394
-1559.58202839
-1512.64927768
-1485.32723911
-1507.70920303
-1487.53431273
-0.69388590
-1311.42126930
-1.30376998
-1483.60572673
-0.61372338
-1466.66185319
-1475.17517243
-1372.25210344
-1496.38673902
-1508.72105216
-1495.62275360
-1511.55162305
-1450.78047012
-1483.52393040
-1535.57555358
-1408.36021440
-1457.35024476
-0.28371772
-1468.50739320
-1494.21364387
-1450.11954833
-1495.32017129
-1448.35245810
-0.18997064
-1488.11025886
-1440.85682943
-1543.08927404
-1513.58931545
-1515.04506189
-1508.58104734
-1386.37685736
-1420.75649284
-1478.60576210
-1513.40313556
-1522.30402461
-1619.21264051
-1407.03497097
-1514.22909051
-1486.82374781
-1493.06064560
-1491.20442189
-1478.60710366
-1484.02303523
-1463.74550695
-0.53342510
-1403.81076644
-1581.49552138
-1461.54472611
-1571.18291683
-1546.28998545
-2.41608694
-1481.36379710
-1477.51502106
-1515.72112427
-0.34108988
-1485.24933483
-1411.35047386
-1549.67786121
-1465.96604286
-1467.56579535
-0.55994105
-1537.93618242
-0.17281816
-1480.33875826
-1425.71112906
-1496.83309419
-0.71949124
-1510.53956904
-1489.49610403
-1547.92490973
-1437.67215097
-1547.50567520
-1528.60615905
-1556.26884913
-1619.57803471
-1558.49472003
-1569.22882294
-1601.01441862
-0.33578690
-1604.85817596
-1427.42116742
-1425.37023453
-1482.16813849
-1485.68043034
-1438.31902939
-1495.18131388
-1466.94611134
-1489.06430701
-3.76751422
-1521.07422783
-1642.42720351
-1561.26909608
-1577.87645228
-1488.85876376
-1490.81984036
-1448.40025450
-1469.76862594
-1457.24997339
-1494.64981845
-1485.13451689
-1446.05694664
-1536.97703219
-1443.20228244
-1453.25137873
-1504.63838054
-1.27616785
-1445.60905516
-1495.89898334
-1453.99223249
-1467.17346578
-1462.28070221
-1428.85503960
-1380.23309022
-1469.20554286
-1425.10474278
-1488.01210960
-1436.13715745
-1546.41605336
-1533.01961464
-1537.70766142
-1535.89989398
-1488.52196019
-1524.69260691
-1454.13454918
-1403.90723056
-1427.96084357
-1487.46901832
-1477.22375072
-1436.88073057
-1395.14806922
-2.50565573
-1461.85900849
-1503.33186790
-1479.12874984
-1258.37736438
-1500.07728781
-1494.76153449
-0.98532415
-1207.13601952
-1.53840025
-1460.01656375
-1476.22416041
-1418.39366905
-1475.03465722
-1488.86273518
-1457.15300451
-1509.42510739
-1537.14540371
-1583.38884320
-0.05889858
-1611.54835605
-1564.80702307
-1611.24978938
-1472.92730321
-1412.30476225
-1.71825101
-1625.87389271
-1510.02899450
-1569.22246906
-1661.97909229
-1442.76894290
-1490.05518927
-1542.16442308
-1574.54631525
-1579.00304759
-1614.97890246
-1409.21431524
-1485.53236380
-1409.98478238
-1444.32186906
-1424.61821370
-1503.98845469
-1374.00696985
-1477.87564940
-1326.78602819
-1499.50885300
-1420.26282956
-1496.78631065
-1547.92741266
-1458.63875256
-1616.75087076
-0.17504699
-1546.67011078
-1466.43756896
-0.44669227
-1484.70317803
-1482.15604098
-1461.27292959
-1430.10126654
-1390.42300398
-1453.54479712
-1462.28756077
-1512.66370099
-0.16850440
-1447.37025573
-1404.15038412
-1491.22870070
-1415.65674761
-1433.00877877
-1383.91155118
-1339.43618987
-1264.13904637
-1391.30321423
-1312.05829688
-1494.98702428
-1487.76479650
-1312.47836181
-1367.43237008
-1491.74995899
-1487.28580738
-1413.59211059
-1274.95089288
-1464.19072069
-1498.77360233
-1698.09224844
-0.66434459
-1608.66450504
-1538.67746087
-1520.70227155
-1522.47428621
-1522.71746268
-1.17533942
-1488.08989442
-1503.89805476
-1508.39826972
-1.89726814
-1488.55085271
-1569.50783169
-2.04834288
-1688.62486916
-1656.62992122
-1579.68855019
-1477.25996119
-1462.96342564
-1471.31389647
-1461.63543319
-1484.87110418
-1502.11321388
-1513.31255109
-1481.90933056
-1439.02150308
-1507.86950117
-1382.83595664
-1542.05501805
-1467.74269636
-1476.70921151
-1669.66247153
-1557.02747159
-1637.24149760
-1539.96638710
-1601.36098042
-1462.84027449
-2.32098846
-1698.50566324
-1643.02308641
-1699.81814388
-1402.03385481
-1.27240160
-1685.24275942
-1618.37453207
-1555.70596374
-1569.04525798
-1514.32905797
-1513.24287874
-1633.48641653
-1634.19212538
-1609.76725687
-1438.67412761
-0.94287549
-1478.65773780
-1521.88040362
-1362.10311376
-1438.96977035
-1501.48150419
-1370.38870280
-1511.25967195
-0.32287864
-1552.19742274
-1426.59631119
-1509.76719154
-1486.78899697
-1296.30839652
-1415.04134326
-1489.51931466
-1478.86102061
-1437.44485227
-1521.85194077
-1355.46958421
-1508.35847686
-1451.72256492
-1526.49381623
-1460.93673533
-0.55579719
-1511.38520491
-1493.19583113
-1487.13893565
-0.27787528
-1432.85264619
-1481.35292412
-1497.07415902
-0.10480519
-1467.67069302
-2.44945331
-1512.82344264
-1479.10971058
-1390.48852667
-2.45008568
-1388.41103096
-1496.52097644
-1530.53230399
-1490.73103295
-1467.13243570
-1625.61727523
-1605.16007702
-1534.22679788
-1463.23685844
-1534.53739629
-1424.13788181
-1456.58075050
-1398.25913971
-1476.43662396
-1498.57553370
-1494.52038611
-1565.43290663
-1498.31354687
-1464.90736907
-1452.49915782
-1298.74123646
-1490.54472190
-1441.29616525
-0.59453076
-1497.90888849
-1490.84583344
-1462.77208228
-1480.27998529
-1484.12814244
-1464.23013954
-1502.03743185
-1486.89194507
-1489.87151988
-1437.72057527
-1515.11531858
-1492.88092021
-1425.55919652
-1484.26635296
-0.06755446
-1403.64105056
-0.14515224
-1454.33877001
-1470.12517306
-1509.25041370
-1518.75675458
-1446.53181993
-1479.38451369
-1491.25450543
-1511.58055799
-1.07831583
-1582.68451367
-0.93477588
-1519.30305558
-1541.33740680
-0.26946161
-1509.81692642
-1544.11875756
-0.45062585
-1512.76791930
-1532.25003831
-1518.43792761
-1528.06024854
-1646.73553068
-1589.15887307
-1575.35470009
-1496.94569159
-1625.77200647
-1586.27881345
-1504.71245365
-1479.69282339
-1260.35231680
-1487.47515751
-1588.69327465
-1596.84923860
-1605.39507215
-1681.73520356
-1569.52817393
-1675.43693783
-1612.83742680
-1425.71575657
-1497.73371098
-1481.83793155
-1539.07037338
-1620.63203706
-1606.68463801
-1652.16379452
-1611.63307714
-1533.01697431
-1415.21439320
-1552.01784997
-1572.81728162
-1591.32107926
-1606.75296142
-1530.62314362
-1505.68883610
-1507.03657078
-1483.92477599
-1491.29437739
-0.06166749
-2.94237160
-1488.75824393
-1519.37044185
-1535.00194478
-1486.89320675
-1615.61344708
-1575.13043055
-1.31563366
-1567.20344256
-1541.76302047
-1363.65137784
-1496.27510107
-1493.68793399
-1519.97322877
-3.10282120
-1520.23713835
-1457.56912733
-1456.50856909
-1496.20789784
-1508.36318308
-1515.79738944
-1487.97483823
-1492.02334629
-1474.44808376
-0.62295689
-1433.11277798
-1498.49532736
-1501.95485711
-1456.89748209
-1548.28536686
-1783.00270111
-0.32632326
-1510.92185822
-1589.20549568
-2.79076468
-1494.81058247
-1585.80779080
-1579.83489292
-1564.34406514
-1473.59071862
-1546.28443510
-1451.26666356
-1504.90837689
-1542.93374608
-1399.31831285
-1445.86402668
-1493.48153815
-1486.26477808
-1473.37010646
-1467.95542930
-1417.04473520
-1447.99804569
-1447.45259742
-1478.44391594
-1406.13193259
-1409.45764734
-0.26674356
-1501.73974274
-1496.66257059
-1458.23295837
-1491.34553152
-1485.97555222
-1466.88380955
-1471.48388416
-1379.41952492
-1387.55182235
-1432.99375062
-1481.56221768
-1508.17261150
-1469.32952398
-0.86322599
-0.87058046
-1456.96330538
-1464.62214478
-1495.24993997
-0.64134315
-1489.57101133
-1430.04086743
-1470.32796619
-1410.84793291
-1463.71408587
-1470.23805386
-1.34495967
-1432.71086234
-1555.16172915
-0.07097730
-1508.35970622
-1298.97870499
-0.48898166
-1411.90650568
-1248.86141772
-1249.19250456
-1243.40191475
-1221.72092763
-1230.76361136
-1298.09648444
-1446.70591512
-1466.28765128
-1500.48403879
-1421.36808474
-1497.41905492
-1383.35021029
-1420.45210068
-1470.00377960
-1452.29614175
-1431.48273811
-1509.27540307
-1484.88926717
-1557.28109312
-1459.56552834
-1583.34920288
-0.21918584
-1671.33634527
-1709.91346364
-1569.51340501
-1506.87731417
-1435.79044555
-1449.30468302
-1489.92069933
-1491.75406961
-1496.16444710
-1490.94122192
-1466.71850959
-1399.04096394
-1492.08718251
-1523.21474357
-1429.07451250
-1471.60966206
-1510.31704268
-1355.40501685
-1303.86914688
-1671.26729706
-1632.63210448
-1585.86112164
-1501.06567909
-1427.12812681
-1484.78360864
-1498.37874484
-1499.70557086
-1557.03902162
-1470.62010122
-1580.12679010
-1560.96127997
-1546.56262829
-1586.20671382
-1450.96421683
-1472.17490838
-1453.95530710
-0.44706959
-1428.89777562
-1471.22504914
-1440.94226169
-0.57251178
-1511.62726021
-1377.69328476
-1455.15595258
-1374.05637926
-1387.92674767
-1402.28576081
-1382.43142287
-1434.39111662
-1816.83577290
-1725.67882737
-1619.29065333
-1750.68478739
-1442.71294118
-0.90356997
-1580.44894961
-0.15807342
-1715.90122888
-1768.03753810
-1683.64457988
-1741.65108458
-1.84526555
-1631.63205952
-1502.84655619
-1546.09322211
-1662.11812171
-1682.71519726
-1641.73717460
-1523.77879785
-1721.78547269
-1681.40072483
-1523.06628534
-1598.64892058
-1460.80447876
-1461.32841868
-1515.61353986
-1665.84822503
-1421.78492608
-1554.75742008
-1415.82474368
-1594.29287377
-1667.88659972
-2.57041459
-1647.25494477
-0.35263185
-1418.75602709
-1428.42565689
-1424.06101758
-1485.68810520
-0.08104911
-1487.09744828
-1460.30981822
-1551.29252897
-1570.50697834
-1504.81124882
-1519.11593661
-1414.28476759
-1495.99346054
-1371.80545125
-1424.34481750
-1445.37696168
-1445.61540169
-1493.10217133
-1410.62250590
-1507.12557486
-1516.53797207
-1376.02947251
-1494.44261416
-1452.47704459
-1461.97563843
-1504.10273794
