-1132.80275052
-1164.02071403
-1279.39548502
-1358.74856159
-1322.69087676
-1327.97160813
-1370.15559511
-1366.30145575
-1346.02091333
-1330.79801365
-1332.18158221
-1300.34479502
-1319.98098217
-1327.23895075
-1332.43728622
-1360.15593879
-1365.65791534
-1373.74687410
-1373.54878779
-1360.10594148
-1361.18194326
-1355.95888156
-1354.88116287
-1361.32960563
-1355.35403562
-1345.08900543
-1336.09631965
-1329.00525648
-1322.33146068
-1328.16618831
-1315.80432196
-1325.52118947
-1318.01374450
-1320.43123175
-1325.15108383
-1318.35121011
-1315.92278112
-1321.75145443
-1313.84024577
-1313.51016460
-1317.72995716
-1315.52953442
-1316.78421543
-1316.22201699
-1309.27245019
-1304.28414924
-1294.22928513
-1287.05507522
-1282.33974056
-1278.01271277
-1274.73182038
-1263.07662484
-1267.30508512
-1266.50597176
-1268.20901087
-1267.19574286
-1264.17741555
-1265.45757093
-1268.45005706
-1272.71929158
-1270.86963975
-1275.05505503
-1274.41801928
-1256.63202212
-1260.47219310
-1264.14603548
-1267.76377666
-1270.52222980
-1274.42930264
-1278.58111331
-1278.80295970
-1279.64681566
-1281.40222449
-1282.35809730
-1284.33020704
-1285.79313501
-1288.64150772
-1283.11745739
-1282.11921888
-1283.52790319
-1282.35480176
-1285.11910860
-1286.28603756
-1284.19512686
-1286.78973217
-1289.50810785
-1290.56125337
-1290.67484729
-1291.43862988
-1291.78440643
-1290.46912828
-1287.78256670
-1286.90106347
-1289.46111835
-1286.58395367
-1288.45282145
-1291.53154722
-1294.99264234
-1298.41280409
-1299.87887876
-1302.68342079
-1306.09797920
-1307.80633685
-1309.62012122
-1312.67049767
-1315.89195601
-1318.66886955
-1320.18812587
-1319.06198876
-1318.85987429
-1316.39192857
-1316.68046098
-1315.97554874
-1314.96569231
-1314.47108306
-1314.48831556
-1312.64713421
-1311.37761844
-1309.73809808
-1306.14480775
-1304.67511984
-1303.65728705
-1300.77485390
-1296.86348709
-1297.10376997
-1296.95044152
-1297.38316243
-1296.53126966
-1298.00322071
-1296.49954030
-1295.27129499
-1293.04971257
-1291.84281668
-1293.76478155
-1293.49549243
-1290.25303409
-1287.34177987
-1288.09247077
-1285.00628143
-1281.18130217
-1278.29745549
-1279.14752334
-1279.52464520
-1276.63797026
-1274.63897765
-1276.08238903
-1273.30040865
-1272.57477731
-1272.29526574
-1273.89792114
-1273.20026798
-1271.70971765
-1273.30103802
-1273.76963469
-1273.04798525
-1274.71337028
-1276.91022201
-1279.13044688
-1281.16627816
-1283.48198266
-1285.24567494
-1287.43532320
-1289.13728527
-1291.02086026
-1292.25392690
-1292.99011912
-1293.13496655
-1290.08597271
-1291.17972973
-1289.94743368
-1288.41407187
-1288.58529530
-1290.62177147
-1291.02295913
-1291.77049384
-1292.25107978
-1292.52077772
-1292.62847922
-1294.29817285
-1295.07707293
-1295.35458073
-1295.63527358
-1294.10955562
-1293.87575643
-1291.68478128
-1291.27695498
-1291.31287918
-1292.07191587
-1289.63595744
-1289.60837257
-1288.93612793
-1288.37159399
-1288.20917277
-1288.79893847
-1289.19611229
-1287.62519362
-1288.59981908
-1289.68944398
-1289.58196937
-1288.38622981
-1285.83961445
-1286.43956546
-1286.00955635
-1286.15521382
-1285.56564175
-1286.58309214
-1284.01779356
-1280.94128877
-1282.07782677
-1279.63519879
-1280.69738222
-1279.10220077
-1279.50858681
-1277.87377800
-1277.37610126
-1277.02485575
-1274.12957567
-1270.26926396
-1269.83954524
-1271.03679627
-1268.71890057
-1269.22343102
-1266.40152710
-1263.55791782
-1262.67826586
-1261.75442718
-1262.32396768
-1261.51493034
-1260.83359532
-1262.51355252
-1261.65237936
-1260.80026061
-1259.79939864
-1259.19217448
-1257.85987363
-1255.36854042
-1255.67774688
-1253.09464342
-1254.37845140
-1253.42610465
-1254.62511459
-1255.90786775
-1257.29592531
-1256.46621779
-1256.73082452
-1257.66170643
-1256.06039282
-1254.43840950
-1254.71979958
-1255.48955127
-1253.37167233
-1254.33176645
-1253.29047361
-1254.55262958
-1255.22244595
-1253.08083271
-1254.28506623
-1253.84329258
-1253.08768330
-1251.50803002
-1252.77541453
-1253.53652900
-1252.43095635
-1253.61844066
-1253.37449244
-1254.07059424
-1252.96114741
-1250.13207051
-1249.78893788
-1246.84848707
-1243.65698166
-1240.88475675
-1242.04326534
-1237.97057819
-1238.93748957
-1239.34593567
-1239.11478158
-1238.88199599
-1236.60870304
-1236.53226500
-1236.59804581
-1235.99603444
-1235.90647624
-1234.81069149
-1235.53832910
-1234.65289716
-1235.23398635
-1234.97195877
-1234.74396608
-1234.31748326
-1232.74862654
-1233.66395414
-1231.59770063
-1232.48179074
-1232.05207902
-1230.94363037
-1228.54909471
-1229.49744435
-1225.80359196
-1222.15531662
-1222.69002154
-1222.84284689
-1222.54093218
-1223.42119628
-1222.67191649
-1220.77546129
-1220.43963067
-1217.28208228
-1213.76323225
-1214.06682325
-1214.81333901
-1211.73364024
-1208.23851328
-1209.43575727
-1206.78534182
-1204.49699617
-1202.29442847
-1200.07278549
-1201.92131689
-1203.39369416
-1200.05619336
-1200.01840977
-1200.19803647
-1197.29120305
-1197.82709130
-1194.53592926
-1191.60937569
-1189.48437497
-1189.59354610
-1187.92893450
-1188.05984869
-1189.00729482
-1189.98743437
-1189.26436112
-1186.06711041
-1184.60937746
-1185.70555062
-1183.28456534
-1184.25396847
-1181.48610340
-1180.27200202
-1181.16886100
-1181.06779827
-1179.89712787
-1180.47037798
-1181.43740155
-1178.76578844
-1178.45018561
-1179.30097738
-1176.29993109
-1175.96696176
-1176.96108561
-1173.96075097
-1171.37766483
-1172.29626223
-1169.01858869
-1168.74863845
-1169.77526484
-1170.17760808
-1170.93733464
-1168.03368020
-1167.95810926
-1167.82159986
-1168.34380133
-1168.41548641
-1169.37619430
-1169.32253073
-1169.06667013
-1165.91458874
-1163.42207881
-1163.97730815
-1162.25390760
-1162.64091027
-1161.53840746
-1160.66328381
-1161.38384777
-1162.24849682
-1161.51896717
-1159.80109961
-1160.63798683
-1157.90797476
-1154.87892646
-1153.74331018
-1154.26886977
-1151.92054203
-1151.28039191
-1149.61699004
-1147.31545678
-1145.63435712
-1143.00660915
-1140.09168236
-1140.20589814
-1140.91599146
-1141.83434540
-1141.91997410
-1140.85466866
-1139.57917481
-1140.10495340
-1140.16269004
-1138.23108436
-1135.40698318
-1135.75390897
-1135.34111457
-1136.20817557
-1133.40972223
-1133.43102265
-1132.38561171
-1132.51891102
-1133.61795685
-1131.79298114
-1129.31823133
-1128.93172795
-1127.35384935
-1127.51365186
-1127.95699714
-1128.64880217
-1128.71578496
-1129.29307603
-1130.19432578
-1131.29947455
-1132.28711006
-1131.68317216
-1132.01441289
-1131.68632966
-1131.25876107
-1130.55308585
-1128.20221967
-1128.50422697
-1126.42537083
-1127.16154091
-1127.98872734
-1125.64246391
-1123.63117049
-1124.43836061
-1125.05486175
-1123.33411043
-1124.22743538
-1122.81926347
-1121.37821109
-1122.03834595
-1122.86915328
-1123.40488337
-1124.03193520
-1121.79515687
-1122.75648845
-1122.88634199
-1120.95757737
-1122.06000017
-1121.18821138
-1119.80004077
-1117.60878701
-1118.69852103
-1118.33018673
-1117.19500631
-1118.06250387
-1116.11542687
-1114.22530409
-1112.07370315
-1109.91403015
-1107.76243192
-1108.14039501
-1108.74794350
-1108.85524948
-1107.53200542
-1105.96581784
-1104.40138559
-1104.56747416
-1105.19188024
-1106.02715827
-1103.68612765
-1104.38079814
-1103.81293809
-1104.16703754
-1104.64522503
-1105.54750610
-1106.50637664
-1104.47227272
-1102.69906682
-1102.63822234
-1102.75410685
-1100.71590944
-1098.67967650
-1096.41891657
-1094.91963453
-1095.72858672
-1095.96058910
-1093.95499433
-1094.45542994
-1094.24540198
-1093.01493874
-1091.79303944
-1092.59502873
-1093.15784465
-1093.35391792
-1093.75715149
-1092.30093162
-1092.89794166
-1091.23654015
-1090.07698897
-1089.14370083
-1088.25644814
-1087.07544747
-1087.91867314
-1088.03871008
-1087.13052432
-1086.47318947
-1086.88110168
-1087.01458933
-1087.43011068
-1087.94236974
-1088.81101737
-1088.52954880
-1086.65889770
-1084.79289961
-1082.91925142
-1081.07809348
-1081.85213560
-1081.82011617
-1082.02127462
-1082.99916748
-1083.49679715
-1081.87910699
-1079.81718314
-1078.66117737
-1079.30668147
-1077.49133617
-1075.92377474
-1074.55759133
-1075.23661901
-1074.44400238
-1074.67041145
-1073.36751459
-1074.05131655
-1074.83846244
-1075.37226835
-1073.59578826
-1072.03735797
-1072.25118993
-1070.28652865
-1070.27617204
-1070.46091887
-1070.64583415
-1071.72036554
-1072.43384643
-1072.90987827
-1073.12231116
-1074.17620977
-1074.87641031
-1073.14932522
-1073.39278175
-1073.50113621
-1072.86564755
-1073.84216164
-1074.68268035
-1075.09695801
-1074.27896865
-1073.67493341
-1074.35102587
-1073.73972303
-1073.14314259
-1072.73785343
-1073.27921680
-1072.92209379
-1072.33290858
-1072.50117797
-1073.24206147
-1072.67954724
-1073.04167804
-1072.42298866
-1073.01149609
-1073.60609247
-1072.16798341
-1070.92821260
-1071.05995995
-1071.61073123
-1069.95913920
-1070.36370482
-1070.23293115
-1070.92114911
-1069.71922848
-1070.46633294
-1071.18794482
-1071.80717601
-1072.57309963
-1073.03786780
-1073.37461622
-1074.05087142
-1073.86516146
-1072.66980279
-1073.12058056
-1073.40700705
-1072.40963207
-1072.19620927
-1072.64902645
-1073.34539050
-1074.05646046
-1074.00087267
-1074.17435241
-1073.62510284
-1072.86659443
-1072.79832953
-1073.28316646
-1073.86234982
-1073.36835987
-1073.56985365
-1074.02059313
-1073.49886772
-1072.75082552
-1073.34936736
-1072.60571739
-1072.85019437
-1071.90896708
-1071.12136263
-1070.59018104
-1070.38731372
-1069.65974738
-1069.85604448
-1070.18458350
-1070.78613202
-1070.97013309
-1070.13406777
-1069.99000943
-1069.61493122
-1069.99497262
-1068.49452144
-1067.77417279
-1067.02632549
-1065.91486197
-1064.76340469
-1065.41743855
-1064.96828858
-1065.18215482
-1065.87309588
-1066.34349063
-1066.25297917
-1065.92902531
-1065.44395466
-1065.23723689
-1064.93975282
-1065.17292253
-1065.06949010
-1064.17611645
-1063.98464744
-1064.59258572
-1063.90134417
-1063.22204014
-1063.77222701
-1064.01648909
-1062.74868181
-1062.40889724
-1062.94956010
-1062.65810117
-1061.93831797
-1062.34876201
-1061.84725874
-1061.75158572
-1061.58365674
-1061.88240122
-1061.38364559
-1060.91471215
-1061.04420620
-1060.88554540
-1060.59717727
-1060.11198147
-1060.88006582
-1060.29504721
-1061.16489621
-1061.56252853
-1061.11569675
-1061.09672195
-1061.27481642
-1061.65492241
-1062.31972599
-1062.04025633
-1062.65740967
-1062.17804822
-1062.86853803
-1063.04111545
-1062.54447655
-1061.87168240
-1062.59044089
-1061.92538670
-1061.74732186
-1061.22571485
-1060.87818211
-1060.71232725
-1061.22096189
-1060.97702192
-1061.52540890
-1062.12329301
-1061.93513664
-1061.71246564
-1061.44867658
-1061.93719724
-1062.28349853
-1061.63278393
-1061.18475525
-1060.73031056
-1060.27479724
-1059.85628879
-1060.39085281
-1060.85592592
-1060.37941882
-1059.75766903
-1059.29372073
-1058.80679803
-1058.37050328
-1057.93493136
-1058.38914964
-1058.13758009
-1057.88475192
-1057.45458648
-1056.85075530
-1056.06581902
-1056.73955063
-1056.88449499
-1056.39998157
-1056.79497084
-1057.51459887
-1057.90589929
-1057.47846597
-1056.88104470
-1056.28619080
-1056.71904510
-1056.11904888
-1056.96601252
-1057.60825786
-1057.36903486
-1057.95698542
-1058.10066652
-1058.84855309
-1058.42994242
-1058.00997094
-1058.22897755
-1057.81757576
-1058.48058395
-1058.88791485
-1058.48064735
-1057.90757233
-1057.47361715
-1057.04554009
-1056.60343615
-1056.19497846
-1056.85628676
-1057.37855466
-1057.14018830
-1057.42341728
-1058.05914366
-1057.65276019
-1058.00393570
-1057.59679768
-1057.45385365
-1057.55782707
-1057.87024730
-1057.80989453
-1058.38305361
-1058.55904942
-1058.49766724
-1058.72925210
-1058.32700259
-1058.50095190
-1057.92516310
-1057.50612530
-1057.68755203
-1058.07449464
-1058.29399462
-1057.72365063
-1057.32170712
-1056.88985287
-1057.32267890
-1057.55090499
-1057.95430264
-1057.39109931
-1056.99731867
-1056.45191603
-1056.05041929
-1056.64033852
-1056.12178143
-1055.55900086
-1056.17952229
-1055.47130654
-1055.75489048
-1055.05764392
-1055.63149430
-1056.21492246
-1055.52372377
-1055.66946039
-1054.82439905
-1054.13365446
-1054.20028661
-1053.82392053
-1053.44649940
-1053.06896848
-1052.85171215
-1053.04531812
-1053.46483352
-1053.42701701
-1053.94152956
-1054.22457644
-1053.82990472
-1053.29514745
-1053.76646930
-1054.34138909
-1054.19877106
-1054.52230891
-1055.13328956
-1055.67939138
-1055.30448826
-1054.90183329
-1054.52802048
-1055.06691417
-1055.40145544
-1055.18337229
-1054.66483160
-1054.71617947
-1055.10354979
-1054.10998726
-1053.85165359
-1054.52340304
-1055.26455075
-1055.38868637
-1055.74125432
-1056.30821980
-1056.91374240
-1057.05981595
-1055.93301825
-1055.41883330
-1056.00046109
-1054.91222014
-1053.80371908
-1052.98376093
-1053.50290992
-1053.96721283
-1053.98195336
-1054.07790322
-1054.59652254
-1055.20002958
-1055.08296065
-1055.53725074
-1056.09433543
-1056.14226448
-1055.64792946
-1055.75056827
-1055.89729434
-1055.44920715
-1055.70464789
-1055.84440061
-1056.34857195
-1056.21433002
-1056.00943880
-1056.34245051
-1056.06723587
-1056.43087120
-1056.69023068
-1056.31375557
-1055.67114488
-1054.73275773
-1055.24571681
-1054.30558779
-1053.60483998
-1053.08869535
-1053.29141668
-1052.29154578
-1052.58662714
-1053.27672577
-1053.00603119
-1052.62447256
-1051.69282595
-1051.85520172
-1052.48656032
-1052.34989748
-1052.60748778
-1052.09154218
-1051.76247405
-1051.26738175
-1051.14278169
-1051.30943822
-1051.39314557
-1051.87999759
-1051.53822462
-1051.69674023
-1051.90340366
-1052.37023119
-1052.19295355
-1052.62206092
-1052.47750417
-1052.95129863
-1053.34993865
-1053.01359904
-1052.68623345
-1052.61782360
-1052.27250310
-1052.42606486
-1053.03581103
-1053.00334096
-1052.99878521
-1053.26527414
-1052.90160899
-1052.67029085
-1053.17269104
-1052.69759354
-1052.06275410
-1051.31165614
-1050.80878719
-1050.88653333
-1051.42045009
-1051.80606275
-1052.11236452
-1052.26025821
-1052.28067402
-1051.75279338
-1052.03291819
-1051.28761214
-1051.46958016
-1051.61942794
-1051.76037474
-1052.23229716
-1052.70339277
-1053.17931324
-1053.36793852
-1053.51437406
-1052.92580466
-1052.45876697
-1052.38174297
-1052.05147208
-1052.46487442
-1052.91149178
-1053.21038426
-1053.65680207
-1053.47303159
-1052.99438202
-1053.13079740
-1053.72752705
-1053.73567100
-1053.89940971
-1053.43382073
-1053.90585451
-1053.58180857
-1053.94956415
-1053.62624130
-1053.43716272
-1053.62110868
-1053.70830509
-1053.48976469
-1053.28633700
-1053.75343778
-1053.56733377
-1053.38895703
-1053.33723752
-1053.73600809
-1054.20727667
-1053.89973259
-1054.35221026
-1054.16641007
-1054.00515960
-1053.95435799
-1053.86947868
-1054.32193573
-1054.22579394
-1054.47259535
-1054.26271902
-1053.94295720
-1053.23817277
-1052.76486868
-1053.15801655
-1053.69876862
-1054.23772875
-1054.46559944
-1054.99038643
-1055.11013984
-1054.88482764
-1055.34946980
-1054.64124078
-1054.63837979
-1053.81482700
-1053.08739693
-1053.20667985
-1052.39838418
-1051.69843696
-1052.02237581
-1052.30064893
-1052.76575708
-1053.02770529
-1052.67922029
-1053.12786142
-1053.07617790
-1053.14354664
-1052.88535145
-1053.30269100
-1052.96827082
-1053.43307141
-1052.62278671
-1052.97654566
-1053.45796450
-1053.15002920
-1052.81542054
-1052.50738686
-1052.61332622
-1053.04729776
-1053.49603494
-1053.98804408
-1053.36490247
-1053.90699912
-1052.98703306
-1053.29259612
-1052.86088723
-1052.57368347
-1052.37078659
-1051.93451032
-1051.57257167
-1051.71319738
-1051.80729921
-1051.83785686
-1052.20721378
-1052.64050308
-1052.35987306
-1052.79357893
-1052.49842058
-1052.35847077
-1052.18224440
-1052.33663855
-1052.05850902
-1052.49749502
-1051.95906229
-1051.40923142
-1051.07355553
-1051.22858018
-1051.01237149
-1051.67283189
-1051.71533753
-1051.93165964
-1052.05631580
-1051.84058159
-1051.06273500
-1051.37329991
-1050.70276402
-1051.19226323
-1050.61768484
-1050.95063701
-1051.44293344
-1051.53170584
-1051.09567442
-1050.55601108
-1050.78462140
-1050.14579051
-1049.62547430
-1049.21708562
-1048.58839622
-1048.64263791
-1048.05762245
-1047.53840337
-1047.92565139
-1048.34951540
-1047.83778764
-1048.21242395
-1048.75695513
-1049.29740583
-1049.42184917
-1049.23636378
-1049.06262754
-1048.98330786
-1048.96470946
-1048.82220347
-1048.78713625
-1048.63763865
-1049.07033323
-1049.07133158
-1048.97519622
-1049.20011876
-1049.46357906
-1049.97262234
-1050.19223339
-1050.10040210
-1049.96128942
-1050.18228199
-1050.52493771
-1050.35560947
-1050.58046149
-1050.53848870
-1050.80633887
-1050.88593775
-1050.71929164
-1050.55101371
-1050.65582545
-1050.56629551
-1050.89655003
-1050.84441219
-1051.12460406
-1051.04920488
-1050.97087527
-1050.86822570
-1051.00023302
-1051.25067072
-1051.07754842
-1051.04368479
-1051.29619524
-1051.59057494
-1051.83201669
-1051.64619124
-1051.55067857
-1051.25225791
-1051.33455915
-1051.18058305
-1051.57316689
-1051.52579025
-1051.94823727
-1051.72529361
-1051.52883102
-1051.33639994
-1051.73574391
-1051.75083066
-1052.16390111
-1052.09384161
-1051.82599887
-1051.21498229
-1051.06067372
-1051.43453085
-1051.04868049
-1050.66144557
-1050.16756474
-1050.51955275
-1050.17153383
-1050.44175151
-1050.14343715
-1049.64064370
-1049.97464369
-1050.23997193
-1050.26638436
-1050.01680175
-1050.15181095
-1050.45845263
-1050.54263387
-1050.14883506
-1050.05693326
-1050.28938110
-1050.30081689
-1050.00678898
-1050.46409982
-1050.89247816
-1051.17970746
-1050.69262130
-1050.81596026
-1050.90233401
-1050.42216161
-1050.44411838
-1050.97206552
-1050.47501889
-1049.78197653
-1050.22487878
-1050.13563481
-1049.72429103
-1050.18402877
-1050.11432560
-1050.05401657
-1050.42987810
-1050.30478330
-1049.91345190
-1050.14493060
-1050.65846181
-1050.28048592
-1050.49335617
-1050.27370621
-1050.30284638
-1050.05583384
-1049.89736760
-1049.51878865
-1049.42824443
-1049.07006827
-1049.49730435
-1049.39922010
-1049.31803071
-1049.63857841
-1049.57365531
-1049.97177330
-1050.32239436
-1050.70818216
-1051.15561652
-1050.85205165
-1050.50069056
-1050.89897348
-1051.21058411
-1051.19503973
-1051.30543926
-1051.60511699
-1051.38964053
-1051.79225151
-1052.22834149
-1052.33479995
-1052.14720131
-1052.65358413
-1052.66881599
-1052.93183883
-1053.26629478
-1053.87564831
-1053.94607849
-1054.59201905
-1054.96411639
-1054.49851205
-1054.05907882
-1054.26881265
-1054.09980521
-1054.19781169
-1054.55197645
-1054.90985848
-1054.81589055
-1054.84149627
-1054.97724586
-1055.10344705
-1055.19924700
-1055.32844936
-1055.69022054
-1055.87354554
-1055.50800081
-1055.67283239
-1055.76819368
-1055.42417019
-1055.06042039
-1054.82106759
-1054.73623378
-1054.74300222
-1054.50205890
-1054.41476904
-1054.73170091
-1054.38607091
-1054.05295220
-1054.01856435
-1054.09778556
-1054.18543197
-1054.05383834
-1053.89681783
-1053.68877682
-1053.65654779
-1053.51992327
-1053.49408640
-1053.43039178
-1053.37595994
-1053.48185942
-1053.45737266
-1053.54120492
-1053.66722416
-1053.72799739
-1054.16629781
-1054.08963046
-1054.38356629
-1054.25979100
-1054.01897120
-1054.19297523
-1053.92020922
-1053.73428513
-1053.38276401
-1053.74525970
-1053.50560458
-1053.26116330
-1053.01940623
-1053.31281546
-1053.40996665
-1053.77185230
-1054.11517820
-1054.31778785
-1054.17347564
-1053.83459346
-1054.03796804
-1054.14811456
-1054.07666586
-1054.14260998
-1054.17634882
-1054.52089365
-1054.44120400
-1054.30386139
-1054.27956814
-1054.58530813
-1054.83123339
-1054.82643202
-1054.98371957
-1055.16277677
-1055.16270923
-1055.26883612
-1055.47411419
-1055.82324594
-1055.79560870
-1055.64483431
-1055.94574854
-1055.78094554
-1055.70032382
-1055.48217796
-1055.14515939
-1055.05918243
-1054.72547110
-1054.59279256
-1054.91663775
-1054.85825806
-1054.60113578
-1054.37814594
-1054.45432700
-1054.68938997
-1054.45395193
-1054.74955229
-1055.18418770
-1055.34846859
-1055.72055090
-1055.83275874
-1056.17363563
-1056.50799914
-1056.63932465
-1056.74694187
-1056.61437424
-1056.94770862
-1057.30840630
-1057.22504109
-1057.10653637
-1056.96569888
-1057.15700104
-1057.05390414
-1056.91213259
-1057.12706314
-1057.28475363
-1057.37448670
-1057.23746802
-1057.11032939
-1056.98053847
-1056.83036858
-1057.09576057
-1057.18867254
-1057.46575808
-1057.23429023
-1057.13313305
-1057.47245118
-1057.42757334
-1057.27527390
-1057.13445434
-1057.23029007
-1057.24348891
-1057.60059883
-1057.72467536
-1057.40675963
-1057.74680101
-1057.58446958
-1057.83213622
-1057.60078540
-1057.95698664
-1057.97889803
-1057.83953200
-1057.76048701
-1057.62956052
-1057.49939229
-1057.28919439
-1057.58020181
-1057.65165968
-1057.74412261
-1057.60738575
-1057.37656026
-1057.25994202
-1057.45719240
-1057.73217563
-1058.20354878
-1057.94946306
-1058.27798824
-1058.27931056
-1058.61737711
-1058.30784286
-1058.14266287
-1058.38841781
-1058.15528253
-1058.53691685
-1058.28217341
-1058.37106294
-1058.18454324
-1057.95636972
-1058.11822574
-1058.23714358
-1058.46233458
-1058.54251052
-1058.52370522
-1058.53076770
-1058.72138931
-1058.84228242
-1059.01718607
-1059.40015397
-1059.72421362
-1059.65946755
-1059.43099097
-1059.80275204
-1059.64028714
-1059.75103757
-1060.08495232
-1060.45197604
-1059.78003498
-1060.13006185
-1059.72282397
-1059.68071817
-1059.76500887
-1059.67981163
-1059.10120121
-1059.40714501
-1059.57280232
-1058.90844484
-1058.57871706
-1058.45080904
-1058.71465568
-1059.02350812
-1059.09949452
-1059.18387970
-1059.27196420
-1059.64808486
-1059.36957207
-1059.54936774
-1059.78429953
-1059.47860602
-1059.75290146
-1060.01235482
-1059.88233429
-1060.09943090
-1060.07213744
-1060.05820109
-1060.11506598
-1060.08584023
-1060.05909997
-1060.11144480
-1060.11460801
-1060.04684041
-1060.33283621
-1060.20064475
-1060.08013375
-1060.24299092
-1060.59382080
-1060.44793165
-1060.32129721
-1060.63607947
-1060.50309283
-1060.68786730
-1060.57301168
-1060.45539757
-1060.32794320
-1060.20202679
-1060.37022756
-1060.06849201
-1059.77097755
-1059.83915709
-1060.16844145
-1060.25419805
-1060.54176475
-1060.72637134
-1060.60809666
-1060.47909577
-1060.45011832
-1060.79133162
-1060.66270831
-1060.96469872
-1060.77226663
-1060.94274298
-1060.94759892
-1060.73388042
-1060.96659848
-1061.15582892
-1061.46527530
-1061.26621215
-1061.44993557
-1061.79194651
-1062.08801173
-1062.06545322
-1062.35865827
-1062.61971414
-1062.76360173
-1062.82229566
-1062.97679592
-1063.26514512
-1063.14056552
-1062.98295587
-1062.60763643
-1062.23442438
-1062.25309818
-1062.54388933
-1062.50901699
-1062.47487867
-1062.36527342
-1062.24778283
-1062.12104669
-1062.41797285
-1062.71174170
-1062.59151243
-1062.88367322
-1063.08561027
-1062.96738785
-1062.87975163
-1063.17431805
-1063.03659679
-1062.91298114
-1063.21977182
-1063.54625969
-1063.65956662
-1063.95708865
-1063.83181155
-1063.75389342
-1063.54399256
-1063.33267282
-1063.13380359
-1063.20471285
-1063.48630251
-1063.27376620
-1063.21407292
-1063.21726135
-1063.50462759
-1063.78562839
-1064.02008686
-1064.25170244
-1063.95676017
-1064.01716917
-1063.64697806
-1063.88910972
-1064.21527479
-1064.59213766
-1064.63283871
-1064.95662401
-1064.95233782
-1064.67804511
-1064.66368993
-1064.46227782
-1064.55208818
-1064.43096794
-1064.50109972
-1064.50352659
-1064.29530478
-1064.28196965
-1064.07450562
-1064.18895022
-1064.46720690
-1064.27291864
-1064.56436950
-1064.42522773
-1064.45629909
-1064.25113025
-1064.45047227
-1064.38097375
-1064.45533918
-1064.49126908
-1064.20480968
-1064.31888690
-1064.03260611
-1063.82526103
-1063.80785108
-1063.61235608
-1063.34489457
-1063.61129398
-1063.68207513
-1063.47924279
-1063.73154791
-1064.03922506
-1063.84128320
-1063.93977791
-1063.93841005
-1064.03145115
-1064.29885488
-1064.07961848
-1063.87514567
-1063.66580806
-1063.44502288
-1063.16691945
-1062.88850066
-1063.26542457
-1063.22315079
-1063.28007675
-1063.19663711
-1063.05288934
-1063.33240918
-1063.38673265
-1063.37712441
-1063.30771170
-1063.61316510
-1063.67706921
-1063.84940767
-1063.95695547
-1064.25936423
-1064.28361428
-1064.28017349
-1063.97567940
-1063.80262413
-1063.59837623
-1063.88085550
-1063.64041680
-1063.50325311
-1063.38465744
-1063.55810884
-1063.44744062
-1063.37985664
-1063.27401310
-1063.16515611
-1063.06109897
-1063.32983513
-1063.21527100
-1063.07740569
-1063.14773216
-1063.24315413
-1063.12514557
-1063.21878578
-1063.00743292
-1062.81710253
-1063.00093204
-1062.81071475
-1062.74549064
-1062.83232223
-1062.93318857
-1062.74674732
-1062.63959920
-1062.61598180
-1062.42694852
-1062.78580227
-1062.58598855
-1062.39539728
-1062.23265168
-1062.12012335
-1062.30085483
-1062.56425482
-1062.84512179
-1062.73699183
-1062.65346967
-1062.91590690
-1063.17636082
-1063.05890133
-1062.95333051
-1062.84460302
-1062.84078674
-1062.57472042
-1062.43664677
-1062.32650999
-1062.59313563
-1062.48679861
-1062.47114552
-1062.55605559
-1062.77807593
-1062.98349126
-1062.82136417
-1062.89503989
-1062.99945253
-1063.00442722
-1062.81070355
-1063.13221622
-1063.17728481
-1063.26279018
-1063.56167726
-1063.28922789
-1063.15420387
-1063.55203371
-1063.87680436
-1063.89723273
-1063.63569868
-1063.44873111
-1063.80972503
-1063.54729361
-1063.53940686
-1063.88357371
-1064.10469287
-1064.19470981
-1064.28426485
-1064.13165020
-1064.07413309
-1064.22368557
-1064.24975409
-1064.38838308
-1064.32921270
-1064.58268422
-1064.69588255
-1064.94770892
-1064.83802153
-1064.72874562
-1064.98061549
-1064.94962292
-1065.20263567
-1065.46894212
-1065.31680328
-1065.13092749
-1065.00763117
-1064.90274508
-1064.85557687
-1064.89848239
-1064.90653032
-1065.05680634
-1065.30714582
-1065.32166489
-1065.48660498
-1065.37414294
-1065.43326480
-1065.60804224
-1065.82413998
-1065.97636026
-1065.79554040
-1065.64589448
-1065.62324736
-1065.69865682
-1065.49775638
-1065.22849796
-1065.38483404
-1065.32041908
-1065.13505302
-1065.41747121
-1065.23121464
-1065.46530743
-1065.53882542
-1065.34835236
-1065.09258426
-1065.43363910
-1065.15589386
-1065.21684721
-1065.03370605
-1064.88668103
-1065.11683120
-1064.93125336
-1065.03201344
-1064.92456037
-1065.06745666
-1065.22831832
-1065.15448508
-1065.21201616
-1065.39155138
-1065.44521345
-1065.43273459
-1065.58009581
-1065.53260306
-1065.71897458
-1065.59476897
-1065.66612427
-1065.47924503
-1065.60697623
-1065.91466372
-1065.66116764
-1065.47975121
-1065.29720363
-1065.11400563
-1065.37533173
-1065.47132021
-1065.28423885
-1065.04787397
-1065.24226802
-1065.13405383
-1065.15238880
-1064.99175818
-1064.88583387
-1064.98846569
-1064.89167271
-1064.78878373
-1064.95490783
-1064.83704664
-1064.83127505
-1065.08132884
-1065.04607329
-1064.90416511
-1064.77730697
-1065.02639774
-1065.21366702
-1065.21665182
-1064.96394513
-1064.70875960
-1064.45124547
-1064.60258146
-1064.67249860
-1064.65564502
-1064.46824565
-1064.28614325
-1064.52567995
-1064.69057842
-1064.97517984
-1065.03446580
-1064.84444924
-1065.09074008
-1065.34759115
-1065.55850931
-1065.75563245
-1065.43324335
-1065.43290877
-1065.67520939
-1065.28599246
-1065.51273531
-1065.18303301
-1065.23116742
-1065.11570525
-1064.99742139
-1065.06572374
-1065.18111045
-1065.32982965
-1065.48717777
-1065.56688995
-1065.75800926
-1066.00121305
-1066.15525830
-1066.32087598
-1066.55419767
-1066.80720393
-1066.47671059
-1066.52166157
-1066.20662604
-1065.94982221
-1065.74456044
-1065.97945830
-1065.88528411
-1066.00160913
-1065.68919548
-1065.93057695
-1065.70132940
-1065.52539184
-1065.65837660
-1065.41347607
-1065.68962047
-1065.86891685
-1066.14688736
-1066.37985090
-1066.39833275
-1066.26731677
-1066.54866640
-1066.62553700
-1066.77041752
-1066.86513740
-1066.99736779
-1066.61640722
-1066.75287115
-1066.43518498
-1066.18052168
-1066.42624296
-1066.64148692
-1066.87501560
-1066.71552334
-1066.87033590
-1066.70311038
-1066.53626641
-1066.68683577
-1066.68818426
-1066.44896254
-1066.69400267
-1066.67091810
-1066.69798095
-1066.75921537
-1066.50310960
-1066.75223042
-1066.86437264
-1066.98596097
-1066.66825209
-1066.82885827
-1066.99999436
-1067.18182836
-1066.94823502
-1067.03886305
-1067.18616105
-1067.23131387
-1067.45738606
-1067.74122171
-1067.96068881
-1068.09567349
-1067.97355045
-1068.19163109
-1067.94185784
-1067.70066117
-1067.89130549
-1067.64629504
-1067.88478835
-1068.11262725
-1067.91280734
-1068.14618334
-1068.33786777
-1068.41565018
-1068.54819033
-1068.77812672
-1069.00538102
-1069.18631263
-1069.11920170
-1069.05508452
-1068.80930862
-1068.56069336
-1068.25102236
-1068.56943569
-1068.59771543
-1068.27968918
-1068.15420980
-1067.84717786
-1067.62027134
-1067.37778047
-1067.41735997
-1067.68360488
-1067.80096401
-1067.67169085
-1067.87902298
-1068.10546021
-1068.32525805
-1068.46623623
-1068.53403723
-1068.75624225
-1069.04079213
-1069.35316764
-1069.53563914
-1069.29230602
-1069.04444740
-1068.99068812
-1068.89127871
-1069.06929738
-1069.13867585
-1069.12709179
-1068.82546811
-1068.88695086
-1068.82292382
-1068.88226787
-1069.13459513
-1069.20019303
-1068.96634822
-1069.16309837
-1069.33370124
-1069.17133852
-1069.32419591
-1069.45345318
-1069.69265440
-1069.95262742
-1070.00630987
-1069.83028026
-1070.04752802
-1070.20005135
-1070.11305173
-1070.25064771
-1070.40164222
-1070.31439565
-1070.15828478
-1070.26215953
-1070.37487927
-1070.15137783
-1069.98758616
-1069.92496593
-1069.98640572
-1069.82346118
-1069.98562109
-1070.19332117
-1070.29607375
-1070.06904890
-1069.83205828
-1070.06172327
-1069.83162950
-1069.62123556
-1069.67779166
-1069.89512828
-1069.94219958
-1069.64952128
-1069.52696457
-1069.23459104
-1069.46985559
-1069.53200212
-1069.17290316
-1069.29658738
-1068.95135345
-1068.93418584
-1069.00674160
-1068.77788187
-1068.69124485
-1068.89347999
-1069.08474547
-1068.93081434
-1068.64320182
-1068.79433434
-1068.91811508
-1068.49770820
-1068.01298797
-1068.14728626
-1068.20786947
-1067.91566456
-1067.49854474
-1067.64635064
-1067.69335776
-1067.73756903
-1068.06066082
-1067.90453522
-1068.00550514
-1067.82637858
-1068.07590678
-1068.07085424
-1068.00825768
-1068.21474555
-1068.44181272
-1068.64597485
-1068.88770160
-1069.12224100
-1069.26266184
-1069.32572267
-1069.53920452
-1069.59971710
-1069.85514506
-1069.90595713
-1070.04520554
-1069.69341427
-1069.28262742
-1069.35066573
-1069.42140244
-1068.94717775
-1068.99434160
-1069.04594547
-1068.62770673
-1068.15092461
-1067.80671229
-1067.47056148
-1067.45340596
-1067.38666634
-1067.49314490
-1067.54922373
-1067.79614590
-1067.84077277
-1067.43610122
-1067.45037802
-1067.57558049
-1067.70982295
-1067.29930065
-1067.08876118
-1066.92447906
-1067.22252692
-1067.29121826
-1066.81886141
-1067.03454577
-1066.63067746
-1066.76831593
-1066.29764013
-1065.95474234
-1065.54939989
-1065.75939826
-1065.95850630
-1066.08834547
-1065.81029685
-1065.79088424
-1065.90910714
-1066.13898972
-1066.25102830
-1066.10921356
-1065.81783623
-1066.03715471
-1065.63056548
-1065.74963578
-1065.66582758
-1065.45154760
-1065.16931862
-1064.89587737
-1065.10171065
-1065.07752601
-1065.22548015
-1064.94633659
-1065.16154782
-1065.20742909
-1065.41291261
-1065.50983451
-1065.72080740
-1065.92018600
-1066.00383264
-1065.61300681
-1065.62100107
-1065.62369878
-1065.48435069
-1065.54186057
-1065.65397647
-1065.25707520
-1065.03900926
-1065.02053038
-1065.12737677
-1064.66650445
-1064.43787618
-1064.23233418
-1064.32645865
-1064.54731709
-1064.49327739
-1064.15649606
-1064.35540493
-1064.42464657
-1064.31542785
-1064.23454548
-1064.39395407
-1064.33781190
-1064.54730038
-1064.39985441
-1063.94278426
-1063.66224535
-1063.45907004
-1063.19187665
-1063.33889177
-1063.44487493
-1062.93485164
-1063.10187861
-1063.17012693
-1062.72113596
-1062.38448035
-1062.47963291
-1062.69727685
-1062.64035254
-1062.57963267
-1062.72172308
-1062.97807099
-1062.52514796
-1062.07294085
-1062.07232103
-1062.21892379
-1062.38962378
-1062.50991351
-1062.06107730
-1062.21114713
-1061.70363632
-1061.86833723
-1061.53630149
-1061.25630602
-1060.80889753
-1060.76066139
-1060.70965097
-1060.92231083
-1061.10879485
-1061.31711470
-1061.54467179
-1061.76699308
-1061.94659864
-1061.50305760
-1061.28215459
-1061.08209304
-1060.81933077
-1060.97620272
-1061.04644796
-1061.10391002
-1061.35612487
-1061.42327044
-1061.62510060
-1061.61594717
-1061.71927098
-1061.27782751
-1060.77846155
-1060.98744371
-1060.54820399
-1060.10601528
-1059.66793417
-1059.35164146
-1059.21420854
-1059.15555739
-1059.23889518
-1059.44306001
-1059.63860568
-1059.31823583
-1059.05351487
-1059.22093310
-1059.21966460
-1059.30403969
-1059.49977207
-1059.49219181
-1059.22877472
-1058.79300402
-1058.93947379
-1059.14494248
-1059.23317634
-1059.45638890
-1059.46892684
-1059.60714459
-1059.63122905
-1059.67853034
-1059.62379848
-1059.67720802
-1059.35642940
-1059.04229172
-1058.72083010
-1058.93928829
-1058.99561312
-1058.99533999
-1059.18278885
-1058.86691752
-1058.89704500
-1058.58342640
-1058.76580578
-1058.49608390
-1058.06188200
-1058.23702837
-1058.53151272
-1058.44725074
-1058.62414925
-1058.67559858
-1058.97618706
-1059.18734965
-1059.23953083
-1058.92296051
-1058.54778737
-1058.06062981
-1058.13923753
-1057.71146815
-1057.33698040
-1057.56045906
-1057.13250680
-1057.20003583
-1056.77315680
-1057.00770471
-1057.23051186
-1056.80264213
-1057.04252966
-1057.17823279
-1057.28860473
-1057.08119039
-1056.95742561
-1056.85640301
-1056.92256642
-1056.77029557
-1056.98759724
-1057.19641371
-1057.36984118
-1057.43545589
-1057.64370856
-1057.64722188
-1057.76988315
-1057.98205501
-1057.91531119
-1057.92312975
-1057.63328292
-1057.68498541
-1057.87841657
-1058.08521680
-1057.72252439
-1057.94839688
-1058.16499126
-1058.23057171
-1057.91595468
-1057.75856774
-1057.89198966
-1057.64645190
-1057.69180146
-1057.38696452
-1057.51039635
-1057.08697567
-1056.93145232
-1056.79900979
-1056.60312694
-1056.47462735
-1056.05628493
-1056.25667803
-1056.00787977
-1056.20530597
-1056.39891545
-1056.59271272
-1056.70248636
-1056.83874947
-1056.76283865
-1056.95884645
-1057.11137037
-1056.80934409
-1056.86221462
-1056.65819361
-1056.71613294
-1056.47431476
-1056.17584715
-1055.86349345
-1055.79506286
-1055.93636624
-1056.05492426
-1055.92812863
-1056.13103403
-1055.71489477
-1055.24617336
-1054.83214247
-1054.41987814
-1054.18058892
-1054.29397133
-1054.51296866
-1054.51467968
-1054.67034486
-1054.74458533
-1054.33198879
-1054.42608991
-1054.60985548
-1054.80993223
-1054.96858617
-1054.89812460
-1055.02135513
-1054.60856539
-1054.19736445
-1054.12991989
-1053.72269043
-1053.36831624
-1053.01498794
-1052.90039402
-1053.11850829
-1052.70989556
-1052.24704119
-1051.84126598
-1051.87582498
-1051.51760770
-1051.68917251
-1051.27980557
-1051.46887318
-1051.56693554
-1051.68640169
-1051.73699051
-1051.99852017
-1051.94852129
-1052.07878114
-1051.66984434
-1051.68034796
-1051.79798213
-1051.89368983
-1052.04427480
-1052.10794639
-1052.02281160
-1052.21155498
-1052.26492696
-1052.48743512
-1052.64781563
-1052.85153144
-1052.95458045
-1053.15062027
-1053.19293745
-1053.21665290
-1053.30828884
-1053.47226382
-1053.73816896
-1053.93561123
-1054.11629169
-1053.81927592
-1053.97699503
-1054.00074164
-1053.95557079
-1054.13947864
-1054.01019357
-1053.77249192
-1053.95922220
-1054.06435333
-1053.97648118
-1053.85584847
-1053.95479930
-1053.66183962
-1053.66565426
-1053.31824362
-1053.32313141
-1053.32022590
-1053.40672176
-1053.54642775
-1053.65766755
-1053.75225889
-1053.87072064
-1054.00175274
-1053.60128447
-1053.20027087
-1053.41238706
-1053.11703776
-1053.10270649
-1053.13673716
-1053.26679621
-1053.39945023
-1053.10115884
-1052.70054207
-1052.72181414
-1052.69344529
-1052.84418622
-1052.79978752
-1052.51175787
-1052.56492967
-1052.22546053
-1052.30690648
-1052.42528026
-1052.13535723
-1052.31966374
-1052.33189254
-1052.38082226
-1052.14941467
-1051.86265163
-1051.83172277
-1051.94006893
-1051.89836315
-1051.56689090
-1051.57443503
-1051.54297319
-1051.53038282
-1051.59848515
-1051.36499356
-1051.02743966
-1050.79687096
-1050.75400603
-1050.88505493
-1051.01971153
-1051.18662761
-1051.27229016
-1051.35447887
-1051.16408929
-1051.31428178
-1051.30629610
-1050.96855525
-1050.57851633
-1050.28772956
-1050.48308316
-1050.67061006
-1050.79155238
-1051.01575567
-1051.10884081
-1051.26961796
-1051.38337091
-1051.33828427
-1051.10506377
-1050.76188949
-1050.88436910
-1050.44454174
-1050.68088769
-1050.29329235
-1050.29798198
-1050.16007598
-1050.16561997
-1050.35103793
-1050.34104289
-1050.48470354
-1050.36528285
-1050.46247009
-1050.55031116
-1050.76133967
-1050.94157215
-1051.12729926
-1050.84492877
-1050.97824263
-1051.07991289
-1051.15075573
-1051.23937267
-1050.85411966
-1051.06089885
-1051.22474122
-1051.34433498
-1051.06293921
-1050.94263204
-1051.13560300
-1051.27210971
-1051.27993214
-1051.40208014
-1051.60075048
-1051.78513889
-1051.96596123
-1052.10358975
-1052.19001638
-1052.37554371
-1052.61272820
-1052.67285175
-1052.87646683
-1053.03836230
-1053.04024042
-1053.28292723
-1053.47388624
-1053.41369979
-1053.46138898
-1053.41721903
-1053.37619079
-1053.33034167
-1053.12369712
-1053.29779644
-1053.06804803
-1052.68540043
-1052.30517234
-1052.43492603
-1052.48623266
-1052.61284623
-1052.23094838
-1052.40891295
-1052.47229832
-1052.09000585
-1052.27189651
-1052.36909664
-1052.04002812
-1051.85697476
-1051.98034950
-1051.59904338
-1051.17080780
-1051.20044087
-1051.34023757
-1051.51914221
-1051.59503844
-1051.55471615
-1051.55046862
-1051.71129462
-1051.69801934
-1051.88161666
-1052.08620044
-1052.28707968
-1052.44043563
-1052.56089740
-1052.66373762
-1052.79549223
-1052.97736948
-1052.88387860
-1052.50903267
-1052.56566253
-1052.74255335
-1052.99139537
-1052.61720244
-1052.62101775
-1052.68961123
-1052.86242178
-1052.43778733
-1052.27561585
-1052.05718779
-1052.03300089
-1052.21717729
-1051.93782137
-1052.12758190
-1052.24089254
-1051.82046221
-1051.82338505
-1051.49750597
-1051.61954184
-1051.85235101
-1052.06431023
-1052.05804122
-1052.17801115
-1052.22591720
-1052.41562107
-1052.50663083
-1052.68225650
-1052.86368433
-1052.91082243
-1053.14883078
-1053.38045371
-1053.58943758
-1053.82834078
-1054.00742714
-1054.16192754
-1054.37858557
-1054.54079924
-1054.74695577
-1054.98546465
-1055.22195906
-1055.21348454
-1055.41386751
-1055.45896474
-1055.58192938
-1055.75754979
-1055.93751521
-1055.98079759
-1056.15045588
-1056.35508294
-1056.59045574
-1056.80532398
-1056.85681476
-1056.93686346
-1056.93535760
-1056.80492973
-1056.97794273
-1057.21067097
-1057.39268108
-1057.48683446
-1057.72197530
-1057.94404935
-1058.03573145
-1058.26705384
-1058.49822313
-1058.72309892
-1058.94799846
-1059.04607731
-1059.27349830
-1059.49227162
-1059.70782410
-1059.73971560
-1059.93733567
-1059.98219222
-1060.21351954
-1060.44398719
-1060.67146620
-1060.90060291
-1060.92595452
-1060.97330451
-1061.18403495
-1061.14554224
-1061.25184229
-1061.28830340
-1061.36509470
-1061.36224469
-1061.42642405
-1061.35571657
-1061.34259315
-1061.35085364
-1061.36162343
-1061.52741244
-1061.52085485
-1061.40960792
-1061.19557929
-1061.26562368
-1061.44028910
-1061.39719079
-1061.40745051
-1061.58213980
-1061.65760993
-1061.44085078
-1061.39372120
-1061.33134844
-1061.44521729
-1061.36364985
-1061.35720400
-1061.24530843
-1061.35506432
-1061.52162134
-1061.52057113
-1061.62233488
-1061.78596011
-1061.77992344
-1061.81763530
-1061.91383309
-1061.99076709
-1062.17993224
-1062.25918131
-1062.41097532
-1062.40518177
-1062.33623910
-1062.24425052
-1062.14066575
-1062.19272903
-1062.24504737
-1062.18372502
-1061.97575666
-1061.61587182
-1061.78138480
-1061.72019588
-1061.86431860
-1061.87708999
-1062.08821232
-1062.29732566
-1062.45285703
-1062.34270051
-1062.53367955
-1062.26425429
-1062.33652258
-1062.52524480
-1062.52620482
-1062.66492791
-1062.39499374
-1062.03512836
-1062.19672423
-1061.88190959
-1062.05746321
-1062.10434122
-1061.74773998
-1061.34359292
-1060.98728102
-1061.09853830
-1060.73970917
-1060.92090546
-1061.09188992
-1061.22155548
-1060.86317484
-1060.46085045
-1060.66225121
-1060.86610643
-1060.86230696
-1060.55013323
-1060.66181721
-1060.61806510
-1060.84814761
-1060.58402632
-1060.74559130
-1060.58373149
-1060.75220043
-1060.87539402
-1060.87984253
-1060.94742365
-1060.89887338
-1060.98309074
-1061.14588992
-1061.32217256
-1061.36863329
-1061.54188666
-1061.70969841
-1061.88942067
-1062.06617764
-1062.23387374
-1062.32051159
-1062.35021688
-1062.55665530
-1062.77195643
-1062.90488988
-1063.09438062
-1063.29526731
-1063.32267295
-1063.53841771
-1063.71299275
-1063.63718635
-1063.84989733
-1063.91307133
-1064.07157365
-1064.24478184
-1064.25229327
-1064.37922167
-1064.52841739
-1064.74645437
-1064.83683776
-1064.98540721
-1065.12896097
-1065.18615115
-1065.36663205
-1065.53195627
-1065.70036718
-1065.65809462
-1065.55739540
-1065.54179318
-1065.23931603
-1065.27541448
-1064.96953114
-1065.14473135
-1065.15093483
-1065.26485468
-1065.42204645
-1065.35921594
-1065.49455053
-1065.56148909
-1065.72298446
-1065.88389191
-1066.04275464
-1066.14089025
-1066.34892810
-1066.30457909
-1066.41170865
-1066.56815018
-1066.74765672
-1066.88907975
-1067.00567325
-1067.19215551
-1067.39129647
-1067.39855850
-1067.58894720
-1067.63301598
-1067.78134335
-1067.79601642
-1067.95924923
-1068.12434677
-1068.19031025
-1068.20800784
-1068.36206598
-1068.57777692
-1068.74285866
-1068.90413203
-1068.98784017
-1069.00774288
-1069.17188940
-1069.32556829
-1069.49077797
-1069.69659097
-1069.88729309
-1070.08171714
-1070.12572466
-1070.16313453
-1070.25474701
-1070.31123017
-1070.46761715
-1070.65138626
-1070.78226270
-1070.94151919
-1071.05380139
-1071.21230282
-1071.37771517
-1071.54422926
-1071.68493265
-1071.66622573
-1071.84294989
-1071.94277792
-1072.05711861
-1072.06357702
-1072.25946620
-1072.31750703
-1072.52812234
-1072.65443905
-1072.79610038
-1072.82290898
-1072.99049802
-1073.14382435
-1073.19090527
-1073.28411616
-1073.48689212
-1073.55244698
-1073.64885641
-1073.69542545
-1073.81433387
-1073.76440892
-1073.82210591
-1073.97595389
-1074.11477484
-1074.31282887
-1074.51918343
-1074.61711381
-1074.48604370
-1074.58602538
-1074.53502611
-1074.68438546
-1074.85694248
-1075.06164020
-1075.17611522
-1075.37168161
-1075.52175457
-1075.72971145
-1075.93474486
-1076.10883122
-1076.22070826
-1076.38936282
-1076.59716612
-1076.62434877
-1076.75566940
-1076.92628677
-1077.11692028
-1077.27274762
-1077.42761084
-1077.46673175
-1077.63590085
-1077.82595648
-1077.94423914
-1078.14545294
-1078.30020306
-1078.49976163
-1078.55101332
-1078.59854633
-1078.60145043
-1078.78636695
-1078.74290541
-1078.77742804
-1078.94477720
-1079.00767534
-1079.20503484
-1079.16252591
-1079.31269845
-1079.51698023
-1079.54259703
-1079.49614348
-1079.55902690
-1079.63890578
-1079.75916386
-1079.75608468
-1079.84979507
-1079.89598852
-1080.04429597
-1080.19974186
-1080.34962228
-1080.44826664
-1080.49059629
-1080.51995604
-1080.62522425
-1080.81605832
-1080.96904814
-1081.16542556
-1081.31797421
-1081.46886990
-1081.52601386
-1081.61854892
-1081.78925839
-1081.95407416
-1082.13648300
-1082.31927184
-1082.50448326
-1082.60412193
-1082.78890990
-1082.95951726
-1083.15744740
-1083.23829617
-1083.23271645
-1083.19803252
-1083.39535448
-1083.51785006
-1083.61319876
-1083.75401368
-1083.90255574
-1083.85501703
-1083.89802188
-1084.04258763
-1084.12809613
-1084.32436379
-1084.36574363
-1084.50864977
-1084.66123640
-1084.74698561
-1084.90988042
-1085.10266221
-1085.13763738
-1085.28786875
-1085.43845098
-1085.63623929
-1085.80129373
-1085.92957835
-1086.12289075
-1086.31672134
-1086.50044113
-1086.69702447
-1086.87228501
-1087.06866301
-1087.11854715
-1087.08860692
-1087.19303081
-1087.38204809
-1087.54852649
-1087.76277542
-1087.75008281
-1087.80723075
-1087.91612437
-1088.11994789
-1088.17158793
-1088.29811703
-1088.48525983
-1088.67817277
-1088.75603248
-1088.93718722
-1089.07409164
-1089.21222998
-1089.38102029
-1089.56880271
-1089.75500984
-1089.82994259
-1089.77520169
-1089.91370331
-1089.93762525
-1090.01852564
-1089.97914955
-1090.17112533
-1090.36119549
-1090.55395324
-1090.60899646
-1090.63933262
-1090.78137296
-1090.80367752
-1090.94667056
-1091.07236464
-1091.06275559
-1091.08453254
-1091.07634635
-1091.19560523
-1091.35380758
-1091.54602104
-1091.56819311
-1091.72349962
-1091.85707314
-1092.04482401
-1092.18046477
-1092.32876955
-1092.31628960
-1092.42534967
-1092.41252430
-1092.54247958
-1092.61164676
-1092.80784517
-1092.94850228
-1093.07716632
-1093.20063949
-1093.35413119
-1093.35499082
-1093.50718300
-1093.65441962
-1093.82439565
-1093.96976498
-1094.10544653
-1094.28592884
-1094.42559957
-1094.32891874
-1094.46283764
-1094.45147457
-1094.45171917
-1094.52638502
-1094.65403271
-1094.76865059
-1094.84378888
-1095.01782995
-1095.10472079
-1095.10313723
-1095.13058540
-1095.31620723
-1095.36332494
-1095.51759301
-1095.65099569
-1095.82005408
-1095.97689117
-1096.13795506
-1096.32432490
-1096.48647564
-1096.66634331
-1096.85279746
-1096.88554038
-1096.99867235
-1097.13081804
-1097.23603044
-1097.34628357
-1097.46134241
-1097.56634758
-1097.69240030
-1097.83708739
-1098.02354630
-1098.20938517
-1098.39550072
-1098.44162270
-1098.57355331
-1098.71953714
-1098.67933812
-1098.85119467
-1098.90258481
-1099.04307866
-1099.22889136
-1099.29691742
-1099.47654184
-1099.60631111
-1099.65888136
-1099.78830976
-1099.91950199
-1100.00165593
-1100.14143908
-1100.08901853
-1100.22185868
-1100.32420562
-1100.27363547
-1100.25816383
-1100.44225616
-1100.48510368
-1100.61998121
-1100.80020032
-1100.87225851
-1100.98086467
-1101.16366418
-1101.31416745
-1101.26287862
-1101.42751454
-1101.60484915
-1101.61837241
-1101.79939081
-1101.75154196
-1101.91774224
-1102.02765221
-1102.09874344
-1102.04672935
-1102.17841475
-1102.31024719
-1102.29223255
-1102.37518785
-1102.44703399
-1102.40895450
-1102.56333256
-1102.73942744
-1102.88332720
-1103.02022342
-1103.06982361
-1103.19126227
-1103.23328798
-1103.36122366
-1103.50047140
-1103.52729826
-1103.57308321
-1103.70685811
-1103.79796594
-1103.84665153
-1103.99661602
-1104.07144991
-1104.05287912
-1104.17065287
-1104.28973271
-1104.31331795
-1104.34312332
-1104.36246672
-1104.49933213
-1104.64498095
-1104.67251045
-1104.72634659
-1104.85391646
-1104.99657659
-1104.87979473
-1104.82836793
-1104.95373378
-1105.09238065
-1105.01758516
-1105.01319634
-1105.11856130
-1105.29794354
-1105.47355595
-1105.61208227
-1105.59433255
-1105.75961346
-1105.91950514
-1106.04929277
-1106.07704409
-1106.22263464
-1106.20282441
-1106.35692701
-1106.41308848
-1106.36667187
-1106.45935207
-1106.59564698
-1106.72118966
-1106.87983136
-1107.02949229
-1107.16435808
-1107.28220259
-1107.42318051
-1107.56675272
-1107.69850167
-1107.64615312
-1107.77998142
-1107.84786618
-1107.85023464
-1107.95751924
-1107.92790464
-1108.03816741
-1108.15556342
-1108.28943794
-1108.31281761
-1108.46053260
-1108.59034735
-1108.72529328
-1108.86312258
-1108.98579671
-1109.14592126
-1109.17709983
-1109.35051874
-1109.44841007
-1109.57078198
-1109.63523407
-1109.80921047
-1109.82594921
-1109.97478980
-1110.11717123
-1110.23529977
-1110.39454360
-1110.52868827
-1110.67188082
-1110.77472124
-1110.72901140
-1110.75643803
-1110.72070658
-1110.82948444
-1110.87510008
-1111.04767477
-1111.19439281
-1111.31672865
-1111.44439902
-1111.61643056
-1111.78708387
-1111.86874879
-1111.98142406
-1112.05780185
-1112.22824028
-1112.35693337
-1112.35845321
-1112.49659493
-1112.66521385
-1112.64848996
-1112.77493040
-1112.78909026
-1112.90886471
-1113.03849811
-1113.15724108
-1113.29390898
-1113.41414553
-1113.49054973
-1113.52532528
-1113.49174113
-1113.65976598
-1113.80160133
-1113.87935742
-1113.92057572
-1113.94414979
-1114.11181309
-1114.22083108
-1114.37403866
-1114.54047728
-1114.62092668
-1114.74664823
-1114.69884979
-1114.78042414
-1114.94155582
-1115.07449857
-1115.11809052
-1115.27251832
-1115.39711417
-1115.55535988
-1115.71615639
-1115.86603309
-1115.91132395
-1115.98441719
-1116.06335231
-1116.18609163
-1116.34905877
-1116.51157867
-1116.48484550
-1116.47518126
-1116.48093848
-1116.64332441
-1116.76652782
-1116.78687211
-1116.90576957
-1117.06986621
-1117.10888760
-1117.26116503
-1117.42822661
-1117.59083164
-1117.46620458
-1117.52786473
-1117.56230906
-1117.59494994
-1117.54293890
-1117.65427527
-1117.74488702
-1117.82733025
-1117.77620086
-1117.92961088
-1118.07334179
-1118.22298300
-1118.29755080
-1118.32672159
-1118.36392914
-1118.43895501
-1118.45880913
-1118.47842882
-1118.54821832
-1118.66136918
-1118.78267218
-1118.85758433
-1118.95257567
-1119.01185626
-1119.13256312
-1119.13130531
-1119.25692918
-1119.27777222
-1119.41945347
-1119.45855610
-1119.54965400
-1119.62860629
-1119.68935684
-1119.80402278
-1119.96488380
-1120.05182500
-1120.07272011
-1120.20593819
-1120.29509982
-1120.41256397
-1120.52125371
-1120.59790439
-1120.55893752
-1120.66320560
-1120.77488926
-1120.89438398
-1121.01696151
-1121.15843284
-1121.29502456
-1121.41192300
-1121.44916310
-1121.53714078
-1121.52905390
-1121.56452190
-1121.57729656
-1121.58819760
-1121.68263772
-1121.63204985
-1121.76193557
-1121.89339738
-1122.03177182
-1122.01240875
-1122.13273815
-1122.24905636
-1122.26436499
-1122.36881763
-1122.36777954
-1122.38888499
-1122.57849840
-1122.59408206
-1122.65724873
-1122.73459647
-1122.86381723
-1123.01798284
-1123.10099843
-1123.22197084
-1123.34564812
-1123.31588172
-1123.33655772
-1123.40768624
-1123.52387644
-1123.65799865
-1123.75273894
-1123.91284018
-1123.99106043
-1124.09652704
-1124.21300274
-1124.32678111
-1124.44986411
-1124.57486108
-1124.51606513
-1124.67675250
-1124.73792326
-1124.86735720
-1124.97958384
-1125.13994507
-1125.25476116
-1125.37431589
-1125.49200724
-1125.61695502
-1125.73329041
-1125.80819328
-1125.84264155
-1125.97839727
-1126.06940171
-1126.22285438
-1126.34190803
-1126.25373742
-1126.19985822
-1126.25845908
-1126.25795216
-1126.37252991
-1126.43730039
-1126.47881218
-1126.59833350
-1126.74725445
-1126.84376429
-1126.96536589
-1127.02637652
-1127.13110157
-1127.25123735
-1127.34451759
-1127.38813187
-1127.50110274
-1127.54238383
-1127.69445264
-1127.84879346
-1127.98061127
-1128.05858728
-1128.17159697
-1128.23734085
-1128.35136663
-1128.48465685
-1128.63748085
-1128.73870090
-1128.84633797
-1128.96061916
-1129.00040581
-1129.10636865
-1129.12036538
-1129.13707785
-1129.28629511
-1129.40423966
-1129.41729543
-1129.51041311
-1129.65632892
-1129.78127073
-1129.87946749
-1129.93055909
-1130.04784258
-1130.20337038
-1130.31523048
-1130.45724346
-1130.44428395
-1130.56946206
-1130.60678966
-1130.71395611
-1130.82731960
-1130.97713885
-1131.04893041
-1131.20178009
-1131.17271841
-1131.32861992
-1131.37168870
-1131.48610108
-1131.55319026
-1131.70598671
-1131.76500783
-1131.89540900
-1132.05086365
-1132.20620495
-1132.22996392
-1132.36398273
-1132.44663135
-1132.56733750
-1132.71306246
-1132.82993006
-1132.79502495
-1132.90330007
-1133.01531017
-1133.05316104
-1133.15741179
-1133.27068375
-1133.39103222
-1133.42147914
-1133.52136873
-1133.65659299
-1133.69344420
-1133.68203285
-1133.79092193
-1133.76537870
-1133.77900928
-1133.71282471
-1133.81890771
-1133.83970384
-1133.89155711
-1133.87262173
-1133.95463140
-1133.93124992
-1134.04283080
-1134.15088687
-1134.25625344
-1134.40910038
-1134.55980231
-1134.70571398
-1134.85693414
-1134.83336938
-1134.95586022
-1135.05903539
-1135.16957743
-1135.12241071
-1135.24829799
-1135.39467797
-1135.46533616
-1135.59945931
-1135.72163477
-1135.71028011
-1135.74194760
-1135.83504161
-1135.93091679
-1136.06939394
-1136.05199417
-1136.16232750
-1136.10824929
-1136.26082771
-1136.40191293
-1136.49831134
-1136.47608581
-1136.58421070
-1136.52980172
-1136.60230137
-1136.63846663
-1136.78048746
-1136.80529545
-1136.92501880
-1137.02984417
-1137.17395378
-1137.19106229
-1137.29428756
-1137.33054374
-1137.27401340
-1137.40695757
-1137.49062388
-1137.60403466
-1137.68483585
-1137.66227589
-1137.77125805
-1137.83149865
-1137.90617917
-1138.01043972
-1138.13966986
-1138.26396868
-1138.41328205
-1138.47879361
-1138.52670933
-1138.62562793
-1138.73523426
-1138.83782726
-1138.94631509
-1138.89743604
-1138.99117081
-1138.99990247
-1139.06808150
-1139.17480239
-1139.17801785
-1139.29354164
-1139.31344932
-1139.38543412
-1139.32603027
-1139.30497276
-1139.35971288
-1139.45991900
-1139.51485834
-1139.60183674
-1139.70410042
-1139.77834612
-1139.91297406
-1140.05593608
-1140.15762472
-1140.26782593
-1140.35129027
-1140.46818009
-1140.60648872
-1140.64929977
-1140.74885437
-1140.86034285
-1140.99434646
-1141.10305098
-1141.15337223
-1141.25804620
-1141.39853477
-1141.37808401
-1141.39851039
-1141.49887393
-1141.60328676
-1141.72630657
-1141.79409824
-1141.80313463
-1141.86833288
-1141.86384247
-1141.98549451
-1142.09463597
-1142.13549699
-1142.17605846
-1142.26649522
-1142.33193721
-1142.44052555
-1142.50997123
-1142.59122094
-1142.66942783
-1142.73049521
-1142.85815761
-1142.79693735
-1142.89717061
-1143.04249152
-1143.04203161
-1143.17810284
-1143.27897234
-1143.42536489
-1143.55376466
-1143.67800955
-1143.78130762
-1143.90171585
-1144.04748698
-1144.11898271
-1144.26392370
-1144.32293583
-1144.37420175
-1144.51565426
-1144.62592989
-1144.76954832
-1144.85421341
-1144.94730928
-1145.04319456
-1145.17471383
-1145.11540321
-1145.16555788
-1145.22251605
-1145.24514911
-1145.27844590
-1145.41747683
-1145.56061070
-1145.65440786
-1145.63061101
-1145.71561280
-1145.69197976
-1145.63271078
-1145.75699173
-1145.80882685
-1145.78030598
-1145.89872879
-1145.84834513
-1145.94708314
-1146.04430354
-1146.17869494
-1146.30445158
-1146.44916963
-1146.49404647
-1146.50004923
-1146.58704900
-1146.68768663
-1146.72733499
-1146.85461658
-1146.95238266
-1147.04858697
-1146.99224489
-1147.06742442
-1147.13644496
-1147.25962109
-1147.25325441
-1147.26286305
-1147.30957050
-1147.35580797
-1147.45872709
-1147.55464190
-1147.63526580
-1147.64284230
-1147.71876220
-1147.84014494
-1147.92013169
-1148.05460171
-1148.05753154
-1148.00280182
-1148.10341720
-1148.24123073
-1148.33810620
-1148.34292003
-1148.46873185
-1148.60786058
-1148.74576701
-1148.68843262
-1148.66355234
-1148.76822896
-1148.86684326
-1148.99515308
-1148.98062353
-1149.02576963
-1149.12663469
-1149.22537345
-1149.32917073
-1149.45688892
-1149.55177493
-1149.64657410
-1149.77552260
-1149.88130369
-1149.92968504
-1149.95925616
-1150.09831562
-1150.22981581
-1150.24036035
-1150.33437207
-1150.34369755
-1150.34214953
-1150.45180671
-1150.53116538
-1150.65204256
-1150.74938349
-1150.84463761
-1150.99219140
-1151.11256131
-1151.23456031
-1151.28376473
-1151.40679901
-1151.41720474
-1151.49477054
-1151.61524964
-1151.75099175
-1151.88799640
-1151.83119886
-1151.90879228
-1152.04258371
-1152.16994661
-1152.19207513
-1152.20550449
-1152.33538899
-1152.46280472
-1152.57530112
-1152.57912043
-1152.66625745
-1152.77063964
-1152.87167230
-1152.92766297
-1152.94161622
-1152.93858540
-1153.07535059
-1153.20899288
-1153.30126782
-1153.41350388
-1153.42967386
-1153.53776496
-1153.62883932
-1153.74372626
-1153.87014101
-1153.96992533
-1154.07035302
-1154.16569727
-1154.29048717
-1154.30385625
-1154.39879117
-1154.49013582
-1154.61061772
-1154.74711967
-1154.72996410
-1154.83115898
-1154.95282143
-1155.05376305
-1155.14699624
-1155.19422196
-1155.29759904
-1155.39212625
-1155.47378892
-1155.55138122
-1155.54355102
-1155.48541190
-1155.61482707
-1155.74914627
-1155.86996262
-1156.00091277
-1156.07158212
-1156.20729179
-1156.25481162
-1156.22780018
-1156.32524407
-1156.41580072
-1156.50444705
-1156.58981715
-1156.73878641
-1156.79834146
-1156.97699969
-1156.95475134
-1156.96971790
-1157.01224346
-1157.05010340
-1157.05153121
-1157.18323786
-1157.28592323
-1157.37928734
-1157.51170032
-1157.64170084
-1157.73349959
-1157.74060594
-1157.87529514
-1157.85215248
-1157.95890691
-1157.92274963
-1158.00894519
-1157.95936678
-1158.05532943
-1158.06630516
-1158.19914336
-1158.32671011
-1158.45118763
-1158.45594650
-1158.52973037
-1158.47263081
-1158.49710977
-1158.60379713
-1158.57697087
-1158.70919802
-1158.78649109
-1158.82583038
-1158.95139671
-1159.06650959
-1159.17556778
-1159.30511493
-1159.34643297
-1159.28880326
-1159.42194808
-1159.47166451
-1159.56785310
-1159.50855370
-1159.61259532
-1159.70311987
-1159.78838803
-1159.89663819
-1160.01850679
-1160.03349478
-1160.12633781
-1160.22331855
-1160.30010603
-1160.31076977
-1160.38376461
-1160.50041423
-1160.63152364
-1160.58432176
-1160.68209384
-1160.77125943
-1160.82684506
-1160.95733020
-1161.04885294
-1161.17922814
-1161.29203707
-1161.26605898
-1161.36715766
-1161.46760672
-1161.61658754
-1161.71527474
-1161.77486544
-1161.89973630
-1161.92483464
-1162.01553365
-1162.01592013
-1162.06409915
-1162.13654704
-1162.14986773
-1162.24254863
-1162.24066718
-1162.33507605
-1162.34683473
-1162.47817684
-1162.60749205
-1162.54824644
-1162.67885866
-1162.72811922
-1162.79516754
-1162.91834300
-1163.04720200
-1163.16681065
-1163.25566611
-1163.34170431
-1163.45231075
-1163.54132935
-1163.51277518
-1163.49350973
-1163.47435964
-1163.55934530
-1163.56415451
-1163.57125718
-1163.53347228
-1163.60406207
-1163.54621773
-1163.60011848
-1163.60809735
-1163.67507595
-1163.80243702
-1163.88838313
-1164.01601850
-1164.07198494
-1163.97798892
-1164.07065918
-1164.19184664
-1164.19402272
-1164.29657750
-1164.27199349
-1164.35965827
-1164.33267890
-1164.46070912
-1164.51662404
-1164.50318652
-1164.63013605
-1164.66156250
-1164.67210551
-1164.73267427
-1164.85649914
-1164.88033387
-1164.79593674
-1164.79043911
-1164.88528589
-1164.98398120
-1165.02505065
-1165.10916084
-1165.23205885
-1165.28545194
-1165.34162361
-1165.46734121
-1165.59587944
-1165.59376961
-1165.70122725
-1165.79800944
-1165.92518533
-1165.83256243
-1165.77397679
-1165.78253848
-1165.87689338
-1166.00247431
-1166.02542682
-1166.14488860
-1166.26291267
-1166.35994904
-1166.44794132
-1166.44819672
-1166.42949821
-1166.50799765
-1166.51059507
-1166.59876911
-1166.70367210
-1166.78861522
-1166.79166959
-1166.91235155
-1166.79546027
-1166.87509041
-1166.94247285
-1167.02895058
-1167.07197124
-1167.16015136
-1167.13941991
-1167.23099980
-1167.20705197
-1167.17691689
-1167.29920847
-1167.42602146
-1167.41177083
-1167.49889283
-1167.62438378
-1167.74897067
-1167.87496041
-1167.96068059
-1168.08012181
-1168.13717710
-1168.12888598
-1168.19466268
-1168.23876888
-1168.34393758
-1168.42601555
-1168.39172532
-1168.48503667
-1168.52231098
-1168.51882324
-1168.53500480
-1168.62899691
-1168.71819572
-1168.80181947
-1168.83315656
-1168.83931654
-1168.85856588
-1168.81211161
-1168.89561842
-1168.92183279
-1169.04462876
-1169.01909387
-1169.13937196
-1169.26302485
-1169.26067817
-1169.37243736
-1169.32047579
-1169.40154500
-1169.48973662
-1169.54788386
-1169.48217059
-1169.56169570
-1169.68421824
-1169.68495501
-1169.74867452
-1169.84513039
-1169.93969013
-1169.98238083
-1170.06980006
-1170.19234752
-1170.25068335
-1170.18576290
-1170.27821018
-1170.36183516
-1170.44410823
-1170.47124944
-1170.53405555
-1170.64801750
-1170.64373817
-1170.75744834
-1170.84125405
-1170.85050640
-1170.88367463
-1170.97878672
-1171.07401446
-1171.16047450
-1171.18412933
-1171.30556554
-1171.36049725
-1171.46806554
-1171.53679550
-1171.63944280
-1171.71527021
-1171.83388773
-1171.94397205
-1172.03773258
-1172.14198091
-1172.09137842
-1172.18497597
-1172.13090278
-1172.21477337
-1172.31912357
-1172.39701583
-1172.37930843
-1172.50088419
-1172.62367882
-1172.58359954
-1172.66401445
-1172.72142499
-1172.69363606
-1172.69330053
-1172.71016478
-1172.76995013
-1172.75884539
-1172.87450290
-1172.96658403
-1173.05706331
-1173.13834464
-1173.16800487
-1173.23374376
-1173.27491673
-1173.27148990
-1173.39215533
-1173.50056742
-1173.61406741
-1173.72995253
-1173.81597881
-1173.80660261
-1173.89433508
-1173.96186663
-1174.08178705
-1174.17052355
-1174.29113014
-1174.40501748
-1174.51591997
-1174.59674689
-1174.67062987
-1174.78840614
-1174.83472878
-1174.91882958
-1175.01205033
-1175.12473262
-1175.13900244
-1175.24872404
-1175.32770113
-1175.32424445
-1175.44513649
-1175.47778443
-1175.45259498
-1175.42437036
-1175.43904651
-1175.43871460
-1175.52328501
-1175.59606970
-1175.62443914
-1175.73994204
-1175.71657200
-1175.71606098
-1175.83113702
-1175.95047741
-1175.95269515
-1176.06664199
-1176.01527697
-1176.13373283
-1176.21478658
-1176.33073199
-1176.44107639
-1176.52087421
-1176.61746087
-1176.69496369
-1176.81221921
-1176.91299545
-1176.99253880
-1177.08212765
-1177.11793592
-1177.20080251
-1177.28078926
-1177.30172526
-1177.38586582
-1177.50319759
-1177.54862602
-1177.66138869
-1177.69740906
-1177.76124204
-1177.74620504
-1177.83172038
-1177.83068953
-1177.83170434
-1177.93876217
-1178.04646993
-1178.15452238
-1178.23982962
-1178.34526393
-1178.37797652
-1178.41191542
-1178.53252436
-1178.59158454
-1178.56310587
-1178.67856079
-1178.77092512
-1178.79065270
-1178.73437073
-1178.85002622
-1178.91269867
-1178.90294128
-1178.99243058
-1179.04929060
-1179.07037443
-1179.18476590
-1179.19385716
-1179.24454396
-1179.31484060
-1179.40124122
-1179.34711535
-1179.38685822
-1179.47057263
-1179.54634280
-1179.66109983
-1179.74171245
-1179.74138853
-1179.76020248
-1179.70602781
-1179.75687816
-1179.82514271
-1179.80911130
-1179.81646893
-1179.93157237
-1180.04063304
-1180.01213098
-1179.92560960
-1180.03181926
-1180.06655792
-1180.07247619
-1180.18804833
-1180.16958019
-1180.24538639
-1180.34505896
-1180.32586866
-1180.42764152
-1180.37714246
-1180.48185768
-1180.57895119
-1180.67573390
-1180.72204075
-1180.79936277
-1180.88745264
-1180.97097511
-1180.99391348
-1181.07513660
-1181.08071935
-1181.19020633
-1181.29255777
-1181.40111295
-1181.37251322
-1181.47708029
-1181.52609883
-1181.63275666
-1181.71221618
-1181.79851281
-1181.91145287
-1181.99988778
-1182.06444821
-1182.17820037
-1182.17549407
-1182.26304519
-1182.35183318
-1182.40883536
-1182.44697431
-1182.52197547
-1182.59998485
-1182.68546213
-1182.77880997
-1182.74869894
-1182.78998920
-1182.89197320
-1183.00682760
-1182.94941128
-1183.06237476
-1183.17405346
-1183.27775761
-1183.32383769
-1183.33617635
-1183.41424363
-1183.48729962
-1183.58471908
-1183.64787025
-1183.70871573
-1183.75944561
-1183.79147374
-1183.79494865
-1183.85362066
-1183.96212127
-1184.04488774
-1184.11523589
-1184.12550779
-1184.15005682
-1184.16053819
-1184.13518107
-1184.11866085
-1184.11036393
-1184.14313017
-1184.23511019
-1184.17633605
-1184.21614076
-1184.26817356
-1184.27232948
-1184.37575462
-1184.33411972
-1184.37257068
-1184.31638867
-1184.35864693
-1184.39512042
-1184.39394789
-1184.43172123
-1184.51272955
-1184.62428162
-1184.69928980
-1184.75908718
-1184.77060806
-1184.86835279
-1184.97759382
-1185.08502406
-1185.19089158
-1185.29302724
-1185.37931724
-1185.42295903
-1185.49585179
-1185.60607462
-1185.66756245
-1185.77133747
-1185.87116379
-1185.90740432
-1185.94212248
-1185.94043059
-1186.00888476
-1185.98888551
-1186.06799303
-1186.06230173
-1186.16984794
-1186.24995843
-1186.26000908
-1186.34669777
-1186.36277533
-1186.43705118
-1186.51608616
-1186.55175936
-1186.63644571
-1186.63264442
-1186.68028309
-1186.79152805
-1186.81104376
-1186.89484460
-1187.00690118
-1187.11893503
-1187.09943596
-1187.07139097
-1187.17562702
-1187.24537743
-1187.25155941
-1187.33288218
-1187.27593820
-1187.35127055
-1187.45573599
-1187.52669210
-1187.63555860
-1187.62735250
-1187.61747950
-1187.71396643
-1187.67661183
-1187.67578423
-1187.78491176
-1187.86230154
-1187.85417939
-1187.94519137
-1188.02218232
-1188.02917907
-1188.13261650
-1188.23945559
-1188.32457959
-1188.31231553
-1188.37512007
-1188.42104048
-1188.47016671
-1188.51495780
-1188.62378590
-1188.73104955
-1188.80094590
-1188.87152038
-1188.89537421
-1189.00375607
-1189.11104093
-1189.20130834
-1189.29494407
-1189.33495961
-1189.29450208
-1189.36720599
-1189.45196098
-1189.39481490
-1189.43467876
-1189.51904655
-1189.62241198
-1189.62412267
-1189.69572056
-1189.66955753
-1189.73987140
-1189.82418501
-1189.89427955
-1190.00036080
-1189.97147865
-1190.08045869
-1190.16909828
-1190.27241412
-1190.37827644
-1190.32059732
-1190.40952820
-1190.42288496
-1190.49613101
-1190.46840823
-1190.55538416
-1190.54567873
-1190.62437542
-1190.68369029
-1190.70595747
-1190.79044583
-1190.87051554
-1190.95633478
-1191.03093085
-1191.10300628
-1191.21092738
-1191.28973244
-1191.39382784
-1191.38372259
-1191.47936695
-1191.50717545
-1191.55139853
-1191.54066965
-1191.61431478
-1191.71374111
-1191.74578380
-1191.77985351
-1191.88734287
-1191.92135650
-1192.02796365
-1192.13301272
-1192.12874544
-1192.15715845
-1192.19775128
-1192.24746483
-1192.33017841
-1192.27463479
-1192.26903668
-1192.36792990
-1192.43658289
-1192.54302505
-1192.61576481
-1192.68401100
-1192.69099623
-1192.76199196
-1192.86335095
-1192.86954537
-1192.92158921
-1192.91496135
-1192.98999567
-1193.02651687
-1193.10415416
-1193.17901397
-1193.26066322
-1193.30066922
-1193.29003861
-1193.35984583
-1193.42877656
-1193.40403595
-1193.43640848
-1193.32608096
-1193.42176775
-1193.48035779
-1193.56460540
-1193.66924498
-1193.65913403
-1193.73973034
-1193.81539722
-1193.91835325
-1194.02395713
-1193.94037890
-1194.03849635
-1194.11035659
-1194.21670919
-1194.23674157
-1194.30929066
-1194.37857893
-1194.40717193
-1194.45407531
-1194.40264034
-1194.50854284
-1194.61362406
-1194.69182361
-1194.76005959
-1194.80368289
-1194.90818805
-1194.92312192
-1194.95491145
-1195.02495253
-1195.09321266
-1195.17269481
-1195.25800946
-1195.31394007
-1195.41709715
-1195.52067151
-1195.58753879
-1195.69176692
-1195.63498611
-1195.72897167
-1195.80727877
-1195.90935058
-1195.94563252
-1195.97223447
-1195.99006881
-1195.98614813
-1196.02650837
-1196.08663938
-1196.06669776
-1196.06938267
-1196.08768730
-1196.15561747
-1196.22882386
-1196.32020328
-1196.41973737
-1196.48041227
-1196.58068834
-1196.67929344
-1196.75167815
-1196.79763653
-1196.81120787
-1196.80166931
-1196.81643225
-1196.84988649
-1196.91749027
-1196.93918770
-1197.02295471
-1196.98922979
-1197.06076674
-1197.08074715
-1197.14668257
-1197.20037238
-1197.30043578
-1197.39960441
-1197.48798522
-1197.59259157
-1197.62824599
-1197.70473652
-1197.64546941
-1197.72746893
-1197.78363795
-1197.88692394
-1197.96745142
-1198.06172214
-1198.12823764
-1198.22739359
-1198.25153052
-1198.29034824
-1198.25992095
-1198.36334070
-1198.40932254
-1198.40538785
-1198.48827010
-1198.57171832
-1198.56905447
-1198.67084653
-1198.76730485
-1198.85617313
-1198.89120233
-1198.86001535
-1198.92348426
-1198.98441204
-1199.05574081
-1199.15688541
-1199.17953119
-1199.24543444
-1199.32988321
-1199.43293119
-1199.51708095
-1199.45763309
-1199.53763669
-1199.54706940
-1199.54483633
-1199.44233299
-1199.40532165
-1199.47639900
-1199.57666371
-1199.64348008
-1199.67628338
-1199.77810350
-1199.87092042
-1199.92367510
-1199.93723223
-1199.91075816
-1199.93458427
-1199.94360264
-1199.93941469
-1200.03134529
-1200.07555306
-1200.11384720
-1200.06331641
-1200.14442565
-1200.20222399
-1200.28162764
-1200.35083482
-1200.42464169
-1200.48960737
-1200.51931434
-1200.60148103
-1200.54440421
-1200.59018484
-1200.68242812
-1200.75079930
-1200.82677490
-1200.89489186
-1200.88836677
-1200.86478063
-1200.92612835
-1201.01443612
-1201.10270460
-1201.14200164
-1201.21548328
-1201.28021733
-1201.27389345
-1201.27217277
-1201.33622006
-1201.43521607
-1201.46615096
-1201.53275397
-1201.60804496
-1201.56680274
-1201.51080576
-1201.59764882
-1201.69681125
-1201.79828162
-1201.74032517
-1201.80486036
-1201.84850620
-1201.92038143
-1201.98575081
-1202.07789058
-1202.15518689
-1202.22586329
-1202.26211890
-1202.31609621
-1202.32405868
-1202.38792324
-1202.43467996
-1202.46449937
-1202.37924098
-1202.44398922
-1202.45739449
-1202.51045319
-1202.60224102
-1202.66648036
-1202.74240416
-1202.82083777
-1202.88465799
-1202.95691015
-1202.99073015
-1203.05967760
-1203.12299688
-1203.10272281
-1203.17465855
-1203.22730722
-1203.30792401
-1203.40508097
-1203.50184396
-1203.57992489
-1203.57357221
-1203.64254332
-1203.74484196
-1203.80824119
-1203.91210498
-1204.00704023
-1204.07919565
-1204.17544860
-1204.24510318
-1204.31184302
-1204.23009576
-1204.22536989
-1204.28615843
-1204.27697915
-1204.35181942
-1204.44345747
-1204.41153417
-1204.47856544
-1204.46682961
-1204.53127035
-1204.60019496
-1204.62932482
-1204.64228185
-1204.72576898
-1204.78960901
-1204.78984293
-1204.88354030
-1204.96280130
-1204.90620946
-1205.00492818
-1205.07682687
-1205.04927195
-1205.08203038
-1205.16600856
-1205.26443200
-1205.28494872
-1205.37747607
-1205.36476634
-1205.36803162
-1205.46436603
-1205.52840887
-1205.57823596
-1205.57261641
-1205.64081172
-1205.71405194
-1205.70605821
-1205.73800825
-1205.79589572
-1205.83104311
-1205.85308435
-1205.88304886
-1205.94912231
-1206.03597411
-1206.12997428
-1206.15682071
-1206.12426615
-1206.12969104
-1206.21266626
-1206.28174006
-1206.29175673
-1206.29716836
-1206.36746302
-1206.43668483
-1206.45310858
-1206.52096231
-1206.53139435
-1206.58854647
-1206.53527170
-1206.60864312
-1206.64205846
-1206.73817138
-1206.76041313
-1206.80168822
-1206.89687504
-1206.99484936
-1207.09190362
-1207.18375267
-1207.28067839
-1207.37796174
-1207.36993512
-1207.37902790
-1207.47028048
-1207.50019651
-1207.54094329
-1207.61973116
-1207.67937034
-1207.77143402
-1207.84787542
-1207.83795313
-1207.90005412
-1207.93623113
-1207.99748582
-1208.06986262
-1208.01193179
-1207.99497666
-1208.09123982
-1208.13621491
-1208.19755804
-1208.22604041
-1208.28856186
-1208.37760600
-1208.44757385
-1208.52023024
-1208.61078086
-1208.68126265
-1208.75725040
-1208.77694676
-1208.83965503
-1208.92302655
-1209.01156973
-1209.06982283
-1209.12521154
-1209.20296303
-1209.26432675
-1209.34372173
-1209.37191901
-1209.43515672
-1209.51219087
-1209.50510590
-1209.56385147
-1209.65123896
-1209.71851801
-1209.81375275
-1209.84076037
-1209.89419142
-1209.90829607
-1210.00058672
-1210.05670223
-1209.99973138
-1210.00017303
-1210.06173006
-1210.15693951
-1210.15849537
-1210.12452757
-1210.21977751
-1210.31331068
-1210.34342491
-1210.43520348
-1210.46200091
-1210.48573991
-1210.57233712
-1210.63377434
-1210.72515973
-1210.81279055
-1210.77410675
-1210.84837512
-1210.83884236
-1210.92473387
-1210.98539470
-1210.96138423
-1211.05619911
-1211.10351943
-1211.16473300
-1211.24234595
-1211.30480369
-1211.35135513
-1211.41496175
-1211.51011314
-1211.60403457
-1211.67774964
-1211.68047374
-1211.65221266
-1211.71435282
-1211.77699622
-1211.70046874
-1211.80540831
-1211.91101440
-1211.92931809
-1211.92235526
-1211.99875617
-1212.07518551
-1212.14343979
-1212.13076922
-1212.21931585
-1212.25873805
-1212.34943618
-1212.43590101
-1212.51758717
-1212.61448325
-1212.68827155
-1212.76865589
-1212.83517381
-1212.90224535
-1212.87277624
-1212.86133142
-1212.94027796
-1213.03207036
-1213.11118675
-1213.07803490
-1213.10949638
-1213.16953178
-1213.20658003
-1213.25474000
-1213.33572627
-1213.31603282
-1213.28229761
-1213.34531939
-1213.43784708
-1213.52933682
-1213.47258444
-1213.46305510
-1213.53497660
-1213.57893319
-1213.57518000
-1213.64303552
-1213.72855076
-1213.70894840
-1213.77539086
-1213.71913565
-1213.78572147
-1213.82864745
-1213.85334422
-1213.90825680
-1213.88960292
-1213.96705674
-1214.04763003
-1214.03703386
-1214.12751134
-1214.21339301
-1214.23026964
-1214.28795887
-1214.34137301
-1214.38159404
-1214.43123281
-1214.46601569
-1214.52017261
-1214.61336088
-1214.68476403
-1214.71746841
-1214.76811495
-1214.83602988
-1214.89628063
-1214.96317174
-1215.01337842
-1215.02853433
-1215.03589166
-1215.04749315
-1215.13458703
-1215.22294180
-1215.18334472
-1215.19735442
-1215.25594872
-1215.25282168
-1215.34111932
-1215.26791477
-1215.34448274
-1215.43571468
-1215.50394009
-1215.56109636
-1215.63220146
-1215.62626483
-1215.64553214
-1215.66744272
-1215.75428789
-1215.81147403
-1215.90373764
-1215.94431203
-1216.03034843
-1216.01496066
-1216.02831982
-1216.06705659
-1216.06525276
-1216.08063215
-1216.06168130
-1216.07700822
-1216.11262354
-1216.16890982
-1216.25905891
-1216.27477127
-1216.33167154
-1216.34721556
-1216.41769172
-1216.50498205
-1216.44921062
-1216.52436091
-1216.55935281
-1216.53975493
-1216.60322551
-1216.54409975
-1216.53586709
-1216.56584377
-1216.64870362
-1216.70270712
-1216.78419489
-1216.82686970
-1216.87535733
-1216.86824492
-1216.86495540
-1216.84083871
-1216.92848399
-1216.97975942
-1217.04931617
-1217.06441366
-1217.11971752
-1217.20723297
-1217.26926590
-1217.33452350
-1217.41377407
-1217.49246688
-1217.50099689
-1217.55999395
-1217.65038499
-1217.57064396
-1217.54084553
-1217.60753655
-1217.67193452
-1217.73430902
-1217.79167343
-1217.77570434
-1217.69900469
-1217.70099733
-1217.78571140
-1217.83977974
-1217.91662491
-1217.86717846
-1217.85361866
-1217.91767368
-1217.97864456
-1218.06419050
-1218.11300527
-1218.19579583
-1218.18535503
-1218.25191845
-1218.26954326
-1218.35937854
-1218.44913827
-1218.37092969
-1218.46118999
-1218.55026219
-1218.57407630
-1218.66247414
-1218.72658667
-1218.80377524
-1218.86601013
-1218.92070187
-1218.94736115
-1218.97897406
-1218.99208536
-1218.96312751
-1219.03554685
-1219.09081226
-1219.15461436
-1219.21556466
-1219.27463406
-1219.35474785
-1219.44395481
-1219.53335657
-1219.62310119
-1219.68313143
-1219.69476588
-1219.74349889
-1219.80694062
-1219.84100145
-1219.89933008
-1219.93055136
-1219.92073020
-1219.95766831
-1220.02532710
-1220.07182223
-1220.07218676
-1220.15814776
-1220.24351683
-1220.25470490
-1220.22499555
-1220.28788444
-1220.32016659
-1220.31425668
-1220.28009685
-1220.34397802
-1220.39919494
-1220.45387250
-1220.51536666
-1220.60195279
-1220.68547722
-1220.64105891
-1220.73015591
-1220.81953243
-1220.79570960
-1220.76561892
-1220.71112210
-1220.79998885
-1220.85767788
-1220.91195558
-1220.94496258
-1220.96668149
-1221.00974786
-1221.04829072
-1221.11507318
-1221.10039594
-1221.16344569
-1221.23796118
-1221.27708866
-1221.35400054
-1221.43924080
-1221.52097147
-1221.59292249
-1221.64337562
-1221.72338975
-1221.72065805
-1221.80127431
-1221.85566882
-1221.78107328
-1221.78430997
-1221.81114027
-1221.86197498
-1221.87564442
-1221.88608877
-1221.93386431
-1222.00194290
-1222.06267281
-1222.06011827
-1222.13641064
-1222.13168875
-1222.20824606
-1222.29403557
-1222.34701627
-1222.33432784
-1222.39102560
-1222.47622490
-1222.55889386
-1222.62450436
-1222.64486297
-1222.64356640
-1222.70846098
-1222.73381608
-1222.72433845
-1222.71736454
-1222.75767007
-1222.77848641
-1222.79923579
-1222.82176262
-1222.86799191
-1222.92874941
-1222.98269166
-1222.93677022
-1222.93398905
-1222.99809350
-1223.08200389
-1223.13721205
-1223.19912339
-1223.27552062
-1223.31187840
-1223.33164154
-1223.38670225
-1223.40728138
-1223.48299943
-1223.56780438
-1223.49017562
-1223.57617707
-1223.55108935
-1223.49834981
-1223.56964028
-1223.64834658
-1223.73381560
-1223.80028635
-1223.85649551
-1223.87066546
-1223.93466841
-1223.94335085
-1223.97831286
-1223.89966803
-1223.98038206
-1223.96926506
-1224.01518067
-1224.03980905
-1224.10861620
-1224.07101330
-1224.08701574
-1224.16015499
-1224.24682887
-1224.31959308
-1224.37302023
-1224.45214931
-1224.53861020
-1224.55415722
-1224.63957864
-1224.72425795
-1224.65100955
-1224.64450856
-1224.72189862
-1224.71287489
-1224.77059629
-1224.81778190
-1224.87436709
-1224.89389919
-1224.97873378
-1224.96969894
-1224.96022367
-1225.04517293
-1224.96947589
-1225.05420252
-1225.11290591
-1225.20661973
-1225.19427722
-1225.27873979
-1225.29690147
-1225.36561808
-1225.35490375
-1225.40954478
-1225.37020694
-1225.37823712
-1225.39239988
-1225.36639970
-1225.43567994
-1225.41605287
-1225.49525937
-1225.44028460
-1225.45106615
-1225.44747787
-1225.42326843
-1225.42493755
-1225.50078839
-1225.58530386
-1225.59272999
-1225.67814309
-1225.62251844
-1225.60704669
-1225.66688773
-1225.72128292
-1225.71655989
-1225.79188942
-1225.78273938
