-1188.52642349
-1507.42566992
-1494.06451738
-1510.92758870
-1330.44929876
-1673.99162316
-1268.53119039
-1514.05656886
-1505.35775706
-1490.50074383
-1412.56980832
-1381.08576593
-1257.25750606
-1191.89440788
-1057.66590595
-1387.38755531
-1507.83952612
-1440.12706502
-1398.40734268
-1449.31483567
-1390.31012519
-1336.56086397
-1314.92100474
-1456.25005116
-1636.21930542
-1288.98622675
-1833.31217055
-1427.16385795
-1437.14023950
-1401.54675828
-1509.38935490
-1485.18255770
-1490.26313229
-1364.90177327
-1558.08572312
-1381.91650124
-1269.46439280
-1384.88784152
-1492.43833606
-1514.10025268
-1575.91471223
-1575.65834369
-1469.05698438
-1434.50503987
-1410.09214780
-1264.85238273
-1447.36860634
-1429.87000322
-1383.51933313
-1325.01319208
-1404.38835247
-1514.17829936
-1502.07639466
-1161.62211465
-1281.20794416
-1380.18971567
-1497.98412500
-1517.25372667
-1374.04687632
-1362.31067828
-1395.26307425
-1472.62124439
-1416.04422356
-1483.72839160
-1585.21565926
-1436.46786645
-1361.84625851
-1453.26857978
-1338.05365872
-1491.49534849
-1163.53792648
-1483.27408637
-1272.16329918
-1329.60077808
-1202.37211825
-1437.56504687
-1559.73780114
-1292.21960442
-1337.32406055
-1701.36842120
-1315.15319106
-1531.91563352
-1511.65925566
-4.51213127
-1482.99709734
-1271.17146787
-6.57652362
-1500.55100910
-1502.88135185
-1644.49517106
-1268.67380064
-1385.96712277
-1498.07593260
-1040.14523541
-1360.40851948
-1399.31123840
-1015.67041316
-971.52345770
-1426.98310201
-1495.41999731
-1384.16631683
-1714.30635197
-1456.69937535
-1115.26915714
-1301.53458274
-1563.26732564
-1501.85919143
-1473.05241415
-1085.96730640
-1290.73459540
-1387.37817660
-1441.69591445
-1306.11985350
-1488.97167266
-1394.75063135
-1503.55532829
-1515.69465368
-1451.54015244
-1538.83290004
-1266.75277375
-1179.72587923
-13.46040567
-1363.00598657
-1127.49781833
-1486.62162408
-1485.68200703
-1404.28463700
-1487.72016555
-1435.79661678
-1496.37669797
-1517.23455851
-1442.37457260
-1415.17775716
-1279.04521561
-6.59921992
-1501.52748673
-1561.62010880
-1423.89705502
-1496.37459032
-1443.23728294
-1445.44220114
-1495.10552992
-1181.46662841
-1489.40535551
-1394.70169594
-1416.88176154
-1209.08707321
-139.16576817
-1414.49870511
-1405.65627647
-1089.18422921
-1220.47037709
-8.65624837
-1226.74997651
-1238.39112785
-1694.99436576
-1239.74968798
-1281.57908411
-1184.13642334
-1361.57699418
-1471.79149088
-1223.26413476
-1244.24181544
-1124.07518000
-1549.40466967
-1368.80893957
-1213.66209844
-1194.75807400
-1155.08724108
-1449.71716546
-1298.12860156
-1002.33440249
-1639.86611857
-663.69380120
-532.92529638
-661.70345176
-275.74333251
-1325.56307781
-223.37913499
-532.48566784
-1554.58495781
-1521.20131862
-1500.66976867
-1595.24821909
-1592.71609289
-1357.01421104
-894.08735235
-897.37638783
-1346.93801964
-246.90082604
-1481.39708959
-1351.63036753
-1211.60445470
-127.14931398
-947.49803150
-1601.00290041
-1638.18531518
-8.16173525
-1055.21528706
-1486.17435745
-1209.48397122
-1636.01975990
-1560.81902382
-1504.25728712
-1345.88067220
-1652.78777459
-1443.38556795
-1357.67232379
-1195.16393072
-1645.36245896
-1405.67049900
-1239.51307272
-1148.45610510
-1517.53192039
-1647.70889313
-1074.13979067
-1641.52807332
-1205.48498709
-1186.59277492
-976.12797580
-1390.55265372
-1521.12779931
-1555.17115492
-1590.94349320
-1414.90083494
-950.06140390
-1625.49564036
-997.61597555
-1185.90091991
-1474.62790243
-1382.42286326
-1514.88507391
-1453.94636900
-1482.96658462
-1406.12388474
-941.39224985
-1349.36425292
-1243.22656506
-1544.30334392
-1542.19466017
-1494.03548338
-1178.04850766
-1506.18645206
-1301.18159976
-1568.48996955
-1314.05462689
-1487.61449794
-1523.31922929
-1339.10351978
-1210.90024677
-1334.23919487
-1508.14825654
-1222.40065289
-1052.88270434
-949.32877064
-1591.60413780
-1422.47345896
-1286.65727141
-1098.46336524
-1378.65097225
-1442.94935813
-1621.32995933
-1651.66361687
-1449.17763903
-1513.47875137
-1501.82277670
-1403.55895030
-1162.79897629
-1496.02863056
-1570.93351869
-1640.82766253
-1194.52193383
-1524.83686737
-1621.49349930
-1489.62264756
-1317.14369018
-1370.05735073
-1518.80119353
-1599.93296130
-1165.52085062
-1697.91262653
-1474.13155000
-1466.56590938
-1517.78922328
-1478.30435902
-1377.32447684
-1384.60046620
-1538.32608014
-1053.34695119
-1193.12632838
-1235.03869571
-1336.71821880
-1165.07875968
-1349.16719935
-1373.25220067
-1076.54067156
-1558.71510154
-1615.14880230
-1167.46171067
-1499.22220584
-1647.42224801
-1308.18382538
-1032.97792136
-954.41191978
-1595.92865141
-1605.68008479
-1621.86429795
-1426.83928369
-1306.43840934
-1489.31544741
-973.30621731
-1491.80049769
-1600.14501164
-1177.82286121
-1631.25932623
-1574.04757711
-1512.61547483
-1641.20261977
-1481.27871778
-1501.49294637
-1309.64960014
-1498.34455161
-1493.72726407
-1496.81970140
-955.86065714
-1652.77740338
-1461.70383244
-1608.20949519
-1592.94594144
-1033.17086457
-1331.31196661
-1509.02192678
-1518.00256050
-1139.29147686
-1274.06996402
-1584.04566351
-1516.75453085
-1509.64370105
-1416.79535960
-1501.03172348
-1440.70412400
-1645.44545616
-1200.97845535
-1108.45471201
-1434.13019262
-1210.12663517
-1513.88517594
-1460.13372054
-943.26476590
-1049.57437178
-760.44116833
-932.08342488
-1332.84624387
-1251.67490541
-1002.98950014
-1286.28866308
-1275.88483092
-1279.54258836
-1093.10937574
-1194.18607397
-1360.25017188
-1189.08209181
-956.22934030
-720.12148848
-751.92640340
-879.61734151
-841.81694797
-909.70062077
-862.72720408
-877.55331298
-884.23235856
-1013.56367575
-876.95215037
-1030.59873892
-1019.12446041
-1097.19775707
-1050.20083560
-905.71260855
-1096.53806111
-917.81130930
-948.05164790
-863.98004573
-1085.31677915
-1169.58939382
-881.27411733
-836.41014745
-630.75174969
-512.42909455
-617.07876089
-135.44222230
-707.90016931
-716.64276327
-725.92929752
-721.96320695
-369.32625656
-636.28820529
-849.31695342
-10.24107471
-1072.63151983
-614.84797622
-5.21357657
-121.59161764
-746.51618684
-965.38926273
-603.48185834
-1060.06981689
-1148.17384546
-250.48270178
-705.83531555
-124.31254304
-986.22833678
-241.09989796
-856.18652873
-1085.96360904
-1021.86783944
-1250.72023808
-1072.81923343
-974.66279996
-618.66591912
-377.37811621
-2.01908468
-240.70093374
-403.92061088
-369.19769558
-362.77306575
-385.28595928
-261.32749967
-741.18123122
-868.27290463
-265.67672059
-240.11647295
-131.39773670
-473.20458820
-443.99881633
-751.82295394
-114.87911667
-251.32570946
-488.58258003
-472.97039570
-271.00649249
-517.70636923
-491.56269365
-250.85032890
-254.56000317
-255.44013329
-127.06561327
-122.23057386
-236.31351307
-375.43871964
-125.14560870
-1008.56440940
-117.97972782
-257.67703310
-396.26118240
-659.43172537
-912.38047754
-601.81760238
-528.03050650
-399.16080184
-15.47747900
-506.74706445
-780.27245319
-736.58914492
-399.52246575
-636.46632921
-140.16211665
-374.63735108
-254.16041969
-703.77812947
-714.82728700
-369.65863196
-126.01573124
-120.33098846
-119.39716416
-121.84834332
-2.61127105
-131.02799445
-1.25492231
-247.09484532
-1.59702469
-1.18630627
-1527.14986397
-115.93294031
-252.20311205
-249.81107448
-133.62503729
-369.13031511
-118.27767661
-1.82114980
-1492.37328418
-636.96785396
-2.30595968
-385.99716110
-365.56729294
-124.26202043
-1073.73776756
-2.22435362
-1.64895804
-357.47867427
-373.10868651
-119.71245886
-230.72199054
-254.64967390
-507.33274395
-234.28434980
-243.91533822
-124.25598446
-121.91169624
-1.24248888
-117.66527388
-236.12158834
-133.89727062
-1.78633546
-240.69336606
-242.52687026
-116.05634056
-115.97685442
-121.37389578
-137.23304935
-376.10025565
-248.47662650
-360.70450796
-127.57541099
-122.08686182
-120.11982424
-121.29866986
-273.08671441
-130.14525853
-244.80668297
-5.43424753
-1337.05768146
-280.83844692
-947.12305323
-1419.25847936
-1516.27608423
-1585.22779244
-1599.89260090
-1493.76424852
-339.20580652
-383.96980673
-0.70623827
-1149.42856170
-499.79250156
-455.71809140
-242.10346537
-125.70016068
-2.75556138
-848.47773254
-3.32054901
-123.18400250
-1.14425118
-0.17053120
-120.07383277
-256.35754105
-303.69757732
-260.58815612
-253.02470027
-127.74453771
-243.44367972
-241.43434330
-232.56698952
-221.66428044
-248.75967567
-129.63969188
-119.87653941
-129.73175725
-1.98255102
-1.26927978
-125.31763389
-127.94247851
-250.26190042
-132.10828378
-120.47719841
-326.31221891
-130.64626013
-1067.15637054
-126.11082454
-772.61869217
-121.05043704
-230.96175585
-127.29593321
-134.52728722
-128.69767644
-220.61830829
-1.55338047
-250.98086988
-346.93363632
-127.79307568
-363.02554202
-1.46788378
-0.89101637
-491.56879477
-249.58505620
-903.04508717
-647.38476682
-122.05157976
-968.75912560
-241.34889254
-346.81733693
-3.41743583
-123.91572817
-1.06284175
-1295.30185242
-124.70979832
-121.32279976
-303.78419291
-119.45660833
-244.36411439
-231.78639720
-0.86577740
-121.48291340
-123.41737901
-238.99429892
-116.28151306
-1.18817999
-117.08836294
-352.01304759
-117.09326923
-0.88445055
-228.74223632
-115.01560759
-0.50408725
-235.89193175
-124.10092628
-227.14983708
-122.40662123
-382.48271155
-757.58129153
-123.52647709
-116.50279848
-120.20184441
-123.22251832
-117.03939327
-2.11196408
-0.18842754
-122.46153130
-230.88558636
-242.35632314
-130.44657396
-134.95158484
-126.77110216
-130.21284295
-244.11316210
-0.53130372
-119.26938707
-371.88239796
-237.48543780
-0.28205106
-127.83801085
-240.54694306
-119.93887695
-124.44517396
-2.28686454
-126.54864308
-0.42297308
-125.13217685
-120.92509700
-115.79537881
-122.93608529
-366.74266824
-896.18076290
-492.33848129
-1.56484450
-128.89993329
-121.46079544
-245.74723751
-245.11548417
-368.49029000
-260.83310935
-252.95206819
-127.45883085
-609.39503211
-118.14415373
-0.09191739
-127.02812424
-121.72048119
-402.02391450
-117.41419318
-533.23841599
-749.10893869
-237.15779227
-985.07091898
-118.24793138
-121.79930642
-116.88345760
-0.52891493
-253.96822912
-127.48990018
-125.14028419
-119.10731854
-239.80213700
-734.90925138
-121.85700811
-246.89323299
-120.25784261
-1034.63469347
-1143.71478259
-1116.65864955
-1140.90279785
-352.26833345
-122.43425809
-1.66114032
-259.21296270
-0.76584321
-1565.02134374
-262.38741509
-0.50503921
-120.45948445
-122.27480419
-129.88130689
-119.64687240
-340.07715453
-1.62267615
-1145.65369314
-129.28377835
-246.35581423
-114.10496633
-117.87793485
-238.96837483
-116.78366655
-377.89311328
-123.32212223
-129.07310880
-119.27165926
-121.85881906
-242.62743267
-233.73931994
-120.83477216
-121.20726555
-261.60000713
-0.42112781
-1.63713576
-238.25330421
-346.12185536
-242.35932464
-351.98648419
-0.89358655
-121.13413165
-364.18643836
-120.61880958
-247.43507115
-128.94305020
-116.12343647
-127.91948112
-239.08244692
-245.96219378
-0.37277576
-120.79015175
-855.12315914
-349.46618026
-221.43598191
-341.37181520
-1.70930371
-1001.07059193
-243.80728837
-120.08191338
-371.16771291
-633.10137552
-119.60248817
-116.77583123
-346.06310988
-247.70464816
-116.48556406
-335.60639261
-118.83110986
-120.01743241
-117.76215063
-120.45463549
-119.74938589
-124.37447359
-120.37966784
-127.09808629
-492.10588538
-492.06105347
-124.24822362
-350.92067600
-114.49528691
-482.88283576
-128.15113988
-130.09625980
-129.12273453
-1.13910136
-364.69171740
-127.01922169
-114.99254700
-608.04954478
-245.07249236
-117.94744352
-247.59134872
-117.36470154
-117.10021866
-117.92817410
-244.47101464
-120.73585874
-114.11359487
-245.21163580
-121.25046336
-118.74028157
-227.93641180
-306.33597984
-150.27077526
-1172.81447237
-1176.74736227
-1293.18054110
-1025.58609093
-1018.44576568
-896.99197065
-733.00960047
-115.12948952
-118.08751795
-123.53289871
-114.16024588
-241.78239231
-126.91019497
-222.85651638
-117.87588762
-126.03189277
-122.51241733
-120.11369243
-348.58656575
-113.69315719
-331.77945127
-122.81620375
-0.92535799
-116.55395854
-229.67930874
-121.41003874
-118.15882741
-122.13000717
-134.69199298
-498.39996189
-1186.99494919
-362.96060139
-123.80526979
-116.10794393
-249.85946314
-119.46234668
-286.98450167
-224.42570767
-244.13275567
-235.56617646
-120.89359841
-120.23016847
-250.84655973
-251.96024811
-122.35639266
-233.04393408
-3.02516884
-114.02319328
-132.57612810
-248.40099634
-123.72873178
-1.10773668
-131.77466884
-338.82296375
-129.90048844
-127.06206496
-377.11686721
-124.61131066
-123.70430085
-883.28393157
-486.14164004
-119.32622268
-130.30135755
-117.39112166
-120.22208348
-240.41512777
-123.13231773
-117.15033446
-231.79693089
-125.86779503
-119.24257848
-238.61011075
-231.99519547
-363.27404039
-121.49560045
-283.56754166
-0.30055629
-123.77877656
-480.03291935
-362.62857183
-122.71295998
-240.46442698
-348.68066805
-123.50746898
-120.58476705
-0.74753639
-121.14629770
-123.80037376
-118.83926826
-122.43293184
-242.55808876
-123.55825155
-344.03308978
-227.59150634
-125.58163424
-113.50103385
-123.98045167
-124.62354405
-116.03690148
-123.24260737
-233.57888168
-120.76019105
-240.98100643
-362.00670753
-228.09010410
-124.13515107
-387.03914821
-121.22876239
-121.08964891
-117.84946659
-0.44727574
-123.68225673
-126.22459201
-225.72649831
-243.18875192
-115.52012953
-226.04231195
-228.61871031
-0.74454045
-122.39800834
-120.70474910
-236.41844184
-118.07654672
-122.06819107
-253.41822234
-121.81093824
-120.77002893
-122.47547253
-113.85427576
-120.24623331
-234.64633550
-120.47507436
-118.30507914
-116.94358446
-121.00739462
-0.11209653
-259.41069789
-242.68413721
-123.97282923
-125.58040648
-116.47874155
-255.51045366
-119.46891731
-120.50995243
-120.60392942
-122.73356333
-348.12901657
-1.81833820
-122.62671698
-123.26974327
-120.16803997
-119.16375156
-5.20757898
-124.91998825
-125.68804597
-342.67731071
-239.27952906
-124.99466891
-0.35084112
-230.84272082
-236.24963297
-122.12185386
-118.51151108
-1.91129896
-117.94984666
-117.87720698
-118.65424423
-119.25823226
-123.15919726
-0.80118663
-114.69159222
-123.97173310
-115.73314860
-117.59849089
-115.02735758
-126.60236947
-0.22707046
-123.43819665
-119.08156296
-122.58464203
-358.07057569
-241.06912257
-126.09610608
-242.06161822
-121.93413695
-238.01233224
-351.38421016
-233.46867765
-230.68591434
-117.81513218
-0.85842389
-127.82643542
-124.06759272
-0.05968418
-236.04703726
-313.57828416
-121.87597694
-116.64729264
-619.93566697
-363.91565704
-116.88848154
-243.89655111
-250.21041448
-122.99256200
-244.80322010
-118.46029938
-121.60918339
-372.62172916
-116.73456264
-356.53858211
-123.59353605
-238.94705793
-125.89073903
-117.42197724
-123.02952598
-115.11780986
-1.00902706
-119.12145614
-115.32409876
-121.56549375
-121.29058997
-0.66583234
-124.75682265
-125.84029805
-771.08026746
-119.75199993
-121.38626737
-124.88608874
-121.28337746
-0.60643717
-0.80864618
-127.56315415
-0.28983144
-122.16495571
-489.63878476
-0.37168712
-231.88936366
-128.06248737
-128.50757051
-123.63038904
-117.97757436
-119.37821516
-121.75277248
-241.49239764
-121.76980707
-0.25721510
-242.89499172
-125.62218094
-118.56207103
-280.22367675
-352.73249004
-242.01569241
-1.23169722
-233.88092568
-311.33145211
-119.46922023
-2.53370066
-277.82143264
-237.22117702
-236.17817290
-119.44753583
-120.34299656
-246.21611455
-348.54684020
-363.81636893
-237.40882219
-127.34584462
-128.14063858
-120.34118975
-345.79859906
-237.54232325
-121.12130278
-119.28761223
-339.38793576
-123.19468066
-0.08347973
-349.28993341
-122.48649680
-243.02421392
-116.19015631
-120.98853723
-3.66133612
-234.33927368
-120.21355920
-249.48909051
-260.02686022
-351.01717437
-0.31554739
-3.74456502
-237.84303174
-248.28391296
-1.27328390
-127.39119638
-354.91257633
-114.29710402
-117.01717974
-233.67577081
-0.72912601
-246.58002281
-0.32046146
-118.93572199
-115.72504288
-0.56992962
-122.56786851
-122.08223280
-237.23994218
-119.11874169
-124.61200073
-227.98508092
-118.82531263
-347.92982801
-354.99312014
-128.08507563
-119.13794286
-249.31500807
-370.71937028
-238.55918264
-0.31796452
-117.40665576
-228.41227882
-116.31029850
-126.08440786
-232.63235651
-130.16984855
-245.86815975
-230.99664721
-126.01003196
-0.31976134
-117.85697411
-124.34000178
-365.59792332
-124.74062409
-400.16802647
-1014.12363648
-620.68812424
-126.30880560
-124.26831524
-0.03424075
-257.46491844
-371.47172366
-0.65709821
-123.09639633
-116.59447441
-1.07822955
-120.62744369
-230.05954090
-120.74222964
-240.57025791
-240.26210681
-122.02396019
-237.05111728
-126.98518131
-0.70441538
-114.95894482
-120.21828875
-1.03510999
-123.52643137
-1.52726497
-359.89130986
-120.95192610
-0.19692886
-0.10840633
-245.02533657
-232.14049303
-2.62651132
-114.38594218
-120.11651965
-118.99681689
-3.91529215
-114.61408409
-122.39780326
-120.41500784
-116.29416046
-117.34882033
-115.76203821
-119.36246034
-118.99747822
-0.80455192
-121.45534122
-126.66698061
-234.20358429
-125.08484811
-388.19896012
-114.32034358
-118.99722411
-346.90491591
-120.78999865
-898.42182117
-0.63813964
-119.68241655
-238.48721656
-245.59489395
-127.32524152
-113.02259559
-118.58936245
-124.35574242
-335.16661857
-121.98942344
-0.08622532
-345.42751049
-226.84404600
-127.64521378
-113.80858329
-228.68280484
-117.39148871
-118.72383564
-0.15096509
-239.06162965
-360.10992236
-118.68917183
-120.96785686
-243.89908411
-368.82715820
-126.84060690
-118.78039409
-119.25182368
-123.43876585
-122.54646489
-257.38933444
-124.90425901
-1.08325976
-237.68972445
-117.50132744
-241.03709398
-126.84493522
-372.95291864
-124.13513211
-120.85250973
-249.92827249
-116.56987971
-244.67777626
-2.09938344
-328.28606246
-124.91050766
-117.35732286
-334.50290783
-126.31496321
-1.38675341
-129.29249607
-125.34652020
-0.00880837
-121.95709161
-125.82856135
-129.04091088
-1059.11657054
-861.54229787
-383.09202574
-126.32272982
-242.61817499
-0.20030478
-0.11737989
-369.36190926
-236.09610689
-1022.16423708
-351.79454377
-631.37399438
-119.05722521
-238.28450870
-499.88433499
-116.46140227
-122.51386308
-0.23259958
-238.89075714
-119.18276286
-121.40689734
-244.46031328
-0.16602274
-120.96527824
-120.92607345
-0.17488791
-117.09264417
-230.62584979
-123.28180965
-123.16793435
-120.47596917
-113.32857111
-119.47970059
-116.50424448
-366.14196763
-243.74273808
-114.45337272
-129.12333693
-115.99364810
-347.52124463
-429.38985472
-131.57931921
-116.61956448
-236.74912272
-233.59979903
-249.99122627
-121.03554455
-243.35963300
-2.66010698
-119.67757475
-115.40823823
-243.17366776
-127.27873671
-127.09212587
-242.61361351
-245.70820760
-121.04994289
-331.74249204
-129.26741398
-121.60458127
-122.57759585
-378.65103951
-127.15321703
-120.15271968
-2.60691060
-123.21257140
-0.48600091
-336.68736117
-124.33761365
-116.87506139
-237.10182673
-0.27858686
-247.19900796
-246.19165996
-363.39791889
-120.27424210
-119.11281576
-230.88975817
-0.21117143
-130.21193985
-120.37987022
-233.49410933
-371.81133118
-389.76523956
-241.72735958
-229.76274983
-120.55507970
-232.95597319
-347.35860660
-123.17496064
-251.05712364
-119.99733478
-623.23132722
-0.13267249
-121.15378833
-118.98608763
-232.10630182
-127.06173993
-361.78553887
-119.80663655
-127.80804273
-1.31022821
-119.31148373
-121.78947005
-242.21450148
-247.06485241
-122.92532352
-232.23028750
-242.75972816
-337.08641868
-0.14603477
-125.45165103
-122.79050263
-115.49952892
-228.00896730
-123.71091582
-0.65064193
-235.93488335
-123.17196669
-226.50937757
-121.64807510
-118.52106847
-117.18041397
-0.21537315
-222.97212771
-117.62811439
-118.58611955
-117.82901690
-123.90114293
-123.33598064
-237.84852851
-116.26433008
-242.78461671
-0.11457054
-121.17453479
-124.27321967
-231.16261673
-236.80529555
-0.01914764
-118.83767871
-0.35612751
-1.57810786
-119.28092412
-127.80562180
-118.68944771
-0.27864811
-1.60535080
-122.49246880
-247.73609935
-243.94837718
-240.03833208
-227.99859476
-239.27904034
-117.90676162
-119.30196334
-263.54633261
-300.33162206
-128.37416251
-115.21750439
-122.58741488
-248.78552362
-121.25739427
-249.44724111
-0.32910664
-329.40191952
-357.41886054
-113.06894712
-113.55452582
-130.48947421
-0.08640501
-130.94306681
-116.70028643
-368.56651636
-237.69508894
-120.26075713
-120.47954704
-127.28005047
-121.53672564
-119.18983731
-0.18660470
-121.92262685
-1.06084107
-126.79869511
-236.03212372
-340.53283394
-125.10621663
-228.09233720
-126.65934639
-125.59887628
-343.93845104
-3.04249536
-117.43406733
-237.04533642
-244.16158152
-252.27765381
-119.01627278
-245.85541542
-132.53024045
-238.86642373
-1.10756986
-128.56252596
-0.42014393
-361.86891076
-373.50758057
-119.71714397
-127.67794416
-238.82701016
-119.53767116
-232.60251955
-117.34816149
-117.73664743
-122.01956596
-121.36300174
-122.65175396
-116.66179489
-118.70892983
-118.24293199
-612.68963995
-116.75601317
-120.14897894
-0.42693780
-123.85109812
-124.67680721
-0.51029168
-0.07196694
-118.86822704
-355.30737690
-233.03294549
-0.38810183
-334.05313455
-116.98766719
-122.10883483
-120.31081911
-223.25685969
-128.60247577
-309.89311017
-0.55545622
-232.61969988
-2.29097385
-123.39641573
-125.57676495
-120.98056653
-114.69830687
-126.34660968
-348.90895838
-241.14282319
-131.42136764
-129.18328073
-0.65059581
-116.20882519
-116.96201872
-122.23202608
-365.22802249
-116.55918205
-244.46345298
-237.75880689
-119.42456259
-123.15644070
-237.53456662
-239.52870703
-233.67037492
-249.91545951
-123.09735824
-118.05396797
-116.90038075
-232.89020883
-129.67955071
-226.47279794
-309.27828308
-321.89487518
-117.83340632
-121.47727715
-116.08059480
-245.28830550
-123.81399778
-2.74521097
-0.12634713
-0.29765461
-118.46083140
-228.91896294
-116.66965570
-118.19888879
-117.97478058
-126.20341936
-118.34296913
-361.02000287
-0.43255038
-226.78893544
-244.41983390
-226.43038246
-119.47208614
-334.49390913
-233.94852456
-114.17729522
-243.43974902
-121.79783499
-120.91647644
-232.06987982
-230.47539839
-115.95484897
-329.01878584
-116.32038150
-116.74640939
-118.51043134
-116.73354909
-241.20812186
-239.17370797
-119.98705545
-114.05079992
-0.63393198
-240.06393111
-126.66345457
-0.42599276
-126.82310848
-0.20406803
-235.48271349
-0.42467207
-0.40806007
-383.42380615
-361.10295811
-125.83093879
-122.44083392
-361.35445414
-239.04064620
-122.36046561
-124.96631978
-123.29116502
-124.76375496
-117.23544232
-120.73828375
-470.82806078
-361.03629086
-117.40377037
-236.26229707
-128.28848795
-122.13578322
-240.61147743
-3.29196005
-133.38732350
-1.23140522
-129.15883695
-119.81925035
-238.49638109
-241.71216360
-238.99244472
-124.14765243
-234.68813599
-759.38326684
-124.84466912
-124.47618091
-345.77279241
-115.62217330
-119.15625758
-124.31636498
-2.76782506
-247.97617262
-368.61028387
-347.24397990
-252.09860736
-0.56546851
-116.50285960
-225.74379472
-129.67934545
-228.54929154
-237.99803860
-119.61058568
-3.57671041
-631.75592719
-361.24526093
-118.88262155
-2.13632785
-230.37432052
-280.42728112
-238.82399656
-232.75561823
-120.25690173
-0.06248652
-126.26944045
-235.31848716
-236.23061441
-120.11691937
-127.30538870
-123.70114352
-234.33769775
-239.24911025
-118.89244191
-118.99925777
-119.74851764
-120.26242064
-1.88033430
-126.47641890
-248.39672856
-124.37775661
-241.72452087
-258.39089952
-120.73563589
-248.72150140
-245.85376906
-3.14493954
-242.06315174
-122.18742502
-119.55479084
-237.15334125
-229.37928947
-126.25469223
-122.12977292
-124.77010981
-251.78328658
-124.05951825
-125.82067337
-119.85930634
-295.14518765
-230.01029990
-0.24121061
-119.82612737
-129.95247629
-237.30008591
-364.91449595
-245.84032111
-125.96449683
-119.69002647
-268.88800953
-117.55877101
-123.35608797
-0.13673428
-238.30502456
-359.87860156
-231.59029042
-122.80069366
-119.71142365
-123.77328290
-120.45953657
-117.58648846
-129.98222323
-0.13975227
-116.77362663
-305.44358790
-126.09488789
-230.17243334
-994.97960924
-130.04336499
-247.95674460
-123.90939104
-0.24241508
-233.90198598
-1.05998829
-243.82373492
-115.21146508
-121.89461348
-379.00547942
-240.97838041
-371.83864061
-248.38810829
-237.25091065
-120.27247200
-363.36437982
-3.98329627
-0.58205818
-124.86210479
-126.94530542
-233.57325092
-236.62872376
-120.57972266
-118.74021247
-127.07210577
-123.84475929
-0.62538073
-124.95774242
-236.89204930
-114.30498459
-226.56028797
-228.63317836
-233.63763544
-499.51967499
-355.51839183
-121.18236755
-122.90146800
-123.40476787
-118.44779015
-246.29066629
-356.63381003
-116.87614357
-234.98672627
-0.89939244
-122.93687327
-118.90140828
-121.99006416
-735.13844010
-0.82538979
-232.55502012
-0.53417465
-116.29556631
-123.41577302
-125.01703305
-234.39201027
-325.41574548
-124.15110509
-235.80550205
-343.44506925
-120.15801714
-119.87549827
-237.06944776
-233.23436014
-121.90882404
-340.43473975
-238.98509822
-125.89802912
-114.22381630
-432.31900797
-120.54329084
-121.58363275
-263.83377425
-238.57659639
-357.75783401
-116.89011264
-121.85497703
-320.98309409
-391.46356994
-118.77148341
-126.06098555
-227.05302430
-242.19181883
-120.68906275
-0.55329258
-271.09956231
-121.73846380
-120.16248430
-312.64551504
-121.87549296
-120.38208602
-120.37077452
-249.21079763
-376.76493790
-113.94929144
-239.87816457
-120.93626096
-242.21710351
-123.57966016
-115.82368367
-233.76028220
-373.66067604
-243.47726685
-126.45530677
-114.47473813
-2.97699420
-119.82040946
-238.79669029
-250.95537916
-116.82482379
-126.48731281
-237.64394628
-1.11134274
-115.70220097
-514.50765237
-125.03474590
-119.89503615
-231.17216266
-334.38146010
-118.52968699
-120.51096501
-119.03318507
-114.75940595
-116.87749634
-120.06241669
-120.66627363
-0.16261704
-341.13336086
-1.53587507
-237.12036575
-117.55806435
-124.99478623
-229.32587919
-118.71229541
-115.21634027
-127.68663898
-125.20703991
-2.47493385
-115.05723218
-114.31557379
-117.47632641
-116.63497888
-495.68730971
-928.28284068
-371.90252523
-247.11978417
-121.57402098
-117.40906980
-265.16597581
-1104.46270624
-115.30471456
-236.95419743
-124.18623129
-123.44392880
-235.17270674
-120.79213314
-126.92772838
-115.64467087
-1058.45376294
-1.37069140
-770.02741791
-1156.12827738
-119.90520079
-115.48134783
-126.41086442
-487.49277644
-247.95227215
-227.31415100
-503.20563806
-354.68780362
-234.73617822
-1.42305837
-123.79068292
-121.71167825
-237.60162361
-232.94665421
-119.02548601
-125.13106155
-238.61844956
-349.81606358
-238.36482498
-120.40063264
-116.20575654
-238.61820427
-122.10795840
-0.26887206
-237.58244395
-227.51887777
-114.57474234
-236.90647245
-238.78821609
-121.46233957
-232.67357588
-120.31689085
-118.54491885
-119.54983852
-222.34338255
-237.76359483
-121.47706243
-117.85907428
-122.12195843
-122.62924381
-234.01454865
-121.02907568
-118.95430177
-118.54093782
-364.83846022
-237.32780051
-116.73787734
-124.25043752
-238.63434866
-118.78238778
-125.35267194
-124.00398402
-116.32799380
-0.80248860
-116.17751539
-124.23430786
-0.22218977
-125.30203046
-114.97562350
-122.11931045
-240.82860705
-243.94704055
-114.64248435
-228.16710640
-118.58694587
-124.73476888
-122.78398009
-244.39816512
-239.74960126
-119.12654173
-260.79608076
-119.29930397
-118.01732990
-245.19616575
-0.34336596
-354.52871348
-121.02579203
-248.60846765
-120.69220980
-246.57601829
-126.57409830
-126.69277535
-122.13159330
-124.87486740
-128.06895577
-234.51098976
-120.01974827
-374.39026554
-121.01067055
-122.29235818
-245.44972979
-128.96692277
-232.18419506
-119.91833181
-125.85563215
-113.90758721
-119.97737799
-124.42630351
-119.06389363
-1.85947641
-125.06843239
-0.23587015
-239.46969497
-316.63728645
-119.97753866
-234.03583245
-128.72386465
-235.81293641
-229.19992838
-238.48102146
-485.15347921
-0.21013158
-248.54135075
-232.53146899
-0.19125271
-503.46880177
-505.49544400
-236.48310060
-236.24127462
-239.30869241
-237.88307525
-120.99136871
-121.95926706
-245.10842765
-237.32459423
-119.54881690
-234.87229386
-230.79700947
-116.06101099
-116.29843544
-128.67403309
-901.82970477
-230.01205014
-122.93981116
-348.14129813
-0.05871482
-127.20658352
-116.87750968
-233.52036505
-241.64345010
-250.10479013
-234.44216199
-227.26903111
-116.87535396
-122.87620798
-241.48008801
-250.82384283
-123.46455507
-249.46987378
-236.82899959
-1.14298682
-124.43113155
-229.99673651
-130.93696240
-240.67019461
-365.80337481
-118.75184587
-0.18054479
-3.12743764
-122.39585758
-232.91945932
-121.37694527
-114.26214286
-115.75750441
-120.01870950
-124.35483507
-122.20442918
-320.92433924
-115.39487481
-121.64884257
-248.04383818
-241.09332675
-120.86228727
-124.45335348
-884.50475230
-1161.96625393
-1037.24622199
-500.43233619
-117.48866600
-119.91377897
-234.96557595
-595.56138176
-235.49708282
-224.33414168
-1180.72920735
-747.98653184
-672.29094943
-737.01851150
-749.68903262
-493.15006709
-121.60495116
-122.09338337
-0.85656954
-233.55235947
-123.65303404
-477.23753371
-120.91762459
-436.82373386
-336.39541889
-0.92864125
-119.56555052
-122.07189157
-118.28629607
-227.20660774
-351.20848196
-118.15740466
-118.76180354
-0.73911916
-231.68990455
-363.23704444
-121.97106714
-0.63141776
-357.64209805
-117.72940643
-248.66681453
-121.23384738
-1.04607613
-230.28051005
-116.87230086
-331.96437749
-120.52191790
-231.50566596
-124.33882804
-117.73910696
-0.18429390
-120.04311217
-122.64305558
-332.28817189
-121.30236083
-115.61942722
-0.05303075
-0.40319090
-119.96979167
-0.75902760
-121.65849950
-130.40655973
-123.70336846
-237.86639095
-116.18621235
-122.00399273
-0.39043639
-0.41230628
-121.84158853
-114.68258845
-256.13066764
-0.73780316
-370.91443752
-243.84970301
-254.46532830
-124.99893992
-230.89615518
-124.32179002
-357.12153949
-119.41481723
-120.46773902
-121.55698994
-240.53001013
-245.78035680
-121.35639761
-241.23954491
-238.41568741
-252.53363509
-251.30959417
-120.17874262
-122.54307562
-252.44567303
-0.19787102
-360.98383654
-352.07808876
-123.14465546
-120.75732686
-345.60150610
-122.40764795
-491.69151574
-0.68842558
-125.75394138
-248.62028699
-128.79234882
-125.75657492
-422.10374455
-341.03033035
-122.76966871
-388.08848603
-385.14147270
-367.19397216
-1.35233579
-123.24878317
-1326.02912329
-119.08781307
-1313.67794735
-433.66243920
-248.41119652
-1491.04686794
-1337.33004216
-127.00278317
-244.11813958
-123.31094672
-1165.21680997
-118.38648192
-900.41974155
-0.39714791
-239.87028788
-710.39768947
-119.71491057
-122.60814240
-0.21896919
-347.17358542
-122.23146081
-1034.69295594
-363.10751949
-1463.04598494
-123.00793145
-1310.39151099
-241.65368514
-124.95158115
-0.25419663
-367.14759632
-247.31840276
-3.16939159
-478.28610418
-891.73166471
-838.55874338
-594.54980091
-238.34606957
-123.82378792
-1485.09259522
-126.85121688
-128.71818687
-479.98574723
-363.24096667
-125.57329849
-368.42539366
-478.18762702
-125.90898273
-126.84396962
-126.20882866
-121.53601436
-120.95646828
-115.21947567
-122.10050813
-120.65982253
-1.48721331
-1516.62102675
-245.66813765
-124.84447940
-1515.79961086
-609.20687800
-940.16936889
-1360.08363367
-1471.30900523
-1587.82813610
-1415.25054682
-1418.19393862
-1369.25565861
-1571.26037811
-1576.37209462
-1461.79636869
-1510.25814302
-1359.19559163
-1473.75462930
-130.03640444
-1213.11476959
-1210.70968413
-1058.19116822
-1158.09906923
-244.97782109
-1483.79763095
-356.61201563
-119.06696397
-842.03974026
-3.18298139
-253.03323898
-127.01966566
-122.79243465
-358.27439590
-1128.03503614
-123.75376998
-653.96260167
-125.78152319
-1437.63768779
-771.80753124
-0.27178850
-238.12207492
-1037.54618640
-118.84691275
-1447.00533695
-1290.59127721
-1284.78028263
-118.07128457
-123.34862063
-1246.40086122
-123.57491383
-123.76681823
-1350.53724601
-250.99425650
-125.19828234
-0.31127692
-251.45082444
-499.93851764
-118.33418042
-127.78275388
-0.41760672
-124.61562996
-1.03526404
-1041.48218339
-125.21874263
-118.94044624
-241.25309818
-117.79429358
-1415.27260335
-121.05451666
-1249.37582819
-1177.48177279
-129.45472362
-0.22609561
-1357.68799112
-1272.89771139
-1275.85868825
-120.79465890
-1782.18110677
-1682.32959306
-1709.76023506
-1696.11809765
-1661.80048022
-1647.43878113
-1638.21281037
-120.47109417
-1532.13751661
-117.07278522
-1492.97925662
-119.81301707
-241.88263459
-1496.24150022
-129.07206650
-1504.05992321
-238.65206375
-121.97560627
-1563.47303092
-1311.61968532
-745.63066144
-1266.18861096
-1373.24207656
-1309.07842162
-870.00660633
-1099.68602493
-121.84315294
-730.45202911
-248.74704760
-1579.85207102
-1509.88210350
-1575.05744223
-1681.79744878
-370.05496831
-126.38565677
-246.37526667
-127.92887229
-115.01282258
-124.90773680
-124.26036004
-1505.98655236
-1493.19920845
-124.30509902
-1489.23194792
-121.03635112
-1611.04461307
-1533.74602959
-1499.50303002
-0.73475572
-966.54384916
-1456.26534480
-126.54907054
-117.64751585
-0.13561446
-0.53790550
-119.07237040
-375.34492952
-0.77079876
-1522.64276106
-1497.13421493
-0.63633600
-991.66191971
-248.59969745
-118.85731879
-126.67307795
-123.57501420
-742.87516433
-1465.99336725
-1482.97803565
-1504.21441536
-0.16946051
-1517.54516464
-1469.10659227
-1535.25581430
-0.50498195
-1495.88038805
-1493.02706555
-1524.16828371
-1469.89317061
-248.53789189
-0.57813864
-1491.12034651
-124.53575525
-0.12672673
-245.05015871
-0.41661598
-120.10914538
-0.99677512
-1466.44102825
-2.85129645
-1488.40868689
-120.85828147
-125.32137241
-1457.43380075
-1517.86957529
-118.40011990
-126.28236311
-366.31721483
-1492.25382206
-116.63290650
-1509.39588771
-115.97096811
-250.53391591
-1566.46186914
-1567.12217035
-116.15027181
-120.02267124
-126.46045891
-1470.56897645
-116.25075112
-864.81048070
-0.30362077
-125.74003384
-599.28693836
-124.87989971
-1600.10248438
-1597.59617496
-1577.76134345
-1204.30187263
-124.50336615
-1506.27365747
-1507.66992451
-1554.57527528
-121.68105431
-123.75624614
-493.75121591
-121.16690432
-122.89696507
-121.80298893
-1704.60976189
-246.60915692
-1873.69659050
-1.05095594
-776.31362419
-123.80580465
-120.97646683
-123.08378054
-245.71917688
-374.48159793
-113.90411346
-248.59863690
-1898.92008657
-1888.96543507
-775.90628043
-1724.72068276
-1799.70301202
-1877.67327929
-121.58261311
-538.26994569
-538.93358385
-123.31350335
-1774.87462924
-777.88941528
-1781.17777313
-1715.20107182
-126.51188257
-254.76887019
-1515.44671790
-255.08730624
-1502.59164801
-128.54572222
-633.44357959
-531.49282188
-512.51369203
-0.71906623
-514.78221732
-251.56515073
-1504.12814150
-253.83576185
-252.03201401
-1510.26607598
-124.37937844
-1630.39982122
-250.54837193
-0.21625528
-369.39331818
-1797.42038109
-124.35968271
-0.22336233
-116.46066233
-1558.73019060
-251.82171680
-252.10493399
-1722.85298841
-1691.45983901
-1543.85687283
-1520.46072907
-1496.40652386
-1487.22795442
-2.59512205
-0.09405493
-1528.33646520
-122.95285698
-0.19608109
-388.65088896
-0.81228838
-0.94008309
-0.85394801
-519.18659568
-389.99104827
-0.27407753
-120.29636953
-1.28532976
-1516.89762864
-251.53096965
-247.59783751
-1609.43502377
-1676.82967972
-1652.39968194
-0.53719927
-1784.87937279
-1675.66933851
-1546.70217638
-1877.83275939
-1492.69652639
-3.34983057
-1540.01791760
-122.83453415
-1529.56048732
-506.26659229
-126.16292303
-118.84610530
-1534.12832297
-1489.80442250
-1500.36979551
-124.52900399
-1603.30081922
-1500.23818913
-122.85519462
-122.48389891
-1487.66021066
-249.28403869
-1496.36531998
-1456.14502519
-121.82049728
-0.08681563
-250.33263004
-2.16088853
-1499.96791946
-1523.63125225
-1511.49912542
-1522.66756736
-1483.42535558
-116.67822924
-0.03525855
-1475.53947920
-1483.92918429
-1670.08486495
-0.44432450
-1521.07140617
-1550.87907521
-1484.15125554
-1498.26836790
-257.09288798
-1.72137104
-1455.73098652
-0.87998563
-124.27967337
-248.58827391
-1522.96265079
-1.03018383
-1588.25754495
-1565.68672208
-1.20626110
-117.38983309
-1547.48275377
-251.51652082
-1556.76190166
-1550.23542360
-1520.76471996
-118.11353138
-1593.22021006
-1567.15360642
-1470.05738403
-1513.42139273
-1463.70472747
-248.81080754
-116.95680508
-257.77311488
-124.49951507
-1468.54507357
-1.01580767
-1444.34603849
-118.69667032
-1612.15664772
-1.59787216
-1488.40606086
-1559.58426674
-1605.00132783
-130.77985300
-1586.15131917
-1494.37227867
-132.18565968
-120.26320047
-257.03738175
-0.30063826
-780.21427472
-1490.73827898
-131.93047501
-1507.73840508
-1535.35632986
-1500.16082429
-1588.97504742
-1510.93366346
-1562.22145373
-1285.89836946
-1468.80680330
-1403.94641473
-1458.93109523
-1452.07562124
-125.70217566
-1501.57854551
-1486.67654357
-118.37122767
-1480.28305268
-1517.64504280
-1520.48125232
-1529.56140539
-1493.61303531
-1379.16314699
-1488.72270932
-251.47724470
-125.40270910
-124.97574850
-125.41418563
-1514.64909275
-121.96522934
-115.82232468
-1495.00019337
-1491.60933867
-1.56431891
-1645.49156378
-123.29439191
-125.20428028
-124.16467690
-1494.40904083
-1516.11393859
-1527.13740744
-1.90114127
-1587.81952932
-1718.84983082
-118.79006858
-0.11097633
-0.61431432
-1663.33371983
-121.25012512
-1702.23395389
-1652.82183140
-125.53500733
-873.25169620
-245.89871459
-1570.85077167
-1526.34874734
-1560.00234145
-1785.58253036
-1635.56011296
-1589.60849319
-1775.79620527
-1685.51243862
-1866.47715325
-0.13241839
-249.17999804
-1514.50634356
-1261.74373576
-126.05590846
-1586.50177345
-1451.48593044
-1693.40629773
-0.44475057
-1724.62673387
-121.64433999
-1899.41075678
-128.44259792
-1692.21308900
-125.48632320
-1489.03488921
-1493.74963472
-1513.13241699
-1486.76996568
-252.61225689
-1514.79421473
-245.74765345
-1507.47131752
-1487.78950812
-250.83950494
-128.50003521
-1629.69099470
-1789.12564665
-246.76627043
-1646.75710600
-121.78924577
-253.84209288
-125.69665943
-126.48821211
-1512.89590463
-1537.60654877
-0.44073888
-255.93215667
-1508.42119739
-122.68357576
-129.98687321
-1550.79324774
-1925.28954808
-115.33382685
-122.03970283
-0.61178121
-1733.86601824
-1827.83040957
-3.01970226
-1714.07052881
-245.59465959
-1715.16440744
-1725.78054862
-124.84135415
-1737.60938395
-1716.07761137
-244.22557356
-1650.28066932
-0.23001914
-1725.58657655
-1700.78577043
-1787.00489381
-505.57123775
-1622.47594555
-1829.80438348
-250.23042405
-382.74198564
-1766.02706067
-0.15248447
-1668.55182001
-1719.32279687
-249.35979698
-1866.17915047
-126.06845706
-1665.03268781
-0.16672110
-0.19251143
-119.57579577
-1528.05695101
-1533.95932672
-127.18052264
-254.74692666
-119.17002893
-1517.58509186
-1530.66846616
-1511.75067436
-125.95526835
-1678.06571366
-244.29926489
-118.14537723
-124.18418630
-1492.77988271
-243.48982980
-116.07305768
-244.70586239
-122.46321937
-257.04937951
-1502.85771792
-1532.52822647
-250.23695482
-0.13421050
-248.39977516
-5.34022675
-0.23544601
-126.15502431
-1517.72076481
-0.56444757
-1598.86225656
-0.54351326
-1498.60849813
-250.14653946
-1500.04356657
-120.60323956
-1487.04306614
-119.36547138
-1495.84316568
-1487.56683399
-1504.99474856
-1492.33035711
-124.56441732
-115.27676456
-1487.96917339
-1531.40683399
-1545.57711064
-252.65033716
-1.51719361
-252.29452290
-128.48129966
-264.38852479
-0.52789615
-1508.36013008
-1.36826393
-126.90585999
-119.85170838
-254.25561491
-1462.74190599
-125.84851405
-255.24687062
-119.34808947
-1482.06795576
-117.91040978
-258.21605457
-126.48570887
-252.59974167
-254.60943080
-249.55318647
-246.64511877
-121.36364313
-122.11909924
-253.50716925
-116.72009878
-0.53006072
-126.27892815
-1509.60709457
-0.60110125
-119.67097047
-257.64554624
-253.12735043
-1491.24002668
-1493.30463853
-126.35404922
-1518.17662486
-116.35883366
-1436.77995768
-1485.22945967
-124.56541799
-126.79376889
-251.57855467
-1502.20510748
-118.85992721
-123.42464148
-0.71382531
-1445.90021728
-1494.32050818
-387.43138267
-251.61886519
-247.25274672
-1518.05367986
-1514.87831473
-1496.00989430
-1.06479916
-0.24044175
-248.31758301
-117.18443551
-1474.90420709
-126.35668720
-257.22013995
-0.07609963
-1486.97110169
-264.31835987
-1494.78524997
-127.97231444
-121.71141584
-1559.50949332
-1599.88073826
-1874.03436860
-0.15042969
-116.31734940
-252.71163531
-1725.24155919
-0.09519555
-128.13604249
-1668.47739143
-117.03435262
-1736.17819188
-121.40048086
-1714.86808352
-120.04480522
-1762.16418634
-128.31310369
-1.07464076
-1678.59335508
-1678.46616788
-1683.48371575
-115.74486525
-115.66415245
-125.91722059
-1695.17048024
-2.23084697
-1744.24418664
-121.46214635
-127.42550419
-258.28996275
-257.57835120
-262.53299124
-259.64495905
-116.48785047
-258.24052557
-3.55841101
-0.60721703
-254.91675654
-258.90526072
-1623.53097343
-119.06646970
-1573.02011827
-1538.07429653
-0.33104156
-1633.44109241
-250.52083512
-116.24329496
-0.10009913
-1507.32303375
-1.07603194
-0.84497634
-253.92108848
-1495.67477035
-1501.63521149
-120.11995000
-114.69933850
-118.45175071
-119.95175074
-1741.03735401
-1808.72184803
-1796.18039647
-1775.64453513
-0.62252807
-1448.20720503
-125.65666661
-0.28881819
-1647.69444035
-125.50639132
-249.28279479
-1555.35777615
-1771.45771829
-122.89657425
-1487.72727163
-256.16578942
-2.01327341
-0.94248196
-128.80592468
-1510.66048188
-0.23729674
-1613.97356566
-1781.20135844
-1719.88072388
-120.91584196
-1791.89883435
-118.31242590
-1585.97614007
-1534.96568504
-1488.04445658
-1479.75850961
-1.87637992
-121.35528530
-1570.36706271
-1815.74964676
-119.96006185
-116.23633958
-1549.67353391
-119.20576195
-0.48933841
-1.12392778
-251.13673912
-1937.92688510
-121.43110490
-1663.39777947
-1596.27525367
-1616.67034893
-0.95392033
-1482.97652190
-1535.34968864
-115.16818838
-116.86101703
-124.13415110
-1611.60475352
-1535.45708159
-1490.81876540
-1516.25392072
-0.89302960
-1529.21781691
-127.02209870
-1574.55008545
-1510.90691932
-117.42848523
-240.19817315
-1519.78474853
-1.09637009
-1516.64453983
-118.66298251
-1528.29225452
-1715.61252653
-116.33285319
-1566.80071591
-1897.91140478
-1892.15600490
-0.94504772
-1786.07617712
-1672.14625960
-1538.84800667
-0.22552838
-1855.07664873
-1782.22044736
-0.11684815
-128.27018273
-779.50674738
-125.69620213
-0.48463537
-0.75978036
-261.87926931
-1023.47586839
-1494.65047471
-1484.33021255
-0.36754419
-121.18296239
-257.63848394
-126.56338517
-1619.12282434
-0.06969728
-119.30242009
-1521.63348444
-253.73703010
-2.79459039
-1555.06014880
-1569.23135986
-252.03073982
-0.05902275
-121.28271898
-123.68661394
-0.80714790
-251.34687269
-125.54552906
-1691.43127683
-0.91463053
-1460.73497158
-1494.45859119
-116.30945064
-1605.29131537
-1679.76394072
-125.28723120
-1590.48916892
-249.27757882
-1493.29728757
-1497.47298594
-1491.82315007
-0.52159531
-1490.15202589
-254.68994437
-242.63236536
-249.87663007
-250.66317838
-1515.83769355
-1619.15509594
-124.05578198
-0.22314448
-1492.61402835
-0.45883800
-1492.69052704
-1404.82085381
-247.68243054
-253.16897736
-1504.71351785
-1495.07123970
-1489.59318346
-126.88754802
-1518.13101928
-1437.89835160
-248.81380199
-1484.50136019
-256.74749890
-116.31228015
-1401.89809618
-1480.63282497
-0.44361184
-1.48200632
-1564.50233180
-1.95869892
-2.00840248
-1656.94941020
-503.99779051
-513.60892605
-1616.32183254
-0.46764296
-260.69757028
-257.76634393
-259.94385229
-120.73543007
-253.28512411
-1489.94616095
-250.74411158
-0.04933300
-126.29133005
-1532.56483597
-1482.63071095
-0.15752987
-1567.59453380
-1540.03077345
-248.69338619
-1586.28718122
-1526.20412761
-126.87938116
-248.55069271
-250.34629786
-1469.61778465
-115.35247682
-113.48384929
-246.43113172
-0.50025751
-119.13246881
-1578.09435340
-115.90411066
-126.32544611
-5.24234124
-0.06508639
-249.96271372
-1337.37033553
-1497.09454842
-1508.50288161
-1491.45377282
-125.68803554
-252.68264410
-256.43629050
-250.91063848
-1506.10435698
-1618.37607043
-1727.74982205
-0.24676560
-1674.74366224
-118.97909581
-126.00234133
-123.06633452
-1773.01162559
-1745.91124934
-1.14300213
-114.62430615
-128.05986476
-1771.11768405
-1650.38405087
-1671.04372089
-1728.84361234
-124.44113115
-1634.06956812
-118.86480230
-120.26822671
-1686.57796706
-250.33334239
-1714.10351406
-1697.13843856
-1627.49143796
-117.31338998
-1771.32954739
-0.79405974
-0.50330274
-1661.01705539
-1709.78730239
-127.95345813
-124.74655207
-1764.17704969
-0.11849467
-1824.11057978
-1832.73435247
-0.84362318
-905.26728347
-1566.71924056
-3.13163655
-0.26566933
-122.25199030
-1517.62073056
-123.55830121
-1549.73553030
-1498.99381347
-257.75529057
-1489.99818343
-125.41360752
-125.86172306
-1034.00384170
-0.49227351
-1498.40617312
-132.46374122
-1517.12216978
-126.28056472
-1689.69437985
-1819.70952599
-1705.90571032
-126.00874837
-126.11597698
-1782.03749866
-1773.19191794
-1920.35180177
-1833.68540870
-1727.44227208
-116.50959953
-113.60342740
-1675.14607057
-1674.46902844
-1615.69471002
-125.81145954
-119.05911899
-246.49607091
-0.21446125
-1548.13219447
-122.55521027
-1466.26444382
-123.13992960
-121.05149404
-127.00575085
-1411.59274466
-1515.49945798
-1492.45350613
-1531.74856123
-133.81266228
-1492.85740937
-128.17524409
-244.05149071
-259.94539596
-1499.09338448
-1548.69319254
-1532.33292795
-0.28388986
-1765.17417848
-1697.27610944
-1.45462813
-389.52655509
-1545.25747717
-0.51198276
-1511.29830411
-1496.73149289
-127.06763623
-119.95589265
-120.54670645
-122.72452417
-127.96078496
-246.46580770
-124.90937536
-1508.03334889
-1497.26326833
-117.59989118
-125.41888388
-0.46081859
-122.70665145
-1490.84278388
-118.28093954
-1497.54285240
-0.02214467
-1501.14265835
-1550.81726178
-1503.57464870
-1474.03387879
-1482.52735555
-119.48725542
-1512.40037022
-1515.32632171
-1488.41569859
-4.28142649
-124.10904773
-1488.43534910
-1469.95724116
-123.67345071
-1493.30764128
-1492.36618520
-1484.95490174
-257.90470067
-1500.36283844
-126.03004085
-1820.03150949
-1772.38349184
-1679.79014634
-1690.39608610
-120.94723186
-1711.55382398
-1719.16164097
-1822.94567187
-1644.42229884
-1651.99757333
-126.43041457
-115.13335893
-127.28808305
-1531.20842522
-1497.88758092
-124.42752846
-1487.02361156
-118.87900412
-1508.51887189
-1607.04331090
-1715.21467754
-1682.74786116
-1641.94841322
-1854.56331167
-118.40138712
-126.33797518
-127.07398345
-1737.48201801
-123.81143341
-1512.35597126
-1501.70364966
-1516.00259783
-126.08584433
-1325.66248370
-1461.97079332
-1420.65210951
-1515.90774013
-1552.65693825
-1498.43546754
-1507.23724551
-117.39814331
-124.31462077
-1454.84031813
-2.64910373
-1482.10238077
-1534.49561601
-1425.46345626
-1421.11066761
-1500.53524683
-1544.04032203
-1499.38680302
-1497.00533413
-125.83821503
-1502.12274807
-116.51277108
-1507.70734291
-126.95579093
-1693.09313746
-1813.49005956
-2.57792231
-1479.44134953
-0.20203726
-118.29880244
-117.94953916
-1865.81788406
-1222.56189685
-1654.72850729
-3.43325315
-1834.06336205
-119.37500945
-1765.42612295
-1537.56248866
-129.25517820
-1727.05871540
-1794.18210277
-1702.00223738
-1835.93319958
-121.74388760
-1830.73347633
-127.14769978
-128.80510567
-1504.79060151
-1486.07817814
-1496.33257910
-1489.37294600
-1495.83334472
-1449.05150646
-1409.03335426
-1504.50790493
-1495.26075542
-1439.58396135
-1425.57122302
-1486.45680562
-1110.91729739
-2.41399542
-1495.56066963
-1383.53662662
-116.89864465
-1479.50108184
-1487.53500990
-1472.70066254
-491.58594500
-1684.18944552
-1764.68794642
-1776.14837973
-250.95739127
-252.39816088
-1675.26261113
-1791.21347678
-0.28167921
-1563.50750932
-124.25439953
-1690.51163870
-125.20791063
-1640.19205128
-1742.92379555
-119.24663795
-1567.62884572
-1430.32676548
-1420.16793830
-1413.97799410
-125.73384560
-248.27771591
-116.75813033
-1487.79462557
-1532.34557842
-126.54666775
-249.19607978
-1.49139096
-123.06284350
-254.70734134
-1630.28479001
-1574.01564062
-971.67574731
-803.22590007
-1660.70778129
-768.04876276
-1661.41623039
-1535.03197502
-1624.03698242
-123.44926823
-254.24711021
-125.04238678
-1715.01485484
-1581.25640384
-1698.89869254
-1665.13338984
-780.93808563
-1502.14315176
-983.83012632
-248.97484168
-253.80374149
-120.45966092
-1694.11897807
-1749.63853858
-1639.72382087
-1511.16580115
-1589.62444686
-123.28825437
-1492.99578946
-1405.04564067
-1490.51195376
-1495.56179492
-1415.22069682
-1499.65051882
-1392.66783342
-121.76873869
-121.86899266
-1724.36378926
-1550.87843717
-127.92402678
-116.65054229
-1570.83228496
-1.84701332
-1472.78006046
-1563.07622903
-1.44834224
-1569.82437949
-1551.88320098
-1758.11010962
-1546.31174235
-121.46244106
-133.74580997
-1507.23636046
-257.23002582
-1575.53747048
-127.25004551
-1634.33868789
-1355.15591543
-0.88300252
-1670.22516120
-1702.50710895
-1517.24935480
-123.92313096
-1504.95449534
-248.37515967
-1.54935560
-128.15541570
-1497.76076123
-1629.63453440
-127.28471733
-1701.06598298
-1674.74589267
-1512.77715015
-126.38489626
-2.44050942
-1514.55762560
-0.10956815
-131.85462245
-1451.44282047
-1513.11250885
-125.01498812
-1488.89752563
-1503.11191639
-1482.58732653
-0.34982599
-120.00804958
-1507.09863516
-1700.62936272
-1492.05003685
-0.09071269
-1310.99429357
-1380.14783392
-1387.82975192
-118.20759362
-1500.99663096
-1426.83465136
-1447.24409029
-252.85966832
-1552.67634880
-1521.05734985
-1517.64512348
-1.25610969
-1654.02014820
-1722.57703124
-1533.48803510
-1558.34758056
-115.99323323
-1707.87068420
-121.04125257
-1544.06736642
-1569.48608244
-1574.40143038
-1626.28667299
-125.42156709
-0.05866435
-0.75232338
-248.03624852
-1510.84038283
-1538.51668163
-119.94410181
-1633.92034544
-118.92677729
-0.18524758
-0.42410658
-121.71477867
-1698.75296802
-1627.57816988
-1738.70166046
-1772.53970567
-121.86981851
-1749.42108547
-1726.72835076
-1677.57546773
-1725.52645118
-1742.74643172
-1678.63133685
-120.35511641
-121.35400078
-120.31366086
-1533.89484229
-125.65304770
-1652.43325312
-1714.74627012
-1729.23565360
-1743.12576304
-1733.75440113
-0.44341743
-1790.62392057
-1721.59328078
-1.60318375
-116.23887324
-0.42031966
-125.90847000
-1460.60919426
-1670.69640054
-1487.90824768
-1734.25033876
-1709.64645549
-1601.82354234
-1472.08528525
-126.89468526
-125.12304980
-700.89451248
-687.30057881
-254.34094845
-1503.99975206
-1513.81348827
-122.03248374
-1873.72230223
-1845.52204262
-1704.90986712
-1644.99841919
-1703.38133916
-1726.31614843
-1763.73257789
-1793.99773376
-1741.73381414
-1808.58725483
-130.44494060
-2.23106719
-250.03286079
-0.55160625
-1513.30401800
-117.16524388
-1524.47354457
-1638.37256207
-0.04631342
-1797.83535947
-1646.57685007
-1736.88532101
-120.86019678
-1662.65792241
-1703.52879459
-1649.50239416
-1521.65883996
-0.25808626
-0.47551666
-1655.19092137
-1783.58160332
-125.11931654
-0.32927177
-1529.81033913
-122.33806669
-1519.35984624
-2.00383836
-0.60236170
-1805.48928816
-1866.67506695
-0.12066085
-1784.44695793
-1678.54292801
-1735.24019620
-1502.05636324
-1514.30650994
-122.66817312
-1607.16561215
-116.87664835
-1756.92359609
-1844.46368667
-1588.20213634
-1881.83310018
-1636.29676932
-1612.61820701
-1733.65161408
-129.70153371
-0.14708354
-1656.90343427
-0.73720144
-1474.52097020
-119.86248519
-116.23043038
-122.33567827
-124.25794504
-123.36406099
-1697.75202814
-0.24373174
-120.22080281
-1777.12108917
-1716.58710872
-250.67379085
-252.86865734
-1670.71254168
-1806.07120102
-1550.59269435
-0.48479502
-1486.89962976
-0.82789083
-1490.95078265
-1487.08147124
-121.36300805
-1541.54704760
-1534.95589369
-1529.31159368
-123.41420126
-118.87983742
-1520.20169671
-118.37911931
-0.26152345
-1495.58917217
-127.33150177
-1544.00945120
-1.64620621
-253.44115324
-128.70319838
-1634.60322629
-1578.66658751
-250.15610437
-1551.03189630
-127.01076586
-120.23238777
-118.44944585
-128.11879761
-126.80515747
-124.88187195
-129.94289375
-1624.45902067
-1581.19005986
-1629.44523510
-1765.19215048
-1662.26391846
-1679.11345275
-1627.93593440
-126.50251118
-1560.74528455
-118.44294960
-1612.42437811
-1.63974104
-1487.85457773
-1746.31136345
-504.65911196
-1478.11779641
-1508.95485821
-1391.40401894
-127.20196613
-0.78169822
-0.16799310
-1655.99786380
-1698.71688709
-1544.01453128
-1554.63572316
-1471.03984683
-1596.24048918
-1511.25439867
-1502.17608561
-1515.30270155
-1521.99153203
-120.41992509
-0.38630516
-1449.76866000
-1423.37794065
-0.20506511
-1490.39148548
-1538.52337668
-1519.95733013
-1533.83873299
-1558.92754242
-1482.05994974
-1414.51364069
-1532.67757791
-123.89040369
-252.76584317
-1484.74415174
-1489.67673257
-1505.15373734
-1483.35518957
-251.99650371
-252.14361898
-1521.47770192
-0.84298391
-1514.52432111
-0.58116004
-1523.81868206
-1448.89835251
-1570.66195977
-118.27787941
-247.10586892
-255.59715795
-1488.92577925
-1493.57221138
-1551.52869697
-118.44304306
-1468.00243522
-1680.40717281
-1560.83701345
-1524.73522716
-1877.50903012
-0.06093474
-120.33203763
-1589.67168123
-125.40236555
-1556.68820269
-1647.58369485
-1602.96017421
-1604.38156295
-0.76542998
-1649.63786042
-1686.74869459
-1522.63412494
-0.13655418
-1490.95586151
-1679.61779735
-1631.67523751
-1691.57211700
-1527.29451611
-0.13951163
-1793.37010838
-1640.75329322
-126.04961175
-1646.89436455
-1679.11617866
-1511.01204173
-126.59559946
-1570.40544233
-1796.69638839
-1793.29821966
-1619.40557947
-0.10529208
-1929.20110912
-0.74711741
-1588.11281518
-118.51645947
-1771.46137750
-1786.69533892
-1471.05448923
-1411.11163221
-1301.66893389
-1495.26447452
-1772.61071783
-1489.58637965
-1495.08652199
-252.84393205
-1737.67575084
-1525.34197493
-1.36827952
-1630.43604973
-1540.89989869
-1563.14575457
-0.32618073
-121.67245310
-1851.59253849
-129.14447573
-116.87537977
-1484.50926607
-1484.28761495
-1603.86333663
-1654.72373522
-122.69947556
-1513.94730013
-1658.15342864
-1632.92143961
-1763.76988673
-1739.58245552
-126.65848534
-1773.17964794
-1617.00371569
-1490.01106487
-1.53351498
-1661.99769315
-1558.88576497
-126.88167805
-1578.39906013
-1399.68878358
-126.82042386
-1497.77953955
-118.26505402
-1.41022099
-1634.77100304
-1630.73220850
-1371.49071808
-1434.74534635
-1511.22230906
-1567.30158590
-0.33799488
-1567.92833726
-117.15115689
-1664.70865563
-1584.11893212
-121.51035822
-1532.24857142
-119.04783572
-1565.73246142
-1643.80503734
-124.89915677
-1556.55229076
-1636.42010417
-1580.19468905
-1650.20854663
-253.17333755
-125.32994386
-1529.55089539
-1503.43915294
-127.70864699
-116.51284428
-1493.32277330
-120.04038022
-129.30033015
-1506.41519671
-1601.60694837
-1516.36769222
-1500.26570625
-1491.20938058
-0.09828455
-1405.51402569
-1366.46862444
-0.25744464
-124.39753152
-1495.14433775
-1506.76480491
-1.18772890
-119.19481787
-126.05297285
-124.07814449
-1549.25386323
-1521.18386100
-120.65413665
-1530.34313528
-1421.75082873
-1506.47269965
-1489.67189866
-122.98910299
-1514.89480894
-1520.49588071
-1697.93722412
-1866.31760961
-117.93928858
-125.81960070
-124.41155378
-1835.19468303
-1786.31866072
-0.66982515
-1509.85635881
-1688.00638397
-1734.54734268
-1631.79453540
-1605.36009705
-1575.07641196
-1654.91611689
-0.15216436
-120.83310883
-1682.71721351
-1639.98917187
-1643.00221871
-1801.97069575
-1670.29899384
-119.45573305
-246.19610993
-122.21817818
-1546.80652146
-116.05861990
-372.36265724
-1794.52792116
-1602.44139823
-256.90083033
-1432.20176904
-1491.90931530
-1454.29268482
-121.48373716
-120.21082312
-1364.84840189
-114.47768169
-1496.89417504
-1487.92714746
-1539.41046457
-1635.70125767
-1583.98020754
-1521.49460487
-1505.66554455
-1664.17808429
-1648.42323310
-115.75622439
-118.55907150
-120.55000884
-1750.07098796
-1811.32006268
-1688.48546109
-0.41494914
-130.28963210
-0.13107111
-0.27238797
-121.61394777
-1858.20953069
-126.25836129
-120.45422114
-1495.00607734
-1631.96844010
-0.09199498
-1487.47429235
-0.02646896
-1415.25725414
-1460.63549105
-1599.43063869
-1502.14526314
-1.05633486
-1667.46698872
-1369.21046831
-1619.00141206
-1517.70331679
-1518.67690673
-1551.84435013
-1385.90855935
-1490.76466768
-247.98410690
-1649.68231080
-1592.67476580
-1427.20495629
-117.29008616
-1491.59957895
-1496.09740991
-1379.07578310
-123.89619976
-1632.65231117
-1432.66462644
-0.34289616
-0.57700509
-1538.87276282
-1557.27755662
-1505.94884619
-1490.07518103
-0.43213284
-1496.72088143
-1432.27331829
-1474.65422087
-1471.01319412
-1482.87468667
-1611.09047967
-121.04102141
-119.21681947
-0.10977339
-117.89687609
-1505.45576692
-1615.53756793
-117.31512031
-1681.81334043
-120.11831584
-127.53911806
-1580.68262618
-1638.36938020
-1601.40543813
-3.95199960
-0.12544427
-1530.77467205
-1493.56920772
-127.06895333
-1580.21365035
-0.14963902
-1531.20697747
-1612.61515074
-245.63392195
-0.76472979
-1652.58626337
-1722.87979320
-1641.45565234
-116.80680475
-1605.97858693
-0.94842564
-1402.45129513
-117.15770444
-1707.16227653
-1746.73390085
-1639.12618411
-1944.24349014
-1931.22265042
-1764.16338176
-0.15102412
-129.34866629
-117.64611443
-2.29327345
-0.39172811
-1810.49637212
-1844.14354969
-1709.23922062
-1807.28201696
-118.61607683
-122.57025267
-118.87789146
-1726.09838594
-118.83910646
-1876.64696532
-1774.17603622
-1778.49662726
-127.96875831
-254.95089854
-1748.96571770
-1780.91066849
-120.60714105
-1676.48324500
-123.08536642
-1809.00249723
-1782.40421511
-1890.15944135
-1621.01315837
-1838.16641444
-1899.80324160
-1908.37122834
-1727.74595342
-1864.68316476
-122.59628125
-1933.54633871
-1817.69954796
-247.64504644
-1826.18864580
-125.24279334
-1492.66987662
-1805.95693596
-0.46222526
-1477.48956767
-1722.70650031
-120.12040213
-1832.92950732
-123.32973829
-1826.85026286
-124.74238786
-118.97066307
-1777.84199691
-2.92319244
-1819.61389487
-1655.05019043
-1489.71953708
-129.94965095
-1.98999351
-133.79966707
-1515.76268825
-1596.33232093
-1689.13570178
-1503.40383294
-121.77903172
-1676.61856102
-1817.52542019
-1580.20904338
-1483.74951852
-120.99662242
-1450.04637746
-1494.45773007
-120.53400558
-128.05856914
-1504.35908657
-4.98673168
-1496.20655198
-1515.08392616
-1473.47741221
-1514.76002106
-124.94663102
-1897.29732057
-1753.80466294
-1658.14060342
-1676.30190937
-123.51900572
-125.97400298
-1631.71039963
-1664.85629923
-1668.91237302
-1711.50676213
-1675.80008783
-1772.85858108
-1552.43378988
-1579.71811580
-123.92370476
-1582.55012848
-2.00312425
-1498.58448418
-1469.57700818
-496.76369106
-258.99754104
-1468.82736166
-1497.96976636
-127.92521396
-122.88436722
-518.20538080
-1494.70187712
-1471.77130867
-126.76614088
-1488.62523299
-1508.61548905
-0.11875455
-1478.91819361
-0.90333673
-1495.42044876
-0.13011248
-123.50024269
-1477.60391994
-0.93158063
-0.16040327
-128.19673063
-1593.44704162
-1406.47711415
-1665.33342309
-1720.86659871
-1582.94733596
-1498.81049173
-0.26881862
-0.21907874
-1467.16311561
-121.01181473
-1495.83557660
-1480.10503969
-124.97222236
-1439.57032236
-1503.73667838
-1468.73427215
-1503.16336690
-1314.88311922
-1362.25894081
-1383.66951857
-126.78044414
-1477.74623406
-1399.07246267
-245.54331456
-116.53832669
-1.28127937
-1573.65801593
-1561.03085484
-0.13136272
-1732.57278976
-1662.78870675
-1556.86141210
-1553.13202770
-1443.61098492
-116.87748320
-1306.69353154
-125.94905485
-1705.63122243
-1799.36072323
-1925.42016793
-1925.88394950
-123.81043012
-1853.03303250
-0.49692425
-247.86832819
-1684.65608069
-125.73553592
-1448.86661629
-123.38268859
-249.04398841
-1077.97600481
-1837.20196917
-1845.16942976
-1775.01988763
-0.34241930
-126.93578691
-0.23099898
-1587.56474452
-261.70813119
-1400.58491994
-249.85591165
-116.21679614
-1794.61408852
-119.74461534
-1709.57614138
-1717.26091884
-1639.72556912
-1638.81270191
-1706.40676712
-122.51327537
-118.91249129
-118.15657208
-1659.08359495
-244.53914083
-1657.26820983
-1660.47756860
-115.95748907
-1644.79902891
-1628.07153671
-1588.32768602
-116.20218049
-119.26011792
-1642.19332502
-1629.75325709
-1606.77670542
-1625.53313356
-118.41147244
-1657.53533965
-1588.80971696
-1615.62816659
-1581.87995233
-0.18051819
-118.96968219
-376.12771246
-1476.86250897
-1555.82820989
-1588.05323401
-1520.11138398
-125.78051043
-1491.63489260
-119.83300387
-1428.29598422
-1581.50085626
-123.61404657
-1622.22870285
-1594.79435176
-1630.64258146
-1619.97796107
-1700.99695293
-1779.47537865
-252.90526551
-1497.66922924
-1548.50954428
-1520.35988548
-1.21863991
-121.99149830
-1618.33417663
-1426.33892778
-1643.68307416
-1585.23653871
-1492.10090085
-1473.61053837
-116.90923399
-1603.76761063
-1578.57600510
-1594.20086599
-1520.53379627
-119.25658029
-1530.53972274
-1440.30680558
-1489.55059996
-1506.52152204
-1402.82246996
-1505.42304234
-1410.31736317
-1425.65019776
-1504.77623845
-1600.36339124
-1499.17851016
-1485.42656895
-1451.04673743
-1495.53382830
-1401.09865803
-1486.29511378
-0.07653059
-118.71748165
-0.81901162
-780.94412454
-1764.36736572
-1211.24716530
-1603.65107393
-1583.25569795
-120.71731111
-1633.87378547
-1702.90089299
-1578.34706538
-1704.53891292
-862.46368902
-255.52546559
-1554.86318691
-1624.14134620
-1323.73582041
-2.53881065
-1501.97389892
-1.20979224
-1457.61483461
-0.68803068
-1517.24756351
-1547.37758475
-1520.11316087
-1424.04561134
-1457.87718321
-0.43561006
-1753.99150191
-629.25697624
-4.47469914
-1410.71740946
-1492.72409909
-1.11975727
-1497.14213709
-0.97136462
-1481.12119245
-1494.13164603
-1.09760637
-1496.44503768
-1496.83585123
-1500.34678337
-1445.96674662
-124.72508284
-0.87036856
-123.47505367
-1629.99567348
-1416.11828000
-1500.66699710
-1481.96463826
-1498.96658551
-1542.84488211
-1548.93594186
-1432.65705171
-1570.67105918
-1409.26992178
-1541.43578522
-1362.70242917
-1460.15101326
-1500.20709682
-1384.26017027
-1505.17161449
-1501.27668557
-1437.95141426
-1505.54489456
-1.40783397
-1431.90772244
-1483.62879385
-1591.63147565
-1605.62634157
-1510.52640629
-1414.48318535
-1494.60254476
-1510.33524931
-1498.52072296
-4.32039083
-0.49552616
-1405.10916833
-1.77401610
-1537.36809498
-1461.69197983
-1579.70651943
-1508.59354744
-1.86452475
-1526.59734158
-0.14993600
-0.90847149
-1575.86459165
-1548.80598041
-1436.23894364
-1522.84225682
-1520.03822917
-1534.88129809
-1438.99949491
-0.38308673
-1427.56211961
-1529.97646752
-1495.63895195
-2.20360131
-1621.63882148
-1512.58530790
-0.52176128
-1516.98524863
-1402.51680885
-1599.66806083
-1315.58178775
-1498.01848609
-1510.82210419
-1448.89802944
-1524.53734059
-1552.32365132
-1542.97327887
-1515.21030883
-1403.90506166
-1527.21652439
-1494.15251446
-1435.19011201
-1421.13969138
-1462.46774307
-1518.75351122
-1623.42737153
-1657.81195931
-1746.23406864
-1377.20208444
-1591.29912744
-1650.49395098
-1588.20708793
-1537.68980244
-1567.27761916
-1361.46350345
-1486.08454381
-1487.71606940
-1617.40420862
-1684.61490093
-1366.59315215
-1529.69606048
-2.34242076
-1418.83078248
-1503.57332439
-1426.45191295
-1491.08661547
-1513.65438605
-1543.38554621
-1603.87056173
-1419.69930541
-1482.72268113
-1.53076659
-1448.90271543
-0.59743450
-1443.86020854
-1545.09746906
-3.42501149
-1474.42187714
-1489.66436245
-1482.08877663
-1499.64291515
-102.33319946
-820.13920370
-1475.65634727
-1461.92850849
-1492.79853466
-1486.26632505
-1532.34064524
-1579.22329783
-1564.08048966
-1380.43819443
-1691.82120076
-1494.02328456
-1394.97221674
-1535.92534324
-1403.47629214
-1413.24807132
-1340.80242526
-2.58938801
-1507.09976722
-1355.90987569
-1555.06699489
-1523.06283864
-1496.18254286
-1540.41475844
-1473.02832478
-1435.96612114
-1449.54616042
-1548.67478487
-1469.67314208
-1494.15752236
-0.06224925
-1503.14095921
-1.22073218
-1413.84801113
-1470.31527095
-1511.29117130
-1733.77708765
-1445.06148006
-1187.51538299
-1651.39852740
-1509.54968063
-1498.01911700
-1460.40484870
-0.85729168
-1408.94133129
-1.15317226
-1500.96562152
-1495.23881418
-0.04270451
-1500.18413770
-1461.52138015
-1537.79701798
-0.15814066
-1455.84269438
-1431.56032824
-1355.90796991
-1452.33990596
-1528.98027881
-1414.99940128
-1473.35216127
-1622.90732061
-1463.35383733
-1642.77270176
-1436.21981591
-0.58836575
-1629.80307587
-1.19431411
-1682.93122986
-1454.42420876
-1504.52052955
-1479.26967467
-1478.21186486
-1557.36423662
-1546.74898551
-1501.61226733
-1622.50887672
-1570.92769618
-1491.14058829
-1484.65718775
-1564.91712350
-1619.68496537
-1478.08504771
-1401.80912375
-1434.42700361
-0.27946616
-1448.49711852
-1484.14045281
-1486.91908587
-0.77856373
-1538.24384752
-1485.51740113
-1.21443190
-1509.75136050
-1511.41632750
-1.30251229
-1377.64615059
-1522.15030200
-1484.22588938
-1600.33648968
-1402.55313906
-1515.04455150
-1514.73441226
-1475.41497479
-1398.41471121
-1531.87647122
-1514.97598743
-1494.34300263
-1459.26782188
-1503.13163202
-1537.37802525
-1640.62914418
-1595.55944641
-1644.52434847
-1551.74750110
-0.55663647
-1391.13519571
-1549.99711191
-1416.92339428
-1662.16437670
-1476.74615834
-1577.33840790
-1524.49901050
-1455.50454099
-1564.65543007
-1852.10695577
-1517.97421746
-1500.55792442
-1.64542090
-1522.75432747
-1446.80220337
-1611.69701954
-1840.59184711
-1705.01568966
-1514.12351060
-2.43573686
-1560.32169577
-1777.03904906
-1673.83945659
-129.93167610
-1530.75926396
-1550.58905356
-1519.65137871
-0.31249686
-1503.53871725
-1607.81718261
-1483.37735664
-1766.14686791
-1586.79653569
-3.58896582
-1761.41121924
-1573.76946753
-1620.16954407
-1533.40819974
-1500.81039185
-1492.90615239
-0.77756247
-1512.18282322
-0.31211876
-1513.54111732
-1509.23446213
-1487.86412214
-1708.67364346
-1692.73574220
-1531.50884623
-1311.64076258
-798.96423497
-1474.42537451
-1496.59064497
-1539.57507428
-1506.24251054
-1441.49636852
-1502.65413824
-1485.08681383
-1464.99100971
-1490.45614148
-1486.41951350
-1442.59653053
-1443.47606601
-1483.12516496
-1514.29224358
-0.80539306
-1503.23159907
-1480.19664555
-1895.76051542
-1624.52323082
-1705.58950741
-1828.97398693
-2.40422660
-1697.51118403
-1494.69015653
-2.81277860
-1811.83680233
-1.13655820
-1856.09192414
-1501.01075830
-1831.24386555
-1666.93627056
-1808.86373908
-1747.44818182
-1791.97696810
-1663.92389075
-1722.47867251
-1725.85041133
-1593.73714581
-1534.97163921
-1706.92660308
-1727.18377866
-1594.90832562
-1795.55824014
-1654.21921468
-1736.12766118
-1703.12831548
-0.09590413
-1639.28994444
-1660.53190277
-1567.19441816
-1631.14886533
-1603.74742158
-1563.01082344
-1593.69032813
-1692.23077922
-1575.11209815
-1621.02939766
-1513.87827224
-1796.21753968
-1867.17592705
-1795.78593371
-3.02390530
-1858.04033787
-1793.49299157
-1820.37932988
-1713.68467730
-1541.93801996
-1801.07446827
-1688.53646057
-1868.47900578
-1802.34601801
-1815.35627120
-0.87821393
-1503.16436181
-1710.46946519
-0.11676052
-1689.02024516
-1747.37095794
-1593.25907251
-1673.54766307
-1698.87139771
-1762.53712996
-1554.71670888
-1682.76103278
-1645.69681706
-1702.16092695
-1702.89114607
-1668.43810304
-1657.56934110
-0.81600464
-1760.88166037
-1713.47303737
-1450.21105264
-1612.85735065
-1606.41802407
-1523.17212151
-0.67251737
-1360.65348798
-1502.60017348
-1512.34520175
-1482.68074543
-2.51030777
-1435.52919351
-0.28994476
-1545.08831928
-0.19010145
-1473.84050425
-0.03648013
-1422.05664012
-0.51733940
-1423.57940139
-1413.53484427
-1463.80466102
-1538.62099916
-1566.67476758
-1533.56393995
-1493.52926103
-1523.84675359
-1288.77591880
-1446.49418083
-1500.50651213
-1489.33276584
-1510.70728171
-1583.67004580
-1591.44603122
-1492.75709713
-1535.22493042
-1558.89790230
-2.33651612
-1610.14367237
-1611.81777595
-1.99520679
-1417.04708970
-1522.72823873
-1414.56073220
-1491.01800285
-1431.98879386
-1499.57040618
-1410.63108945
-1448.76372110
-1491.43797174
-1376.03657033
-1522.11012769
-1388.28608201
-1314.59023795
-1485.03395869
-1348.54152783
-1494.58447272
-1511.30422681
-1516.03476711
-1.79231878
-1575.67712650
-1527.16835366
-1512.40889394
-1441.08018532
-1453.42384202
-1467.66301975
-1645.59775992
-1532.60165525
-0.27296660
-1556.83745818
-1630.77237067
-1576.50202077
-1771.08936242
-1564.48685306
-924.11706693
-1519.69039446
-1216.15258453
-1371.16520450
-1844.27910971
-1846.53750684
-1841.09225644
-1740.03567715
-1350.48362663
-1846.17890882
-1880.35541491
-1888.71360256
-1899.97830723
-1846.05679617
-1855.99675108
-1655.78867841
-1565.20185104
-1776.68029204
-1763.42128086
-1851.54808847
-1767.54028067
-1831.73296209
-1842.30601557
-1841.49448420
-1777.71995790
-0.70575188
-1.35562375
-1865.08407869
-0.43777974
-1899.42505136
-1857.81488685
-1715.32271448
-1695.16544594
-1883.26408057
-1786.77278492
-1770.18824879
-1605.21407109
-1527.61386953
-1623.48746012
-0.55041892
-1816.62565259
-1755.46837525
-4.22004531
-1729.01516158
-1648.95960507
-1754.09197423
-1734.41646600
-0.28738723
-1697.22021006
-1530.51521035
-1552.69154837
-1603.54002512
-1748.20658467
-1569.77336052
-1441.98557816
-129.97528748
-1695.04790528
-1754.48284219
-1600.12365452
-1497.81032136
-1822.90876267
-1703.90908077
-1653.82476491
-1573.59895100
-1520.48886076
-1616.67726316
-1579.19232857
-1632.77636207
-0.55818286
-1698.59328860
-1618.00966678
-1638.35619852
-1823.39236233
-1654.23537681
-1548.06432672
-1502.46409393
-1683.73885223
-1838.72980813
-1556.03965791
-1591.75993014
-1569.08018378
-1458.60803080
-1363.67441707
-1502.87637408
-1582.05895437
-1544.47386307
-1606.22595902
-1640.70247159
-1613.72662325
-1605.04737446
-1622.02680404
-1670.40549549
-1658.55757854
-1469.10611995
-1611.60636684
-1725.63585351
-1633.23379130
-1632.15984442
-1502.83386422
-1634.78335977
-1585.74304034
-1556.62348953
-1320.11520150
-1502.73348822
-1598.72826573
-1668.21995483
-1623.43879935
-1619.94110570
-1557.96374437
-1608.53796961
-1.50050529
-3.77239749
-1.59504184
-1436.74551159
-1414.81362500
-1453.89721644
-1506.22535536
-1485.61897466
-1572.60834039
-1595.05464898
-1868.13015672
-1613.40949532
-1474.29249450
-1565.40773134
-1429.15538321
-1637.00607956
-1.41236781
-0.19532078
-1433.40544040
-1518.48897000
-1631.42969235
-1729.21875318
-1482.95144550
-1579.33393707
-1483.38966680
-1705.46489460
-1356.52843664
-1487.02953593
-1826.44922204
-1.66680124
-1511.93442064
-1509.71830515
-1579.83820605
-1759.16210104
-1490.60749005
-1497.65211694
-1466.05639450
-0.04957346
-1656.27713433
-1741.19702683
-1414.45820026
-1836.36421601
-0.60351876
-1735.89310075
-1777.43421411
-1804.21100092
-1628.90836145
-0.92088436
-1511.63928738
-1480.42203285
-1317.99192941
-1432.24804194
-1520.91248016
-1478.79986356
-1.18102200
-1667.03551359
-1730.09978447
-1503.84317968
-1812.90458524
-1517.92437949
-1452.72482709
-1841.56784995
-0.17764213
-3.78226229
-1571.05523371
-1548.78981169
-1556.96122942
-1527.30639384
-1613.13254891
-1544.67044488
-1702.43094433
-1668.86076593
-1582.66227129
-1792.95209020
-1786.65974590
-1763.36937509
-1488.54980934
-1607.22781083
-1700.93532595
-1610.35701036
-1628.28466145
-1611.20683328
-1624.23442646
-1508.86927140
-1501.98469287
-1567.39898778
-1604.14087027
-1.34298002
-1766.68717909
-1497.66488615
-1474.51427980
-1594.43101345
-1580.63718408
-1594.07872485
-1.74628116
-1680.64476237
-1630.41942939
-1692.45889445
-1860.02679206
-1604.51610164
-1666.74019274
-1742.88081762
-1700.68894761
-1885.89121107
-1727.13810790
-1501.66763041
-1654.90573130
-1655.94713979
-1703.89511438
-1653.73111009
-1694.96538220
-1672.88791348
-1738.78605104
-1667.66471328
-1708.18153381
-1857.38719415
-0.13706884
-1842.25928350
-1827.13065955
-1833.94518868
-1800.18667797
-1802.89092792
-1638.97355407
-1688.38368093
-1670.17856514
-0.30205769
-1527.71573985
-1590.66508565
-1441.19133567
-1326.95899767
-1493.18059890
-1899.46507881
-1577.76969435
-1613.58727126
-1474.67031042
-1516.65385624
-1534.12011099
-1646.36631306
-1561.74010023
-1564.10265155
-1673.88741048
-0.50626297
-2.99706473
-1636.76200503
-1819.70370863
-1579.59441515
-1480.46813713
-1467.85822021
-1462.73281187
-1428.20772839
-1755.11236713
-1535.20571007
-1794.48435523
-0.15847180
-1.22731859
-1505.64670516
-1411.99839268
-1520.92894733
-0.61518440
-1486.46592349
-1492.40686728
-1532.90147520
-1458.91592863
-1538.50032478
-1521.98506536
-1327.76491442
