-1357.45671267
-1477.43249611
-1524.29779980
-1368.87272702
-1326.47936658
-1293.69455492
-1330.08684360
-1361.20931313
-1398.59369911
-1394.01515269
-1363.96972511
-1350.14899386
-1379.12115875
-1399.06969205
-1415.07480817
-1432.41880666
-1452.00033274
-1454.64062989
-1462.78426547
-1467.92301088
-1468.08959575
-1473.38093200
-1480.05083091
-1484.17798778
-1491.79949810
-1500.71912217
-1502.37384277
-1504.74349920
-1497.29119203
-1500.29284920
-1505.80024790
-1513.09007822
-1508.32726376
-1509.97045841
-1509.51571303
-1513.79329702
-1512.15803662
-1508.51901969
-1508.14928072
-1505.54212211
-1504.92866099
-1504.05621096
-1503.63032596
-1501.23726636
-1497.86937734
-1495.74944813
-1494.75094279
-1489.26495315
-1485.67019195
-1482.65954414
-1482.01185542
-1478.83439606
-1474.37075420
-1469.48538026
-1466.67171312
-1464.31600886
-1458.47849636
-1453.01189693
-1451.32389224
-1445.99784154
-1446.24765867
-1444.15360937
-1441.36053708
-1437.04962645
-1434.84614856
-1435.69840221
-1435.84073123
-1434.89040632
-1431.44018428
-1420.84945002
-1422.08943553
-1416.37115365
-1410.17379365
-1411.72146451
-1409.21607067
-1410.31876501
-1406.56140742
-1400.34083422
-1397.17015830
-1395.54314575
-1383.45925320
-1384.69786935
-1380.28256543
-1380.35114968
-1377.82930822
-1373.59162112
-1364.53705195
-1365.43124708
-1364.39460359
-1365.88053857
-1364.69735219
-1352.76581567
-1342.40596440
-1329.56877666
-1331.08144780
-1330.74630694
-1331.29881399
-1323.08346766
-1323.15402126
-1320.60971939
-1316.75536353
-1310.77061157
-1313.28848496
-1315.27000791
-1307.81142263
-1302.88267820
-1300.57852077
-1299.79141338
-1297.41686675
-1300.56182563
-1303.31520765
-1305.24237083
-1300.63332434
-1299.74781324
-1301.19495658
-1303.02039074
-1304.72933021
-1302.62038239
-1297.12079724
-1291.64767119
-1288.06002408
-1286.28517076
-1275.88418546
-1268.57872221
-1267.77254404
-1267.20342351
-1260.04783356
-1254.22601847
-1245.49515477
-1246.88287786
-1246.66237689
-1237.27253443
-1234.91755623
-1232.76426400
-1232.15333110
-1223.09807179
-1224.41190160
-1225.03150652
-1225.40704504
-1227.29083605
-1229.20010225
-1230.04451387
-1230.74678390
-1231.37228277
-1231.03119770
-1228.27320382
-1230.06482073
-1227.11303310
-1228.22132366
-1225.06333322
-1223.79384016
-1224.24586218
-1225.16418981
-1218.87601080
-1220.24356600
-1221.09354389
-1222.47166327
-1216.28748214
-1216.82692848
-1217.70117247
-1216.00762646
-1215.69789615
-1217.30457205
-1219.72593991
-1219.74668092
-1221.70126528
-1223.36208246
-1224.93172618
-1226.80237013
-1226.66165801
-1228.31185866
-1230.62373844
-1229.47808536
-1229.22001405
-1231.58386414
-1230.55168089
-1232.09053204
-1232.94948701
-1234.11731857
-1234.58293678
-1236.79284465
-1237.70851086
-1238.90814228
-1238.56064260
-1239.87505731
-1241.17583327
-1242.88658913
-1244.90530921
-1246.04338255
-1247.51259025
-1246.39273174
-1247.85453785
-1246.97214267
-1246.74008583
-1245.73121584
-1245.01818701
-1244.40892784
-1245.72313197
-1247.19421791
-1247.86082210
-1249.25684957
-1249.79561494
-1249.55056508
-1251.24648101
-1251.11857565
-1252.51726346
-1253.68096606
-1252.19825328
-1253.56673954
-1252.47965370
-1253.65693868
-1253.98123961
-1255.31363423
-1256.26538995
-1255.10758322
-1254.50458115
-1255.71387016
-1256.94648434
-1258.08420198
-1258.50297048
-1259.90053494
-1261.08146882
-1260.10173225
-1261.83165782
-1260.56762944
-1258.17767364
-1257.36766633
-1256.04321663
-1256.46031425
-1257.64699239
-1259.07366554
-1260.04305981
-1261.09610989
-1261.96705408
-1262.32451050
-1263.70815642
-1265.31984077
-1266.93262455
-1268.27858178
-1268.49623259
-1268.13450162
-1268.62079222
-1268.31205119
-1268.62740326
-1269.53572327
-1270.86555230
-1271.91561837
-1272.11322596
-1271.11037574
-1272.60004093
-1273.22642533
-1273.49994429
-1274.03703590
-1273.62680840
-1273.20835031
-1273.55532654
-1274.37884027
-1271.87369217
-1270.35479253
-1270.09034458
-1269.97789567
-1268.00161859
-1268.89698954
-1268.13659339
-1268.56613807
-1266.97261984
-1266.88825404
-1267.09394475
-1265.34062425
-1265.21392115
-1263.81785878
-1264.76926976
-1263.46703281
-1263.00603467
-1261.25881667
-1260.19610675
-1261.02608992
-1258.37866493
-1257.95170793
-1256.83491531
-1256.67169596
-1253.52905314
-1251.23710474
-1250.86087583
-1251.11404067
-1249.25931907
-1248.66281048
-1247.25442041
-1245.45226499
-1243.22524262
-1241.80657169
-1241.07855319
-1240.69645156
-1239.82798743
-1238.67403799
-1238.63319307
-1238.69700101
-1237.24423437
-1235.88186484
-1235.65197531
-1234.50280210
-1234.40107506
-1234.31566281
-1234.11044028
-1233.53925794
-1232.79627181
-1232.15415947
-1230.92032216
-1230.36488804
-1229.86958330
-1229.33978169
-1228.48341127
-1226.95511179
-1226.78505868
-1225.95285528
-1225.80247191
-1225.00993724
-1223.60365908
-1223.23934365
-1222.92852378
-1222.57023806
-1222.09319859
-1221.33602537
-1220.60447230
-1220.19935588
-1219.14305349
-1218.41387931
-1218.09265709
-1218.13306149
-1217.98709040
-1218.09979673
-1217.94494525
-1217.56851493
-1217.00816983
-1217.11512582
-1216.57137084
-1215.91199331
-1214.89850841
-1213.58934895
-1212.92433583
-1212.08621738
-1211.38282466
-1210.73831888
-1209.85292283
-1208.88699430
-1208.17047073
-1207.28026236
-1206.26209566
-1205.35520375
-1204.64676074
-1203.74717578
-1202.96570686
-1202.07912940
-1200.86014682
-1199.60494688
-1198.03004054
-1197.19192474
-1196.66591859
-1196.08457812
-1196.07122492
-1195.93068104
-1196.00724310
-1195.83637254
-1194.65511988
-1193.15569011
-1191.51979380
-1189.71591097
-1188.22675003
-1186.75133539
-1185.70351298
-1183.24612386
-1181.49314791
-1179.74292294
-1177.66142637
-1175.23641600
-1172.47306156
-1170.39639123
-1169.37761696
-1167.32533173
-1165.28213466
-1164.74669688
-1164.43549911
-1163.41226664
-1161.04241809
-1158.07032554
-1156.41839065
-1153.77867799
-1151.75683222
-1150.28125671
-1149.68099117
-1147.06950412
-1145.12369480
-1142.53493697
-1140.60862719
-1139.77874768
-1139.58528342
-1139.30214089
-1138.73976710
-1138.15119768
-1136.91606078
-1134.70623897
-1132.20514241
-1129.70743174
-1127.22426373
-1125.71038074
-1123.89342654
-1122.36439505
-1119.61895689
-1117.18913151
-1115.05050035
-1112.63125151
-1110.85793246
-1108.47355451
-1106.08444800
-1103.72838308
-1101.35383600
-1099.01783586
-1097.01507360
-1096.09840276
-1093.77713349
-1093.87895722
-1093.68559854
-1093.19832064
-1091.20363816
-1089.48655064
-1087.48471706
-1085.24204231
-1083.28497020
-1081.03802416
-1079.09822143
-1076.60472974
-1074.40278837
-1072.20655229
-1070.58107241
-1068.69215704
-1066.82434702
-1065.15112538
-1063.58380109
-1061.16167688
-1059.54284727
-1057.43117709
-1055.31493156
-1054.04898628
-1051.67998373
-1051.84021738
-1051.76881950
-1049.97430219
-1047.63099722
-1046.11943751
-1044.06493070
-1042.03335938
-1040.62192341
-1038.86664855
-1036.88696394
-1036.95541196
-1036.62486968
-1035.15536151
-1033.16485695
-1031.45805162
-1029.48913397
-1027.79224257
-1026.06560997
-1024.12331456
-1022.18147744
-1020.80050068
-1018.86288370
-1016.95594108
-1015.32940876
-1014.07151235
-1012.18357856
-1010.57532339
-1009.23310286
-1007.37188168
-1005.52039523
-1003.40770245
-1001.84345178
-1000.01021013
-998.18010033
-996.36638168
-994.53776011
-992.95832433
-991.16134857
-989.37694137
-987.57843261
-986.03794736
-984.01049854
-982.46470926
-980.95069207
-979.18400926
-977.43039846
-975.93219355
-975.25061012
-974.28294161
-972.56964739
-971.08596203
-969.61111173
-967.91503185
-966.43790482
-964.75263303
-963.07674509
-961.66002278
-959.99665267
-958.32408938
-956.68021367
-955.52701103
-954.61446667
-953.48336160
-951.85102032
-950.23040446
-948.62745912
-947.02361765
-945.41227989
-943.57156743
-941.96971833
-940.38066260
-939.03632365
-937.69702166
-936.12094774
-934.55873238
-932.98595841
-931.67656014
-930.13475170
-928.60333718
-928.51123715
-928.47757733
-928.43516535
-927.40005580
-925.87502445
-925.09333181
-923.58312058
-922.79555483
-921.54222844
-920.52018927
-919.46783206
-918.91160675
-917.43014130
-916.47001748
-915.01000156
-913.77269660
-912.53561343
-911.06002684
-910.05564455
-908.83978305
-907.39645361
-905.96705913
-904.53159608
-903.55197649
-902.35462654
-900.94576367
-899.51880210
-898.46552368
-897.27429146
-895.87186866
-894.67850902
-893.28083241
-892.12584122
-890.93518379
-889.55177381
-888.39469792
-887.02469588
-885.66398236
-884.08981550
-882.73463042
-881.60130757
-880.26062819
-878.71468493
-877.40013087
-876.26544590
-874.72746372
-873.19388597
-871.88416008
-870.78605450
-869.67903538
-868.38428148
-867.29012339
-866.21087335
-864.93612064
-863.86863886
-862.58709626
-861.32509616
-860.26084100
-859.17758034
-858.11434079
-856.86546713
-855.61390144
-854.73674832
-853.49181599
-852.26242811
-851.23755862
-850.64778298
-849.40573301
-848.16746185
-847.14603948
-845.91860046
-844.90317566
-843.86392721
-843.00155726
-841.78728223
-840.57299767
-840.22688058
-840.18201352
-839.94711493
-838.96980988
-838.20262176
-837.02447522
-836.48322075
-835.89617494
-834.72722065
-833.74731164
-832.57780923
-832.22714480
-831.27254601
-830.10777950
-828.95380105
-827.80640783
-826.46358175
-825.55139964
-824.63789463
-823.69670592
-822.57078034
-822.03973994
-821.11994687
-820.37403416
-819.67431679
-818.57233993
-817.46484170
-816.35502924
-815.69765680
-814.58534250
-813.29380263
-812.88199263
-811.59673116
-810.68284284
-809.77674733
-808.50385810
-807.62822351
-808.92348040
-808.04624327
-807.17296360
-806.73490254
-805.66925434
-805.20646025
-804.14626313
-803.07962321
-802.01539681
-800.77809118
-801.19530256
-799.95945966
-798.91886978
-797.88887801
-796.84041559
-796.62350063
-795.59828453
-796.08312660
-796.74757951
-796.85106850
-797.39940824
-797.54828998
-798.59688824
-798.13193276
-797.49528700
-796.64799410
-795.63339417
-794.61752449
-793.78631452
-794.82350785
-793.80910954
-792.98051914
-792.14204590
-791.14091480
-790.30530632
-789.70893216
-788.72059402
-787.89728449
-787.10080708
-786.11263397
-784.95236624
-784.13321035
-783.16324300
-782.37480224
-781.95067929
-783.18669602
-782.20907019
-781.06711787
-780.11106326
-779.15162203
-778.37161749
-777.63042356
-776.84252048
-776.07587441
-775.11831594
-774.16927205
-773.05508925
-773.43395760
-772.32293802
-772.48664535
-772.48630155
-771.55304311
-771.68635080
-770.58545251
-770.72105313
-769.78880922
-770.30223066
-769.55183911
-768.63025404
-767.71336991
-766.80767952
-765.90601512
-765.32377336
-764.58834117
-763.68039674
-762.77757065
-762.06300711
-761.69073134
-761.51526077
-761.32743529
-760.26859101
-759.54223427
-758.65397773
-757.95294908
-757.21360499
-756.49838254
-755.45352339
-754.58850978
-754.06520393
-753.19036902
-752.65735511
-751.80139904
-750.93518744
-750.55542813
-749.70311682
-749.01632409
-748.14980893
-747.29244593
-746.59894620
-745.74898434
-744.89409691
-744.20598776
-743.19943408
-742.52244242
-741.83446433
-741.16632783
-740.33526228
-739.67519706
-738.68291278
-738.02875613
-737.20735346
-736.55055486
-736.28500421
-736.29067565
-735.62639365
-734.81217965
-734.00731652
-733.19998069
-732.52899944
-731.86080908
-731.21319154
-730.41527245
-729.61126795
-728.81776206
-728.01601251
-727.06074815
-726.27402362
-725.65202980
-725.13554150
-724.18939316
-723.39742810
-722.60840588
-721.96626667
-721.33429198
-720.55375558
-720.07542203
-719.43584873
-718.50987995
-717.74120599
-717.11707743
-716.34891258
-715.58435193
-714.83067485
-714.07838501
-713.32431236
-712.55719942
-711.80525917
-711.06093815
-710.32018182
-709.57745785
-708.97064022
-708.22973077
-707.48487812
-706.74016642
-706.00757971
-705.40603005
-704.81712844
-704.08818470
-703.20329134
-702.46682727
-701.74204968
-701.02248032
-700.44272733
-699.85408855
-699.26469979
-698.67541434
-697.96435230
-697.71514336
-696.99420861
-696.42161699
-695.84151615
-694.98113588
-695.04296231
-694.63632856
-694.37786994
-693.66234017
-692.95321980
-692.53691440
-691.83448332
-691.28212135
-690.83718562
-690.14203659
-689.30098406
-688.46160947
-687.77606267
-686.93942384
-686.43687585
-685.74529851
-685.06596782
-684.37650374
-683.69474182
-683.02246729
-682.34134310
-681.67373774
-681.00192172
-680.58138770
-680.04815807
-679.37366244
-678.85526389
-678.18553650
-677.75774012
-677.10045807
-676.44708593
-675.79241539
-675.13995180
-674.47933304
-674.08333554
-673.56978018
-672.91849939
-672.27336466
-671.62834471
-671.12038632
-670.46727726
-669.82040940
-669.30657629
-668.93930106
-668.42961782
-667.78011335
-667.13825321
-666.50318725
-665.87088705
-665.22929422
-664.60032664
-664.24684471
-663.75050102
-663.26293029
-662.63412045
-662.01295034
-661.64540688
-661.15431760
-660.53573126
-659.91675126
-659.42977548
-658.81704595
-658.47082504
-658.19048281
-657.43744447
-656.82569064
-656.34875213
-655.86883861
-655.25283813
-654.95800134
-654.64586933
-654.21801557
-653.60827217
-653.14728084
-652.55089841
-651.94910778
-651.47150985
-650.86984217
-650.26589396
-649.79530451
-649.20463531
-648.61402578
-648.28934347
-647.82369464
-647.37620563
-646.91860495
-646.19751717
-645.98665831
-645.67645121
-645.09468513
-644.82045944
-644.23795669
-643.80211975
-643.22181051
-642.63498000
-642.05251155
-641.59627259
-641.15122884
-640.70117061
-640.13529659
-639.69017864
-639.12194786
-638.69320621
-638.24782159
-637.68346707
-637.12187398
-636.56057159
-636.00152181
-635.56749981
-635.12522478
-634.56180204
-633.99821762
-633.63066975
-632.94415282
-632.53691678
-632.09828209
-631.54836067
-631.13532374
-630.58897718
-630.16890899
-629.74474731
-629.19282056
-628.51703359
-628.09369633
-627.42130753
-626.88595157
-626.59235702
-626.05597047
-625.38816002
-624.84592033
-624.31150951
-624.01283986
-623.35015403
-622.92331186
-622.39197630
-621.86799296
-621.34142860
-620.92640912
-620.40218652
-620.12562166
-619.81750789
-619.52915398
-619.34648887
-618.82638509
-618.29953230
-617.77616302
-617.25359390
-616.85572274
-616.21139872
-615.68651691
-615.17536320
-614.65817691
-614.26320083
-613.86742420
-613.35874317
-612.85282970
-612.34830032
-612.06754005
-611.56134354
-611.05784406
-610.54715676
-610.16631104
-609.77704229
-609.27864803
-608.77442583
-608.14999464
-607.64801415
-607.14713394
-606.78045843
-606.27851837
-605.78034568
-605.39818372
-604.90206257
-604.64084397
-604.15212528
-603.93093694
-603.43571596
-603.73119299
-603.63059373
-603.14610949
-602.66044416
-602.17511063
-601.93196578
-601.44634601
-600.96743914
-600.47995140
-600.00244050
-599.51855975
-599.15906521
-598.68422197
-598.20275374
-597.60482463
-597.13082417
-596.65941852
-596.06483954
-595.47710517
-595.00340926
-594.41208075
-594.05106132
-593.46177370
-592.99448760
-592.40782530
-592.06293476
-591.60312803
-591.13801952
-591.31920857
-591.73538387
-591.74277555
-591.27337223
-590.80755764
-590.34345764
-589.88500366
-589.30932310
-588.73377391
-588.28004851
-587.81732672
-587.48205191
-587.02907184
-586.57701362
-586.12759665
-585.67836649
-585.10988571
-584.65598417
-584.21455356
-583.76175916
-583.52102078
-583.07662616
-582.85781588
-582.41762083
-581.97106637
-581.53010257
-581.08113725
-580.64192202
-580.20467328
-579.75877272
-579.31705466
-578.98357125
-578.55089663
-578.21827085
-577.89167625
-577.45954413
-577.02815430
-576.59598575
-576.40064708
-576.08614286
-575.64748766
-575.22027087
-574.89361852
-574.46221331
-574.17279725
-573.74330481
-573.42449694
-573.18364577
-572.88858088
-572.46804297
-572.04318970
-571.62422428
-571.20444481
-570.77497828
-570.35895819
-569.94231234
-569.51722948
-568.98616171
-568.57000893
-568.15377319
-567.73674195
-567.32153363
-567.15869741
-566.74592465
-566.22026306
-565.81031995
-565.28777971
-564.87983200
-564.47394379
-564.06006884
-563.75257106
-563.34783592
-562.93949316
-562.52624023
-562.11960868
-561.87536962
-561.68363707
-561.28414962
-560.88182997
-560.47270226
-560.26681426
-559.86361660
-559.46005680
-559.27867118
-558.88103580
-558.68464959
-558.17794233
-557.78113618
-557.38166685
-556.99036303
-556.59688927
-556.19929560
-556.03147666
-555.74827432
-555.47046642
-555.08335559
-554.58336936
-554.29412141
-554.01972432
-553.84551388
-553.45583436
-553.06327462
-552.67618701
-552.40462093
-552.13017846
-551.85925742
-551.58110309
-551.30927423
-551.02081454
-550.64074872
-550.36719898
-550.18756975
-549.80566882
-549.31913930
-549.14430516
-548.86539858
-548.49400526
-548.22651009
-547.74257113
-547.48212002
-547.11143282
-546.74266886
-546.37306783
-546.11206509
-545.74015637
-545.60480689
-545.36967905
-545.10337106
-544.73310635
-544.57648975
-544.31846501
-544.04817260
-543.68127180
-543.41529005
-542.94251789
-542.57209625
-542.10033510
-541.83975498
-541.58097106
-541.21347877
-540.95481607
-540.70244852
-540.54387261
-540.28327196
-539.92277890
-539.76170748
-539.40466467
-539.14221016
-538.98306095
-538.62313195
-538.16058545
-537.69894698
-537.34327171
-537.18546428
-536.83247888
-536.47986586
-536.02137472
-535.87831680
-535.74238891
-535.39250032
-535.04373311
-534.58847963
-534.33555627
-534.08140970
-533.62874449
-533.37588441
-533.24399518
-533.18519400
-532.73566142
-532.39127808
-531.94401739
-531.60007702
-531.25581113
-530.80895470
-530.36222876
-530.22488576
-530.34576678
-529.90211614
-529.55650482
-529.21860373
-528.77587478
-528.43939834
-528.10169612
-527.75898125
-527.41734977
-527.08504772
-526.64686089
-526.40983383
-526.07224342
-525.63501564
-525.30108043
-524.96944867
-524.63591927
-524.30583947
-523.97184100
-523.73201843
-523.40406750
-523.07423422
-522.74573569
-522.41580098
-521.98656063
-521.65821968
-521.32528603
-521.17823573
-520.84668646
-520.41945501
-520.19198304
-520.06144911
-519.73720869
-519.50145284
-519.17952101
-518.85232290
-518.42975963
-518.20077834
-517.98515683
-517.66044355
-517.34280966
-517.02678268
-516.70275864
-516.38002847
-516.06227467
-515.96267519
-515.87727058
-515.56216926
-515.24849875
-515.13363261
-514.82029040
-514.40623053
-514.31726543
-514.10132259
-513.78954908
-513.47234876
-513.15398334
-512.93606787
-512.72141731
-512.40597683
-512.09619732
-511.88843568
-511.86188786
-511.64633135
-511.43139148
-511.60915286
-511.20332880
-510.89226587
-511.06546338
-510.65984665
-510.35011771
-510.15084111
-509.93519602
-509.62865258
-509.41431636
-509.21250022
-509.21253102
-509.00136577
-508.69531524
-508.59315167
-508.29357447
-508.38215292
-508.07250689
-508.05156566
-507.74901324
-507.74491348
-507.52965433
-507.23000537
-507.79354628
-507.49188401
-507.18925960
-506.98561484
-506.69107895
-506.48103130
-506.46720651
-506.55023814
-506.52700376
-506.32591728
-505.93291114
-506.21700142
-505.82483131
-505.43310876
-505.23123771
-505.25292978
-504.96136981
-504.85846468
-505.15320273
-504.85894355
-504.65609744
-504.46912478
-504.17439706
-503.78804203
-503.49765994
-503.11139082
-502.82248737
-502.53314620
-502.44361997
-502.24971889
-501.95654517
-501.67025939
-501.48472173
-501.19572639
-501.95884062
-501.67344525
-501.29188951
-500.91088583
-501.66282439
-502.36241290
-502.07777296
-501.69768770
-501.79420304
-502.58234854
-502.29113500
-503.04150594
-503.70609412
-504.41779599
-504.13056952
-503.84233727
-504.55041839
-504.26658338
-505.03465737
-504.74898922
-504.37039739
-504.17756552
-503.98337376
-503.60597202
-503.32062414
-503.03814251
-503.73376770
-503.44773592
-503.16374238
-503.97954131
-504.72587122
-504.44541561
-505.20918206
-504.83373146
-505.52088762
-505.23898312
-506.04796711
-505.76462953
-505.98213610
-505.69965815
-505.41208281
-505.03858158
-504.66570330
-505.39286398
-505.11185707
-504.82730306
-504.54550211
-505.20166791
-505.85804403
-505.67120623
-505.38945724
-506.13251766
-505.85338420
-506.49385480
-506.12329121
-505.93580349
-505.94793153
-506.66735474
-507.05175159
-507.69810810
-507.51109928
-507.23047972
-506.95264307
-506.67421761
-506.30739206
-506.03046694
-505.75178681
-505.47491438
-506.20389223
-505.92902210
-505.56371636
-505.39728120
-505.12619760
-504.84643324
-504.66594266
-504.39110542
-504.02795959
-504.57210790
-504.38681878
-504.11266970
-503.83583066
-503.55829573
-503.46809681
-503.19566705
-502.83532777
-502.76125847
-502.40253337
-503.23189956
-503.88093263
-503.80490046
-503.53436262
-503.44403746
-504.20993618
-503.94106603
-503.86400995
-503.59510315
-503.41487552
-503.14790824
-503.25730727
-503.07576531
-502.71970759
-502.53826319
-502.26891260
-502.59326536
-502.50310947
-502.23735110
-501.97122123
-501.70701108
-501.43909918
-501.08635742
-500.73444349
-501.37412412
-501.97284267
-501.70909894
-501.44369445
-502.07337101
-502.67740977
-502.32730555
-502.49547438
-502.31817961
-502.05391638
-501.70385984
-501.52111212
-502.30888278
-503.06409714
-503.76634559
-504.48775692
-504.13718488
-504.87255488
-504.69349164
-504.34413989
-505.05482841
-505.73388574
-506.31482387
-506.85451674
-506.50443962
-507.06919465
-507.70556594
-508.39043051
-508.89006585
-509.54955110
-509.28490145
-509.92512629
-509.65913534
-510.27027404
-510.89475774
-510.63117357
-511.23186396
-511.82535325
-512.45825795
-513.07461957
-512.80803161
-513.39221022
-513.12803768
-513.74946307
-514.40722368
-515.01121780
-515.58835730
-515.32005474
-515.92647009
-515.65566060
-516.24879119
-515.89868029
-516.50443896
-517.15350854
-517.74224260
-518.38880410
-518.99845276
-518.81802803
-518.47015109
-519.10872427
-518.84349928
-519.44631641
-520.03302130
-519.68313967
-519.33401680
-519.96276127
-519.69926484
-520.32225477
-520.95271072
-521.59702808
-521.24793424
-521.82430320
-522.46706243
-523.01454423
-523.63355042
-524.25892723
-524.87410660
-525.41951168
-525.15266364
-525.70212044
-526.21537109
-526.36878873
-526.93734039
-526.66977439
-527.28703280
-527.86109643
-528.49102184
-528.22452980
-528.85374636
-528.58355366
-529.14012077
-529.75943073
-529.40981300
-529.96904536
-530.60030783
-531.25291383
-531.63608288
-532.30996821
-532.96671913
-533.32505935
-533.89852048
-534.34444921
-534.69364884
-535.37922427
-536.02694509
-535.75630330
-536.38422357
-536.03375561
-536.72720397
-537.41613876
-537.14502522
-536.87565704
-536.60314896
-537.14514053
-537.77661309
-538.21427561
-537.94290913
-538.64585805
-538.29683790
-538.82637177
-538.47795237
-539.04781083
-539.65722487
-540.07887960
-540.62069568
-541.24927273
-540.90054766
-541.40776349
-542.02197423
-541.67274079
-542.28456558
-542.89585618
-543.52782081
-544.14950216
-544.81881428
-544.46943854
-544.19727791
-544.92547818
-545.71148578
-546.42243788
-547.02620212
-547.78453688
-548.49931842
-549.16045371
-549.70191742
-550.45503776
-551.13030631
-550.77955270
-551.45512225
-551.97800108
-552.61305680
-553.23749532
-553.90822725
-554.54951870
-555.13919669
-555.67510728
-556.35584347
-556.96261900
-557.61190369
-558.27377348
-558.81007497
-559.40249137
-559.93920552
-559.66105203
-560.23645850
-559.96144273
-560.55770722
-561.18356084
-561.81550436
-562.12966031
-562.74345897
-563.33539040
-563.98253755
-564.66270576
-564.38852504
-565.00778086
-565.59551203
-566.16966495
-566.74459763
-567.32188972
-567.04320800
-567.58910019
-567.31153376
-567.89368551
-568.48186828
-569.10584532
-569.77875042
-570.36470888
-570.95438045
-571.55422711
-572.12241339
-571.84486125
-572.43367463
-573.02527917
-573.60321320
-574.14339530
-573.86613601
-574.50124354
-575.12389374
-574.84435439
-575.51055567
-575.23013657
-575.88418787
-575.60397427
-576.19364197
-576.91469037
-577.60583058
-578.16776712
-578.71580345
-579.27191053
-578.98954220
-578.70772541
-578.35408934
-578.07542787
-577.72231640
-578.45947363
-578.17930024
-578.86090116
-579.53460051
-580.19199400
-580.83001223
-581.51797725
-582.23517202
-581.88154545
-582.60050027
-582.31799093
-583.02942168
-582.67640809
-583.38341312
-584.11697495
-584.89150271
-585.62259438
-585.34029259
-586.09865722
-585.74515642
-586.52857468
-587.24422630
-587.90427947
-588.66109157
-588.38098402
-589.12749859
-588.84816044
-589.41290249
-590.11487620
-589.83916121
-590.52238145
-591.15909465
-591.81281696
-592.43311152
-593.01007753
-593.61322398
-593.25870334
-593.82148188
-594.35155367
-594.82118305
-595.36284645
-595.08076471
-595.66193483
-595.30805808
-595.02782998
-595.64606565
-596.25339472
-595.97022738
-596.51426663
-596.98797049
-597.41160904
-597.91223771
-597.91651396
-597.56333941
-598.10059588
-598.59473194
-599.10718859
-599.62969789
-599.27622045
-598.99529577
-599.46152537
-599.91659214
-600.40093597
-600.87893953
-601.39963949
-601.94559198
-601.66060412
-602.20387598
-601.92195650
-602.48758262
-602.98376352
-602.69891909
-603.17668434
-603.64382896
-604.18484107
-604.72274607
-605.22713480
-605.75955304
-606.35626287
-606.89339347
-607.43830428
-607.08520238
-606.80496539
-606.52121165
-606.16901625
-606.72779131
-607.24625409
-606.96602138
-607.47555039
-608.01329105
-607.73199613
-607.45118183
-608.02066287
-608.55573646
-608.20478832
-607.85472311
-608.41971291
-608.13972437
-608.70059348
-609.26305418
-609.75795468
-610.29934846
-609.94867530
-610.46580636
-610.98080356
-611.46684342
-611.18595136
-611.72061485
-611.43941467
-611.95687046
-612.41138314
-613.02901337
-613.63922197
-614.25247522
-614.92042409
-614.56973917
-615.28634331
-614.93588122
-615.56956283
-616.26365073
-616.97000357
-617.60253022
-618.19700623
-618.87917794
-619.35360629
-619.78253944
-620.39990885
-620.98520519
-621.63077235
-622.25230482
-622.89849256
-623.47370077
-624.05702721
-624.56913201
-625.12762393
-625.64973253
-626.20606326
-626.72863475
-627.24919125
-626.89633424
-627.54444154
-628.03323281
-628.60444309
-629.18538391
-629.76084533
-630.39801636
-630.84301030
-631.37510616
-631.89663659
-632.43280933
-632.85732000
-632.50364211
-633.00594854
-633.41747082
-633.89843705
-634.38213288
-634.85981418
-634.50620455
-634.88022096
-635.35336590
-635.82456908
-636.22205964
-636.58511502
-636.23237678
-636.63929106
-637.08154424
-637.56242040
-638.01160562
-638.49618531
-638.98608262
-639.55257168
-639.94014630
-640.42034931
-640.91907149
-641.40923812
-641.87572128
-642.33572469
-642.77473634
-643.25998610
-643.72730319
-644.17973823
-644.66309099
-645.14663939
-645.65227753
-646.06018176
-646.51420192
-646.97521579
-647.45393365
-647.92086824
-648.33852638
-648.79855873
-649.25883622
-648.90440609
-649.40536405
-649.90408021
-650.47312000
-651.06875893
-651.64801762
-652.09695367
-652.58271290
-652.22777545
-652.74828359
-653.22975365
-653.70084547
-654.13758273
-654.60077971
-655.06414830
-655.57353318
-656.04222819
-656.46898447
-656.93999601
-657.40634335
-657.80960656
-658.25387185
-658.70624384
-659.11495668
-659.56136075
-660.00067232
-660.45754087
-660.89437644
-661.33952841
-660.98392294
-661.42101786
-661.88271727
-662.33890377
-662.79355423
-663.32901725
-663.84263461
-663.48841473
-663.96752994
-664.40590849
-664.83688612
-665.27375491
-665.67920419
-666.16268772
-666.56729230
-666.97116266
-667.41164498
-667.81408967
-667.45838167
-667.10342523
-667.51557194
-667.90297554
-667.54830027
-667.97258592
-668.34835667
-667.99362679
-668.41523755
-668.06086184
-668.50916727
-668.94049279
-668.58649586
-668.99583524
-669.42855920
-669.85970849
-670.25913628
-670.67006908
-671.03272607
-671.27570240
-671.70916706
-672.15658893
-672.60245718
-673.00401998
-673.45156623
-673.84013929
-674.26883960
-674.74450335
-675.07126117
-675.52050622
-676.03318282
-676.50526656
-677.03672747
-676.68230868
-677.09464230
-677.50290316
-677.93041555
-677.57688771
-677.97970768
-678.42381954
-678.07008429
-678.53639317
-679.01092263
-679.45018663
-679.85753007
-680.29922293
-680.76117584
-681.22171408
-681.61088684
-682.05950218
-682.50255308
-682.14898124
-682.64404413
-683.12692204
-683.63767665
-684.14592700
-684.70143250
-685.22564253
-685.73679799
-686.17904931
-686.59721429
-687.00811897
-687.43572881
-687.08150539
-687.50631516
-687.96435405
-688.44725792
-688.90968192
-689.24983092
-689.71180080
-690.11920835
-690.48717572
-690.91281717
-691.30392869
-691.65521847
-692.06461638
-691.71070763
-692.18300246
-692.61478140
-693.09276916
-692.73890431
-692.38573699
-692.03242846
-691.67971540
-692.07464414
-692.41970673
-692.80067403
-693.20562677
-693.55173547
-693.95192717
-694.33011373
-694.74275765
-695.12561854
-695.52948036
-695.92034239
-696.30369160
-696.66294388
-697.07810150
-696.72518904
-697.13578835
-697.56033279
-697.98187632
-698.40240826
-698.76260652
-699.11662372
-699.51800203
-699.90137035
-700.25966508
-700.62152877
-701.01645856
-701.41089089
-701.81005025
-702.20950033
-702.62680580
-702.27413973
-702.66755316
-703.11805575
-703.56165406
-703.96219129
-704.44744513
-704.94273089
-705.39124307
-705.79633717
-706.19425118
-705.84271703
-706.23881477
-706.59638213
-706.99117155
-706.63876806
-707.02549391
-707.42715376
-707.84522841
-708.27887913
-708.68021102
-709.06148390
-709.45139237
-709.81279814
-710.21103320
-710.60758262
-711.02490162
-711.46772678
-711.91886728
-712.39129907
-712.04065503
-712.48225643
-712.13042986
-712.57914140
-713.03082248
-713.47743533
-714.03709639
-714.42804812
-714.80719114
-715.18778390
-715.57961651
-715.90814920
-716.28419860
-716.65998924
-717.06231889
-716.71074730
-717.17301130
-717.60818932
-718.01965282
-717.66852771
-718.08279334
-718.50455261
-718.85185847
-719.23276536
-718.88093852
-719.28920213
-719.69410034
-720.07045018
-720.44222650
-720.81756372
-721.18794903
-721.57276279
-722.00273014
-722.36485593
-722.74058668
-722.38909488
-722.03922044
-722.43190220
-722.82641569
-722.47545593
-722.84314868
-723.19083581
-723.55979325
-723.93106508
-724.28223571
-724.64870348
-725.03301441
-725.43822282
-725.89984389
-726.29136467
-726.69740290
-727.06725596
-727.43239212
-727.08157285
-727.44408619
-727.09357325
-727.46831556
-727.85591817
-727.50659371
-727.91657165
-728.28285679
-728.63715367
-728.97705181
-729.30709477
-729.67525379
-730.04183184
-730.40005686
-730.76406939
-731.11766706
-731.47853426
-731.76217712
-732.12774319
-732.48869339
-732.13888152
-732.48551595
-732.87120549
-733.28597142
-733.70215554
-734.15671012
-733.80714372
-734.31274337
-734.79209727
-735.22567040
-735.65883110
-736.04044777
-735.69093661
-736.04590865
-736.40346596
-736.76590855
-737.09673145
-736.74744857
-737.09365063
-736.74535872
-737.04674730
-736.69829465
-736.99375544
-737.31595445
-737.66377497
-737.99777493
-738.34342951
-738.70391383
-739.09531049
-739.44321868
-739.71534472
-740.06908591
-739.72108418
-740.02191004
-740.37193427
-740.72855028
-741.04273304
-741.37287966
-741.72322854
-742.09017891
-742.47618531
-742.81755706
-743.16690801
-743.51954573
-743.86761356
-744.20858858
-744.54870483
-744.95969332
-745.35043494
-745.69867426
-746.04694731
-746.42155003
-746.79587596
-747.17774198
-746.82995245
-746.48269168
-746.89130109
-747.28801837
-747.65784703
-748.02227961
-748.35797698
-748.75775309
-749.11209208
-749.41624407
-749.76738548
-750.10916640
-750.45375674
-750.82952069
-751.31753263
-751.83609065
-752.33631536
-752.85247642
-752.50507961
-752.99718848
-753.45762059
-753.96665357
-754.26796631
-754.60468786
-754.94873045
-754.60197720
-755.00842241
-755.47757338
-755.98790793
-756.47547856
-756.98643769
-757.48199316
-757.13521135
-757.61883778
-757.27173612
-757.66247333
-757.31574424
-757.65954688
-758.00691358
-758.35117615
-758.69370676
-758.34737756
-758.79578122
-759.16911520
-758.82281153
-759.17323619
-759.51025487
-759.81833261
-760.10808656
-760.43925387
-760.76437657
-761.10561488
-761.38427151
-761.71209591
-762.04193435
-762.34821988
-762.67132034
-762.98874157
-762.64280105
-763.00422124
-763.35708381
-763.71324174
-764.05559640
-764.37650254
-764.74490859
-765.12729098
-765.51176946
-765.89923157
-766.25172378
-766.64275889
-767.01222553
-767.33425573
-767.64420626
-767.97324269
-768.27272289
-767.92724946
-768.28543748
-768.59114443
-768.89962355
-769.19444274
-769.48472747
-769.80541451
-770.12420762
-769.77956630
-770.10737002
-770.42467292
-770.75335372
-771.07182724
-771.36830647
-771.71069049
-771.36613535
-771.67535729
-772.00516067
-772.32194839
-772.69984136
-773.04838299
-773.43780994
-773.79713390
-774.16326256
-774.48911167
-774.14457259
-774.46017481
-774.78471293
-775.08739078
-775.39252633
-775.04855727
-775.29347805
-775.61030480
-775.91527501
-775.57144789
-775.89507347
-776.18616580
-776.45937078
-776.76247018
-777.10553351
-777.34440936
-777.65703914
-777.97242404
-778.27098995
-778.55392742
-778.83543294
-779.23055877
-779.59925505
-780.05436636
-780.52724446
-780.87005360
-781.18451598
-781.49562769
-781.79484890
-782.08876827
-782.33273858
-782.63990912
-782.92703304
-783.20347506
-783.48955901
-783.77618925
-784.07481854
-784.37524847
-784.66190141
-784.31903211
-784.63613518
-784.92473635
-785.26443850
-785.51895412
-785.82952207
-786.11541174
-786.36835426
-786.65906287
-786.96362734
-787.24683847
-787.55350890
-787.85982591
-788.18280458
-788.49820734
-788.15554611
-788.46331088
-788.12103111
-788.42496266
-788.79274942
-789.10157573
-788.75974600
-789.07466698
-789.45841922
-789.83995076
-790.18566505
-790.48538143
-790.86161932
-791.18372191
-791.46638523
-791.87670977
-792.26260762
-792.59455048
-792.97370145
-793.38628046
-793.78100964
-794.12467007
-794.49431692
-794.86597647
-795.18108072
-795.49708907
-795.76111096
-796.19140443
-796.51213605
-796.17032645
-796.56155707
-796.91046722
-797.21346503
-797.45397529
-797.74511086
-798.08748795
-798.44015406
-798.76218829
-799.09457903
-799.38052889
-799.66562603
-799.96936843
-800.24688917
-800.56897044
-800.94393734
-801.24739315
-801.54948113
-801.89935613
-802.27351511
-802.63672975
-802.97442318
-803.31799821
-802.97712646
-803.26641599
-803.61747878
-803.94617391
-804.21930020
-804.51733673
-804.17701278
-803.83758551
-804.21227416
-804.52668029
-804.83718262
-805.18131207
-805.54518409
-805.93398432
-806.30296136
-806.58696529
-806.93124341
-807.20413489
-807.47821249
-807.75868018
-808.03941750
-808.32044253
-808.60294242
-808.85912575
-808.51888154
-808.81875956
-809.10557692
-809.36740638
-809.67214895
-809.93597078
-810.20354474
-809.86387774
-810.09230442
-810.35439132
-810.63048933
-810.94611501
-811.27132427
-811.55603346
-811.84743238
-812.13417470
-812.45021518
-812.79006326
-812.45145858
-812.78920868
-813.07916673
-812.74027316
-813.09631380
-813.45530495
-813.81497856
-814.09480545
-814.42091588
-814.08233427
-814.36609792
-814.67221564
-815.01507174
-815.31883588
-815.63779925
-815.99648434
-816.33120380
-815.99305867
-816.25270623
-816.53563516
-816.82838202
-817.19535999
-817.58711225
-817.99470465
-818.35748884
-818.63866659
-819.06057767
-819.31397785
-818.97605509
-818.63838530
-818.93391862
-819.24187444
-818.90508968
-819.33340369
-819.76959638
-820.17423923
-820.59098535
-821.03930386
-821.43499614
-821.79593746
-822.13195514
-821.79448423
-821.45736294
-821.85761528
-822.26804140
-822.61793814
-823.04422061
-822.70777287
-823.13189116
-823.50486492
-823.16851278
-822.83236598
-823.23275553
-823.60623574
-823.98755232
-824.33021842
-824.63538485
-824.96942427
-825.35229615
-825.73862703
-826.06612623
-826.38537117
-826.67124977
-826.92042976
-827.16789158
-827.42167009
-827.66840100
-827.33228167
-826.99671599
-827.24323062
-827.51653452
-827.81597115
-827.48056675
-827.80203843
-828.18062131
-828.55828268
-828.93004464
-829.30598076
-829.70810727
-830.06288326
-830.41053049
-830.07537976
-830.41933549
-830.70153303
-831.02254030
-831.32083728
-831.64117946
-831.93683905
-832.17406166
-832.44403155
-832.67245770
-832.94468445
-833.23643692
-833.51644877
-833.79193819
-834.04711401
-834.31262432
-834.58144411
-834.88467307
-835.18816810
-835.49267126
-835.75567666
-835.99558202
-836.26637768
-836.55734993
-836.84261208
-837.15094018
-836.81643527
-837.10986375
-837.37947748
-837.63654316
-837.92777229
-838.24667905
-838.61957716
-838.94347231
-839.26052290
-839.59545077
-839.92594844
-840.25129587
-840.53026595
-840.78776043
-841.05310627
-841.36584804
-841.66324219
-841.32940127
-841.67665704
-841.99420951
-841.66115685
-841.90298603
-842.10276169
-841.76930172
-841.43657971
-841.65588594
-841.87054413
-842.13733443
-842.36705496
-842.63386497
-842.86303030
-843.11282334
-843.48916340
-843.87474699
-843.54236590
-843.78121138
-844.03360276
-844.29713196
-844.49412976
-844.68578421
-844.92650737
-845.18948871
-845.44598866
-845.65714982
-845.32508897
-845.57698725
-845.24619183
-845.43531972
-845.68314469
-845.93244363
-846.22479200
-846.55701752
-846.89862517
-847.23216162
-847.49574535
-847.81692025
-848.05561500
-847.72438396
-848.05910093
-848.30794267
-847.97689516
-848.23869851
-848.50106246
-848.17087322
-848.42981493
-848.67814707
-848.93078977
-848.60069835
-848.83642737
-849.08352533
-849.22716447
-849.44383050
-849.70119165
-849.94726579
-850.20380355
-850.44546006
-850.68289393
-850.35360516
-850.64703986
-850.93709008
-851.15511192
-851.42831480
-851.69444393
-851.97786976
-852.25481810
-852.52058729
-852.19129739
-851.86229549
-851.53353727
-851.80312898
-852.01533143
-852.28938294
-852.54027750
-852.78624737
-853.03182616
-853.28040069
-853.52961282
-853.77796578
-854.02296547
-853.69560457
-853.96764208
-854.27369406
-853.99378063
-854.24062819
-854.47444480
-854.72143472
-854.97164952
-855.22463160
-855.43170933
-855.76511225
-856.00886184
-856.35396526
-856.59773486
-856.27019136
-856.56388363
-856.80809849
-857.08023338
-857.37009666
-857.64544974
-857.94858970
-858.26793781
-858.52917689
-858.82168423
-859.12468005
-859.40181512
-859.65096030
-859.83485923
-860.07708460
-860.31958251
-860.55791284
-860.76024244
-861.00222099
-860.67537503
-860.92762016
-861.13733318
-861.35497586
-861.58587932
-861.83046049
-862.07123708
-862.31439559
-862.54713561
-862.85337643
-862.52713398
-862.81651519
-863.01245019
-863.25326824
-863.49954618
-863.74350972
-863.98627861
-864.22457807
-864.45975229
-864.69224390
-864.36649380
-864.65837189
-865.01230181
-865.23067767
-865.45201176
-865.12700148
-865.39800972
-865.07302432
-865.39902210
-865.64694900
-865.89425638
-866.21499913
-866.53237413
-866.84102396
-867.12712460
-867.45191325
-867.78190709
-867.99470191
-868.32452719
-868.62521405
-868.93718625
-869.16164922
-869.49500711
-869.76403122
-870.07477331
-870.34561787
-870.51898770
-870.82192145
-870.49739522
-870.82292200
-871.01665579
-871.33779797
-871.66105695
-871.93108940
-872.17983907
-872.47507092
-872.74839566
-873.05697653
-873.32726067
-873.61125150
-873.88478206
-874.20260015
-874.53046454
-874.81608153
-875.10617571
-875.37051472
-875.63659021
-875.90842882
-876.20769340
-876.51313868
-876.80543507
-877.14498674
-876.82092155
-877.18613155
-877.52795711
-877.86005057
-878.08243609
-878.39670599
-878.68693978
-879.00480746
-879.37584368
-879.69692819
-880.05319650
-880.41205317
-880.76799186
-881.08816095
-881.33720113
-881.67195686
-881.34828509
-881.62232553
-881.90854512
-882.21735872
-882.52002523
-882.83422039
-883.21636925
-883.49343428
-883.16985556
-883.50809766
-883.18472918
-883.53071930
-883.85111839
-884.18869760
-884.50882008
-884.89443036
-885.22185226
-885.49884646
-885.39412416
-885.51954582
-885.74495489
-885.97434846
-886.26895653
-886.52927445
-886.76364834
-887.00263041
-887.24162154
-887.45729209
-887.73676888
-887.41413700
-887.63768607
-887.86098499
-888.08981378
-888.30868876
-888.52620468
-888.20409104
-888.41874157
-888.61628312
-888.83819900
-889.01388817
-889.22894981
-889.44618597
-889.12458527
-889.34801564
-889.56793291
-889.78177862
-889.97884129
-890.16793090
-890.39283871
-890.58878088
-890.80189531
-890.97138134
-890.65037490
-890.81672847
-891.00270755
-891.20713812
-891.43009790
-891.64564288
-891.86072740
-892.03281156
-892.25385129
-892.46267048
-892.67375247
-892.88709613
-893.06437018
-893.28043391
-893.51328610
-893.70112562
-893.91386258
-894.10082254
-894.31536786
-894.54593569
-894.22590196
-894.41761120
-894.63653625
-894.90664226
-895.12036569
-895.35329949
-895.65440232
-895.92565724
-896.16939148
-896.41528169
-896.09608186
-896.26355349
-896.50143594
-896.74631473
-896.99839549
-897.26596093
-897.46970876
-897.72209282
-897.97232711
-898.19889258
-898.42428461
-898.66863846
-898.89590985
-899.11042589
-899.32348557
-899.53520843
-899.78427538
-900.02422906
-900.23693045
-900.44582751
-900.67889057
-900.36009647
-900.59598584
-900.80145377
-901.03873010
-901.25158953
-901.42467779
-901.63149246
-901.82803280
-902.04683217
-902.26919879
-902.53172647
-902.77699920
-902.96751735
-903.19423579
-903.38627079
-903.59341437
-903.85890130
-904.12733134
-904.35109363
-904.57012832
-904.82489123
-905.04143964
-905.27229171
-905.51457170
-905.74996790
-905.98854568
-906.17844107
-906.38728576
-906.61822464
-906.30059471
-906.53047224
-906.78874022
-907.06064835
-907.34974468
-907.65641807
-907.94443077
-908.24652177
-908.53725675
-908.84926731
-909.17043563
-909.46273675
-909.77851118
-910.08720865
-910.42518983
-910.72150511
-910.40452277
-910.74098381
-910.95437377
-911.26590916
-911.55456328
-911.77981914
-912.09220071
-912.33621012
-912.56430439
-912.78413020
-912.99924572
-913.18770861
-913.45665075
-913.13982792
-913.43444827
-913.67970929
-913.86286433
-913.54688606
-913.79700696
-914.00290334
-914.18066143
-913.86453976
-914.05235090
-914.25094833
-914.45426521
-914.63988045
-914.83305588
-915.00269517
-915.23098710
-915.48231465
-915.70554885
-915.39017723
-915.64661650
-915.88009448
-916.11221142
-916.39173249
-916.62901034
-916.82311845
-917.06389512
-917.33393861
-917.60873106
-917.81354236
-918.06457921
-917.74955034
-918.01553398
-918.32809680
-918.65765189
-918.99334261
-919.23096775
-919.51466705
-919.84729551
-920.14849412
-920.44277320
-920.74343744
-920.99529837
-920.68052129
-920.88923111
-921.13740696
-920.82286555
-920.98904870
-920.67484338
-920.88024905
-921.07296909
-921.34041591
-921.66036321
-921.96791395
-922.24131046
-922.47812149
-922.69548922
-922.86916148
-923.15097898
-923.40891242
-923.69632669
-923.99204728
-924.28671441
-924.50853043
-924.73042320
-924.96983697
-925.23907211
-925.53934453
-925.82634967
-926.13007171
-926.35942827
-926.64335381
-926.94329962
-927.18286214
-927.49148591
-927.72011744
-928.02666089
-927.71334113
-928.01785967
-928.25435537
-928.49933668
-928.74016188
-928.98325136
-929.21549313
-929.49181483
-929.17871904
-928.86597534
-929.09614112
-929.34928267
-929.60783357
-929.85388850
-930.07574583
-929.76362567
-930.01898910
-930.22389925
-930.41654884
-930.70182681
-930.88670329
-931.13000929
-930.81797675
-931.03139243
-931.32448707
-931.01309752
-931.31558816
-931.63231208
-931.32050310
-931.60618388
-931.88849927
-932.17383657
-932.50753043
-932.82283812
-933.12694339
-933.29468890
-933.51324150
-933.74475978
-934.06872390
-934.37902719
-934.57559435
-934.76355518
-934.95867549
-935.14907193
-935.34845040
-935.54878272
-935.79276591
-936.07312833
-936.36031459
-936.60813223
-936.85576696
-937.11962155
-936.80876980
-937.06719955
-937.35221812
-937.63183637
-937.89098855
-938.13222858
-938.38799711
-938.62477404
-938.84387795
-939.07783536
-939.28447433
-939.59218533
-939.86737236
-940.13169543
-940.37402954
-940.57292140
-940.81032821
-940.49973777
-940.72165516
-940.96670369
-941.28681990
-941.57066760
-941.81094668
-942.01864186
-942.30883060
-942.59468370
-942.87023627
-943.14958383
-943.42908617
-943.68424842
-943.92172727
-944.14292530
-944.36175262
-944.57525348
-944.75568289
-944.94604687
-945.13002429
-945.36981288
-945.59476293
-945.88825799
-945.57832551
-945.87550462
-946.18914108
-946.37909217
-946.58929828
-946.77727830
-947.00643776
-946.69683405
-946.83540761
-947.00088146
-947.18016378
-947.35895341
-947.47589378
-947.67109455
-947.86884056
-948.06967766
-948.27845129
-948.52572690
-948.76794905
-948.95115455
-949.12790771
-949.31203534
-949.48370282
-949.66953113
-949.85605770
-949.54752061
-949.23902244
-949.39086388
-949.08274430
-949.22777215
-949.39841568
-949.61851022
-949.31053382
-949.60672666
-949.86602963
-950.07123162
-950.24813913
-950.42983216
-950.60305835
-950.84674488
-950.53920865
-950.71520126
-950.89213485
-951.09734379
-951.27228016
-950.96547955
-950.65865708
-950.84795792
-951.02601571
-951.21080989
-951.41885314
-951.63303039
-951.83357168
-952.04419012
-952.29420467
-952.45941546
-952.61282333
-952.78581735
-952.95660655
-953.10776334
-953.28521451
-953.44919913
-953.64115273
-953.83742222
-954.03381882
-954.23108023
-953.92500189
-953.61916465
-953.80261515
-953.97865341
-953.67303163
-953.84543219
-953.54008368
-953.23494753
-953.41119980
-953.59458011
-953.77000164
-953.93935156
-954.17960195
-954.45023284
-954.62042372
-954.80322630
-955.02540737
-955.28087012
-955.52634481
-955.74283367
-955.93556398
-956.10784260
-956.28225478
-956.50791499
-956.67457907
-956.84641275
-957.02927858
-957.25300666
-957.47969243
-957.75010609
-957.98901712
-958.28506410
-958.56216129
-958.25813203
-958.57079762
-958.26684779
-958.47523620
-958.74215138
-959.02755753
-959.27331993
-959.55698758
-959.80597565
-960.08191150
-960.23307762
-960.36794817
-960.59939685
-960.90391375
-961.17487584
-961.41405059
-961.61875331
-961.31523823
-961.55191169
-961.71512775
-961.89540115
-962.05391237
-962.17407480
-962.37188932
-962.65096275
-962.34837479
-962.61364926
-962.84274061
-963.06878304
-962.76613770
-963.04277033
-963.25834969
-963.45225703
-963.65945302
-963.87063173
-964.05389557
-964.24003385
-964.40374762
-964.59760906
-964.79351729
-965.03740256
-965.27355248
-965.50491842
-965.68680354
-965.88054177
-965.57843150
-965.75188950
-965.91735008
-966.06439873
-966.19986259
-966.34948477
-966.47476316
-966.61883619
-966.77343044
-966.93409162
-967.11170461
-967.31930118
-967.01775618
-967.18364110
-967.34303157
-967.45109469
-967.14985337
-967.34629191
-967.55031949
-967.69461550
-967.83805865
-968.01106082
-968.26451090
-967.96364386
-968.21634719
-968.43894861
-968.68539625
-968.90943571
-969.14096015
-968.84050080
-969.03710268
-968.73704474
-968.91894110
-969.08940810
-969.25868455
-969.40219680
-969.55322590
-969.73074957
-969.89059752
-970.06137718
-970.23322859
-970.42470830
-970.59355660
-970.77098044
-970.92897463
-971.09009326
-971.21507653
-971.37743473
-971.56249125
-971.72735541
-971.89461584
-972.07303637
-972.23072344
-972.43207538
-972.64727478
-972.85446424
-973.06179396
-972.76269538
-972.46400381
-972.63137521
-972.81502285
-972.51640985
-972.65793433
-972.86404763
-973.02765508
-973.18767378
-973.34955649
-973.49123224
-973.19310084
-973.34803567
-973.50953342
-973.63457488
-973.79754684
-973.95012225
-973.65226153
-973.80117315
-973.96567420
-974.12628307
-974.28722568
-973.98972444
-974.14124879
-974.30455049
-974.47737266
-974.64109727
-974.75427538
-974.90881416
-975.05182620
-975.19383000
-975.32161310
-975.48305829
-975.64219282
-975.78868575
-975.95293700
-976.14531788
-975.84858599
-976.05627221
-976.22151416
-975.92536245
-976.08427424
-976.24189128
-976.38533678
-976.52249112
-976.69215893
-976.86989388
-977.03760233
-977.20073961
-977.35276262
-977.47786780
-977.64285223
-977.83812197
-978.02674895
-977.73096289
-977.88313693
-978.03687020
-978.19467622
-978.30715103
-978.43505268
-978.58518699
-978.72106623
-978.87503254
-979.01924584
-979.17632506
-979.33785582
-979.49251373
-979.65093601
-979.81753323
-979.52261658
-979.66828595
-979.81655814
-979.96652085
-980.13322781
-980.28330481
-980.54117426
-980.81019896
-981.04988336
-981.33756659
-981.04338557
-981.30690141
-981.52587449
-981.78327934
-982.02287011
-982.26891334
-982.43994342
-982.60312508
-982.30886734
-982.50097778
-982.63526125
-982.78594753
-982.93886553
-983.10923953
-983.27971032
-983.45654416
-983.61295706
-983.77170893
-983.90414567
-984.06171176
-984.21009038
-984.37836432
-984.52770484
-984.68124590
-984.83640083
-984.99042616
-985.15053341
-985.29963844
-985.44035737
-985.60810018
-985.77873376
-985.94702185
-986.10390948
-986.28339680
-986.44386345
-986.59269874
-986.69496866
-986.40217209
-986.57621577
-986.73116032
-986.87990245
-987.05751788
-987.23685582
-987.40222664
-987.57492549
-987.71959936
-987.88588845
-988.04261126
-988.17612190
-988.33073994
-988.48417450
-988.19195267
-988.34770299
-988.50335142
-988.66672520
-988.79562356
-988.96878130
-988.67753016
-988.38580662
-988.54653233
-988.70518657
-988.83291291
-988.94116746
-989.12009269
-989.27987729
-989.43186201
-989.57813487
-989.71629895
-989.83840502
-990.00418368
-990.13929908
-990.29217493
-990.43932036
-990.59583556
-990.73960883
-990.90355543
-991.05028278
-991.21156822
-991.35702190
-991.06630714
-991.21017054
-991.31596569
-991.44439912
-991.15401874
-991.35338909
-991.51495824
-991.22488843
-991.38004491
-991.09035861
-991.23579236
-991.35424528
-991.51683211
-991.22751294
-991.34195382
-991.48173807
-991.62370268
-991.79896446
-991.98854565
-992.11979704
-992.26980273
-992.44064466
-992.15148673
-991.86345036
-991.94724559
-992.09580252
-991.80709058
-991.95580700
-991.66728678
-991.81376950
-991.95181111
-992.08122600
-992.21041122
-992.34686657
-992.52970046
-992.63827537
-992.75025738
-992.91391893
-993.11158987
-993.22664738
-992.93926655
-993.11226861
-993.27032589
-993.41284759
-993.12532387
-993.32698536
-993.51516606
-993.65361182
-993.85928042
-994.04856074
-994.19306075
-994.31275441
-994.44708598
-994.60046029
-994.77415262
-994.88622425
-994.98357903
-995.14088505
-995.31435590
-995.42777664
-995.57123627
-995.71220910
-995.85367300
-995.94322223
-996.09919306
-995.81264966
-995.52627297
-995.68316060
-995.85661166
-995.57107121
-995.71570382
-995.83878485
-995.97714303
-996.11927699
-995.83367376
-995.97511352
-996.09610556
-996.23951904
-995.95417934
-996.08520271
-996.22977208
-996.38122949
-996.56189858
-996.75084544
-996.46565523
-996.63649610
-996.79223630
-996.50722747
-996.67148897
-996.83726010
-996.99699227
-997.14178911
-997.27799255
-997.42845466
-997.58136903
-997.77245368
-997.94956606
-998.10723601
-998.24862214
-998.37333344
-998.08908094
-998.21706508
-998.35538951
-998.07126667
-998.21041558
-998.33394078
-998.47900097
-998.59231826
-998.72639471
-998.84111093
-998.99581567
-998.71222822
-998.86484686
-999.01626300
-998.73291434
-998.86096607
-998.57781423
-998.71112638
-998.84056387
-998.55757357
-998.27471078
-998.41348304
-998.55322477
-998.70510382
-998.85549303
-998.99088381
-999.13192896
-999.21783990
-999.35898167
-999.49006207
-999.63085443
-999.77652235
-999.91791436
-1000.05867849
-1000.20068565
-999.91932886
-1000.05323462
-1000.16935522
-1000.29637745
-1000.43374894
-1000.57498988
-1000.71364682
-1000.85432064
-1000.99176013
-1001.12806099
-1001.24614673
-1001.38739989
-1001.50065757
-1001.63398673
-1001.77635228
-1001.92127391
-1002.05734412
-1002.18956898
-1002.33236955
-1002.48077800
-1002.64614831
-1002.36587271
-1002.50387615
-1002.22374799
-1002.40556368
-1002.54880850
-1002.71588087
-1002.87112412
-1003.02156869
-1002.74217646
-1002.90075998
-1003.08243775
-1003.25899836
-1003.42896512
-1003.57144558
-1003.72283040
-1003.86449583
-1004.00286618
-1003.72266944
-1003.87492246
-1004.01679412
-1003.73721721
-1003.88914812
-1004.04638175
-1004.19842601
-1004.31236478
-1004.42749953
-1004.56298425
-1004.70149569
-1004.84374301
-1004.99120375
-1005.15579339
-1005.31955693
-1005.45562546
-1005.60319757
-1005.32396566
-1005.04516320
-1005.22350048
-1004.94462380
-1005.11661876
-1005.22537220
-1005.36252270
-1005.08487810
-1005.21500392
-1005.35027598
-1005.47384302
-1005.61463533
-1005.74365313
-1005.87626744
-1005.97920867
-1006.10307374
-1006.22941456
-1006.36650300
-1006.50980975
-1006.64362094
-1006.77902463
-1006.93234698
-1006.65435225
-1006.81237407
-1006.96493031
-1007.10508147
-1007.27678670
-1007.44429602
-1007.61860098
-1007.79297424
-1007.94848956
-1008.13752491
-1008.33883250
-1008.51442653
-1008.67079248
-1008.80932452
-1008.94787957
-1009.07114738
-1009.20161021
-1009.34690889
-1009.49149401
-1009.60531451
-1009.72363294
-1009.85880702
-1009.98806392
-1010.07035768
-1010.19307955
-1010.32696102
-1010.45973725
-1010.58386114
-1010.71754359
-1010.88118901
-1010.98650311
-1011.11497161
-1011.24620165
-1011.37442651
-1011.09785721
-1010.82153295
-1010.96919115
-1011.10339411
-1011.22823648
-1011.34641760
-1011.47201778
-1011.60951249
-1011.74624025
-1011.88744175
-1012.00854883
-1011.73268957
-1011.85178036
-1011.96248137
-1012.07712427
-1012.19008188
-1012.27656467
-1012.43043866
-1012.53298249
-1012.64522394
-1012.76358864
-1012.88705042
-1013.00146565
-1013.12388634
-1013.25158897
-1013.38532976
-1013.51882675
-1013.64853763
-1013.77518855
-1013.87889300
-1014.00799939
-1014.13502266
-1014.22878623
-1014.35778789
-1014.47118882
-1014.60245376
-1014.71515802
-1014.44071309
-1014.56280591
-1014.68444018
-1014.81818649
-1014.97386154
-1015.07861643
-1015.23895921
-1014.96478418
-1015.08662110
-1015.29051392
-1015.43978054
-1015.59366850
-1015.77359571
-1015.94209119
-1015.66823770
-1015.81691157
-1015.96557931
-1016.11296820
-1016.25667380
-1015.98294031
-1016.17414680
-1016.30821669
-1016.48053636
-1016.63322282
-1016.35977397
-1016.48615067
-1016.63070060
-1016.81825280
-1016.96304536
-1017.12519513
-1017.26788575
-1017.40597657
-1017.55857647
-1017.70541307
-1017.82218539
-1017.94939569
-1018.07333708
-1018.20019451
-1018.33423396
-1018.48188631
-1018.61616058
-1018.77997890
-1018.89056985
-1019.00990635
-1019.12792603
-1019.27234795
-1019.37767369
-1019.52177792
-1019.65692871
-1019.38512211
-1019.50934653
-1019.63540145
-1019.36329998
-1019.09127961
-1019.21640978
-1019.35274398
-1019.47599998
-1019.59992265
-1019.73718309
-1019.87541401
-1020.00511467
-1020.14139857
-1020.26435574
-1020.39495336
-1020.52194443
-1020.66690747
-1020.81997421
-1020.98946395
-1021.15338081
-1021.28981522
-1021.43436027
-1021.55919232
-1021.68114432
-1021.79136650
-1021.90350014
-1022.02687784
-1022.15680960
-1022.28363016
-1022.40989980
-1022.51378418
-1022.24366905
-1022.37258741
-1022.50235727
-1022.62409595
-1022.75772988
-1022.94612165
-1023.11166249
-1023.29331165
-1023.44900881
-1023.57542630
-1023.72725640
-1023.91032344
-1024.07835662
-1024.20601880
-1023.93577310
-1024.06105939
-1024.18515873
-1024.27901903
-1024.40166563
-1024.51574997
-1024.63411184
-1024.74714888
-1024.87146731
-1025.00324810
-1025.12674252
-1025.25299726
-1025.37095869
-1025.48871454
-1025.61061971
-1025.73506234
-1025.84730294
-1025.95714078
-1026.08214970
-1026.21714790
-1026.34451645
-1026.47325313
-1026.58804135
-1026.70721935
-1026.82858874
-1026.55925195
-1026.29006474
-1026.40565071
-1026.53585055
-1026.67976001
-1026.79406163
-1026.91618588
-1027.03967364
-1027.16592322
-1026.89779515
-1027.01825931
-1027.11427064
-1027.21061682
-1027.33857592
-1027.07018617
-1027.27472860
-1027.45164374
-1027.62915420
-1027.79901313
-1027.95803720
-1028.15095756
-1027.88333341
-1027.99271417
-1028.11668653
-1028.19849942
-1028.31899613
-1028.44171447
-1028.55736680
-1028.69406320
-1028.86421156
-1029.05181629
-1029.22564174
-1029.38676633
-1029.53730213
-1029.68548457
-1029.81145133
-1029.92735223
-1030.05076564
-1030.15559509
-1030.27449046
-1030.39477313
-1030.50398427
-1030.63963276
-1030.78010904
-1030.92387938
-1031.06545373
-1031.21563921
-1031.32891785
-1031.45820868
-1031.55429356
-1031.66135136
-1031.78905596
-1031.88700103
-1032.01333672
-1032.13501296
-1032.32011313
-1032.46911474
-1032.60802326
-1032.81810901
-1033.03303219
-1033.21674345
-1033.39923557
-1033.54165110
-1033.66725322
-1033.81347426
-1033.95429524
-1034.08851949
-1034.24462928
-1034.39680349
-1034.13039395
-1034.26798125
-1034.40681060
-1034.57011280
-1034.70731881
-1034.84271661
-1034.97615192
-1035.10496908
-1035.24290961
-1035.38659116
-1035.54810351
-1035.69299348
-1035.82227783
-1035.96811050
-1036.11844825
-1036.26160412
-1036.39946871
-1036.13382781
-1036.25456368
-1036.39503575
-1036.52895005
-1036.66501076
-1036.76811320
-1036.83042681
-1036.92446556
-1037.04163406
-1037.15711205
-1037.27286170
-1037.38857507
-1037.48513760
-1037.58515574
-1037.69736733
-1037.79590575
-1037.91077788
-1038.01367999
-1038.13104220
-1038.24686494
-1038.35382352
-1038.45083795
-1038.56179855
-1038.68020331
-1038.79352205
-1038.90951859
-1038.64481480
-1038.38025011
-1038.46644884
-1038.20205818
-1038.32593705
-1038.47469803
-1038.61114737
-1038.71906169
-1038.45498214
-1038.59915904
-1038.74284952
-1038.88820402
-1039.01296146
-1039.13381416
-1038.87037408
-1038.98512328
-1039.07737530
-1039.18418741
-1039.29517650
-1039.42127319
-1039.53336134
-1039.26993362
-1039.37708258
-1039.51765984
-1039.25447073
-1039.37165139
-1039.10900789
-1039.23522355
-1039.34673259
-1039.45723918
-1039.57279622
-1039.68254762
-1039.42055843
-1039.54504432
-1039.65853069
-1039.76228959
-1039.84554548
-1039.97357643
-1040.09254573
-1040.21196318
-1040.32659265
-1040.43887167
-1040.17668190
-1040.30972524
-1040.44700626
-1040.57774969
-1040.67874470
-1040.80320835
-1040.54142319
-1040.63430202
-1040.73549373
-1040.47370649
-1040.21215554
-1040.34204463
-1040.47320142
-1040.62889025
-1040.77432539
-1040.51297065
-1040.64294004
-1040.75141262
-1040.49024671
-1040.62544842
-1040.71453504
-1040.83172955
-1040.94820566
-1040.68731199
-1040.79339865
-1040.90558287
-1040.64493810
-1040.75719158
-1040.87109293
-1040.95501882
-1041.06864379
-1041.18174111
-1041.30312721
-1041.41817336
-1041.56261542
-1041.30281842
-1041.41799855
-1041.53389877
-1041.64763605
-1041.75752733
-1041.87130990
-1041.97935905
-1042.09293268
-1042.20382031
-1042.29681917
-1042.40980058
-1042.53016741
-1042.27044129
-1042.35719010
-1042.47563721
-1042.21610022
-1042.32844965
-1042.43887786
-1042.53807845
-1042.27878299
-1042.38976279
-1042.49834658
-1042.59436254
-1042.70582253
-1042.80878342
-1042.89650228
-1042.98268208
-1042.72382287
-1042.82825868
-1042.56966990
-1042.68118306
-1042.42261355
-1042.52091330
-1042.62100527
-1042.36265343
-1042.47246104
-1042.55403355
-1042.29587214
-1042.41169630
-1042.52087963
-1042.62931660
-1042.69384291
-1042.80174366
-1042.91533172
-1043.02558836
-1043.13808250
-1043.24547936
-1043.35131007
-1043.46850723
-1043.57927489
-1043.68373644
-1043.78679094
-1043.89556931
-1043.98116394
-1044.09109979
-1044.20773133
-1043.95063369
-1044.05862979
-1044.16707306
-1044.26339180
-1044.38056824
-1044.49059659
-1044.59775669
-1044.69636476
-1044.43988185
-1044.55068544
-1044.29391889
-1044.40473161
-1044.51262852
-1044.61909619
-1044.75518641
-1044.88316944
-1045.00325311
-1045.15048740
-1045.29619094
-1045.45381979
-1045.59694240
-1045.75350814
-1045.91516032
-1046.07748874
-1046.23947137
-1046.39276798
-1046.54043928
-1046.69948017
-1046.84953674
-1046.95633926
-1047.09738413
-1047.23206491
-1047.35559099
-1047.47133171
-1047.60344177
-1047.71663682
-1047.82229359
-1047.95970582
-1048.07317780
-1048.17934358
-1048.30982877
-1048.46134818
-1048.20566958
-1048.31483570
-1048.42568616
-1048.52496459
-1048.26949320
-1048.37943078
-1048.48910320
-1048.58674988
-1048.69574944
-1048.79527341
-1048.90775465
-1049.01608942
-1049.11589648
-1049.22592927
-1049.34513464
-1049.44581092
-1049.19106317
-1049.27908298
-1049.38451488
-1049.12981466
-1049.22344407
-1049.32973487
-1049.43704250
-1049.53713274
-1049.64069331
-1049.72494574
-1049.82946461
-1049.94114713
-1050.03557520
-1050.14662372
-1050.27480249
-1050.39550511
-1050.49090205
-1050.60788258
-1050.73642567
-1050.85891950
-1050.97299841
-1051.09855254
-1051.21568733
-1051.34588156
-1051.45485089
-1051.54460330
-1051.63205628
-1051.74523131
-1051.87152041
-1052.02008567
-1052.16862613
-1051.91486195
-1052.02015893
-1052.13496784
-1052.24399717
-1052.36354753
-1052.46572274
-1052.21260321
-1052.31654294
-1052.41970303
-1052.50076157
-1052.24769320
-1052.36256540
-1052.48269201
-1052.60027114
-1052.72563895
-1052.85359244
-1052.93945659
-1053.07095206
-1053.18858037
-1053.30262407
-1053.40470464
-1053.49418042
-1053.60608415
-1053.71796920
-1053.82531089
-1053.57301808
-1053.70751924
-1053.79873148
-1053.90997838
-1054.01627671
-1054.12424272
-1054.23313144
-1054.33593341
-1054.45051973
-1054.55713655
-1054.30492096
-1054.40820166
-1054.52178216
-1054.62690300
-1054.72942685
-1054.81325599
-1054.91558666
-1055.02953338
-1055.14720170
-1055.26513025
-1055.01343977
-1055.13842997
-1055.25560412
-1055.37773610
-1055.48856057
-1055.64408381
-1055.77169022
-1055.89194279
-1056.02551348
-1056.12152751
-1056.25335931
-1056.36048623
-1056.46414966
-1056.56969646
-1056.67785521
-1056.80072829
-1056.91790313
-1057.02290708
-1056.77184648
-1056.88458858
-1056.99497151
-1057.10769391
-1057.20954347
-1057.30545384
-1057.40929554
-1057.53244789
-1057.70358545
-1057.87998718
-1057.99618329
-1057.74556957
-1057.85214761
-1057.88214804
-1057.97397238
-1058.07896881
-1058.20279464
-1058.30939638
-1058.05917775
-1058.18022462
-1058.28762351
-1058.38883397
-1058.51010820
-1058.60084302
-1058.68290407
-1058.80337899
-1058.89800327
-1059.02714927
-1059.14750072
-1059.26241625
-1059.35197002
-1059.44204423
-1059.53285723
-1059.63509250
-1059.73943137
-1059.85537953
-1059.95765346
-1060.04637027
-1059.79681167
-1059.90079967
-1060.00263090
-1060.10155291
-1060.17100437
-1060.25580152
-1060.34658077
-1060.44126984
-1060.54389691
-1060.61755636
-1060.71538436
-1060.77349562
-1060.87386011
-1060.96394331
-1060.71503443
-1060.81659374
-1060.91632354
-1061.01543274
-1061.08106410
-1061.18649637
-1060.93782430
-1061.04544590
-1060.79715923
-1060.92810033
-1060.68023767
-1060.80119204
-1060.90793507
-1061.03003798
-1061.17789559
-1060.93013274
-1061.06623638
-1061.20377922
-1061.31765037
-1061.41386488
-1061.53302366
-1061.61579287
-1061.71545450
-1061.81604137
-1061.56845913
-1061.66963486
-1061.42268570
-1061.51695019
-1061.60538784
-1061.70656585
-1061.80474797
-1061.91121969
-1062.00493595
-1062.11083421
-1062.23623193
-1062.32834633
-1062.42374125
-1062.52570239
-1062.61668691
-1062.71426238
-1062.81464054
-1062.89060283
-1062.64363014
-1062.74399524
-1062.83930338
-1062.95361200
-1063.09876517
-1062.85214369
-1062.98664841
-1063.08602003
-1063.21289929
-1063.35439497
-1063.26802695
-1063.41018471
-1063.56200845
-1063.59781531
-1063.67057203
-1063.75453905
-1063.84055477
-1063.89890618
-1063.93154431
-1063.68539265
-1063.82010093
-1063.57435423
-1063.66764685
-1063.76643879
-1063.86693465
-1063.96640160
-1064.06996841
-1064.11730121
-1064.21742186
-1064.27526403
-1064.37378745
-1064.46243642
-1064.52964312
-1064.28426625
-1064.36366466
-1064.45629293
-1064.55618294
-1064.63500947
-1064.72864783
-1064.82587229
-1064.92267418
-1065.00158157
-1065.11122438
-1065.22129065
-1065.33435556
-1065.43411229
-1065.50914033
-1065.61268392
-1065.36783786
-1065.48511932
-1065.62011183
-1065.75074568
-1065.87025831
-1065.97175498
-1066.08931491
-1066.18393106
-1066.24117738
-1066.33881150
-1066.43883366
-1066.53906393
-1066.64271184
-1066.73337123
-1066.83329777
-1066.93347501
-1067.04416942
-1066.79994092
-1066.89783774
-1066.99722448
-1067.09511737
-1067.19118351
-1067.28835187
-1067.37911761
-1067.47400036
-1067.56742344
-1067.66165114
-1067.75534364
-1067.85324136
-1067.94636911
-1067.98709706
-1068.08590536
-1068.18342475
-1068.27979345
-1068.37941550
-1068.47634464
-1068.56951835
-1068.67028863
-1068.76145315
-1068.88801075
-1068.64474989
-1068.40154661
-1068.50074110
-1068.65941730
-1068.41648680
-1068.17354743
-1068.32871743
-1068.48406838
-1068.63408670
-1068.75509284
-1068.91909740
-1069.04107539
-1069.12714285
-1069.22272641
-1069.31674021
-1069.40877706
-1069.49916319
-1069.67248137
-1069.85905461
-1069.61646947
-1069.78875749
-1069.94788708
-1070.06289128
-1070.16278113
-1070.24768006
-1070.36923765
-1070.43789393
-1070.54135256
-1070.68729454
-1070.84933160
-1070.92603645
-1071.02390176
-1071.15104890
-1071.24457198
-1071.33410286
-1071.42769693
-1071.18573108
-1071.27675392
-1071.37229747
-1071.45628853
-1071.54130236
-1071.65169037
-1071.74339164
-1071.82028163
-1071.91282017
-1071.67169664
-1071.76811578
-1071.87061582
-1071.97229375
-1072.06212100
-1072.15938955
-1072.23794180
-1071.99673329
-1072.09013509
-1072.22859633
-1072.36797198
-1072.46394382
-1072.56042208
-1072.64211482
-1072.72605415
-1072.81163062
-1072.90622258
-1072.99872789
-1073.11055547
-1073.24036034
-1073.36497881
-1073.45019858
-1073.58635220
-1073.34573356
-1073.43132854
-1073.52664374
-1073.61885209
-1073.37831975
-1073.48462146
-1073.58968986
-1073.67517987
-1073.82207623
-1073.58203245
-1073.67102650
-1073.77346379
-1073.53353950
-1073.65323701
-1073.73592226
-1073.85527034
-1073.61532963
-1073.69958288
-1073.81358282
-1073.91627400
-1073.67668138
-1073.76834260
-1073.86185799
-1073.62241982
-1073.71007705
-1073.82162211
-1073.90711562
-1074.01831703
-1074.11234236
-1074.19749611
-1074.31997126
-1074.44034820
-1074.57894889
-1074.34018883
-1074.44259357
-1074.53860395
-1074.62323168
-1074.67772728
-1074.43954770
-1074.55792241
-1074.66262527
-1074.76663107
-1074.87194782
-1074.98223751
-1075.08912355
-1075.17717844
-1075.28693847
-1075.40178678
-1075.52927561
-1075.63496373
-1075.74443176
-1075.84737777
-1075.97897153
-1075.74060310
-1075.82657094
-1075.90014801
-1075.99230594
-1076.09377099
-1076.19492927
-1076.28378134
-1076.38224758
-1076.46066487
-1076.54333640
-1076.62784766
-1076.72983263
-1076.83630514
-1076.94017942
-1077.01587145
-1076.77797055
-1076.89569646
-1077.02442565
-1077.07217641
-1077.17380138
-1077.26235948
-1077.31060229
-1077.39876942
-1077.49624317
-1077.58719351
-1077.67648650
-1077.77255139
-1077.88639537
-1078.01467226
-1078.12902438
-1078.23562038
-1078.32697899
-1078.41650057
-1078.50482245
-1078.60319245
-1078.68936125
-1078.79556064
-1078.87576303
-1078.96107440
-1078.72402141
-1078.82499741
-1079.00734511
-1079.09465948
-1079.19929512
-1079.30652836
-1079.39769100
-1079.47239028
-1079.58202313
-1079.71250234
-1079.47590901
-1079.59313304
-1079.69535451
-1079.84026223
-1080.02036517
-1080.14436912
-1080.22816638
-1080.31983987
-1080.40837086
-1080.51639705
-1080.60751098
-1080.70349712
-1080.79566142
-1080.88237095
-1080.98850437
-1081.09205026
-1081.16634852
-1081.26627249
-1081.03031303
-1081.12461282
-1081.22233110
-1081.34210110
-1081.43668407
-1081.56066045
-1081.69181638
-1081.79245130
-1081.88418859
-1081.96502618
-1082.03587991
-1082.12860404
-1082.28877017
-1082.42757460
-1082.51404004
-1082.60401505
-1082.68915198
-1082.81960237
-1082.88733398
-1082.65184591
-1082.41661519
-1082.57351733
-1082.74744399
-1082.81212749
-1082.57691810
-1082.71167446
-1082.80458533
-1082.89380995
-1082.98388892
-1083.05166033
-1083.19933944
-1083.35438778
-1083.11945253
-1083.29724754
-1083.44897200
-1083.55571726
-1083.32097377
-1083.38747141
-1083.48063861
-1083.57689202
-1083.67180111
-1083.73263980
-1083.89673549
-1083.97400767
-1084.07501066
-1083.84096135
-1083.93757542
-1084.03969890
-1084.13923014
-1084.22537518
-1083.99119615
-1084.05022895
-1084.14451755
-1084.25498703
-1084.35615857
-1084.46673964
-1084.58064650
-1084.34675860
-1084.52924855
-1084.70445314
-1084.86710616
-1085.02975013
-1085.14478249
-1085.23409371
-1085.00040690
-1085.10916348
-1085.25233912
-1085.37274803
-1085.49584725
-1085.59879235
-1085.76133303
-1085.88539351
-1085.99247913
-1086.13023353
-1086.24796148
-1086.34451915
-1086.47432434
-1086.60692177
-1086.72359847
-1086.85405537
-1086.94992398
-1087.06543022
-1087.14725971
-1086.91429780
-1087.03706707
-1087.15867590
-1087.26068858
-1087.31477915
-1087.42759349
-1087.50212149
-1087.58751263
-1087.35470019
-1087.46178299
-1087.55174272
-1087.62807379
-1087.71721290
-1087.79227987
-1087.87736229
-1087.95439285
-1088.04028938
-1088.12056629
-1087.88827683
-1087.97476062
-1087.74247069
-1087.84061142
-1087.94041140
-1088.04402355
-1088.14506012
-1088.21938052
-1087.98751994
-1088.09144476
-1088.18808382
-1087.95613482
-1088.08171339
-1087.84987231
-1087.92699915
-1088.06501558
-1088.18092345
-1088.28267638
-1088.35116450
-1088.11995625
-1088.20413797
-1088.27751609
-1088.36964183
-1088.41456455
-1088.50040767
-1088.58454595
-1088.66044286
-1088.45636853
-1088.53391606
-1088.60234310
-1088.68822110
-1088.74242184
-1088.82424087
-1088.87877768
-1089.03493923
-1089.15238903
-1089.21177085
-1088.98089368
-1089.06278407
-1089.15798594
-1089.24138945
-1089.01107956
-1088.78046452
-1088.55035522
-1088.65430856
-1088.75234941
-1088.93176416
-1089.02449190
-1089.05793702
-1089.15602609
-1089.32360073
-1089.38374606
-1089.54234933
-1089.62753983
-1089.70307945
-1089.79550854
-1089.89227002
-1089.98269768
-1090.12808353
-1090.23423184
-1090.35067239
-1090.47999691
-1090.25008011
-1090.38319236
-1090.51942746
-1090.66328675
-1090.76554216
-1090.89433159
-1090.97090179
-1091.11835402
-1091.24175026
-1091.01210097
-1090.78255558
-1090.93397125
-1090.70483234
-1090.47562446
-1090.24643271
-1090.40154127
-1090.53016822
-1090.66339984
-1090.43429591
-1090.48761627
-1090.62306360
-1090.76033673
-1090.53143257
-1090.67492420
-1090.73685991
-1090.87724179
-1091.02319316
-1091.19118547
-1091.34727691
-1091.50596070
-1091.66039585
-1091.73956943
-1091.81648720
-1091.89303992
-1092.05666057
-1092.18274004
-1092.28142556
-1092.41837604
-1092.55605861
-1092.69281540
-1092.80061322
-1092.92052558
-1093.01577178
-1093.08953401
-1093.19455596
-1093.29524366
-1093.39189389
-1093.48643542
-1093.58407622
-1093.69335491
-1093.81154278
-1093.94805579
-1094.01625430
-1094.06653653
-1093.86529370
-1093.96092673
-1094.04870728
-1094.20257830
-1094.32483792
-1094.41878941
-1094.57242620
-1094.34464587
-1094.44139496
-1094.21367885
-1094.35562304
-1094.45828330
-1094.58309973
-1094.66691940
-1094.80290074
-1094.95203911
-1095.05819389
-1095.15956540
-1095.26570949
-1095.36964561
-1095.46469411
-1095.57588209
-1095.66853513
-1095.44131125
-1095.52673590
-1095.60614262
-1095.69149276
-1095.77417951
-1095.86158543
-1095.63458601
-1095.79958846
-1095.87036726
-1095.97923390
-1095.96403807
-1095.84388602
-1095.92347335
-1096.00599710
-1096.10858095
-1096.25887719
-1096.38070182
-1096.53841312
-1096.61286453
-1096.73852406
-1096.86577501
-1096.96133592
-1097.11066891
-1097.19423100
-1097.34031448
-1097.42752562
-1097.49932421
-1097.63440139
-1097.40819014
-1097.46476187
-1097.54421753
-1097.61330417
-1097.70228984
-1097.77021156
-1097.86225032
-1097.66144510
-1097.79102948
-1097.92132714
-1097.69535689
-1097.82369340
-1097.90830477
-1098.03822835
-1098.18699337
-1098.31458201
-1098.11465673
-1098.19467009
-1098.29939438
-1098.41649698
-1098.19082415
-1098.31369214
-1098.44864188
-1098.54067835
-1098.65097804
-1098.73529251
-1098.84914892
-1098.62378861
-1098.75694566
-1098.87576961
-1098.97856548
-1099.11128422
-1099.25538953
-1099.35634025
-1099.45871542
-1099.58736078
-1099.71362252
-1099.82177073
-1099.96097662
-1100.08252781
-1100.17655794
-1099.95152192
-1100.05613431
-1100.18887348
-1100.32381420
-1100.09919688
-1100.19165239
-1100.29969240
-1100.42005080
-1100.53616973
-1100.60570104
-1100.71747886
-1100.49376155
-1100.61468535
-1100.72935459
-1100.85669695
-1100.98428994
-1101.10838657
-1101.23040754
-1101.30445598
-1101.39519565
-1101.50038861
-1101.58576423
-1101.71052520
-1101.84075349
-1101.97824763
-1102.11136089
-1102.23659255
-1102.01234492
-1102.12846497
-1102.23598018
-1102.34178060
-1102.11773220
-1102.21202477
-1102.30477349
-1102.42636737
-1102.54081976
-1102.62561503
-1102.72773379
-1102.83523093
-1102.94986534
-1103.06835210
-1103.18256657
-1103.27721761
-1103.37587991
-1103.15228169
-1103.27790240
-1103.37792644
-1103.47387670
-1103.58009899
-1103.70638620
-1103.83197370
-1103.94829140
-1104.05857698
-1104.18008737
-1104.30699806
-1104.41385562
-1104.49100137
-1104.61242612
-1104.74916595
-1104.89452940
-1105.01140419
-1104.78819985
-1104.56501915
-1104.68773711
-1104.79780719
-1104.57483538
-1104.70673759
-1104.82776758
-1104.60489863
-1104.38216911
-1104.51475413
-1104.63633170
-1104.73797000
-1104.84098541
-1104.94938188
-1105.06227700
-1105.18866440
-1105.27994194
-1105.40954321
-1105.52994342
-1105.65496173
-1105.43266899
-1105.55484705
-1105.33258047
-1105.11029706
-1104.91463497
-1105.03029348
-1105.11823491
-1105.19516715
-1105.30998427
-1105.39364497
-1105.49926261
-1105.59223608
-1105.37067572
-1105.49811718
-1105.60437430
-1105.72278574
-1105.84891657
-1105.62714850
-1105.73780419
-1105.85781227
-1105.99384332
-1106.11507559
-1106.24155592
-1106.34835265
-1106.46843036
-1106.55593707
-1106.65072188
-1106.75772093
-1106.87897615
-1107.01111158
-1107.10595681
-1107.23533670
