-0.00102011
-3.71051359
-8.27235413
-1.28063774
-9.42410946
-8.39610958
-7.73588514
-11.04007149
-6.79939032
-8.82008553
-20.92702293
-17.93335533
-17.71290016
-19.93866348
-32.13718414
-12.66284657
-18.52601814
-25.28337288
-24.80403137
-26.15952301
-6.29674387
-29.36984253
-31.77209091
-29.93434525
-33.71926498
-39.35333633
-37.20202637
-39.34416580
-36.11358261
-61.36328506
-13.08662033
-35.05719757
-70.66405487
-39.13800049
-38.81979752
-33.10787201
-44.53974533
-74.78906250
-56.56290436
-78.64089966
-15.23018074
-54.78279114
-54.72129822
-19.40832329
-55.04594421
-44.57692719
-31.53311729
-53.92105103
-54.38969421
-26.22339821
-28.47563362
-12.50404453
-75.33464813
-75.53934479
-86.02577209
-63.41542435
-66.85918427
-33.67401123
-55.77448654
-6.72528172
-32.74256134
-98.81750488
-88.37464905
-80.71839142
-82.30493927
-110.19410706
-6.97422218
-6.87350893
-6.95682383
-72.99524689
-76.57521820
-7.08014488
-82.18865967
-17.35954857
-6.89868164
-7.80944490
-6.93333435
-53.82514191
-83.68062592
-115.37710571
-10.77133656
-6.16563606
-6.45989466
-6.21328402
-6.18347979
-5.88102627
-5.77013159
-5.54962540
-5.22320890
-4.71239853
-5.38639021
-7.10837126
-5.22334766
-4.86077023
-4.66459036
-4.12244415
-3.70719814
-3.68471408
-3.89013028
-4.42646980
-3.65248585
-3.62286091
-2.79970884
-33.91055679
-5.94947338
-44.75424576
-124.90460968
-134.46197510
-13.20683670
-58.13594437
-91.48303223
-115.09127808
-124.71408844
-3.40398335
-3.34378290
-3.58508587
-116.69491577
-4.01176119
-4.26919889
-4.28776598
-4.85967302
-4.37757730
-4.50962257
-5.10327148
-5.70388508
-72.05595398
-3.44145465
-83.69167328
-3.57634330
-3.62560773
-4.62517405
-4.72814512
-46.07646942
-14.63653851
-2.23399091
-2.51867270
-3.57143140
-2.43260765
-2.73359776
-2.71106386
-109.25503540
-3.00547171
-81.13368225
-134.27687073
-137.43064880
-86.23443604
-3.10544991
-3.30919790
-3.24347973
-3.56575942
-77.45783997
-2.68074584
-2.57724977
-3.28177667
-3.15618730
-3.42640424
-3.42025304
-3.17721701
-7.20720291
-3.90431976
-124.65683746
-2.71458507
-1.75224400
-1.92737973
-2.10602093
-1.97002149
-2.09156418
-2.38384748
-2.46321058
-2.21267939
-2.40392518
-1.81984556
-1.95399141
-2.03397965
-1.66336036
-1.67833734
-1.65195525
-1.60359764
-1.66198611
-1.57920146
-1.32632101
-1.34115124
-1.12875617
-1.17678082
-1.24847007
-1.52714503
-1.26137471
-0.91804731
-0.76728517
-0.76737112
-0.69379860
-0.67516458
-0.94486064
-1.00408530
-0.26300356
-0.36410221
-0.23855808
-0.75664937
-1.26544881
-0.65851122
-0.90077442
-1.02766395
-0.95327884
-1.62688565
-0.08738177
-2.85657954
-1.44281983
-0.73170453
-0.63864958
-0.86841071
-0.67339933
-0.73190737
-1.42077780
-1.31183052
-1.14159119
-1.41333055
-1.17327428
-1.46291327
-1.12004685
-1.61699700
-1.53824568
-0.30632889
-0.50904340
-1.29741275
-0.79818344
0.15219955
-0.72596991
-0.00409585
-0.07329236
0.85836613
0.87333596
0.07275661
-0.15140809
0.40238118
1.61161506
1.25316036
0.88008302
1.44499648
-104.01406860
1.64811361
-107.67546082
0.69144237
0.06250621
-0.30908301
1.41988373
-0.45739806
-1.57711101
-158.65087891
1.48185241
1.87123942
3.55128622
3.80965900
3.69160867
3.61219978
-141.24536133
-135.61714172
-66.61032104
-125.68276978
1.33275211
0.95331985
0.64909780
2.80018020
3.82433558
3.98988318
4.01435995
-109.33563995
-86.86994171
3.76794767
2.21508837
2.33058810
1.57012129
1.87152314
3.46887541
2.32063794
3.52612948
-71.86941528
-120.52574158
3.41110969
1.76216936
2.13914227
1.80506527
1.14478111
1.00252044
0.95431244
1.37990165
0.63849384
-152.22740173
2.30129194
3.26554585
5.30736399
7.12322092
6.32712364
7.80495691
8.11442947
7.13957119
7.99015379
6.34498310
-87.76829529
8.86377525
7.14293575
6.92180538
5.65004683
6.01410723
8.26303673
8.86430264
8.85634518
-10.03762722
9.73648739
9.17175579
-48.02951431
9.36914158
9.13724041
9.00683689
9.21708584
7.18359184
6.67499685
6.12535763
4.12646055
0.31715032
-106.59764099
4.77803183
8.48158455
8.77745247
9.61632824
8.74117851
6.22701311
-233.79399109
6.64364243
5.33417797
5.76850557
5.77377844
5.90125465
6.71639538
6.06471539
5.71127224
4.73725605
4.82808638
4.33653116
6.59583235
2.18397784
5.90414143
4.05832624
6.70919514
10.23832512
10.26951694
8.74421883
9.70955849
8.89657211
4.08825397
8.91073322
9.07332039
8.72892094
9.05604935
8.91873837
8.95540047
10.53947544
10.81680202
10.51060581
10.60836029
10.59811687
10.95687771
10.43990898
10.31841469
9.64188099
9.96246433
9.56193256
9.78601360
8.87219810
10.28445148
10.81982136
10.87844276
11.08613682
10.33700562
9.72318745
9.98584175
-58.86993790
10.42251110
10.32581234
10.42831135
10.40152073
10.31365299
10.20968819
9.41263199
9.90541363
10.35923004
10.47680855
10.05965042
9.94578171
9.96186638
9.72654152
9.76492405
9.66094685
9.79500294
9.76819038
10.00512600
9.75760269
9.63886452
9.58340168
9.64840698
9.75565243
9.68876266
8.14715290
9.72090912
9.70072746
9.84631634
9.75305462
8.88508511
9.50313568
9.60102940
9.91740417
9.89739227
10.01653671
10.38268661
10.60524845
10.62320900
10.14583492
9.16251278
10.55361271
10.70959663
10.53951263
9.83964348
9.78702164
10.14690399
10.15655041
9.71114445
9.82670498
9.81147861
9.97280312
10.14643002
10.16701317
10.19710350
10.03209591
10.12251186
10.47344685
6.24391985
9.78992367
9.60344696
10.22962093
10.41326714
10.27922916
9.92893124
9.92671585
10.00021935
10.14692688
2.72673583
10.70517063
10.24698162
10.26473045
10.48655605
-33.00188446
10.38219261
10.16235447
10.02459240
-73.35076904
7.54081440
10.19577694
11.01999664
10.94413280
10.24639320
9.68819809
9.89275932
-92.07492828
9.71020603
-25.11214256
-106.39128113
11.31136322
10.80327988
10.80179024
10.61527348
10.15584278
8.80183029
10.87912750
10.28419018
10.42689228
10.69168282
10.57262135
10.97316265
10.57598877
10.50679207
10.62738991
10.53519440
-23.06194878
10.61928368
10.94185257
10.64020252
10.47300529
10.20216370
10.47251225
10.91143513
10.54461670
10.79030800
10.16739082
10.67787361
10.61086941
11.89624119
11.69253445
11.71648216
11.70041180
11.65470219
12.08773422
10.46951199
10.32230949
9.84190273
10.34499741
10.35273743
9.71526718
9.84337616
9.88922310
10.03899765
9.56515408
-110.53997803
-110.25374603
11.75551987
10.53962517
9.81397057
9.39912510
9.25159645
9.05270100
8.82431126
-111.37675476
11.52719021
9.73915958
11.22866058
12.49525261
12.64832020
12.79843521
13.11803055
13.51380920
13.30375767
13.06340599
9.35743904
10.19891167
11.87623882
12.37232590
12.46807480
10.35751343
9.94534397
10.28951931
9.54449368
-53.62157822
-81.52508545
10.61442280
9.62036610
10.30883789
9.99972153
9.72312069
11.21206570
12.88180733
12.58635998
12.43784237
12.65538216
12.35693645
10.50721741
-71.19636536
12.32584572
13.17826653
12.52899075
12.38768005
12.69717693
13.09107876
11.73792076
11.42106915
10.89907742
10.93258667
12.97001076
13.36071873
13.50301170
-28.19856262
13.40529060
13.22366142
13.07901573
12.98362827
12.90948009
13.24850559
-11.77106094
13.41111851
-38.30394363
8.06733036
5.24578142
13.12967014
13.01017284
13.19033718
13.13259506
13.06177330
12.99038315
12.99042797
13.07524681
12.98197556
11.57217312
11.92612362
11.05940342
12.86080742
12.54614353
11.51458454
12.61163235
12.57520676
12.55669689
12.12169647
12.52522373
12.52651119
12.42180824
12.42917538
12.40320969
12.81119633
12.84045315
13.39208412
13.29186535
13.52124786
13.41182899
12.93554688
14.69025803
14.20584011
14.64303398
12.45247364
12.86046886
12.75258160
12.76039410
12.96377468
14.13558769
-89.74999237
12.27667713
12.09851170
11.57853508
11.19975853
14.33798313
11.81425476
12.31955814
12.52692509
12.93197727
12.86067581
14.27121830
14.98780823
15.06784439
12.55242825
13.10243702
12.76113701
13.22142315
12.94941235
12.83371925
13.69111061
16.06159401
15.90939903
12.69156933
13.13847733
13.19276714
12.92271137
13.11410618
12.86065292
14.94816589
14.08899784
12.49862671
-98.07429504
13.16680336
-90.72106934
-97.94844818
11.92067051
12.95052147
12.29787254
12.60960674
14.42291451
13.29297447
12.91697216
12.66786003
13.76703262
12.51940536
12.92848206
12.76628780
12.93991661
12.91525269
-34.31149292
-100.08525085
-100.88487244
-82.39562988
-32.96878433
13.66136265
13.94360256
13.57607174
13.36007214
13.10492611
17.37620163
-99.50315094
-38.67919540
13.91024876
13.80381107
13.76269817
13.80109978
13.09384441
13.22620010
14.43461990
15.53003025
15.73685455
17.42652130
17.74158478
16.78306580
13.31861496
13.80564976
13.91962624
13.83581734
15.02798462
15.61255550
13.40376186
13.36291981
16.64333916
17.12340736
18.30939102
18.04482079
18.46020317
18.12384415
17.95267677
15.66492844
17.65532494
16.83426476
16.46403885
18.04395294
17.88752365
18.34357262
18.11687469
18.45649719
18.29677963
17.95012283
17.91480827
18.28477097
18.36389351
18.27895164
18.31220245
17.64184189
14.92957878
18.36878967
18.26273346
18.22045708
18.21190262
18.25571060
17.87878036
17.98731804
18.08292389
18.09491539
17.97689247
17.91628265
17.90321922
17.91647148
17.58732414
17.68845940
17.72848129
18.20695686
17.69933891
17.77718353
17.53842545
17.33709335
17.80320930
17.69329071
18.16681862
17.65314865
17.46544075
17.49196625
17.33489418
17.31843567
18.02791023
17.28575516
17.28494835
17.60826302
17.14892197
18.01053238
-101.08226776
18.08936882
17.58409500
17.86621666
18.02155685
18.86284637
17.57238579
17.97272110
18.78854561
18.64647865
17.80843163
17.97490120
17.56060982
17.73350334
17.63576889
17.49502373
18.29971313
18.91135979
19.42507935
19.19685173
18.96829796
17.81459427
17.81295586
19.10026360
19.06192780
19.52809143
19.80590439
21.12312317
21.30237770
-73.88661194
21.72939873
-33.33082962
20.11236382
19.54269791
19.48841858
19.23003578
19.62081909
21.29093170
21.40913010
19.50078011
20.36932755
20.57565498
19.72058678
19.54030228
-22.31375504
-25.16334534
21.23766899
16.75148773
19.42856026
19.46716118
21.03457832
21.59817314
20.39226341
21.67406082
20.87178802
20.59817314
14.27953529
-6.11187983
19.98653984
21.57272530
19.74335098
20.32340431
20.32940483
20.46363640
21.28190231
19.92167473
21.43005562
20.87705994
21.35174942
21.31522369
20.81528854
19.99867249
20.43592453
20.41731262
20.95220375
19.91844559
20.90198898
20.79048538
20.71735764
20.75700378
20.80224419
20.84782028
20.55842781
20.77011681
20.41658783
20.51670074
20.82081413
20.46718979
20.52263451
20.45932579
20.46261215
20.59066010
20.23695755
20.30986404
20.24584579
20.11713982
20.31080818
19.95347786
19.83575630
20.05415916
20.31193542
20.24581337
19.95395088
19.86258888
20.10648727
19.93024826
19.89612007
19.84021568
19.62212372
19.80968285
19.84926033
19.78260612
19.63297272
19.59860039
19.67525482
19.02352524
19.54042816
19.44335938
19.21623230
18.92637444
19.18684387
18.72310638
19.27935219
19.27314758
15.79235840
18.25915718
19.35920715
19.02359009
17.52145576
19.21455956
19.18613243
19.25500298
17.05863762
17.67511559
12.60225677
14.17739487
17.52624702
17.45783043
17.58884430
17.63830376
18.22940636
19.17028236
19.67359352
19.55134392
19.51358986
19.26516724
18.50054169
-81.13780975
18.93851662
6.00943041
20.18753052
19.77895546
20.25690842
20.49386406
19.48139763
19.17407417
19.27656937
18.00881195
17.27472878
17.22990417
16.99385834
16.86667824
17.95763588
17.84797287
16.13510704
-84.14736176
18.51552582
17.13003349
19.17406273
18.39773178
18.61259651
18.70183372
20.03819656
20.28495216
20.34865761
20.36554718
18.53286743
19.04589653
18.84346962
19.57197571
19.65595627
19.50904655
20.28129578
17.83445358
18.32951164
18.17988968
19.84766197
19.86704445
20.16413879
20.08231926
19.91528702
19.88760757
19.80416107
19.77649689
19.54290390
19.14735031
19.56256676
19.44852448
15.20938110
17.04902840
17.09524345
19.23858070
19.11349297
19.10931206
19.27701569
19.15485001
19.32879066
19.02719307
18.92551041
19.05652237
19.26059151
19.07726860
19.01263428
19.08398628
18.90179825
18.88587189
18.94198990
19.04497337
18.80339432
18.62413406
19.02325630
18.85963058
18.47860909
18.34012985
18.45864868
18.51159096
18.48803520
18.48696327
18.54014397
18.50813866
18.53999519
18.63506126
18.33226967
18.11441422
18.21150398
18.17636299
18.13893127
18.13091469
