-0.00071100
-6.36626720
-7.34140491
-7.25761843
-7.50386286
-7.17514467
-7.88973284
-8.93651009
-10.76264954
-11.56994629
-12.39167786
-12.02115822
-13.44399071
-15.55802155
-14.02472973
-16.47023964
-16.63246918
-19.67742920
-20.20524788
-21.14931679
-23.00148010
-22.53530121
-25.26321030
-28.14965057
-27.25727463
-31.18934250
-29.20649910
-28.52826881
-33.13795853
-30.22726822
-33.73936844
-37.50386810
-36.58649445
-35.82513809
-33.37866211
-39.53993988
-41.54704285
-39.21064758
-39.69549561
-39.37615204
-45.66571808
-46.52833557
-46.59972382
-41.18260956
-37.69381714
-40.87327576
-39.19404602
-37.67418671
-36.66859055
-43.24283600
-49.80954742
-42.59473419
-44.69357681
-38.89748001
-47.97199249
-49.85473633
-52.01887512
-40.55623245
-56.61449814
-47.95455933
-54.69425964
-55.77438354
-45.10486603
-41.89730835
-35.45513916
-44.62777710
-29.18222237
-38.73609161
-38.68615341
-37.63407135
-33.69718933
-43.14705276
-43.34638596
-48.11068726
-39.37754059
-47.55168915
-53.09465790
-46.61363983
-52.69221497
-54.59018326
-50.79243469
-54.26999664
-46.85341644
-48.68405914
-41.83776093
-50.60958099
-52.07697296
-59.09283447
-51.90063858
-55.60997391
-52.51273727
-65.62490082
-64.04368591
-58.11273193
-57.04669952
-63.63110352
-66.69529724
-67.95793915
-52.96096039
-57.37896347
-58.77092743
-52.89721680
-58.22376633
-64.58292389
-74.43142700
-53.75691605
-50.66696930
-64.84705353
-53.65274048
-41.75064468
-58.60818481
-52.64378738
-58.64707184
-65.40660858
-58.91215897
-65.85313416
-45.17784119
-58.51135635
-55.44851303
-16.80697060
-18.59267044
-31.03840637
-17.43545151
-29.76443291
-18.51434326
-16.48095894
-17.11302567
-19.51114655
-20.67306137
-25.98489189
-18.63595200
-23.53384018
-22.53096771
-40.84493256
-38.18850708
-16.09689522
-16.27453995
-15.97551632
-23.15140152
-22.78902054
-21.54943466
-19.77243233
-24.39160347
-27.27867508
-22.78995514
-19.84181976
-20.73593521
-25.36075783
-21.63942719
-26.98226166
-27.13055801
-16.72607040
-16.64240074
-29.96736145
-20.33659744
-20.06762314
-16.92375565
-11.13776970
-9.83353806
-17.37115669
-15.00039101
-18.88715553
-6.55870056
-19.61704445
-15.09244347
-8.01737022
-18.35683441
-17.82856941
-21.73120689
-18.10620117
-20.94682693
-24.46249771
-27.10916328
-22.57963753
-25.01794052
-17.92558289
-25.97832680
-17.37903595
-21.68724823
-18.07851410
-19.04450989
-20.61571503
-15.10526466
-21.79887009
-23.31567574
-20.60973930
-19.88827133
-31.55793762
-10.73269463
-28.53579140
-29.55870819
-14.59335136
-22.71797943
-26.80361557
-40.63208771
-30.26901245
-29.09988213
-30.23526573
-45.24140167
-24.63425827
-33.95005798
-25.53742218
-32.82767105
-44.00332642
-29.63884354
-42.36207581
-33.55190277
-38.57276154
-44.34278870
-42.02705383
-32.61364365
-40.59246063
-32.15753555
-18.61521912
-16.58322144
-19.22984695
-27.08237076
-45.42620468
-59.26142120
-34.54433441
-41.67166138
-45.28701782
-57.95037842
-56.38471222
-42.34206390
-64.82192230
-51.31088257
-54.19219208
-53.94565582
-46.65156555
-42.68884277
-58.88222504
-55.77244949
-25.47069931
-13.66061783
-46.04973602
-43.89636230
-44.74840546
-7.68831062
-60.68981552
-25.65369797
-22.36890602
-38.26027298
-30.39344406
-38.55228424
-35.53614044
-50.49758148
-39.46588135
-45.31401062
-71.25640106
-55.02135468
-39.51195526
-113.33090210
-103.44581604
-64.25144958
-59.34287643
-55.52774811
-41.05271912
-53.89533615
-40.98837280
-44.95301056
-36.17824936
-46.87307739
-37.99497223
-44.21909332
-33.01756287
-43.91955566
-39.77693558
-11.97940063
-20.18027115
9.68651485
10.36720276
9.26112556
-0.62452674
-2.85882521
-5.23875237
3.96035099
2.59606934
6.69409657
0.10669363
-4.62265158
5.41274738
-15.16918564
-6.68238354
-17.01893616
-13.31142044
-14.52133942
-25.51084709
-66.06810760
-62.46075821
-57.70980072
-55.90758514
-51.09968948
-58.26766586
-40.60984039
-44.09487534
-36.94054031
-47.90998459
-37.66687775
-38.27011108
-27.30135345
-46.44570541
-35.15283966
-41.76177979
-27.62159729
-32.44528961
-25.11410522
4.03393602
0.52680695
-14.09790421
-15.08743858
-28.02247047
-19.74046707
-21.44297791
-13.65417099
-27.62896347
-13.62935448
-29.35052109
-25.03424454
-15.07308578
-2.39788198
-5.46721840
-19.93434143
-16.47303009
-14.09523773
-10.36852169
-13.30858707
-19.84060287
-26.66574097
-20.80729294
-11.72047806
-13.41165352
-15.15915108
-12.99816704
-6.51809263
-21.88076401
-23.11012077
-6.60475540
-27.04155731
-9.61983299
0.50927925
-12.36049271
-16.38579559
-13.68214703
-7.43388367
-14.22860050
-8.52307606
-20.15610886
-18.48498535
-6.94858789
-20.63555908
-3.91932964
-13.61022282
-19.64434624
-7.50303984
-31.39478683
-17.70082092
-17.05902100
-13.72199821
-6.55235147
-9.70033550
-32.70352936
-14.41819763
-5.64245701
-5.94225264
-7.30338144
-1.94314361
-4.41588593
-1.54930282
-5.39306688
-13.44606590
-8.46534348
1.94882178
-10.91506100
-9.29319954
-6.90946007
-6.22582340
-3.95054340
-4.89624739
-1.98143816
-8.01789570
-14.99128342
-13.75077248
-18.47638321
-19.58669853
-6.13871574
-9.32230759
-8.01752281
-7.47159863
-5.07356215
-0.34008312
-11.59250259
-9.77332211
-19.30552864
-6.22940397
-5.73800755
-11.29032707
-15.49776459
-14.66179276
-5.37816048
2.97462225
-9.13537884
-1.29141927
0.49068379
-9.11084366
-8.44495392
-11.55390167
-10.41921616
-20.62525368
-13.04501343
-23.02347374
-13.90185738
-13.12620544
-21.39943695
-24.34361649
-9.22576427
-16.56512260
-9.74027061
-17.73725128
-7.71707058
-7.74038219
-13.97841835
-3.34155083
1.97927976
-1.59863734
5.46979475
-5.05174303
-4.11833000
-11.51974964
6.17885303
1.13879251
2.12133026
-2.48326063
-2.68894219
-13.24241638
3.40088344
-14.78359127
-10.72011852
-7.69678068
-45.40785980
-49.87173462
-41.72495651
-52.57723999
-45.44721222
-38.39807129
-35.75793457
-37.05806732
-32.31852341
-23.70130539
-27.27385139
-31.27359390
-26.73384094
-21.49139786
-15.33773994
-22.77491379
-31.46778297
-24.41117477
-29.07372475
-54.33808136
-50.28451157
-59.50314331
-63.38842010
-42.92642212
-46.27199554
-54.56724548
-40.80198288
-54.26107025
-49.36978912
-42.02470398
-58.98366547
-47.35972214
-44.58698273
-39.99510956
-43.09478760
-43.51115417
-47.20830536
-38.64747620
-44.13784790
-42.54038239
-35.52772522
-41.73941040
-30.66680717
-45.98793030
-30.33974838
-35.29107666
-33.71978760
-39.96282196
-40.96770859
-38.39426804
-52.38117981
-24.59814453
-33.98076630
-34.19998169
-50.87673187
-35.34581757
-35.25666046
-38.99908829
-48.39894104
-41.07369995
-37.05604935
-33.05387497
-46.67864990
-26.81717491
-18.97807693
-25.85073662
-38.31291962
-24.69142532
-20.88809967
-18.05708694
-25.72672272
-17.50965691
-14.47282410
-17.58692932
-14.69307613
-25.50806618
0.94325650
-3.46099567
1.97018051
-2.61351991
-4.49218941
1.89175820
-6.14810228
4.00689316
-14.95812321
-23.15904236
-19.36930656
-3.34487057
-5.46638823
-9.86842060
-3.29037905
-8.44372559
-10.59435463
-7.37870455
10.75102043
16.42427444
4.03334093
8.55309200
-2.58388662
-0.33278084
-5.44982529
-8.26006794
-8.01777649
3.93472648
-10.10009384
-4.17159367
4.35090113
-2.32467031
-4.92154121
5.52595568
-3.48466206
-2.13536286
3.43251252
11.05165672
11.89309406
12.55044937
14.57639694
-4.42107344
-2.39207172
-16.61824989
1.31560111
1.02475095
-0.66714597
-5.13346672
-5.41277122
-2.00283861
-1.58647394
1.32879925
0.78244400
-6.43816090
0.94824839
-6.62371254
2.29086113
-2.37054229
-2.58775234
-2.97443485
-2.20637989
-11.84632874
-9.33469486
-8.29202557
-15.75376797
-6.52753830
-10.21471119
-7.04248905
-12.99122334
-8.70631599
-3.40082240
0.14157009
-11.16646957
-3.17812014
-6.81809902
0.66117811
2.94347334
-1.72175932
-5.32350159
-4.87424803
6.82359600
3.96048975
3.93061161
-1.95189381
8.02572632
0.63692617
3.96843910
0.40927935
3.63381147
-1.50435257
5.84362936
3.65919042
5.42306519
8.81427956
6.98047066
17.94604492
3.53858018
12.10698414
2.64001012
13.83627129
-4.25525141
-3.36399317
8.87033272
-10.56200504
3.64529657
3.75537634
15.79505634
12.24222374
17.36059570
11.17798901
17.16560745
11.66360760
1.11170483
9.58250904
-7.17321348
4.85904789
-6.36410809
-1.16102076
6.34251165
10.74179077
-2.66083813
15.86702919
15.58693886
8.47482681
0.60889912
3.31833816
6.02645922
-14.73198795
-14.72505856
10.61226368
-12.67444324
-4.21616411
-26.02157593
-14.31332779
2.81632233
-17.08001518
-9.82905960
-5.56259155
4.89032745
3.24088407
2.01714754
-3.23883176
-2.12791204
-4.76656723
11.42684364
7.77121305
1.83372474
6.70410538
-5.83525085
6.02029228
5.47366619
-2.00804400
13.79671001
1.83677983
13.25697231
3.69166231
13.54102802
-0.41255951
-8.87666035
-7.75241184
-6.28298664
-13.05910587
-14.01013660
-4.59627724
-15.83340740
-3.02496362
-14.32284546
-15.69929409
1.59253931
-8.24452305
15.47576904
2.60962915
-5.37867785
6.18029165
5.63567734
10.12257957
-13.56965637
10.66196442
7.23348618
-6.63855076
-1.20964611
6.09374142
0.09369010
2.34527421
-0.70874643
3.81109333
-3.42284203
-7.66108799
6.53132200
5.55262756
8.04686546
3.71274757
8.68001556
13.87264633
5.26820087
5.02256727
6.93042040
12.41211796
9.16358089
10.91202068
8.78738213
14.33389282
3.47542143
8.43952656
16.42855263
16.48705673
14.24968719
18.31857300
16.70138931
21.44579315
18.55800819
13.69998455
11.46327019
19.57773590
17.98944855
14.94345474
14.89250088
16.77042007
20.88158417
11.51147652
15.68372631
10.50674248
13.70448494
6.66886950
11.74985123
8.17767048
18.45145798
16.25868607
7.73945713
5.76598454
-10.77290154
-4.51485252
0.25831270
12.75067234
-3.64275002
-1.31305838
5.95473576
-4.40891933
11.83629036
3.87212563
-5.22675085
0.54144180
-7.58010864
-8.20408154
-6.09870720
-2.01873040
-3.07582045
5.60252237
-1.77913094
9.64989948
12.36590862
3.68400097
3.06409550
8.44928932
2.81636739
5.55893278
9.11652374
11.35421181
7.50323296
8.93085289
8.45125675
12.72490120
12.36537743
-0.58148408
1.78930831
-6.16489315
9.83987427
-14.02871895
1.69857168
-4.73199415
7.70649815
3.15474892
-0.16775155
7.41694450
4.50947475
1.33886576
0.17165518
11.37725258
11.16516495
-2.28005910
0.43961716
-9.05975151
6.53562212
-0.93705183
8.76949978
4.32967615
6.66065073
-2.61471987
3.10307240
5.71863604
8.08889294
10.43418407
2.68561363
1.90153134
-1.05285788
5.34084129
5.40740490
-1.52390146
1.49444771
-5.72335529
0.17373872
-14.66989994
-2.78246331
-10.87948513
2.86883402
3.51402020
-2.19606066
-0.65841812
-4.10881329
-2.82606316
-11.34457111
-21.99387360
-6.32570171
-4.17651463
1.14631963
-0.84599495
5.43985462
-6.68203211
-4.98112297
-8.18082428
20.65299225
17.38488770
11.88273144
8.81136894
4.57659340
13.59422112
10.95463562
-3.60507369
5.56776905
7.28753281
-4.13433552
8.66666508
-3.34178543
-5.71973848
9.69689751
-7.36570978
-13.64052486
2.13591027
2.47884226
5.74128294
-0.44418466
-2.44870687
-7.17476177
-10.58524895
-11.71351910
-5.26565647
7.71740055
-4.24569941
7.64436150
-6.64351511
16.12046242
2.11604738
12.39690399
-7.79442596
-5.81408310
7.70389700
-6.00207615
-4.01913214
-12.58382416
-5.25484848
-5.97709560
-23.08098984
-6.64997292
-22.00632286
-0.79757404
2.87297106
3.82135725
-2.42450762
-11.02517319
-6.42218590
-11.56132412
-1.66720903
3.58437681
3.21899128
0.86093950
5.71675205
17.04910660
16.17875290
11.12008286
6.38948727
7.21158218
10.44849396
8.64171696
1.75709581
0.10880876
8.78838921
2.97466087
9.27567482
-2.59321070
0.62789762
6.22184277
9.79304886
4.21531439
-6.64398384
11.74845600
11.97285271
15.99154377
12.78287601
8.32454491
8.95062637
6.49275827
15.24097252
-2.46799994
12.61253452
12.09434509
15.45052910
2.40667629
0.16480350
6.48984718
11.38846493
14.40143299
3.94817543
3.88291788
12.41787148
16.61864662
21.48163605
13.01953697
5.76251888
9.52548122
14.60973549
17.63834190
16.30828476
17.80647850
8.31444645
0.53770161
8.29615307
-0.90893793
-10.41863251
-5.20774889
-12.68547821
-8.62384033
-9.38280296
-6.18070889
-9.58173084
-6.74232912
-35.89962769
-8.33982658
4.80540562
-5.61029863
-14.79527187
-2.19710898
2.31986475
-8.28337097
-4.60689449
0.03264940
3.84819555
0.06348872
4.40071726
7.20529413
1.26265872
6.48387909
3.60042167
20.58665276
1.28203869
14.05468941
13.33943558
1.87198544
13.40003490
15.77368736
10.14395332
-2.42086816
14.71265411
9.94107533
0.74231422
10.65823746
7.99889326
2.10984802
-7.32720423
-2.90301800
-0.84102583
3.84684372
-12.75818348
-8.04871559
-8.30731964
-4.05876064
-10.59162235
-0.36832333
-6.80527544
-4.89912605
-8.77053261
-1.87450981
-2.31409359
-10.97258091
-9.11683750
-1.44627619
-11.46163368
-13.30895329
-6.03523350
-4.32437420
-2.16059756
-33.64462662
-41.40606689
-31.16973495
-37.65535736
-36.06951523
-24.93540001
-20.56352234
-26.67022896
-20.26057243
-8.59097290
-9.06081963
-9.83339024
-10.60801220
-14.96193695
-22.19404602
-18.28306007
-18.10233307
-24.72054482
-18.62198639
-43.88486481
-24.65156746
-39.27416229
-43.61162949
-36.19171524
-50.65207672
-50.00374603
-39.79772949
-48.35635376
-39.52827454
-48.41743088
-50.25418854
-49.03968811
-51.62181473
-46.98654938
-31.33001137
-52.25874710
-41.15219879
-17.03095818
-31.21046448
-25.22486115
-2.53841496
-11.73933220
-14.94864750
-6.61643600
-3.34892511
-8.13631821
-6.75617599
-4.81133366
-17.58647156
-19.25139618
-17.78654861
-21.06339264
-2.85961771
-9.03636742
-12.25136089
-0.79821563
10.63972473
5.44162416
12.74934578
8.16266060
8.38307476
5.52906704
9.14925671
11.72959137
5.41196632
5.72053576
13.90108776
11.78585529
11.95806503
6.25224543
14.63366508
6.82679176
10.69908619
10.15455055
9.38837624
-18.54927063
-7.93063974
9.71258640
-3.78793335
-13.11625671
-17.19924355
-7.52826929
-6.96151400
-4.84369469
-7.54232645
-13.06361389
-8.19853497
-22.19971848
-25.33870888
-18.84201813
-28.48019028
-21.43236351
-21.78860855
-23.19292641
-10.42926121
-31.84790802
-13.43255615
-25.74624252
-35.75549698
-32.75739288
-27.26922607
-30.13308334
-14.70199871
-24.42136955
-29.12231636
-29.96007919
-5.34251404
-21.61837769
-20.56491661
-12.00971699
1.53834152
-16.81371307
-17.89132690
-0.43070555
-1.34295940
-18.53383636
-7.62770081
-0.12047112
-1.14405060
0.02980757
-0.27065849
-6.95920563
1.87665009
8.42015076
-1.55936682
2.23397589
4.14949131
-2.32041121
-6.61281109
2.37467098
-0.79898167
13.41466808
10.99742603
4.94546938
10.23280430
7.41325378
9.08849907
1.50153327
13.47102356
7.97311068
15.84059620
10.79346657
13.03003502
8.12983799
10.25041294
12.02357578
5.42672253
11.75436592
5.43346310
11.16499233
7.70190907
9.80747986
6.43373871
-2.94804382
14.60632801
11.05377388
-0.43585968
-3.19563532
-6.10959053
-1.73369360
-12.32284546
-2.44579363
-7.89305305
-8.17105675
-15.64092445
-0.82560396
-20.99057007
-23.86934662
-21.96162796
-51.76715088
-51.84910583
-41.99785233
-34.94015503
-30.10736656
-28.42396545
-24.46564674
-27.08072090
-20.90074730
-20.92145157
-20.23528290
-16.67227364
-11.09113407
-13.05895424
-15.12772179
-3.56760383
-22.93288612
-5.89703274
-2.88958931
8.24671555
4.51507807
5.57304001
9.10990524
14.93466759
4.60506630
6.08778524
13.48639488
16.39902687
12.42378807
7.77170086
9.17510128
8.96625805
16.64402771
11.14583015
18.73237610
7.88161612
7.99866581
-1.21882415
-14.02184105
-0.78984535
-5.76281452
-4.71909571
-25.79481888
-4.15779686
7.87740374
-11.84980774
-10.91099358
1.94315147
-9.09529686
-3.68473005
-12.96448231
-8.75641632
-7.18689871
-5.97121429
-4.58409882
-13.10308266
-2.84668469
7.06875610
11.40520668
11.44029427
3.21288872
10.91526127
5.68425465
13.09281349
0.87182629
-8.47266865
-0.24773026
11.18350601
3.09255314
-1.37881088
-7.79065466
-8.64876747
0.06376719
3.01981544
-3.68021894
7.48503590
0.88985443
-6.43697166
5.17281532
0.72302151
0.05459523
4.83746052
11.53720665
0.47143054
-5.96789360
-9.81920433
-9.65623951
-17.53910446
-18.54994774
-7.44754696
-9.41340542
-2.17190003
-14.47908497
-13.72930145
-7.33951855
-13.17318821
-12.85753632
-11.73537445
-16.26097298
-18.65092468
-5.89693880
-10.81543636
-1.55584097
-5.81052065
-2.70924377
-10.74659824
-3.09560013
-18.27831268
8.20820808
-1.49902487
-5.58034039
-14.99307251
8.59038448
15.02235985
12.58659267
8.94313335
-4.44379044
-0.97208786
8.25299644
-4.29767895
6.81487846
1.58771229
-0.28314686
3.76710129
-5.25232220
-11.78853893
-15.41771126
-21.15417290
-6.28492928
-13.17470837
2.53304434
-12.97946358
-20.24643898
-18.32563782
-27.07048607
-19.84194946
-22.25859833
-21.83199120
-6.78807735
-16.92472267
-6.95588875
-2.87901545
-20.32690620
-3.88003874
-7.86190081
-0.22496748
1.59978390
-5.26321888
-2.60068965
-1.42426789
3.69797850
12.67929649
15.21305847
11.42159081
16.94281769
13.39514065
16.86818695
13.66123772
12.72243500
16.03994751
6.13548803
10.21137428
8.69120312
11.16480255
9.86805439
14.02743530
16.89171982
13.04588032
5.37350559
12.03935146
-4.92204380
-2.08364224
4.77017784
-2.16692686
10.20224571
-0.91537523
4.51116562
-6.72978830
18.06926346
7.03445625
6.19571209
2.99936056
6.88442087
0.77295661
4.98787642
-0.73415005
5.62109041
11.67385960
4.70989275
14.13296509
17.59269714
16.88411713
-2.73294640
15.90098190
20.58181190
10.15388012
15.61648941
1.22034335
10.00401115
11.08888149
-0.09206963
6.33124971
7.67306137
7.24533319
12.14679337
6.27876091
3.48930454
-11.41629314
-32.61770630
-30.55747986
-12.03167343
-28.08748627
-12.25108814
-7.44421577
-11.92684364
0.45312858
-0.12864053
0.36396646
5.93817282
-3.40472913
4.95213413
-0.48690575
7.93094158
8.77498627
-18.85368538
-1.95950580
-0.42673469
3.56288528
-1.56936145
-10.56001472
2.30244923
4.08673716
3.10649157
9.08409214
5.72505093
3.73662972
7.54184866
14.27969551
10.82102394
13.30233383
8.71093082
6.70594597
4.40122032
7.21744251
5.21888304
7.05484676
14.74529362
2.05974483
6.12469864
14.18542862
16.59713554
7.14274931
11.99746513
12.41509914
16.47826958
14.64820957
13.67586899
-0.52657819
1.63126135
14.02775002
2.10046768
15.11560154
2.11950779
8.26613903
9.57040310
2.55920267
14.37233067
7.56196785
12.66235733
18.20929337
14.40399075
8.33089542
14.28876114
8.36373329
13.37078762
8.01124573
-0.34026825
7.53496933
8.92541599
8.42836761
15.64136600
8.98529530
13.18974781
12.32447243
4.12431574
9.98562431
9.55046463
1.05061007
-1.37436557
3.07560444
9.23531151
13.54235744
9.88750458
9.51623917
5.04266644
7.27894402
8.51236629
0.69434047
1.52336788
9.86703205
2.12371874
3.70713282
-8.26940250
-7.89367485
-12.82918262
-20.75386429
-9.67714500
-6.65406942
-5.05364370
-8.54980659
-14.17171574
-13.18826675
-6.45652342
-5.05797195
-3.44066882
-4.79230547
-13.07833290
-8.46992302
-5.04938650
4.35481834
-8.81933975
11.90303230
-0.43393159
7.33507347
-6.95175838
6.47313976
11.15340710
3.17312121
-0.00444341
-3.40316677
0.19341636
-4.58934116
1.30808091
8.35791397
5.53557920
2.60561872
12.80842400
12.48865128
4.27642679
15.57926846
13.65678978
8.36322975
14.08867264
-15.08204651
-1.46658015
0.67456937
-7.69165897
-17.34055710
-10.31466579
-16.47352982
-16.72139549
-3.81182766
-16.67667770
-18.34148216
-4.87621164
-0.57958937
-2.99838209
6.68923283
14.45642471
9.26230240
3.01186514
13.03248405
9.72081184
16.07208252
11.17630863
14.34077644
2.59458995
5.09573841
12.72469902
17.09200478
14.40556908
13.96654415
4.02031612
10.08270836
12.32761002
12.91876316
7.39168167
8.17261600
8.86210251
5.96793365
14.31027985
1.21591759
-2.06858754
4.19932842
4.28448200
-2.29757118
13.49544716
9.86023140
-1.40269089
11.15911770
2.32635641
7.47495174
2.49032307
5.39941502
5.73746586
0.17867041
3.80953407
7.11123323
-0.68808186
3.58489037
-0.31065607
9.79018974
2.76241565
11.04488373
2.28914428
4.75458670
-5.41702318
-14.53283119
0.78556466
-5.50448418
0.08229828
-13.11523056
-2.81709981
-7.45506859
-8.43140602
-22.84651566
-24.34870338
-30.67574692
-25.61896133
-14.93845940
-15.11310959
-30.23937035
-20.77590942
-33.57705688
-37.13731003
-37.67188263
-33.94884491
-33.27478409
-31.58450127
-25.03312302
-30.38080978
-38.48499680
-32.38346863
-28.36027527
-13.51980972
-3.88804388
-13.90869999
-11.32927895
-17.54394150
-11.45127678
-21.69750214
-8.76765823
-16.62160873
-28.21514511
-6.66290283
-17.44875145
-8.59913731
-11.78936863
-16.64722061
-22.76429749
-24.63917923
-12.09536743
-26.79911423
-37.81470490
-37.87414169
-18.18763351
-28.41066360
-27.92387772
-20.83454323
-27.41373062
-22.12675285
-35.89934921
-23.12910271
-23.62833023
-32.75118637
-36.25990677
-21.26973534
-37.56739426
-38.18966293
-31.40392113
-36.72238541
-46.05452347
-51.53242493
-33.79016113
-34.05995178
-22.19167709
-10.35342693
-24.63200760
-18.90008163
-30.14412308
-15.66962242
-24.72506142
-19.93136787
-21.92888641
-12.56127930
-11.65738201
-6.85966492
-10.08243656
-11.43888187
-17.88813400
-29.02939224
-14.48211575
-16.65219307
-12.74920845
-7.06210518
-0.24510756
-2.96952248
-8.98732376
-3.99004960
-0.30233240
-12.76583767
-7.97687149
-5.04998875
-11.20264339
-6.30840874
-4.21334267
0.94553041
0.60758698
-5.53329277
13.83728027
5.27065325
7.88420296
8.74930286
4.84385395
11.43175507
-5.89418936
-18.01173592
-8.64090729
-8.58241749
-2.06855083
2.73584747
-14.83631325
-11.29150581
-7.29689646
-17.94885826
-12.99661255
-21.48701668
-19.80164337
-65.97153473
-61.60292053
-61.70910645
-60.52011108
-45.08414078
-50.90568924
-53.64503479
-48.43125916
-48.87807465
-50.19303894
-45.36531830
-42.57799149
-44.66339111
-36.07385254
-42.31928253
-42.96604156
-49.22545242
-35.26896667
-32.53070450
-22.03566933
-30.14632034
-24.25870895
-18.18986130
-25.37046432
-27.20670700
-17.18282700
-12.70263767
-7.99622250
-10.03318405
-11.69956303
-14.64050293
-25.69203186
-20.84628296
1.91777658
-6.26339054
-12.22529030
-8.04514885
-12.45376015
-22.49379349
-2.31766129
-15.72298813
-8.01593590
-15.50737953
1.12132692
-7.57044220
-27.03772926
-26.03943443
-19.15234947
-31.38731956
-32.04299164
-32.41082001
-43.26272583
-43.99068832
-34.99320984
-23.89561462
-32.57298660
-15.07964516
-21.04977226
-8.36985588
-9.15256977
-12.76888180
-1.27061033
-6.72790432
-2.57938862
-13.06615257
-11.02136803
2.50851178
-14.64236069
-3.55656934
-8.54354477
3.56160498
3.85774612
-0.11003232
5.78447485
9.72580433
8.29650879
9.01889229
8.97548866
-5.20934200
1.39434004
-1.00078964
2.15937805
12.13651085
12.31633568
9.69695091
2.08313131
4.66010857
5.27722454
8.56730938
4.35654068
-2.45573616
0.93092144
2.81964397
7.17011166
12.41354370
2.31738567
9.77476025
7.33905125
8.87278366
5.45911026
15.68711090
14.30737495
11.68996620
5.17970753
14.83331108
-0.37256956
4.64685488
6.61318779
12.31642532
9.89207649
4.35426521
4.96641445
-2.00782180
-18.60660172
-8.40947914
-11.42862797
-3.95259929
-17.25454330
-9.69359303
-4.87988091
-0.20361617
-7.91052151
-10.47865772
-4.65944862
1.40473723
-7.21726847
-6.34017849
-5.68167210
0.86247683
-3.24050188
-13.32892036
0.87680793
-8.07668114
-7.06734848
-3.65380955
-11.59409332
-5.25312662
-0.13962889
-15.48597908
-9.30438995
-9.30356789
-18.35367775
-3.13614440
-8.70739365
-8.09222698
-12.48791695
-9.69307709
-7.31376457
-11.07523918
-0.51993251
-12.90982723
1.96378291
2.50220108
10.70754719
1.23129249
3.35879087
8.32207870
8.90370369
12.00760269
7.03292847
4.42388010
2.38305044
13.30216312
6.25025606
5.37585306
3.91059923
14.04397392
3.14987040
7.12424088
-5.05982780
5.20868206
-0.05253530
-3.68258619
1.08447361
1.01090145
3.32480669
-0.77040505
1.58205271
7.12062073
-5.43813133
7.28625107
4.78036404
10.38318634
4.58954716
13.58701324
9.94807816
-0.11999977
3.06420946
4.88847685
-3.94763613
-2.32197738
11.22411919
-0.03275606
1.86175728
-10.76870537
-4.06734705
5.15751505
-6.59273338
-3.61056232
-0.32361495
8.06402588
-6.11092377
-4.06480169
-17.59733772
-0.96135068
-18.93598175
-13.19259644
-48.22711182
-48.35294724
-46.38530731
-47.66629028
-33.98030853
-40.10568237
-35.22479630
-19.12875938
-17.56144142
-39.55503845
-19.28218651
-21.62810326
-22.03681183
-31.07924271
-10.43264961
-22.48117256
-12.38837051
-14.07431030
-25.06731796
-32.50434875
-36.20779800
-44.60766220
-28.79133224
-34.84450531
-34.94808960
-36.72186279
-37.48954773
-32.81867981
-35.98219681
-32.06676102
-46.97100830
-28.82182312
-43.85118866
-24.14792633
-36.97895050
-34.19220734
-33.24182892
-31.33262634
-32.56941223
-31.80315208
-25.25749207
-29.39652061
-27.90872574
-18.44984818
-17.68644524
-12.63853073
-13.78836250
-22.83139992
-7.04823685
-17.60933304
-7.69746304
-9.84497166
-5.40547371
-1.56113839
-7.65234613
-9.27615738
4.75648642
6.52855587
-2.18940115
-0.98597544
-15.72190189
-5.69281483
-1.46032810
-11.42802620
-5.05833149
-5.43839645
-5.13076305
-2.87402773
-3.42186928
-12.78161335
-6.66242933
-25.99351501
-2.87364316
-12.13844395
-8.36491394
-2.70638251
-1.90495920
2.05263448
-1.09619045
6.13425255
-15.92046738
-12.25945854
-5.64850616
1.98005283
-1.45402479
5.76354980
3.21401262
-6.69555473
-3.42381287
-1.25576484
-1.88320565
-3.98466969
-5.91660547
1.14807236
1.89277339
7.22957277
-2.67086148
-5.32707787
0.45893836
4.83121777
5.51951122
4.74491310
5.89015961
0.90989614
-1.00020933
3.05615687
6.26026249
2.70617414
6.63125753
6.89790249
2.99827337
-2.93057323
0.85418200
0.89391840
0.88074446
5.53152180
8.31447124
3.89428711
2.19579244
-3.28227091
-1.71699476
-3.96958280
-1.44885123
10.04841805
3.69109559
4.23414040
7.87388277
0.52076292
6.33706331
1.77913439
-1.00239456
-0.67413640
2.48853683
4.22230530
4.30358410
10.96054459
3.27603364
2.41780925
2.70990467
5.63728333
4.12863827
7.42603207
8.55861282
2.71584320
7.25279140
5.45869541
-0.56922901
0.85287189
1.42779684
6.36494255
3.93574500
-1.30457473
-0.26367593
-6.52555752
1.80867398
-0.02285504
3.99342442
5.39838791
5.56974888
-5.01546860
-10.83886147
4.66185236
-0.20582378
2.73126650
3.58112550
1.46346533
6.23179436
-7.42122841
-1.85118055
-9.96704102
-25.56997299
-24.91436195
-6.75756598
-10.59464169
-6.97477341
-5.13143063
-19.33399200
-6.62847042
-19.69642830
-9.64434814
-2.17545938
-6.68923330
-26.13889885
-22.66165161
-7.66605997
-4.61709404
-11.16775894
-8.71431923
1.42754281
6.63711071
-7.63266373
0.52828455
0.34688640
1.69381034
-6.18200970
2.70245504
6.29511738
0.22468483
8.46906281
0.36418223
1.96833396
8.20709896
-5.62037659
-2.13650227
-7.10218477
1.57929087
2.19397163
3.14089108
8.02731323
-9.93016052
-0.78993213
2.31831312
7.23275471
5.25937080
-5.74044561
-5.17685604
4.93870354
1.57899690
-2.37437725
2.99057341
1.90792370
-1.39164495
0.20228112
4.47144651
5.99547768
-1.46069944
-0.76922274
-1.29131591
9.78668594
-1.45556581
-2.10049653
4.96979618
-2.98148584
-1.63991547
2.96372890
5.64824343
-0.86930466
3.05839038
-6.75573826
2.95379639
-2.43119788
4.44679785
-0.86096656
-2.92131686
2.63033962
1.25089097
-9.17123413
-0.92365932
0.03748631
1.40528727
-15.00495052
-3.15771341
1.90714931
-2.16606069
0.93012309
0.01768577
3.36842871
-1.57642245
0.44138312
0.12662417
-5.65551949
-9.82426643
-9.68968201
-15.60727119
-20.38450813
-9.48743916
-19.16168976
-12.65075493
-6.22858906
-10.24107361
-5.70732689
-6.78088951
-10.93301010
-3.33241796
-12.06435013
-0.88525844
-6.98604202
-4.91483974
-9.74824905
-19.72000504
-15.67973328
-5.80156803
-8.69028759
-18.48951721
1.51139700
-1.92270899
-19.26618195
-20.95018387
-10.57495975
-27.35658646
-16.93194199
-5.73508453
-20.01607132
-22.50873184
-13.73227882
-15.67442894
-5.17211962
-11.20499134
-14.84507751
-9.00176811
-9.58751488
-15.62850761
2.70097184
0.61514449
2.81088543
1.08288264
-3.20787096
2.75785446
-7.19270515
-3.93298483
-4.41880894
-5.61686516
1.29334164
-10.55243206
-11.07610416
-13.25800133
-9.73628521
-10.97821999
-11.94626617
-11.82108688
-12.67639256
-4.26803303
-17.89212036
-7.70699120
-6.66420221
-15.38878822
-4.45661163
-11.80167198
-3.74914575
-7.73386669
-10.16868019
-13.04734707
-14.87017441
-12.38233376
-15.44748497
-3.01620531
-7.37026405
-9.23939800
-10.96568489
-13.93094826
-3.62753773
-14.64724922
-7.88464308
-6.98337936
-19.69034195
-22.27597809
-11.68742847
-14.85824013
-13.82983875
-8.82637024
-4.45585632
-11.20082092
-7.58563328
0.79776138
-12.45355129
-13.68973255
-9.50770569
-1.15483594
-15.95810127
-13.57387161
-14.85328579
-15.70009232
-20.74534225
-19.55918694
-18.22348022
-11.88589001
-9.70346642
-10.70005226
-16.26855659
-10.13372803
-4.60516167
-18.54319954
-15.05005264
-17.08411789
-8.90584946
-8.41288185
-7.17492914
4.47661209
2.98985672
4.29663181
-3.69983387
6.99520493
3.73421717
1.47685838
7.58961391
5.68663597
2.33283019
0.61148262
5.47403908
-1.42582035
0.35344636
5.13244057
2.09039664
-0.70835400
-1.10104537
-3.97676754
1.20096838
-1.01726604
-10.27893257
1.78941333
-1.75052333
4.18840647
-4.30858326
-6.13848019
2.86791897
-3.62572289
-1.50390351
0.01736093
-4.84316874
-2.34413886
-7.85642624
0.32839656
2.32792401
-8.35048676
-7.46853065
-15.52272606
-17.57087326
-10.48155022
-20.42420959
-2.52383780
-6.19491148
-17.75878143
-14.91955090
-22.07102585
-40.89874649
-33.41960144
-25.08175278
-23.18723679
-21.41321945
-23.55001450
-16.45528412
-30.42621994
-26.73778915
-5.72947741
-6.11336756
1.52326751
1.04511023
-4.08603144
-0.98038161
-6.00048971
-5.44248676
-14.49823189
-5.48728323
-13.51305580
-2.49310160
-0.25239563
-10.42027283
-11.40600395
-4.75159931
-10.21196938
-5.26687431
-22.39466476
-56.60549927
-54.50064850
-49.66704559
-55.97734070
-55.38408279
-68.36186218
-67.78782654
-68.17103577
-64.35878754
-58.54489136
-51.13292694
-56.79239273
-45.00321579
-52.09418488
-34.33500671
-54.01123810
-47.84076309
-57.86836243
-52.43811798
-74.65717316
-65.34842682
-60.67966843
-50.97436523
-43.44330597
-54.74066162
-49.04393005
-47.74691772
-45.41982269
-44.37325287
-39.33123016
-41.12360382
-27.39999962
-49.58745193
-50.76686859
-40.99233246
-33.88851166
-54.35467529
-34.14498901
-35.08958054
-33.83164978
-19.87472153
-15.58393860
-18.81598091
-25.34999466
-22.59556389
-25.68524170
-23.02674103
-29.61835480
-32.27152252
-47.79700470
-31.01148224
-39.18322754
-43.04420471
-41.31734467
-28.34390259
-32.07609558
-22.21962738
-14.68833160
-25.98377991
-25.23800278
-19.73453140
-26.99270630
-31.67157364
-16.69567680
-19.41910553
-26.90491676
-19.85158539
-29.68055725
-28.49499321
-42.07619858
-36.82373047
-27.00557518
-38.27906799
-34.03104401
-28.55005646
-29.02399445
-27.75499344
-16.31512260
-24.67756653
-7.36896992
-33.25610352
-19.75468826
-31.25397682
-31.99758339
-9.48636818
-26.17542648
-14.78378391
-14.40089035
-11.05804062
-3.05540133
-17.02691841
-6.37803364
-6.05040646
-6.69374561
-21.00595284
-17.25505257
-12.42824554
-15.67847157
-5.76885986
-6.72448158
-10.13027191
-14.98533821
-22.23186684
-11.64138222
-8.63578320
-3.49154186
7.32540369
-3.45343566
-1.16239929
-14.08230305
-2.67572141
-20.20371628
-4.24071074
-52.71591187
-37.60249329
-57.59896088
-38.74811554
-42.89846039
-34.90538788
-43.95969391
-46.02438354
-34.09010696
-34.63325500
-33.00613403
-28.64478111
-28.10414124
-33.77418900
-29.66954041
-23.63270950
-16.42966843
-22.84854698
-31.39336967
15.53355408
5.59335041
14.19243336
11.27183533
7.52916813
-3.05722070
11.84447193
-2.56047106
12.26955032
16.61418533
13.93761826
2.92298675
2.93547893
3.22967029
5.09630966
11.79401875
4.84685469
11.26450443
-0.49627793
19.50295639
23.94915009
14.44575977
17.78776550
11.74556637
12.35712337
12.77861977
14.50013733
8.19716167
12.23084641
10.63669682
7.48288774
2.67021990
3.91960526
8.23134613
0.34881067
-3.71446896
2.84201717
-2.08553338
5.78475428
3.87568998
6.52203655
9.92455959
-9.50713634
-10.46667290
-13.93359756
-11.33361435
-15.63188553
3.39122200
-0.72902155
4.86950302
-16.65057373
-5.77282429
-5.89882231
-4.51349783
-5.59295940
-6.78383255
-10.15991783
-13.62038517
-7.09501648
-9.21528339
3.21900892
-1.58617032
-2.63813210
-5.82304859
8.42814255
-9.99561596
-13.08031654
10.59816360
-10.74952888
6.44420910
2.69879079
-6.67734814
-3.91352630
3.06675839
-8.10851955
-10.80045319
-42.65686798
-9.94001865
-33.68750000
-21.01833725
-16.80940437
-28.52567863
-14.14320374
-11.13806915
2.43411732
-6.57060957
-7.94231510
-14.68656158
-17.87436676
-8.91911983
-13.18744469
-17.25834656
-14.14689255
-6.60527658
-18.28649139
-23.23463821
-4.63942575
2.16804695
-4.96498966
-24.51598549
-4.04029417
-16.13925934
-17.89946365
-2.78880787
-8.84038830
-2.03217125
-2.59501457
2.87978745
7.74386215
3.75881410
2.03675127
0.20864952
0.23471427
12.51362991
12.39078236
-20.79044342
11.22225571
8.33625221
9.16269875
-1.38732100
5.24712229
11.10102654
4.85632801
3.58102798
8.99212265
12.04199982
6.78246021
-0.15233785
-4.35057735
-8.62539101
4.31761360
-4.99100018
-34.82814789
-23.62654305
-24.77962303
-32.66537094
-19.70902252
-21.63644409
-43.41828537
-17.18453026
-12.53516579
-24.54754066
-20.55031586
-15.83377457
-14.63977528
-16.61211395
-7.58033276
-3.89832640
-13.29495811
-14.83817863
-11.46221352
-14.74765587
-2.31092191
-11.01803112
4.17687273
-3.96807313
-9.52400970
-17.39010048
0.43546891
-12.22376060
-13.55914593
-35.14164352
0.43346667
-13.31605339
3.26736760
-8.46725559
0.81247520
7.19462967
-4.29663467
9.60561752
5.19830608
15.43941975
9.04173183
14.83097076
10.58918095
11.16035652
17.03897095
18.64303780
12.27585602
14.97816372
7.91750717
1.99620020
1.42398357
-1.16593337
6.12512827
0.51919174
5.27903557
2.16338205
-1.83561850
-1.07569599
-5.44502831
0.84136319
-3.60194635
-1.72138262
-2.35870337
-3.00150108
-20.95799637
-10.90736961
2.37143612
-4.87316036
-9.19214249
-10.04816532
-14.77676010
2.93716407
1.69316065
-12.05958748
-6.46406651
-5.17375278
-8.79638290
-2.49790573
-7.29425812
-3.22133064
-4.77121544
-6.72630405
-2.83776140
0.25945127
-12.67176533
-9.81115341
-2.05872250
-20.10467148
-12.66916656
-2.81500268
-11.12745190
-4.89338589
-12.78423214
-9.15969658
-10.74538231
-22.96709442
-26.46365356
-31.43291473
-28.32038879
-26.97599030
-42.92062759
-33.29725647
-45.02530289
-30.58181381
-30.98480415
-39.66973877
-21.17538834
-19.84739494
-24.44891930
-35.41854858
-26.53802109
-21.35458946
-34.91158295
-4.55744457
-2.91001034
-1.79747200
-4.86182594
-13.83541298
-19.52798653
-16.29091835
-36.46791077
-16.78379822
-22.24296188
-28.55853271
-10.04970551
-23.94270325
-23.39866257
-5.94646406
-28.45252037
-21.03235626
-19.41307831
-22.97624779
-15.91485119
-8.14028835
-6.63984632
-17.37274551
-34.54530334
-10.71443176
-22.30066109
-31.47203827
-30.16634560
-14.28740311
-36.41107178
-38.53559875
-28.40707397
-31.11029434
-31.33736420
-26.08109283
-33.82978058
-14.96022224
-20.57805252
-5.15839577
-6.06785870
-12.68814564
-29.17478752
-36.47433472
-24.23921776
-35.98572540
-43.34297943
-37.80951691
-38.79175949
-35.18923950
-37.26299286
-37.76279449
-31.45595932
-23.51363945
-27.86526299
-13.71834183
-29.03853607
-41.46234131
10.71127796
-2.38511562
-1.23745728
-8.29220200
-18.59479713
-10.98219013
-14.57836151
-8.86049080
-16.94429016
-19.50189400
-22.70158005
-12.38547230
-26.99479103
-12.20788383
-5.76673412
-15.09086418
-25.42335320
-2.27518368
-5.26881504
-6.41858292
-3.78142571
7.57226562
-0.09017766
-4.75455761
-6.47288513
-5.04600859
-4.53599596
-12.58323860
-18.43274117
3.22250366
4.27020359
-10.54583931
0.36876297
-5.64292336
-0.68188620
-0.76018715
0.37178421
-24.74110031
-28.58922386
-19.93454170
-24.96634674
-17.71530724
-12.72537613
-15.88829899
-15.16900349
-20.02095222
-17.85490417
-14.37951279
-20.55545998
-17.77680588
-14.52702999
-12.94935417
-19.16716766
-23.68503952
-10.65993214
-19.04730988
-6.67281342
-19.10364342
-32.30216599
-21.73023033
-24.95725250
-22.05171967
-10.45024300
-20.00542068
-13.03290844
-19.85803223
-4.17526054
-18.80590630
-6.21933746
-22.17295265
-10.90747356
-15.22168732
-28.79443550
-7.16043663
-7.16360950
6.24470043
1.68176270
-5.36112404
0.35845494
-14.76162148
-2.21021175
-6.73154116
6.84220219
0.82575345
-12.64219093
-6.52453613
2.02592015
-9.18761539
-18.04246521
-19.00924110
-20.42772675
-17.58797455
-19.27209282
-10.86711502
-43.28327942
-35.61119080
-25.81399536
-36.31977463
-32.20693970
-34.60780334
-30.65437317
-48.30141449
-36.58562088
-37.73661423
-42.40431213
-29.21736908
-28.07785988
-29.81433868
-33.05742645
-21.96081734
-33.01029205
-15.99924469
-30.79671860
-37.13077164
-32.36596680
-28.35229492
-20.49326897
-27.71224022
-21.47099304
-23.87938118
-22.97751617
-17.37437057
-10.92855263
-16.14872360
-23.58572006
-10.21198750
-15.09858990
-15.42805099
-20.70599365
-3.78490424
-9.39016533
-17.11478424
-1.05088615
-11.78022957
-13.37176704
-22.67799377
-18.60766029
-20.34577370
-9.83956909
0.55598330
-14.60326862
-10.10926819
-18.76512337
-14.56179619
-6.54568195
-23.08950806
-22.38471794
-32.55802155
-19.18513870
-29.84378052
-61.22575378
-53.62243652
-33.72801590
-28.89893341
-49.36984634
-43.84780121
-29.21451950
-18.33171272
-23.68744278
-35.71984863
-29.37482452
-42.30643463
-28.53139496
-39.35429382
-40.93058777
-18.89921570
-34.86817169
-53.31675339
-26.09239578
-17.95573235
-23.86879730
-20.80616760
-28.59794807
-7.31966543
-13.98587894
-14.27197266
-12.81289673
-3.61298203
-9.86187172
3.27025914
-4.62648869
-6.26339006
1.43660522
7.15699005
0.23718452
10.93358326
1.71654463
-2.30457211
22.61183357
3.66722870
3.74203348
13.69568253
10.99629974
14.26451874
13.96651268
20.18457031
15.92418480
16.33722115
12.85454941
13.26075172
14.97490692
26.40605927
17.71273422
18.99848747
12.10131168
13.24273586
12.41648865
-22.45826721
-20.19353104
-18.17211151
-15.78108692
-20.76596832
-13.43310165
-38.27558899
-28.26261902
-18.68568039
-23.41427040
-17.90759277
-13.70874882
-6.06044579
-10.16637611
-14.41156101
-11.41592121
-12.82649899
-5.23404169
-26.51088333
-22.83880615
-25.56983948
-34.74252319
-30.81468010
-42.97654343
-56.43810654
-36.24170685
-42.63262558
-36.20300674
-23.39950180
-28.68488312
-26.68975067
-26.87287140
-16.38126755
-30.71832848
-21.91450882
-27.34852600
-29.14952469
-15.26203918
-26.01478195
-22.53255844
-27.30767250
-42.15376282
-28.60330963
-28.73774147
-18.67170334
-23.64865494
-28.51437759
-35.25921631
-17.75652695
-23.66189957
-21.35822487
-9.84626198
-16.85041809
-5.48293829
-2.29847789
-9.77876568
-10.11864662
17.71475029
26.88088608
14.48600864
3.18309021
13.37174988
24.49997711
19.59872627
15.57868004
16.92418671
22.37815475
14.63214016
8.00047684
13.62308502
5.36587191
24.35538864
21.93833160
11.08784866
14.92879486
17.00363350
8.30211926
13.73861122
16.80611610
23.41635513
11.62837887
8.81283188
7.33426142
5.60725451
5.49734068
9.38358498
14.20495510
7.00946903
5.58989716
-2.88168120
-7.85209465
1.11088753
6.03008842
1.60188961
16.07777405
-6.01711845
-3.06018162
0.81794071
7.58107519
-7.23863411
-2.45918393
-12.51050186
-10.15853882
-7.04121304
-11.67100906
-15.75737190
-18.98667336
-18.30175018
-13.17891026
-15.22808361
-7.52052498
-13.07184887
-22.96679688
10.89770317
-12.73784065
3.70728445
-2.69111490
-4.61719608
-12.25771523
-25.78876495
-12.95881176
-9.97918606
-14.38049412
-31.69895172
-16.36005402
-30.58686638
-30.82659340
-33.34391403
-28.91648102
-33.02491760
-33.08955765
-31.85907745
-53.04653931
-36.65544891
-25.36878586
-27.90088081
-15.79519463
-19.90424347
-12.41286182
-9.22373581
-1.01837921
-11.71332169
-7.98410606
-21.48096085
-15.02997780
-15.51565170
-12.47024250
-4.23775101
-21.18981934
-9.42111206
-2.30617714
-3.04987550
-15.65639877
-15.29603767
-5.12168789
-5.63917542
-0.67563605
5.23485804
-9.26193142
-22.94019318
-5.06292200
7.00721455
1.16505051
-3.17845345
-0.69193888
6.84018230
-2.24220371
-6.55532026
-3.92920375
-2.44361162
-1.45680308
-19.10770035
-23.62259865
-25.40626526
-7.17598343
-16.33537865
-11.69049835
-11.92375755
-15.05821037
-6.82102728
11.51852608
-0.89408714
-1.21932316
0.57139230
-14.99894905
8.56723404
8.55287075
0.19496584
27.09777832
14.39304924
12.29720879
-4.64984751
-4.36759090
-2.59587860
-10.61449146
-10.77067757
8.88265514
-6.49741220
2.72535658
-6.31233597
-15.32609940
0.63856936
-13.94814110
-10.89734745
-5.22798395
2.86050272
-3.11346674
5.91161060
7.44183922
21.50712395
21.67517281
28.31857491
18.86619377
19.48354149
10.58493042
22.82086563
14.40472794
9.97952652
16.21586800
4.47269869
7.67656279
16.61705017
18.16175652
8.54510689
23.12265968
16.67009354
12.93364716
15.72547913
9.91750526
11.71405411
12.17414093
6.99173689
11.75662804
9.10171413
8.52945137
10.85703659
10.63583374
4.49108934
5.02075148
11.31300926
0.89471531
-3.70273876
22.85782242
8.97450638
15.77889061
10.25430012
10.02519417
-1.06691742
14.81063461
-0.20638847
3.27924919
9.18188858
13.62164688
4.73106098
12.01038551
16.78662109
-0.74951220
13.53961945
8.05986691
10.29728508
7.03543806
9.25458241
2.81081152
9.37809944
4.25253487
5.25873089
8.05552101
20.60383606
3.99675822
12.13835526
14.48430538
20.77009773
8.04740906
7.35373402
-0.47987747
4.64332294
5.36796284
11.31371880
13.93944645
11.91226196
-2.24766707
8.62902069
8.88358307
21.35057068
27.07482910
14.31727886
12.13036919
12.49664879
4.67140532
6.31417036
0.05114359
-2.73201299
4.34833336
4.39987421
-3.98201609
13.69988918
7.77014065
4.65175438
11.94119167
9.75867462
12.95299053
23.19923782
31.16100311
22.27349091
27.25439644
21.91331100
9.00301170
4.04107714
3.31697822
4.06699753
-1.92682362
12.89131165
-2.06099558
9.36165047
4.95616388
4.18818140
9.32690525
9.23060036
-1.34699225
4.92914486
-23.13698578
-24.07252693
-15.52129555
-28.82967758
-10.03381729
-6.31554317
-13.15369225
-17.47178841
-5.04822683
-3.62612081
-1.09896266
-7.52909613
-7.16569567
-19.90229797
-12.01498508
-15.86212635
-20.22114754
-20.32633591
-9.88064766
-44.06776428
-47.06615067
-49.04639053
-42.62571716
-41.33401489
-29.46896744
-30.29412460
-25.87362671
-23.75035858
-41.52741241
-23.53153992
-28.92635155
-29.88211060
-31.05058479
-19.62503433
-16.81530952
-10.57648277
-9.65091610
-2.00302505
19.29475784
21.81250381
11.91169071
16.84853554
16.91789818
-1.64241529
1.70304680
1.12063003
-4.28444529
-3.47393274
9.95570087
-4.58361006
1.39503050
-3.38337898
4.97996283
5.52017450
9.82473850
3.20148849
-0.62068796
-8.70239449
-9.65147018
-15.00041008
-16.72393799
-9.45280552
-1.08854032
4.65416384
1.32376027
0.95741844
5.26349115
-15.79802895
-14.65403175
3.92233920
3.90408063
0.01867795
0.29323339
1.54784000
-11.29800034
-3.95843410
-2.43675184
-2.35731125
-7.24270391
-15.46645832
-15.29978371
-9.56344795
-14.64094830
-6.01712847
-9.93428230
-12.62541103
-10.53340816
-4.46844864
-12.04853725
-11.66666603
-7.19399071
-5.21097183
0.63564277
-12.33004189
-4.66672993
30.93597221
22.74218941
21.11790276
13.84480858
19.21025085
20.23403549
10.94953060
17.67772484
12.97402477
7.20805883
19.82547760
17.35427666
15.34465599
8.56953621
2.62381077
13.31569099
1.03780556
-2.50293064
-59.07469559
-41.41193390
-31.38095093
-28.33300400
-13.33280373
-9.77659225
-17.88705826
-7.11996317
-17.61166382
-10.13385773
-14.25518227
-20.64830780
-25.12512589
-19.18638420
-14.21784306
-22.85706902
-11.85544777
-6.60758734
-10.63882637
-26.67779160
-25.44421387
-18.27098656
-16.86238670
-18.96040344
-19.46933174
-28.40054321
-21.97874451
-18.26960754
-17.51185608
-21.35960770
-26.31188393
-15.35367966
-21.13982391
-28.24710846
-30.97601700
-30.53374290
-33.89232635
-21.10195923
-30.92179489
-10.93062115
-8.21425915
-0.78945541
2.01299477
-10.59004211
3.15915704
-2.87055206
-6.14379215
-6.61597633
2.88103604
5.15872908
-2.48650384
1.40225887
3.93193889
-7.64834642
-2.20545864
-6.13351440
-6.02656746
-21.94544601
-9.55653572
-27.13067627
-12.13579464
-30.19876671
-40.99512482
-23.06011200
-33.32956696
-33.16422653
-21.15172577
-24.04372025
-16.65851784
-31.93518448
-19.90248871
-24.08233261
-32.13771820
-18.41506577
-15.52882004
-9.92666721
2.15496778
8.83478260
7.73957062
5.31862593
19.60793495
-4.05805111
14.70157814
-1.64601016
13.62411118
10.95584106
7.53506947
14.80126667
14.01525879
7.44051743
6.42468834
11.27985859
19.75434113
16.05421448
13.08685112
18.71668625
15.11673546
18.54715729
16.53953743
13.73296165
1.55719304
11.33023643
14.56955719
1.33317041
-4.35914469
-2.59394193
2.16290045
5.22191238
19.29741287
-10.46597576
5.72424698
8.16321850
4.80726719
23.08734894
13.60539627
14.35113907
10.16691017
20.00805283
15.20750713
11.56892776
9.46674633
22.29800797
11.21769238
19.30033302
22.87749290
16.51578712
18.97715759
15.38978958
13.01801682
22.43818283
13.98576736
13.70357513
23.56213379
19.24147415
28.65702820
22.73773575
20.82255745
26.18682861
20.75316238
28.57399178
20.35580635
26.23555374
12.12783909
21.20105743
28.41494179
19.22916031
28.47239304
20.86075974
21.03628159
19.27762032
13.30118561
26.17974281
16.44648743
18.34834480
23.31970406
20.00218391
17.29636383
24.27163506
24.98497200
15.64240646
17.94858551
9.02800941
18.89470863
17.37955856
13.39750099
12.59121323
20.21285057
21.53697395
3.67341471
11.80878830
10.43856335
13.23299408
-2.35991716
1.35025406
-13.40794086
-3.88111067
-8.31576157
-6.34701490
-7.59130955
-20.01005173
-21.72467232
-14.87662125
-19.06988907
-2.96405482
-14.55917549
2.52581596
-8.51076031
-9.30976295
-0.87597799
16.14913368
7.38341379
13.44153881
11.62168598
-6.35533190
-1.63045669
7.22938538
0.04356003
-1.89030409
-2.11848927
-1.62728333
1.14755869
-3.38106060
1.38353348
16.85158920
0.82522535
6.36223125
10.09695339
3.35716248
34.51769638
19.72960472
4.06151724
18.74379730
-7.40752411
6.30559587
-10.61444092
-0.42879391
-15.09514236
1.62357879
-5.98173809
1.58121347
-6.97982836
-12.35316467
3.12489724
-0.46575224
-1.54858458
1.08105969
7.25894642
-18.35560226
-11.82925701
1.70984077
-9.52329254
2.54142380
0.95702434
2.00596523
11.65408802
2.97989416
3.40349269
3.72803545
-6.35375404
-9.32658195
3.18037844
10.01027393
3.72235680
-2.98095489
1.70816374
8.95795059
-7.14736080
-8.43612576
-12.95181656
-13.28349876
-9.50048637
-10.64945030
-7.41345787
-13.33255005
2.08669901
-7.61996174
-12.53074074
1.74704218
-15.16780472
-1.71177459
1.73878992
-8.57040310
3.05897999
-3.92686534
-5.98142767
-18.31816101
-21.01069260
-19.66462326
-25.28948784
-15.98654747
-17.43770599
-16.76001358
-16.39679527
-18.23918343
-32.75904846
-48.68405151
-39.37014771
-28.61368752
-32.40277863
-28.87289429
-35.92436218
-19.88138771
-17.08658791
-8.95188236
-7.91692638
-9.15279770
-18.58728600
-11.50406647
-7.59443474
-7.06957722
-7.05060863
5.35813332
2.94378757
0.68536949
14.60726261
8.01364231
7.63179398
4.01836252
3.54189920
-14.73679256
4.54407692
-15.04629993
-45.00155258
-31.91722870
-25.02891731
-27.75080299
-28.99600983
-30.81156349
-21.19332123
-25.13750076
-13.52644157
-28.75233078
-21.62658310
-25.89282990
-31.69572449
-30.37709427
-27.92478561
-23.88365364
-35.34408569
-29.77148056
-36.86401367
-51.43693924
-48.97169113
-36.72955322
-29.06198120
-30.12519073
-25.87755394
-7.14920902
-24.71131706
-19.20181274
-26.58837128
-18.73457718
-27.23793030
-17.58034134
-10.44377327
-30.22913742
-26.45516777
-17.57060242
-16.51148605
-23.72884369
-27.85713196
-7.89920139
-14.00109673
-18.97035599
-9.64815235
-9.00174236
-0.34571147
-1.99355936
1.37903738
-16.17576599
-16.78190422
-3.69848299
-7.62534046
-5.39949799
-0.44609976
8.01942444
0.43936336
3.97274566
28.66537666
15.73305035
12.09999847
13.76014423
18.30754280
4.65213060
3.41150212
4.85806751
12.20648670
-3.74874258
-13.15578842
-8.52112198
-10.26465225
-4.12921858
-7.54994011
-7.38059473
0.60816979
0.04563665
11.26953602
5.87491417
6.48566055
10.58200264
2.61363053
-4.32921028
5.09888458
-7.19304752
-14.28359985
5.83129644
11.73930740
10.08432770
2.50429773
7.44982433
-7.94671822
-2.14173269
-5.33575153
2.18773031
6.17509127
-8.99816608
15.04870701
8.71202183
2.20303369
3.93248081
4.64657354
5.02123213
14.28449154
10.73693466
6.78562641
11.10901737
5.17319393
-10.49073601
12.20656586
15.57890701
8.65707588
18.78513527
21.84456444
1.14772570
8.90164948
23.14521027
25.76358795
24.66993332
34.18218231
30.95414162
25.22492599
27.19955063
25.69495583
26.96049500
24.81455803
32.87524796
22.66524696
23.53785706
32.75340271
29.46245766
28.82106590
29.53664017
16.85426331
23.79502106
14.76624966
15.38902092
25.70448685
18.84946442
12.30753708
16.25347328
8.29492569
-0.72599804
4.97216415
6.24265099
-14.56599236
-13.06512451
4.45814657
-6.64322662
-9.48827457
-14.26402378
-13.40862846
-14.74209023
-12.57776165
-17.46797180
-22.41113281
-14.82256031
-12.18880367
-27.57435799
-23.24620628
-21.93790245
-15.22808647
-9.34016037
-13.73269272
-16.90377045
-16.70764542
-12.46335888
-11.70736980
-0.25314087
-2.90246725
0.21455717
-10.31640053
-3.06966686
15.71303558
10.78712463
10.06142235
4.94449806
-9.27859974
-6.20170879
-7.64777994
-4.17981339
4.20330858
0.81026244
-1.22106993
9.87054062
4.78441525
0.62257648
-4.27473259
-7.95011520
-3.08645487
-1.22884178
-25.36319733
-16.28348541
-7.07631731
-20.04474640
-12.06230450
0.15598011
3.50182295
12.82451248
-1.69482255
17.04309845
-0.42380881
-1.55866587
0.33161616
-1.28584397
3.74438953
15.70828438
11.43206978
3.33204794
6.41618776
15.47477150
27.66441345
26.13809776
16.79182434
28.44759178
29.84443855
22.48861694
14.38782501
23.39238548
28.65473366
18.12540436
17.40708160
23.53441238
4.19156313
7.35440111
-1.20179594
-5.29525661
-0.22089958
-0.30086136
-44.95082855
-45.44555283
-50.17842865
-27.40141106
-42.83761978
-26.41969681
-15.82528305
-9.70218849
-24.49366379
-16.67840767
-8.21522522
-2.88212132
-8.05018234
-23.38317871
-3.00615668
-17.71295166
-8.47860622
-8.17128181
-12.71583652
27.00109100
19.59016037
18.68275833
27.98419380
21.25030518
27.86984253
20.31141663
21.32733917
29.13486862
13.95791626
27.55278015
20.69041061
11.91279411
4.30986929
6.64516163
5.03019428
-10.12557983
10.71344566
-1.94222641
-24.64924622
-14.60555840
-20.07368469
-19.23478889
-16.97373009
-11.23673058
-17.17518806
-3.02758098
-14.83408165
-13.56183243
-23.02048302
-10.40492058
-13.54549885
-2.57907867
-12.08087158
-7.53140259
-14.85397243
-12.40795708
-2.96120214
6.85393715
5.72001600
8.99108410
6.53542566
-5.24567604
-15.40937805
-18.08988953
-8.88815117
-10.92379189
-12.25578308
-19.62386322
-12.55598450
-21.73020554
-18.69992256
-12.13580894
-24.19076347
-8.63825703
-12.05095768
-1.42888641
-10.95633125
-6.95659876
-16.50532532
-32.21535873
-28.56412125
-22.79697800
-27.69554520
-43.57101440
-21.88795662
-18.40672874
-9.54787445
-20.57554245
-8.20021057
-18.89762878
-9.30328655
-15.04555511
-20.06993675
3.96227598
22.57478905
18.04266548
11.44543457
4.44803476
6.65541983
-5.66739845
-9.00573158
-6.06506872
-9.35004997
-17.91584778
-19.30596733
-7.12874126
-4.40586185
-0.78167027
-6.96912766
-0.21457958
5.06206274
11.39661312
15.61930370
31.84310341
19.38990021
17.43175697
24.89514923
16.78072357
14.45540619
9.58612728
8.77039433
1.59655666
-3.18232608
9.57033634
5.78035212
5.63894844
5.38266802
8.40719128
12.24629974
0.78447700
8.98106575
7.39859438
8.85835457
4.81315660
1.47071028
19.21534348
16.03097916
6.43559742
2.62050176
7.66030741
22.19841766
19.85768318
19.60562325
15.64823723
17.69771576
17.81842041
11.76692772
3.94785500
22.75478363
7.21729755
1.39106274
-28.25659943
-20.54818726
-31.71347046
-38.28182602
-32.26324844
-29.99563217
-38.59844208
-40.86715698
-35.93110657
-21.49892998
-47.91069794
-33.53748703
-52.89060974
-32.46572113
-49.83087158
-43.69166565
-44.20986938
-48.69226074
-40.73897552
-36.91093063
-38.76940918
-30.41675758
-17.35692787
-24.40837479
-26.67382431
-34.24203873
-28.80697250
-42.62815094
-38.17920303
-24.51496887
-31.68419647
-33.61288452
-31.42561531
-26.62247086
-32.37290192
-33.14555359
-23.59641647
-27.43210220
-10.46765232
-2.39677334
9.53176308
-5.69680500
4.67555618
5.05898380
2.07987118
10.01928997
-4.81180716
8.04339027
15.94743538
29.11807632
7.04317093
-8.94745445
6.85046387
4.08672571
20.39489174
13.47806168
40.22291565
26.52640915
13.16236019
16.34846878
18.71165466
18.56955719
23.42317200
25.86863136
22.44248199
24.35387421
22.88034439
31.16033936
21.78265953
28.58207703
30.26776123
30.32345772
20.55668640
30.32541466
21.85715485
20.62371826
26.15647888
1.48783326
-0.61708689
9.72591305
2.67970657
0.98625517
2.39524722
21.97926140
1.69038963
5.99229097
1.37914574
-1.17357254
-12.20486832
5.65652275
-4.46947289
5.51059389
10.03435612
3.30651474
21.31704330
20.34200668
27.41172600
16.80776787
26.56698608
34.70735931
26.65355110
30.61474991
24.09409332
21.98027802
25.98870277
29.86527252
16.87057877
22.29656982
26.53732109
20.40348053
28.22099876
15.65963173
29.00044250
23.45400620
22.38519669
25.29042816
27.22776794
18.51911163
8.26628971
17.07697678
26.99934578
25.64083099
14.27623272
20.53847504
13.58892441
15.52137756
15.80421638
8.59257793
16.64792633
17.39136124
20.29482841
6.20289373
9.81749153
8.35097504
10.55840492
8.76414108
13.30480671
10.24839973
13.66976833
12.74866867
22.00595474
15.61445236
14.40234470
15.74248123
16.80201912
19.62518311
4.10560131
21.26102257
22.50732613
21.20094490
2.87310648
14.46809673
18.04430389
18.31805038
5.22019196
10.95484066
-6.93615055
-7.07805920
4.99638367
2.18746519
6.70098972
-1.23709917
-11.19715595
2.78546429
-5.50698900
20.33035278
2.27877808
5.29788828
9.16553307
18.59788704
29.98325729
26.98439980
30.73130798
31.44213867
27.24126816
25.83921814
25.16705132
18.28389168
12.71776199
16.07077789
13.08614349
15.73933887
22.88919640
9.44262314
12.96761036
5.06823730
12.26455879
-0.43956017
25.76489639
19.67486572
13.18512630
15.88381672
15.24867630
25.46267128
23.45822144
7.75162554
1.14683771
1.89733529
0.47448313
-2.83231640
-3.75415707
-2.68478251
6.84831905
-3.27709317
-9.05248928
-8.31459618
-5.34172630
-22.69247627
-24.30088043
-10.99558163
-17.95214844
-6.22123146
-2.74943113
-2.97823668
6.66644859
7.85128784
-2.79401207
3.41974473
1.68063498
7.10880136
5.80714035
-2.01074123
16.77811050
5.21780443
-11.44586182
7.39190960
16.84078026
24.80999756
27.57217407
37.57899857
30.90033722
18.10841751
12.72734261
19.76510239
25.61548996
21.96944427
29.33774757
13.76904488
10.99860287
9.12361050
0.26257539
1.07086825
-18.53594589
-0.35125875
-0.51135844
-8.42025757
-4.19085932
-10.84852600
14.26879787
11.43149185
6.39374876
-9.06575680
7.81635809
-8.10239315
2.35024953
0.46190643
8.80188179
11.48196316
16.40585518
8.40376377
17.34642410
16.36124802
12.58496094
16.91224480
33.29737473
29.60113907
25.35582924
35.34072876
32.78723907
32.53423309
32.72041321
25.92020988
30.24534988
7.89265919
16.44830704
17.59333801
8.45927906
11.44221878
17.52398300
16.86601830
7.97431850
14.21538258
35.77907562
28.18989372
34.74567413
27.00245667
20.22965050
18.83594513
10.37063217
14.55053043
11.52425385
17.65712357
11.59833336
-2.18166900
18.90423584
9.12534809
15.57149982
19.38834763
12.53285217
20.06106186
19.17241287
34.86765289
38.96221161
34.73520660
40.82666779
30.26603699
37.06694794
39.13174438
35.92150879
38.16587067
34.31546783
15.07729149
17.35346603
22.74797058
19.24728775
27.26130295
28.62433624
24.71331787
28.61732674
19.21762848
38.17724228
29.78417206
27.74620056
32.63507462
20.52337456
21.65581703
28.33966446
30.21511078
29.63900757
24.37602997
26.87686348
30.42201614
30.08822632
25.20265198
26.34397316
24.34527588
31.59428406
33.91158676
25.31158638
27.29920387
33.45833588
34.74951172
32.31054306
27.05175972
21.35568237
21.55178452
12.45009613
1.65062189
-7.15273046
4.52620459
-1.42183042
15.68665314
6.25994968
15.05202770
16.74057388
10.56936836
10.56639767
12.96813202
15.71500587
15.27993393
27.74073792
18.18300247
19.97790718
0.06274086
12.11169147
18.55925751
4.71866131
0.07891345
23.43348312
17.94395065
13.12118435
24.94441605
5.92860937
7.64742517
9.01970482
14.69215202
14.89899254
-22.01382256
-9.97556210
-3.63930655
8.22036171
-1.11351180
4.72239971
-8.89606094
-3.36847401
3.23396873
15.97757244
11.29654503
10.89791489
19.91115189
8.13500404
2.49778605
14.80450058
2.12084675
12.83040810
-1.96174693
12.03934765
-7.86033058
-17.62748337
-13.02762032
-20.20810318
-22.32196426
-22.73606300
-19.70691109
3.51446533
-12.41660500
-5.81959438
8.08990669
2.24015021
5.93501472
-2.90500259
4.45251083
1.86754394
10.16434288
13.47161293
21.01004791
15.67996502
13.25876617
14.88076687
18.51725769
6.67523861
8.06246948
2.34157896
2.21943235
11.32944107
5.02336788
0.66163248
1.45916271
-3.25572252
4.34151363
4.93845749
7.58763790
8.01563931
22.20866776
9.85797882
6.62502956
14.81601238
17.95978165
7.86750507
18.13508606
23.67275238
19.12533379
-2.84492826
-13.87429237
16.61936188
8.82780170
8.43425179
12.82520294
6.14338207
12.93380260
5.68018961
17.05141449
24.13301659
30.39805984
24.32491875
28.96133804
27.26730919
14.40786457
28.35051537
24.55986023
17.94321251
11.96948910
18.83734322
26.30923843
23.22661972
23.99075508
16.21155548
13.96474934
24.06836700
19.88263702
7.90661240
-13.44836617
-14.26996899
-18.68839073
-20.22729492
-28.10113907
-29.50352097
-26.68955994
-24.17276955
-32.74181366
-34.48064804
-27.36706161
-34.56813812
-40.72406006
-26.69596863
-27.48995018
-32.12844086
-26.81023216
-13.11302567
-24.85355568
6.11721516
1.85109687
3.84393358
6.07852650
11.00262451
13.33549690
11.98433876
19.10032654
4.80966854
12.78620529
15.03219891
9.11726761
12.58216381
5.10474682
8.05338383
5.13271666
4.38510704
0.80236673
11.41580582
11.01336288
-0.33745432
0.20300794
3.94901037
2.76034093
18.62051010
17.06653786
14.30521870
14.85661983
18.21363068
12.65378380
3.34511542
10.34489250
12.84808254
2.59407592
17.37894821
15.69464493
9.99499702
18.48740005
4.20310545
3.18802476
6.68712759
13.00390339
1.68553066
3.94822240
9.52888298
-3.62145662
13.92110920
-5.89801025
6.92519569
7.35661221
13.34785461
0.91127110
1.49048591
7.45508623
13.72460938
9.96191025
26.09292984
15.44758034
16.66525269
11.75354958
11.27001381
12.92526817
4.48463774
19.25933456
12.50823975
20.20848656
4.59562397
18.83350945
8.21809483
16.16647530
22.90643692
17.81108856
1.55409431
11.43689346
8.91097736
0.84251285
-0.25221270
0.24970341
2.78143835
-8.87506104
3.06664801
-1.35401154
-1.43208027
-4.75695801
12.83821487
10.15768147
5.90808582
2.13785648
5.46072102
15.88730621
-3.74796295
15.07441616
14.49407768
16.36465836
15.04021549
12.69827461
12.03242207
17.66692352
17.04615021
19.87376595
19.65290833
14.13932037
13.14640331
20.34904480
10.00304031
18.04696274
16.68403625
10.70843506
9.69472599
19.20840454
10.34206963
13.48603439
2.55360079
-2.28053999
-15.54618835
-12.94610786
-10.09823704
-13.54456234
-2.67110777
2.47919846
3.19601440
0.43272638
-4.65406179
-13.93926430
-12.93293190
-6.40038824
-15.91580105
-18.56529999
-17.14216614
-8.78217697
-1.11630082
-9.10630226
0.67084169
-6.75505686
-1.54816127
-3.64241719
1.43886733
-4.19440746
-9.39180660
11.29523182
9.84543800
0.98237371
3.85665178
3.50521326
13.15457630
-1.92556834
-10.28286266
-15.38577652
-11.25893974
-7.58584404
-9.46112728
-41.69612503
-40.21313477
-24.97188759
-33.40448380
-13.64418602
-8.32903099
-24.85369873
2.44532681
-10.70318031
-8.78004265
-1.32565880
-3.32071066
-1.15171432
-4.52170658
-5.84108257
-15.54610062
-11.88448811
-2.52009845
-18.32880592
-23.19179726
-21.45448303
-19.09209824
-26.74281693
-14.07187843
-8.53721428
-22.45246315
-5.87446928
-24.52583122
-13.63135433
-10.89970016
-8.84905720
-12.59714985
-3.35639954
-15.34927750
-2.47503567
-10.08965969
-16.31698227
4.48864937
8.76363659
7.80009842
6.49346828
1.89219439
-8.57629967
12.04119778
-0.06783020
-5.99289560
-4.03633022
-4.53768444
-3.52094936
-10.24381828
3.10247302
-14.42359352
-4.49826384
-4.27240753
-9.81717873
-4.66326380
14.08075714
4.49787521
4.62426519
1.36468482
-0.62002277
-3.99523783
3.30712366
-6.12816000
-1.17888141
0.80591786
0.96814322
-10.19658184
4.32227945
3.00592613
4.51927567
11.26914883
8.60356331
6.97059822
-2.33933330
8.82394314
15.69070244
12.75972462
-3.26545620
2.47194338
-14.13016701
-4.95137978
0.38597727
5.63973570
-3.59840393
-11.24501324
-15.38517761
-3.86123466
-6.49679279
10.42732334
-3.51326251
11.86058521
3.19176102
-0.39408433
19.83860397
25.35117722
13.82933521
22.87625694
23.37601471
9.72576618
16.55686569
10.90259743
4.95815182
-0.40831250
-1.79854703
6.81441402
-6.34249496
-1.94294846
1.52917695
-0.87617147
-14.57097721
-16.31712723
-7.47759438
-26.34201431
-5.04849195
-6.61370945
-21.88169861
-12.90154076
2.42557430
-0.65416288
-12.66715527
-17.66767120
4.64512205
3.34490609
-9.57002068
-2.81522298
-14.17747784
-1.90393972
15.61090183
-1.42467546
-1.15279853
-23.30601120
-20.61610413
-23.56907654
-11.82554817
-4.98804760
-3.74153018
-10.44674492
9.03557873
4.43517971
-1.74675083
10.11287880
0.32817006
-3.68569422
-7.16423845
-14.42709351
-14.21431637
-15.74202156
-7.81752968
-32.74374771
-44.47978210
-36.64464951
-27.46173477
-35.11373901
-39.24277496
-23.09329605
-14.51807213
-0.07960224
-4.86868286
-8.18861485
-0.48058319
-4.63255024
-2.51210880
0.43957102
-4.50177717
-4.10426188
-14.73383904
-2.78598690
-5.75486183
5.38804388
25.16359711
19.40786743
20.17696190
14.31134224
28.44392014
18.43738556
12.41217804
3.96171284
4.09682465
2.74337029
14.99703312
7.41922140
7.09801197
12.05683422
5.86280584
4.78618431
5.37450504
16.38539505
-8.75699997
-14.91221619
-18.27654648
-13.79486656
-27.26993370
-12.71093178
-28.23188782
-16.16489220
-20.77043915
-24.84472275
-29.32712746
-13.02216530
-12.96354866
-5.00890160
-11.00677681
-8.20728588
-4.28905296
-8.59345531
-3.36318040
22.74108696
3.13356423
-5.13837624
8.01532745
21.05727768
17.38982391
13.62112617
2.05498052
11.28129578
18.71915054
20.53319931
12.20166206
20.67959213
10.43526173
22.86695099
18.91418648
13.46596813
11.92856312
22.45986748
18.89215851
19.98231888
27.22845840
21.25814247
19.41406250
11.09687042
13.13834476
11.96576691
17.77964783
7.70602036
5.13747215
-2.01913476
4.59314871
4.18878841
6.76894379
11.75974655
-0.72715330
3.64293575
14.21874428
