-0.00084337
-7.68260574
-8.30393410
-10.84369946
-12.98271275
-4.85385180
-10.96366882
-11.54053783
-10.63487911
-0.32343844
-1.77153885
-13.82397461
-16.97891617
-17.42632675
-20.55716515
-20.22257996
-19.32334518
-23.10971260
-22.95191193
-27.27210617
-28.80854607
-30.39299583
-29.93555260
-15.23376465
-20.76702309
-31.23838806
-36.59940720
-40.44966507
-40.99435043
-12.23766804
-31.66743851
-43.52244568
-28.46929741
-22.83089447
-18.99201775
-17.42208862
-69.25279236
-27.41815948
-42.95896912
-70.48445129
-51.06912613
-66.86389923
-15.09363461
-47.18963242
-11.57430458
-56.76222229
-57.58514786
-3.66019249
-29.02116394
-6.83733082
-74.43311310
-4.62520933
-31.12723732
-71.31015015
-0.76084304
-77.66265106
-30.79235649
-23.66182518
-36.22356796
-45.82272339
-88.53513336
-9.74818039
-26.32810974
-2.40232563
-75.96797943
-2.20052838
-98.24412537
-63.65533066
-5.08215523
-94.28006744
-88.16401672
-24.02050018
-35.15031052
-118.50292969
-80.92691803
-25.20388222
-63.83092880
-96.20104218
-26.19062805
-10.30098724
-2.63383603
-2.34562349
-2.75430822
-2.25572681
-97.86418152
-88.82170105
-21.70823860
-31.68328285
-35.47087479
-44.38854980
-41.93465042
-62.31471252
-2.16498756
-2.31387234
-112.79896545
-59.56453705
-115.83516693
-67.12851715
-109.86215973
-8.83962631
-2.67618608
-142.04818726
-29.64926910
-97.98870087
-55.13853455
-3.50039649
-2.97391200
-96.92697144
-10.35196590
-3.45488739
-2.76508808
-27.46964836
-25.44766235
-2.27723217
-2.37785864
-1.84881711
-1.85277534
-1.91001511
-114.94291687
-110.50534821
-1.93181527
-1.18198359
-1.59516490
-35.88947296
-2.08852601
-1.93288755
-2.00699449
-1.47733116
-1.82662988
-2.10086775
-2.00918031
-1.33648109
-32.17660522
-1.42477798
-1.67229366
-6.49432564
-0.96659189
-1.94424891
-1.17190099
-1.73069572
-2.17525339
-23.23162651
-1.29492617
-1.32417333
-2.37407804
-2.18496084
-2.35334325
-1.13452256
-1.45525229
-2.04476619
-1.60825872
-2.14207959
-2.16581011
-1.45187652
-1.78449976
-1.17908621
-1.39514565
-1.15431261
-1.43147016
-1.59852672
-1.26788712
-1.26294768
-0.61763710
-1.32810163
-0.79661512
-1.01039791
-0.28327069
-19.89097023
-101.20953369
-102.22304535
-88.50421906
-1.47435164
-1.21209538
-1.23828113
-1.43335557
-1.64026809
-0.95392245
-1.55435097
-1.40467513
-0.98505116
-0.55440807
0.41966856
-4.22136068
-1.09637129
-63.75821304
-105.84538269
-0.57763630
3.75320435
-26.24063683
-111.36151123
-107.09987640
3.19794226
3.68355274
-26.65793610
3.26171637
2.35689330
-92.36908722
-3.15823054
-3.42485332
-0.27109608
0.96413934
-99.34342194
-90.29779053
-94.64286804
-18.89800453
-65.68182373
-60.91571045
-97.79098511
-90.95945740
-3.83744907
0.92917061
7.95219755
2.25735974
1.70881903
-90.56209564
4.84597015
-92.93537903
-196.35383606
-18.13875389
-59.56400681
-39.80890656
-98.15591431
-22.26896667
-38.93036270
-103.36344910
8.50604820
5.78696394
2.67252040
5.52965641
6.43315935
8.87176037
-231.52392578
9.97529221
13.51921558
15.09298134
-207.47970581
4.95168924
6.59160757
15.06932449
14.97923756
14.92958736
4.18097878
-75.66875458
15.34822845
-1.30057442
-187.74249268
15.21717930
-94.18647766
-101.81856537
-99.24355316
15.20298862
-75.27284241
-237.93383789
-62.00576782
14.57022381
14.74160099
13.45292759
11.46673012
11.89213753
9.93990421
10.65575790
9.80709553
2.30964804
2.68502355
14.22939873
2.58612871
15.15164566
15.50024891
15.62101269
15.41360378
15.58629227
15.59703827
12.79171848
2.34316802
2.65877581
16.09512520
15.98568058
15.95511436
5.22949934
2.47119641
-93.02379608
16.01649475
15.81867695
-28.83526421
-87.31329346
-78.97045898
-93.40985107
-33.77785873
-86.24066162
-15.10634804
15.71935463
15.82762623
10.23812580
-70.48263550
16.12508965
16.60128403
-81.39591980
15.76150703
14.98485947
13.07227421
-102.62674713
-12.77210140
15.66901302
18.27206612
18.91872406
20.18825340
16.20496178
17.19268417
16.37516975
-60.46192932
-68.26345825
-68.94499969
-56.49868774
-38.01745224
14.52350521
13.53589249
15.70284557
20.81873894
19.96953964
14.78806782
15.50113392
21.85803032
15.04786682
6.95221996
-6.88368988
21.24298096
21.64463234
-102.18535614
17.77154160
20.21282196
20.02541542
20.24934006
7.42558289
-6.02843523
11.34699059
14.32242775
15.42639351
15.95398808
22.52429581
16.79338455
17.10944176
22.80609894
17.12485504
15.16896534
-53.09813309
16.86174393
16.95449829
17.10041237
17.25685120
17.32451439
-91.32477570
17.26441193
-88.02461243
-33.49597931
17.56693649
18.73186111
18.19401741
18.25938034
17.14279366
18.12358093
18.06426048
18.04272461
-85.13022614
18.38756943
18.19707108
17.56150055
18.12414551
18.25755119
18.12552261
18.12539673
18.06232643
21.80198479
17.95391846
-95.70493317
-19.61947250
17.95851707
18.01011658
17.85892487
17.79768562
17.75223541
17.70552635
-73.94021606
23.27515221
17.70287895
23.76936913
17.62742805
-80.54895020
17.43063354
15.69531631
-77.18537140
22.44363785
-74.27352905
-65.56508636
-70.91693115
23.88698769
19.62872696
17.23955154
17.35509491
20.10686302
17.27549553
16.68665123
16.98007584
-88.67002106
16.45024109
-14.69600201
-41.07529449
6.21732378
16.73009682
17.73830605
17.56789970
17.08929253
-82.95700073
-88.79143524
-94.11250305
1.55240941
18.38797569
23.25971031
22.38003159
-18.20179749
18.20519447
22.06206512
19.82777977
20.42520714
21.70086861
23.23793030
22.89795113
22.59591866
10.64070129
23.03279495
21.50065041
21.36088753
21.73554420
22.47447395
-66.80143738
-71.52824402
-73.79294586
-60.29453278
-1.31944203
-93.99407196
-49.96925735
-51.69318771
-1.07079852
-50.65802765
23.98451614
23.38866234
16.75523758
23.47557831
21.29187965
23.05068970
-67.45561218
17.50394630
23.03877068
-37.11800003
-0.49183211
-82.29177094
-86.71133423
-66.47265625
-54.95898438
-95.46823883
-81.21407318
-51.57968140
-7.60325050
-4.03012323
-99.56134033
-86.20764160
-25.22794724
-89.69159698
-83.69293976
-75.80849457
24.58132553
23.98509979
21.24795914
-80.07209778
2.45890045
-76.43600464
-13.62379742
-96.06027985
-39.77199173
-30.36330986
-1.59445679
-77.62435150
-94.48867798
-87.89476013
-94.05632782
22.61463547
22.09090996
22.95151520
23.35320854
-16.78245926
-87.84507751
2.65319657
23.32322121
-68.49935913
-85.97303009
-48.86208344
18.46339989
-88.56736755
-50.45687866
10.28608894
-7.51570129
23.09897995
22.84384537
23.06788063
22.92587090
22.73843575
25.85961151
25.89191437
26.92082787
26.84307289
26.51499367
26.44366837
22.29158592
22.59937286
21.68282318
22.42598534
22.46183586
22.25523567
23.51472282
22.50222397
24.83363914
22.98512459
-88.05290985
4.91452932
0.65660673
10.45086098
-41.44473648
11.78200054
25.11975288
24.17932129
-86.07879639
24.69031143
24.50304222
24.78577042
25.11883163
13.08575153
-88.96652222
9.41741180
-91.07192993
24.75020790
24.40857124
25.00295448
24.32225037
25.86533928
-43.49588776
-74.93492126
25.36088181
25.45404625
25.30533028
25.38184166
25.51091194
25.43855858
25.61071777
25.44450760
25.91563416
25.44639015
25.50548744
26.02725220
-79.69934845
-9.95086956
-46.20637131
25.49776459
25.38999557
25.26702881
25.22950172
25.15529251
25.57795715
0.00719799
-91.24826050
25.46422958
24.92041016
24.79286575
24.80310631
24.97120285
24.70083237
24.63490677
24.69020462
-80.48026276
-94.88814545
13.36447239
24.48492241
24.27248764
24.18195343
24.10158348
-77.38223267
-29.81533241
-62.15208817
24.05108452
9.08582878
24.14212418
24.16345978
24.36196518
24.24616051
24.22004700
24.18340874
24.06993294
23.95226669
23.74720383
24.63561440
23.70407867
25.23476219
23.81309700
23.86313248
26.54265022
26.25501251
26.55539513
-86.09743500
27.06881332
25.71195412
23.53970909
26.87754440
23.41181374
23.71253204
23.68081284
23.91882133
23.29416656
23.42478561
23.29764748
23.41409302
23.66925430
23.58521843
24.03958893
26.08310318
26.26939201
26.21007919
25.65502930
25.09824181
25.77496719
-82.60159302
-86.95059967
26.07213211
26.04665756
26.44137001
24.34820175
25.72506905
26.09602737
24.15890312
25.61398697
25.72458076
-22.91814613
-84.40079498
-91.43545532
-26.44398689
21.09484482
24.23239517
24.18667412
25.64999390
25.12898254
-78.65645599
24.14600945
26.23803902
25.74704552
25.69280434
25.45143700
25.01124191
25.32539177
25.68339348
25.74392700
25.24302483
25.48222542
25.34492683
25.86897278
25.96304321
-1.12881958
25.80648613
25.74628448
25.54770279
25.53224945
25.00267982
25.42614746
26.00223541
25.41514587
24.36168671
-1.69207907
-32.72807312
-73.60729218
26.10050583
20.24689484
24.41496658
24.48048782
25.01485443
-94.53049469
24.62187195
24.92043114
24.71250725
24.87611771
24.63365364
24.64677620
24.88085365
24.80004311
25.09994888
13.24488258
22.99949074
14.24310112
24.44332314
24.29463577
24.26573181
24.38256836
24.44176674
24.56429863
24.99864960
24.33444977
24.18953705
24.23876572
24.39328003
24.81432152
24.61303520
24.75895500
24.82074547
24.75152016
24.22226906
23.89507294
24.96412086
24.57068634
23.40076447
23.79554939
24.31686783
23.16684341
23.66854477
23.55969810
23.27437592
23.25849533
23.40125465
22.99606895
23.13233757
23.06387138
23.29572105
24.80632591
25.08687973
25.55033112
25.63791466
25.22298241
25.18902969
26.30041504
25.45659065
-88.08482361
26.28754044
26.39779091
26.31150436
26.40371323
26.33701706
25.92284584
25.70847893
26.02766609
25.58402824
25.61630821
7.24441767
25.38922501
25.19827080
25.11022758
21.53329659
25.25287819
25.06940079
25.14003563
25.28884125
25.20155525
-20.31313705
25.20898438
25.26347542
25.10094833
24.98587227
24.81005096
24.92720222
24.92866707
24.99260521
24.81182289
24.76211166
25.55547523
25.99221039
25.97830772
25.09029961
24.72548103
24.55375099
-59.07767487
25.04689598
24.91926575
24.98530388
25.03414726
24.95604515
-84.35257721
1.47809958
23.63241577
25.04847908
24.22834587
24.91793060
24.32120705
24.61067009
-84.42842102
24.33954811
25.94680023
24.46656799
-80.21115875
-49.25352478
24.95762825
24.37788773
24.22174072
24.15345001
24.66874695
24.16237068
24.90083122
-64.10507965
-6.68680573
8.44107533
24.54634666
24.09579468
23.80948639
24.06317711
26.57161522
24.83088112
24.49237823
23.53352165
23.74825668
-41.35056686
-50.82946777
-82.40348053
23.93547249
-30.18646622
24.52526283
23.80460358
23.63434410
23.93218040
24.98460197
25.23127937
25.67829704
25.48381424
-40.46957397
24.28442574
25.18273354
24.90447998
24.75435257
25.12872505
25.22839355
25.14346695
25.08592033
6.39491034
24.85259056
25.09722137
24.96571922
-49.62145615
-49.33480453
24.68676949
25.38329315
25.50873756
25.20265770
-74.20468140
-67.03845978
-41.23014069
24.94117928
-85.76149750
24.96486664
25.55150604
21.61300278
22.42934036
25.08645439
24.95730591
24.92724800
23.84318352
-84.46495056
-88.08711243
25.20530319
25.07630730
24.85898781
24.54172134
24.68163872
24.88223076
24.52009583
24.54635429
24.33782196
24.07900810
-89.10233307
-86.79346466
-33.96022034
24.29044533
24.18783569
24.51433372
24.82412338
25.57533646
25.24092674
25.74189758
25.28284645
24.86639023
25.24281120
24.85049057
24.83202744
25.24962807
24.72299385
24.98208237
24.64666367
24.99476433
24.68903351
24.91536522
24.67343712
24.90608788
25.18712616
24.73379135
24.59883499
24.85414886
24.27223778
24.45489502
23.80254936
24.03825951
24.08748436
24.00859642
23.97716331
23.76022339
24.02260590
24.79278946
24.71747208
23.99140930
24.56047249
26.32735062
26.78732872
27.32379913
25.71656227
24.81386185
24.49224281
24.46778297
25.37188911
26.49585342
-77.19491577
25.97180176
26.45899963
25.09559822
25.13705826
25.30084991
24.54663086
24.25281143
24.47406006
24.27587700
24.33636856
24.34267998
24.24172783
24.27616310
25.69877815
25.59718895
24.87885857
23.69589233
23.82297897
26.57843590
14.79938316
-69.49117279
28.27513313
7.06651926
-79.54457092
-55.03445816
23.04600716
27.15363503
28.45959473
25.02332306
24.63448334
21.86937332
23.20743561
26.53778076
26.09368706
29.99430275
26.64759827
26.34532166
26.03520393
27.50056839
26.11934280
24.68082047
26.51781082
26.57074547
23.92820549
26.26738739
27.90620422
26.25015831
26.30170441
27.98568344
28.91125488
23.75173950
25.73056412
28.69528389
25.78276062
28.24246025
25.10176086
28.44759750
24.63261223
29.10293388
13.52968788
8.27960205
-3.73247814
-87.97189331
28.27937317
23.91247940
27.91902542
27.84613037
22.16164780
25.79387474
22.27406693
27.95215225
27.86239243
22.90092468
-50.65628815
-83.61684418
24.50855827
28.09801102
27.78029442
27.99630547
27.85909081
-86.13665771
-86.44195557
-74.66154480
27.53145218
-25.57187843
9.90885735
-79.99170685
-83.60557556
27.32550240
27.04996109
27.11625481
-88.02749634
0.94068545
27.18757629
27.96275330
27.72968674
27.53437614
27.64702988
27.30855751
27.53717995
-85.73184967
27.67895317
-20.07552719
-77.58296204
-73.66585541
-3.02381444
-88.63146210
-82.39256287
-1.31711566
1.81031072
16.57544327
-88.06258392
11.63378906
-70.86894226
-90.61051941
-19.00876617
-66.11779022
-89.12863922
21.29477310
-71.15408325
19.81795311
26.77099991
-82.20944977
26.08565140
26.34047890
26.32486725
25.93876457
26.54272270
26.27120590
26.20651627
13.35408211
26.00922585
10.59821320
-89.66702271
12.85769272
26.18662643
25.89363289
25.78020096
25.64580154
-16.54809570
16.76756287
26.17494392
25.72388649
25.79369736
25.49407196
25.70702171
25.45212364
25.58799553
25.52135277
25.59634209
25.60931015
25.36036873
25.73738098
25.49242973
25.51752090
25.33770180
25.56042671
25.35436249
25.48083305
-58.14605713
-60.98125458
25.31576920
25.08812523
24.98180389
24.95132637
18.99641037
-85.29375458
25.26825333
-54.01615906
-89.77276611
-96.77505493
-25.06989288
-86.76076508
-9.16655731
24.14321899
1.26045585
-81.44544983
-81.52434540
24.22084045
24.86581993
24.64367676
-1.72741234
25.57273102
5.26725340
-86.02486420
-49.93938446
28.99626732
27.41129112
-48.13592148
27.77178001
24.85448837
27.59343719
24.79551888
26.31513023
14.02338982
26.55833435
25.49971771
-47.75933838
26.14119911
24.51836586
25.46137238
-62.95701218
25.44693375
24.93725586
25.25378799
25.26399803
24.70016289
24.54364014
26.91854286
24.23511314
25.00945854
26.31923485
26.87681007
13.54253864
-57.16723633
26.84011650
26.86605263
24.20079803
26.48925591
27.23972321
26.96849442
27.40775490
26.73275185
25.24127197
24.60202980
26.86854553
23.77727127
-19.15096474
23.97964096
25.91404152
26.11002159
25.96594429
22.81985092
22.91193008
25.89535713
22.62938309
25.44391060
-27.49341011
22.22931480
25.88162231
26.94717789
23.96106911
-82.50438690
22.29844093
26.56677055
26.34436035
-76.80186462
-39.23091888
-49.84873962
-12.41040707
-61.56112289
-87.91330719
-65.03170776
-28.70107269
8.42449665
21.80329704
-82.72502899
26.55937958
26.69355965
26.56278992
26.69985580
27.18672180
27.34808350
27.06111145
-25.68077278
27.28082848
26.72638130
26.86794090
26.55307388
26.56304169
26.86029816
26.61156845
26.83966255
25.03710556
2.70815301
26.78554916
26.10944366
26.84486389
26.72665405
24.74002647
26.44223976
26.72628593
26.83420944
26.54959488
26.71303368
26.97060394
26.65250587
26.53704071
26.96593285
26.71318245
-93.50400543
26.29390335
-96.27147675
4.04721546
26.80324364
26.55082321
25.92391586
25.41193390
26.50126076
-62.88130951
-81.45856476
26.53126907
25.25695801
26.40707397
9.12249947
25.87813759
26.23886871
26.39113998
26.38767624
26.63030052
26.36356354
3.88960147
26.94476891
27.96584320
24.00609589
27.06707191
26.84515190
27.06261826
27.44795799
13.42307568
-71.99209595
-74.19747925
23.20503807
-76.76787567
22.90613174
22.74484634
22.74005699
26.58964539
26.93800354
26.66958427
-28.56504440
-76.37483978
26.78777504
26.57547951
26.70978928
26.95582771
26.47285271
26.42635155
-50.72435760
-68.18888092
-69.50660706
26.65983009
7.49450254
24.43358040
26.16131401
26.77058792
26.46890831
26.32658386
11.99862385
-87.61653900
-87.73226166
-41.16873169
26.78711128
26.68792534
26.43076706
26.32575035
26.47173500
26.50765038
26.38055992
26.64937782
27.30717468
26.21962738
26.19626808
26.41407204
26.11703682
26.02173805
26.24555779
26.02631950
25.81252670
26.08572960
25.98855019
-44.52577972
-73.51602173
25.53430367
25.73691177
25.67499542
8.17623138
-21.78273773
11.95425415
26.11117935
-33.33451080
-78.64791107
0.61549133
26.00388908
26.09995461
25.63694572
25.42765999
-46.30443573
25.55943298
-20.65328598
25.62260818
25.87603951
26.08651733
26.04189873
25.95124435
25.94497108
25.64502716
25.66416740
25.67741394
26.20989227
25.51071358
25.98929214
25.51202393
25.51524544
25.75731087
25.72651482
25.83609390
25.77151108
25.54174423
25.81874657
25.47269249
25.60435486
25.27607155
24.89869308
25.17148399
-77.66287231
24.81185913
25.19726944
25.25117302
25.24358177
25.31673431
25.08183670
25.52957344
-79.95757294
-85.88829803
25.18410110
24.91935730
24.66409492
24.52462006
24.29260254
24.39644241
24.35117531
24.33234596
24.47628593
24.07037926
24.14498329
24.31886673
23.69167519
24.00647736
23.79784584
23.98808861
23.81256676
23.88223839
23.25086594
23.42135620
23.60319138
23.37043571
23.64091301
23.60401726
23.63225365
23.32937813
23.66970634
23.36545753
23.31657410
23.45267868
23.42932892
23.17156982
24.26935959
23.69998169
-11.56152821
-11.02111912
-22.47771645
24.26066589
24.96583366
23.19545555
23.90003204
23.55326843
23.24940109
23.17897606
23.65744781
23.49357414
23.29745293
23.71944427
23.50852585
23.35464287
23.19960213
23.67144203
23.48243523
-89.65257263
22.86506271
22.93831444
23.35907555
23.25698280
22.65930176
22.59183693
22.69445801
23.18318367
23.33538246
23.24609756
22.63620949
22.85941696
22.47043800
22.49266243
22.51148415
22.25449371
22.78890991
22.34105110
22.05919456
22.13389015
22.22158051
22.13029861
22.09470940
21.93474388
21.63806343
21.65434265
21.68660545
21.12509727
21.38239098
21.69294548
21.45275307
21.13674164
21.57424164
21.45599365
21.54756546
21.47694016
21.06633568
21.24182892
21.58619118
21.50690842
20.82027054
21.44063950
21.30924797
21.38190651
21.29065514
21.31226730
21.59627724
22.30007553
21.85661888
23.16863251
22.22473335
22.78730392
22.83366394
22.27461624
22.41481590
22.21428871
22.17012215
22.36682320
21.80842400
21.29910469
22.00109100
21.63603592
21.65478516
21.73015404
21.74862862
21.87706757
21.95066452
21.75351143
21.90528870
-46.66374588
21.95054817
21.75160789
21.50396919
21.57848549
21.52137566
21.41785431
-76.95417786
3.44694495
20.74069023
21.22161293
-59.22932053
20.86197853
21.58575249
-29.73212433
21.12287903
21.16345787
21.17081070
21.21069908
21.02302742
21.13398552
21.18564606
20.90760040
21.06143951
20.63442421
20.57416344
20.60488129
20.77161980
20.65930176
20.80149269
20.64548683
20.58433914
20.46715546
20.47602844
20.43879700
20.24607658
20.38180351
20.36656380
20.14861870
20.15842247
20.21177673
20.27420235
19.97061539
19.89720154
20.06498146
20.41363525
19.92232513
20.21144485
19.61207581
20.46495438
-86.13945007
-73.05239868
-92.95173645
-81.11712646
-83.46598053
20.36907959
19.77527046
19.44265747
19.93419456
19.99093819
20.24527931
20.06691170
20.09052086
19.83384132
19.91948509
19.83472633
19.96720505
19.77909660
19.69654846
19.62239265
19.42056656
19.35161781
19.00439644
19.46733475
19.59787750
19.33150864
19.22263718
19.80579376
19.41122055
19.71051025
19.22247124
19.32259560
19.22609711
19.15524483
18.92904854
19.12132454
19.14213181
18.99563599
-32.00830078
19.41016960
18.99815178
19.27986526
19.13271713
18.92074776
19.01414299
18.93370819
19.00695229
19.04620361
19.09612083
18.83107948
19.10598373
-83.68404388
19.89411163
18.41319656
21.13712692
20.44672966
18.62799644
20.61487579
19.48399734
21.09319496
21.25479126
-42.24499130
-51.22767639
-38.95632935
21.31218338
21.76978683
21.13372612
21.15152740
21.66158867
-57.82543182
-0.29063424
-3.23327637
-93.27046967
-80.47460175
20.12363434
20.34278870
20.71903419
-89.23381805
-89.77819061
-71.35810089
-5.57666397
-87.67150879
-67.15139771
-44.61315536
-21.22518539
-91.41960907
18.94078064
-88.03631592
20.67322540
19.45597649
-62.68140411
19.65180588
19.63843536
19.60506439
14.37041664
-91.05386353
17.04260063
20.22150230
18.75458336
19.48298836
20.31756973
19.26448822
19.97232819
-52.25236130
18.80814552
-82.52391052
-93.87463379
-38.62001801
-81.94207764
-28.82542038
18.83069801
18.93587494
18.66850662
18.95334244
19.66981506
-0.17431876
-85.02693176
-90.08606720
18.09633827
-93.45935059
-22.16081238
-33.40531921
17.37250328
-47.61392212
-79.20601654
-58.35788345
-12.04723930
-31.64564514
-29.78450012
19.59525108
19.29203415
19.05892372
19.19760132
18.12693596
18.83370590
19.35219383
18.15905762
19.31090927
18.90810585
19.30045128
19.01947403
2.23976612
19.18331909
20.11792183
19.62117577
19.49770927
-96.77476501
-58.38231659
19.46963501
20.18598557
20.08718491
18.42600250
20.62909508
19.78423309
19.95353508
20.60058022
20.93479538
20.51332855
20.10529900
20.04547119
20.07522202
20.32896805
20.83712769
20.03797722
20.32583237
21.02311325
21.02961540
21.39875031
21.60240936
21.64831924
21.44953346
-15.35593605
-68.67578125
-60.21589279
20.85567093
21.16304016
22.22220993
-62.59955597
-83.26414490
7.57470989
-88.06606293
-35.14058304
-79.48136902
-58.24191284
-17.69601059
-92.20194244
19.84829521
-31.15428352
-87.95101166
-61.19395447
-6.64588070
-67.80651093
-66.63981628
-66.64228821
-87.81877136
21.47297096
-73.17835236
21.28247261
21.99651146
21.00010300
-92.16457367
-82.28491211
-83.05295563
-33.42335129
21.65032005
21.51108551
21.68567085
21.01687813
16.72890091
19.93516159
20.70733833
21.13470840
21.06576538
21.16177559
20.84566879
20.85361290
20.72806168
20.54459953
20.66387939
-91.18027496
-91.83699036
20.64011383
19.51365662
20.38284683
20.71949196
20.61846733
20.61206436
-90.11705017
20.72750092
-78.07327271
-96.28334045
-38.94446182
-26.79367828
-94.56214142
-96.51103210
11.29434490
-94.25028229
16.93441963
19.94849205
19.41257858
19.68017387
19.64516449
19.14830971
20.01617050
19.57512856
18.96762276
19.34718323
19.62661552
19.17007256
19.48602486
19.66823578
19.02199936
19.33594513
19.14023590
19.36789131
19.68794060
19.07933426
19.23895836
18.91929436
19.54638290
18.86383820
19.17711067
19.27742577
19.10246849
19.36196518
19.54927063
19.32385826
19.18770409
18.70107079
19.06403351
18.72620201
19.40007019
-82.09019470
18.84014893
19.40086746
18.99283600
19.02133942
19.07370567
19.11879349
19.07496071
19.00403023
19.08968925
19.01530266
18.96787262
18.79361153
19.03606987
18.59740067
18.89127922
18.73222542
18.94301605
18.82029343
18.46212578
18.66957092
18.44595909
-90.03994751
12.52134895
-88.17520905
18.84250832
18.61509514
18.54206276
18.69448280
18.42335320
18.43243980
18.11111069
18.36614227
18.47385597
18.33460426
18.38726044
18.27433205
18.50183487
18.08924866
18.02959633
-89.12008667
17.78145981
18.15241623
18.27260971
17.95976448
17.58334923
18.16577530
18.02436256
17.84787560
17.78452301
17.56958580
-46.19051361
-32.20323181
-75.42761230
-2.08437467
17.93930054
17.90472221
17.67381477
17.27992249
17.22361374
17.48118782
17.85278511
17.65788841
17.45315552
18.42661285
17.51327324
17.40446854
17.38918304
17.20930481
17.70811272
17.63574982
17.71432877
17.57170677
17.21845245
17.48545837
17.36529922
17.27525139
17.18378830
17.38554382
17.48189735
17.41168404
17.39636230
17.42953873
17.28629494
17.35618210
17.24384880
17.25902557
17.20361710
17.24561882
17.19067955
17.12467003
16.75196838
16.95409584
17.20756721
17.19145966
17.04310799
17.14632607
17.19111443
17.12952232
16.76553535
17.01911926
16.95011520
16.63465881
16.68965721
16.55974388
16.97190857
-88.05572510
17.01064873
16.70845413
16.57753754
16.59166145
16.82922745
17.14631653
16.78924942
16.36988831
-6.82950878
-95.58043671
-84.27074432
-59.95560455
-92.10320282
-95.46183777
16.58746529
16.35859108
16.47924805
16.66203880
16.24428940
16.32049751
16.33629799
16.18880653
16.26111984
16.18700790
16.04582024
16.21798897
15.97149277
16.00285721
15.72469044
15.86876202
-28.02246284
-75.62378693
-96.99469757
-12.44608593
-30.23099136
-73.70294952
-57.95775604
-29.53668213
15.82698345
16.01478004
16.07028198
15.88559437
16.04524231
-16.44894028
-27.05745697
15.56861305
-91.49702454
-84.50669098
15.63034725
15.95426178
15.45299339
-67.53764343
15.89081478
0.62967825
15.07950401
15.42482948
15.70683384
15.03165340
15.78701305
15.95323563
16.13720512
15.51869011
15.60554218
15.25636482
15.90711021
15.70860767
15.89703083
16.15817261
15.90729618
16.09168434
16.05824661
15.38031006
-0.15777026
15.85595703
15.28295422
16.20631599
-89.74758148
15.41051292
15.83964062
15.90643501
-85.91754913
-90.52701569
15.78602791
15.70518684
15.83799553
15.75911427
15.73628139
15.81513691
15.65288162
15.72593212
15.54855347
15.51028347
15.64191341
15.75472641
15.67870712
15.30093575
15.43894863
15.48846149
15.49588871
15.53413868
15.66753006
15.41246319
15.57062817
15.28960037
15.33617020
15.16388702
14.95124912
15.25510120
15.07996464
15.06232929
15.25186825
15.20674706
15.17257404
15.07742310
-74.27773285
15.02662468
15.08273792
15.16421032
14.84215546
15.06928539
14.88245201
14.98180962
15.20582867
14.64005756
14.76105595
14.97106266
14.73700047
14.91707420
14.91410446
14.97279453
14.75898266
14.73000717
14.83544922
14.75402641
14.68902779
14.71156788
14.73757553
14.77371025
14.68824863
14.71867561
14.54919147
14.59580517
14.51241589
14.69775963
14.61219406
14.64890766
14.32421875
14.51932240
14.49353981
14.47592258
14.19788170
14.03900909
14.36001492
14.37324715
14.24604130
13.96121407
14.25711536
14.15904713
13.43140030
13.07332516
14.24412727
14.07565498
13.98685741
14.50978565
14.04735470
13.85914993
14.12919617
13.79571247
14.02557182
14.11977863
13.96622181
13.83010483
13.64233017
13.77137661
13.66788864
13.87224960
13.70761776
13.74926376
13.82027435
12.04895782
-85.06357574
-80.41290283
13.49849415
13.48316669
13.64688110
13.80690765
13.58384132
13.20198345
13.53038788
13.41795921
12.72607040
13.55756187
13.41030407
13.45820236
13.53767490
13.37643814
13.30375957
13.07197666
13.38936806
13.42132092
13.34561062
13.14950657
13.06583786
13.01556301
13.16259575
13.35122871
13.06330872
13.03287506
13.01745796
12.96650219
12.94219875
12.93773651
13.03499222
12.87791061
12.97170448
12.87189674
12.78781414
12.93246269
12.73433208
12.45559502
12.45638371
12.84450722
12.73429108
12.19936657
12.54729557
12.76913357
12.84593201
12.47259045
12.34128284
12.50509071
12.75728512
12.59410095
12.65375996
12.60302258
12.65287876
12.26848793
12.56600857
11.55318260
12.46070290
12.48162937
12.37404919
12.47180653
12.24655819
12.28574562
12.44907856
12.37823009
12.38175678
12.30603981
12.29163170
12.09879017
12.29425526
12.31487656
12.24002075
12.27583408
12.09964943
12.09899330
12.15734482
12.28705502
12.45177937
12.35878181
11.96916103
12.11329937
12.19039822
12.06882000
12.07806206
12.15680599
12.00745773
12.08856964
12.26404285
12.06523037
12.17498398
11.90382195
-5.93474483
11.53173637
-75.99625397
11.62837124
11.78448391
11.85061073
11.89065456
12.01285934
11.83119392
11.82578182
11.88119030
12.00962639
12.10619640
11.91431427
11.92196560
-85.86710358
11.85954666
11.81037331
11.43551922
11.82797623
11.63403130
11.49976635
11.73797703
11.48125172
11.73178291
11.62969494
-95.33328247
-47.51064301
-88.48101807
11.59638596
11.54938030
11.20280933
11.35926533
11.90277100
11.41556931
11.44989777
11.57331753
11.53445148
11.27026463
11.07023907
11.44481468
11.53328037
11.31937885
11.41726303
11.73708820
11.30024052
11.39385891
11.40546894
-82.58857727
11.27639484
11.18791580
11.40101242
11.08608913
11.04798889
-70.79549408
-88.90972137
11.25012779
11.17452240
11.37868881
10.85880184
10.51445866
10.63452530
11.00771713
10.61613560
11.15612316
11.04240704
10.84102345
11.06132698
10.98701000
11.06241894
-98.70700073
-87.00727081
11.15528393
11.16872215
10.96940422
10.85769653
10.86090755
11.03316498
10.95104980
11.41817093
11.03686237
10.90942860
11.12527370
-94.83021545
10.92674923
-53.62929535
10.72127056
11.01194191
10.90307522
10.81279278
10.77301025
10.88318348
10.90229511
10.88721085
11.12829018
10.77772236
10.82845783
10.78017044
10.96047592
10.58929157
10.57629871
-54.07860947
10.70157146
10.59693146
10.61270523
10.60282421
10.54301071
10.85492992
10.31489658
10.60031223
10.65619946
10.51409531
10.55466461
10.49694443
10.54619503
10.70891762
10.46943188
10.44829273
10.41226482
10.48756886
10.30882168
10.25956345
10.41284084
10.32060719
10.40053558
10.37903023
10.27503872
10.31815338
10.36233902
10.31585217
10.19691753
10.21599197
10.17181969
10.19649029
10.19504738
10.08205318
10.10315418
10.07308102
9.97949886
10.00553894
10.05596256
10.02862930
9.93545437
9.87533569
11.31357861
11.21036816
9.88446999
10.00274944
9.86878014
9.81865597
9.91002846
9.53143024
10.03637409
9.62269497
-97.07934570
-93.38852692
10.49011040
9.70168114
9.54406548
9.83242607
9.52528572
9.76739502
-74.63458252
-91.62899017
-14.64497375
-94.67572784
9.85886478
9.54950905
9.55623055
9.48871136
9.80218029
-98.82135773
9.37698174
9.74686718
9.67641830
9.56326771
11.08164883
9.57421684
9.73250771
9.47410583
9.51388836
9.48415089
10.91341877
9.47905064
10.43232155
9.89511776
9.93489838
10.65992165
-4.91321754
-98.67291260
10.83255100
-5.61486149
-102.17187500
-19.82779884
-102.82734680
-77.99381256
-82.43927002
-97.98278809
-94.45968628
9.31461716
-96.78652191
10.11160851
9.00619984
-81.37197113
11.76277828
11.56281757
10.72879410
-93.49010468
-96.64525604
-84.09407043
-21.45393753
-96.70638275
-97.02037811
11.78746510
11.99551392
11.75435448
12.00671768
11.85990906
10.15144253
10.75321198
11.05736542
10.87738800
10.35249138
10.72626400
-77.92193604
10.50076675
-3.29107547
9.56795502
10.80014896
-38.09851456
11.44556618
-94.15800476
8.04261303
11.67399597
10.97877884
11.44056511
-94.77270508
-94.69302368
-95.44412231
10.90116215
-94.69622040
-83.56597137
-88.56330109
-12.71737576
10.47710896
-93.14588165
8.84098625
16.28406525
14.69601440
15.61546707
10.66020584
-9.14874649
21.79899216
-89.34822083
-95.55872345
19.50484848
21.57645416
-73.25798035
-2.29930782
-94.21037292
20.45938110
-69.37080383
-90.47691345
20.57779503
20.40119171
20.29423714
-63.79309464
20.75831985
-89.94301605
20.53471756
20.40293884
-88.03236389
19.89306450
-89.46966553
19.98798180
-91.66016388
19.83517075
20.00260925
20.33479118
19.95976448
20.52960205
20.27676392
21.32290077
-22.90288925
21.00264359
22.16879272
12.12195778
-79.08457947
22.77160645
24.38369560
-94.58518219
-38.67399979
24.64945221
23.33540154
14.93261242
15.13913441
-95.69962311
23.51024628
26.18633652
24.98937607
24.90006256
-6.43575954
-88.78642273
-58.76195145
25.22936249
-12.84552288
-85.21709442
22.24159431
26.58327675
-79.81404114
-74.94389343
11.10335255
14.94969082
27.90055275
27.48581886
27.62480545
-96.35923767
27.20331383
28.13889503
26.87394905
27.50351524
27.64428329
27.40551186
27.41618347
27.89980125
27.47935677
19.42933655
27.18575096
27.10971642
27.20086479
26.60865402
26.93314362
27.07841301
26.94356918
26.92632484
26.75218201
26.59631157
26.55340195
26.64527893
26.69476700
27.08742714
26.51573181
26.59602737
26.66091537
26.52508926
26.99171638
26.45765495
26.47407532
26.55490875
26.41452217
26.34736061
26.23145294
26.34736252
26.32608795
25.84824181
26.00429535
25.86987686
26.27556610
26.01976585
25.77625275
25.49224663
25.85906029
25.98283005
25.66292763
25.78017426
25.70470619
-77.81912231
-1.34398544
-85.03447723
-86.86817169
25.34137344
25.29829597
25.31081963
25.26280212
25.25605202
25.04401016
25.19807816
25.09433746
25.08828163
-99.03279877
-87.98601532
24.87317276
24.78175926
24.85229492
24.69638252
24.75647354
24.57504654
24.67914581
24.36764908
24.53714752
-82.43478394
24.52209282
24.46345139
24.59048080
24.18947220
24.25777817
-67.04652405
16.31380463
-92.13197327
19.53649330
24.00350761
23.01260567
24.01987457
-13.19134712
23.87837410
23.79780960
23.19341087
23.81615067
23.48158836
23.71346283
23.80952835
23.35950089
23.58016586
-69.40908051
23.69432449
18.36222267
23.42587471
23.49406052
23.09541512
23.13492966
15.26994038
23.16282272
23.15175247
22.76645851
-86.89810944
22.79680824
22.74887466
22.85803604
22.77142906
22.57168579
22.94376945
22.43476105
22.70896530
23.72959137
22.64731598
23.19433022
22.94639397
22.67310333
23.31326294
23.22608566
22.83753014
22.53410721
22.72149277
22.62908173
22.96469116
22.66845894
22.67398071
22.89432716
22.49843788
22.72933197
22.86463356
-16.39863968
-75.32913208
21.57718849
22.76573372
22.59366417
-33.32898712
21.02099228
22.57324791
22.70165634
-90.61864471
22.41527367
22.83244133
-69.21030426
22.97515488
22.46013832
22.38780975
22.58831406
22.14207458
22.09822464
22.22794914
21.95370483
22.15555763
21.93428993
-89.23972321
-67.97866821
-81.14131927
21.41027832
21.33190918
26.88441086
24.66383171
26.61967468
-58.25322723
-30.37687302
25.70687866
24.18974686
24.16048241
23.62422562
24.51624107
21.14058685
24.50946426
-86.75951385
24.93280983
23.86571312
24.20602608
19.23264122
23.83967972
24.24311829
18.83221626
26.04232407
24.14313889
25.49505615
24.16059303
24.80602646
-76.42016602
25.57987595
23.35037804
-48.17960358
24.65996170
-76.93568420
24.75555229
25.17576790
24.92868042
24.37023163
22.46473885
23.19592094
22.86242104
24.05010223
19.12584305
-88.34588623
-80.39491272
-61.63491440
24.30975151
-72.88694763
24.72507668
23.16492653
-86.52806091
-81.35427856
24.09723282
24.99541092
23.93201065
-89.47898102
23.80093002
24.65949059
22.34321404
21.46619987
-75.07137299
-85.29692841
21.04632759
20.97877884
-82.75872040
-79.22205353
-89.85174561
-2.52153540
20.03057671
23.24110413
-81.69394684
-79.93152618
20.18566132
-69.48101807
20.15737534
14.50192547
-88.86067963
-86.04007721
-70.83183289
18.69771767
-80.84628296
-6.19257307
-82.58661652
-85.40225220
19.88132095
19.80549049
19.14032364
-77.45980072
23.15068436
22.94785118
20.92268372
19.71557808
19.88887596
19.20084572
19.43255424
-83.73020172
-65.61829376
-88.35856628
-80.91135406
-68.80133057
21.94463539
-78.88191986
-89.19765472
-71.02061462
16.21923256
-44.58417130
-89.75339508
21.85355377
21.48449135
21.79322243
20.08828735
-8.75516701
-85.73916626
21.37965584
23.21553421
-90.16149902
-90.70120239
-90.38331604
-84.87403107
-84.90266418
-86.13542938
-8.33686829
-21.56142998
-71.99967194
21.20674515
22.01427650
20.35297585
20.54857445
20.72918892
20.83777428
18.72750092
20.98962975
-51.28649902
-86.62913513
-72.63352966
11.82954502
-88.74011993
-34.02286530
-2.84153891
-25.78780556
-79.96625519
-78.26496124
22.94207954
-87.31847382
24.85883141
-85.34601593
23.64199257
24.42135048
25.05278206
22.53906059
22.11608696
23.70370483
23.69634247
-87.68554688
23.60906792
-5.77097273
23.12683487
23.35542679
22.78701591
-86.98902130
-54.84061813
-8.54706192
24.78187370
23.87443161
22.73602295
22.76600266
22.64555359
22.92795753
22.72786522
22.62337685
22.38099861
22.37051201
14.57938194
-90.29335785
22.70060158
22.02079582
22.64208221
-91.99523926
23.22305489
22.34739113
22.00863647
22.14831352
22.12850761
20.46076584
22.09632492
21.73258781
-84.43165588
-82.15958405
21.70119476
-54.33414078
19.77658844
21.95501900
-86.71000671
-90.77439880
-79.55733490
21.37375450
21.84389687
21.25945282
21.60518074
21.79023170
21.78942871
22.10763931
22.19529915
21.75712967
6.07156324
22.33390427
5.85025835
-71.59727478
-43.64181137
21.90995407
22.21164131
-68.35215759
21.91442299
21.55595970
21.19338036
21.72179985
21.30879974
21.09120178
21.11695290
21.09897995
20.94106102
20.86739731
21.25607109
20.42420769
20.72852707
20.56935120
20.23512077
20.94707108
39.07105637
35.86010361
36.61195374
20.67180824
36.08034897
21.70865440
32.11552048
-69.81886292
-85.16809082
20.53359604
20.72712517
35.04629898
21.97107887
-67.36826324
-24.32297325
26.48144341
-8.85127354
-82.52764893
-78.94888306
35.60269928
34.82118225
-85.83521271
-55.05458069
1.80845761
-70.44744110
15.02411556
34.29664230
-52.32587433
34.25121307
34.45803833
5.33473539
-84.25807190
33.64206314
15.83528996
18.93533325
-68.40708160
-72.25203705
-16.77994347
32.63343048
31.37788391
32.36752701
-81.95310211
32.29649353
-81.68421936
32.72308731
32.51495361
31.77454185
32.12093353
-82.76512909
32.62973404
33.44623184
32.34224319
32.37574768
-84.90141296
-63.71165466
31.81305504
-76.37855530
-68.87613678
32.48460770
-95.34487152
-68.00826263
32.04559326
31.57809067
31.55370712
-45.85979843
-86.44865417
32.98045731
9.56773853
-87.45061493
-22.50405312
-81.69543457
-87.92243958
-91.13017273
-26.70715904
37.16841888
31.14822388
-80.37458801
-87.49031067
31.61286545
31.79130554
32.20088577
6.46266603
-79.33892059
-84.46109772
12.05215931
31.83424187
-83.53836823
17.46566772
16.44287872
31.91017342
30.97446251
-52.16297531
36.66797638
37.28010559
-70.82520294
38.37852097
-83.58518982
-84.38440704
37.36066437
38.61088562
39.57362747
39.18760300
38.54437256
38.57565689
38.53686523
38.60179520
38.56600189
39.22365952
39.13986206
38.47594833
38.57456970
39.38331604
39.53765869
39.64036179
38.60595322
38.45429611
39.36316681
39.21971893
38.85537338
38.69457245
38.93496704
38.66802597
38.67531204
38.52046967
38.97529984
-10.03444481
39.36489105
-89.29599762
-89.64188385
39.16165924
38.46646881
38.88726044
-86.82115173
-82.76233673
-87.82417297
10.12630463
33.19080353
38.88494492
38.74236298
39.39212418
38.74316025
36.23996735
39.19663239
37.68885803
-41.35158920
38.31421661
-66.50147247
-86.10417175
-86.94502258
25.78198242
-87.73049927
-84.35633850
-86.00182343
-85.31925964
-86.35169983
-47.24460983
32.03327942
38.00341797
-84.16421509
21.84543228
-84.04417419
12.38082886
-81.06973267
21.30688286
-20.42168236
-66.05484009
25.43562889
-82.31109619
37.59671783
-59.69214249
37.54060745
18.67971992
-61.24145508
36.69699478
37.06678009
-58.98918152
36.85764694
-66.90572357
35.29003906
36.57352066
37.02875519
36.57290649
36.54388428
36.57569504
35.97466660
36.41061783
-44.22039032
36.28388214
36.20037460
35.47880936
35.39968491
35.42953491
35.23355865
34.84507751
35.46980667
35.49770355
35.69912720
35.72040176
35.70547485
27.78309631
34.45338058
-76.74318695
-22.38635063
34.42969131
35.68563461
35.56187820
35.28372192
35.09017944
35.07629013
35.08642960
35.14276123
-28.40701103
34.97495270
34.98764420
33.68262482
34.18724442
34.24951553
0.01953401
-77.13105011
39.07104874
33.93588638
33.68262482
37.34513092
33.89669037
33.93312836
34.00057983
34.04270172
-74.79753113
-56.77343750
-75.64820862
-73.21695709
-77.14476013
-71.91906738
-76.32039642
-73.71411133
-67.39588165
39.41286087
38.64904404
38.89925003
38.39404297
38.79889297
4.23177719
-12.84647369
-62.19366074
40.26702499
40.30501938
-50.68598175
-10.86179733
-77.20034027
-67.13260651
-15.11320782
1.70734549
-75.24580383
-69.63447571
2.65581870
30.75054932
-75.08443451
-71.61387634
-63.09078217
-63.73612976
-76.61845398
-78.71354675
-70.83664703
40.60091400
40.44799042
40.90782166
-65.58390045
38.96578979
42.64426804
-2.26628017
39.98369980
41.99464417
42.83414078
43.04779816
-62.64281464
-74.90795135
-70.35591888
42.04439545
43.62500763
42.47122955
42.42632294
-76.38033295
41.52359009
41.43543625
41.75658035
41.99179459
-77.42848969
-69.95512390
41.84336853
41.29626465
41.77379227
41.78033829
-53.90631104
-34.23295593
-62.59727478
-62.16288757
-70.71616364
-77.81510162
41.36498260
41.39934540
41.07126999
10.07599449
-76.15348816
41.05588913
37.87244797
-73.04812622
37.60008240
40.81749725
40.74667358
40.65465546
40.16796875
40.17245483
38.25678253
38.38629913
40.13599014
40.05548477
38.18452072
39.91552353
38.23152542
39.72452927
-68.44567871
-57.32761765
22.16249084
-75.53808594
39.69476318
37.31375122
39.07125092
-69.36789703
-55.41060638
38.77730560
38.59589005
38.98802567
35.48483276
38.79170609
-66.72738647
38.23437500
38.38375473
38.66966629
38.72512436
38.28322601
38.39852142
38.61381531
38.28933716
38.28678131
37.96598053
37.86502838
-26.76209450
-58.82951736
38.16912460
38.24540329
37.99987411
38.03363800
37.56318665
38.03720093
37.83762741
37.98075867
37.99164200
37.99160004
-72.61363983
-70.82563019
37.91972733
36.01132202
37.44898987
37.59521866
37.53178406
37.22619629
37.37393570
33.56549835
37.13245392
37.24593735
37.18741608
37.18361282
36.92960358
36.86228180
36.88790512
36.81863022
36.69600296
36.51230240
36.30526733
-77.59298706
36.52352142
44.18210602
42.77132797
39.05603027
43.20305252
43.26326370
44.97116470
45.65124512
-67.11624908
34.10516739
27.69275284
-66.90134430
43.23557663
42.51671219
43.52804184
45.61942291
44.17254639
40.78572083
-66.87435150
44.43492508
44.27528000
45.02713776
42.01515198
-71.91265106
-57.60980988
42.37416077
44.56821823
44.56647873
-37.70152283
42.37542725
-62.00069046
43.96715164
42.25856400
44.06637955
-57.96624756
-62.82787323
-66.45119476
-18.79814148
-62.24296951
42.32584381
42.12394333
26.00005913
42.34493637
42.25352097
42.13353729
42.23284912
41.86034393
42.85107040
42.77270126
42.42782211
42.66670227
42.48458481
41.88101196
32.02929688
-71.07246399
-59.26001740
-49.86288452
41.46555328
-4.01177406
41.90471649
41.77754211
0.00853226
41.57134628
41.46242523
41.97604752
41.22725677
40.31526566
41.90911484
-62.16398239
-62.53219604
40.54006195
-55.62313843
-3.60284972
40.15489960
40.23022461
41.60135269
39.94899750
40.09540176
39.95233536
40.40349960
-70.17614746
38.09924698
-61.97423935
-72.70454407
-77.83954620
19.48638725
-5.79515505
-30.63047791
-66.00226593
9.46878910
-73.04564667
-78.37033081
-66.00136566
40.28730392
39.60337830
40.11894608
-67.33820343
-37.27257538
19.23945427
-68.61765289
-65.97087097
39.79481125
39.32299042
38.91664505
39.42852402
39.23806763
40.18544388
39.95609665
39.93216324
39.15376282
39.45231247
38.81053543
-68.52105713
31.65172768
-63.45403290
38.37695694
-75.86949158
-75.79123688
38.61532974
38.27335358
38.08401489
-75.63320160
-55.16566086
37.59789658
38.07810211
-14.30436707
38.13494873
-59.43090057
-47.73744202
38.61080551
37.19154358
38.46110916
37.68776321
38.24540710
37.78034210
37.79305267
18.50965500
-60.99442673
-73.67970276
37.62924576
37.54631042
38.15649796
-69.32063293
-66.65910339
36.80071259
42.02639008
41.45526505
-65.29295349
-80.83090210
-2.70303535
-80.84053040
41.53989792
37.48843002
-77.42282867
36.65146637
36.34107208
-74.43227386
40.89408493
36.04438019
40.54098129
40.57158661
40.89252853
40.98225021
36.08212280
40.46780014
39.09069443
39.24796295
-2.86393356
2.36029410
40.47392273
-74.29637146
18.52734947
-77.61381531
19.39507866
40.14862823
39.94301605
-35.81811905
-78.25719452
-78.54241180
-55.61090469
-81.68444824
-9.21290016
23.82744408
2.97166252
39.44159698
34.48240280
36.57144928
33.64809418
33.75720215
33.80026245
35.60831070
6.59746265
-72.47666168
33.07532120
32.23864365
-73.13394165
32.99279785
-47.93558502
-65.57093048
-72.42163086
30.85000038
34.02165222
-74.13140869
27.99654388
32.28752899
-71.60602570
-73.83955383
22.04026222
26.84114265
-54.99018860
32.27425003
-59.05614090
-63.61908340
-60.34036636
-58.69860458
-73.07629395
-69.90374756
13.72693157
-72.94658661
-44.28905869
33.52111435
33.58357620
32.98709488
35.94186020
36.24630737
35.60485458
35.66143036
-52.94739151
38.45708466
9.90108967
39.92827988
35.98152542
-74.43236542
-72.94644165
-73.06923676
-74.57681274
-73.05875397
-20.40818405
34.63550568
42.52729034
-77.61926270
33.61576080
-72.87674713
21.09862709
-74.35944366
-78.33226013
40.86600494
-64.20001221
19.73014832
-74.96676636
41.93930435
-73.33815765
25.18005371
41.19882965
42.84940720
41.91954041
38.00211334
-15.63901615
41.84175873
41.64291763
41.26129150
-71.91176605
41.39115143
40.93830109
41.17615509
17.16283989
41.17259216
41.71913528
41.13434219
41.10214233
40.75101089
40.77675247
40.55932236
40.62388992
40.64618301
40.84085464
40.61970520
-36.63990784
40.36349487
39.86036301
-6.38562536
-56.68988037
39.60633850
-75.82973480
40.29450607
40.46482468
38.10522842
40.52171326
40.16708374
39.96393204
39.89271164
40.04537964
39.72015381
33.56185532
40.27887344
40.32240677
40.38769531
39.87462616
39.76885605
39.79470825
39.56624985
39.66224670
39.74321747
39.59082031
39.42013931
39.04866409
39.30900955
39.27080917
39.07698822
39.15357590
38.96023178
38.84492874
38.85446548
38.66660309
38.64333344
38.54249191
38.42290497
38.50020599
38.30358505
38.28730011
37.93252182
37.74134445
38.08926392
38.19068146
38.12333298
37.88327408
37.90086746
37.76417542
37.46948624
37.88031006
36.47734833
37.28665543
37.69913101
37.27082062
37.71012115
37.46855164
37.12692642
37.35778809
36.91772842
36.48269272
36.99180984
-76.60057068
36.61774063
36.92591095
36.77640533
-54.38760757
-42.82267380
36.36550522
36.22011185
36.40191650
36.45705414
37.94108963
37.80204391
36.98436356
-61.21588898
-77.44767761
-75.87387085
-77.20116425
25.72213745
-75.75485992
5.11103106
-73.13979340
29.82366943
39.60327530
-34.63574600
38.89315033
39.00154877
38.47779846
38.38584518
36.19844437
39.16023254
39.31588364
39.64631271
39.44791794
-76.24420929
20.42916870
30.43697929
-79.43418884
-64.11626434
38.93159485
39.89368057
39.10344696
39.76895142
39.30162430
39.43543625
39.26533127
39.03059387
39.03267288
39.32804489
38.97923660
39.54563141
-80.45247650
-70.08503723
8.02135277
30.01695061
8.62279987
-77.18124390
-64.65619659
38.34274292
-7.47601700
26.16606140
39.35546875
-78.25745392
38.35461044
36.47433853
38.47416687
-50.45742798
-77.82806396
37.70890808
37.64880371
37.64093399
37.04472733
36.89403152
36.65769196
37.02421188
37.25411987
34.15728378
32.77873993
35.00187302
35.08502960
34.20262909
-40.72351837
-77.32873535
-66.50863647
34.14120102
33.82188416
33.65724182
34.36729050
-39.47318268
-78.31423187
17.45938492
14.67740059
-73.94029236
5.86297321
-59.31585312
-65.78946686
-2.77227974
35.91930008
-69.39688110
35.76478577
35.76494980
35.56372452
35.19876480
33.06708908
-1.48912621
33.34527588
-58.05237198
-74.02280426
-69.08084106
-64.96198273
34.03800964
35.10881424
9.04168797
7.80219603
-80.53141785
-64.57212067
-24.58384895
-81.09943390
-81.17640686
10.50692844
35.67232513
32.93790436
35.58485031
35.47892761
-54.06404495
16.66129684
-62.72321701
-61.77019882
-75.34944916
35.40023041
35.33428192
35.90735245
35.59723663
35.40322495
35.67317963
35.25098801
35.16032791
36.50434113
34.72879028
-76.47627258
-80.67201996
-76.07626343
-64.35966492
-79.22888947
-32.82388306
-30.94090652
17.49081230
33.68056107
-74.13045502
-78.40950775
-64.77655029
33.57958984
-78.36197662
29.48052788
14.94839573
-84.22007751
-61.62705231
-61.09675217
-63.44359970
1.99705338
-78.94380951
-80.47911835
-0.60894275
13.88537407
29.93911743
31.70164108
31.86050987
41.03049469
41.19129944
42.29957962
42.61382675
42.70364761
42.33545685
4.29548550
-36.03133392
24.33046722
14.69335938
-58.14883804
-74.27523804
-76.06880951
35.95977020
41.97410583
42.48497009
41.88363647
38.86861801
24.88653374
28.02336502
41.94644928
40.95490265
37.60596085
40.93026352
-66.67359924
-68.09009552
41.44075394
42.09881973
41.52553558
41.35678864
41.32805252
-76.44849396
40.95771027
41.26923752
41.48625565
6.63997412
40.69864655
40.87353897
-80.43920898
41.01618195
40.83612061
40.66341019
40.30517960
30.95526505
31.65682602
-74.23870850
15.76973915
-40.50366974
40.81669235
39.95179749
40.72818375
41.35210037
-58.04783630
39.65938187
40.15848160
38.61674118
39.29529953
38.67321777
39.23342514
37.81001663
38.38930130
38.20183563
38.20221710
27.03125000
-85.52219391
-80.60188293
27.62287140
37.28094864
37.90323639
37.97356415
28.94281578
37.95759583
38.11150360
-75.86053467
37.85609436
38.01889801
38.64417648
38.55888367
38.19503784
38.45554733
37.47388840
37.67630386
37.62567139
37.49330902
36.12770081
37.36186600
37.22457504
37.74165344
37.43999863
37.33150101
37.33628464
-7.10584450
36.95055771
36.94883347
36.86511230
36.63159943
35.08390045
36.65927505
36.63262177
36.51772308
36.73687363
36.74405670
36.37704086
36.39144516
-54.92916489
34.76469803
36.08408737
36.05031967
36.06087494
35.95111084
35.81374741
35.88166046
-82.78823853
35.45481110
28.74985123
-54.46044159
-74.40570068
-54.49586868
35.12038040
32.88498306
-68.44976807
17.52776909
-41.19009781
-81.59486389
-81.10836029
-76.04328918
33.60285187
33.19953156
33.46565247
34.41736984
-72.30224609
-79.70182037
34.90911102
-53.19929504
12.96909904
-63.86195755
35.09714508
35.52340317
34.73734665
34.72688675
34.66545868
35.15825653
34.39342499
34.02735901
34.46158600
34.92786407
34.60921478
36.02956009
34.47884750
35.32712555
35.19826508
-79.77272797
-76.68794250
-71.73567200
36.58474350
36.15942383
35.14040756
33.64596939
33.34473419
-21.24508667
34.86043549
33.54972839
-78.31513214
-78.38338470
28.88207054
33.39824677
-3.05555964
34.62217331
34.27674866
34.86752701
36.23628616
34.97235870
35.19149399
33.31445694
37.45570755
37.43409729
-78.17301178
-71.85177612
35.99721527
36.14559937
38.16905594
40.08497238
40.14606857
-1.59464204
40.80117798
40.50675964
40.71007919
38.18905640
40.43597031
40.38378906
40.13339233
36.20072937
-73.71015167
39.76169205
39.32563019
29.21015167
-79.98072052
-68.78459167
-81.15581512
-77.88829041
-80.14674377
-7.79726171
-56.60544205
-76.77925873
-77.62384796
10.29041290
37.67648697
38.59654617
39.11093140
38.88684464
38.54466629
38.24654770
33.85238266
-40.89624405
38.45174026
-72.80867767
-77.56782532
37.91680908
37.61041641
37.96511459
37.40635300
36.49737549
37.25395203
36.56026077
37.39688873
37.03941345
37.53333664
36.94333267
34.94176102
38.34202576
38.12711716
38.01545334
33.67424393
-34.87818909
10.06811142
35.64413452
16.82918739
-36.20145798
38.00061798
37.42993546
-72.77098083
33.72090149
34.70495224
-74.61494446
-34.48978043
37.57297134
37.64533615
37.66775513
36.47609329
35.48180008
-77.95873260
36.29607391
-45.40198898
-79.71213531
-15.86178303
36.69244766
37.13531113
37.29298782
35.69026184
37.52927399
33.78829193
33.85213852
36.73009872
-35.00040436
-90.75030518
-0.50874674
-90.12221527
6.61974287
6.16321564
32.09559631
35.49169540
-13.90411091
35.43832397
35.55078888
-79.84525299
33.62462234
-76.05173492
34.95894241
36.35673141
-79.63819122
-81.74416351
22.33361626
25.03389549
-80.25769806
-61.39316559
11.09401321
-85.77239990
-82.12152100
35.23912811
34.93032074
34.56456757
35.21063614
35.29879761
34.90206909
34.68135452
34.72441101
35.72469711
36.09051132
-69.35449982
-21.09396553
-74.17200470
-82.35340881
-79.92100525
-8.44795322
-79.46372223
-3.62497497
-80.41308594
36.00012589
35.92092896
35.14148712
46.04057693
35.79623795
35.69851303
35.58889389
35.93902588
35.67114258
35.40517426
34.92808533
45.98869705
-59.28506851
35.50301743
-45.17771149
-75.05644226
43.18736649
34.39120483
45.98902512
46.30625916
46.59062958
49.73089981
0.68437326
46.12306976
46.01074982
32.42575073
-64.89744568
45.10959244
46.07408524
43.69022369
45.71843719
47.19151688
44.96412277
45.08061981
45.23411560
45.48698807
45.96498489
46.18142700
45.93534088
45.92975616
45.64142609
-13.26985836
-69.01599884
45.05799484
-6.39573383
47.49065018
-65.41568756
-74.89657593
-70.90882111
-75.71017456
-62.27607346
10.17763519
-70.76644897
-54.14702988
-76.49912262
-76.02736664
-72.85575867
-64.48777771
-74.70108795
16.31673431
-66.72657013
-71.49764252
-27.40991402
-78.27301788
2.15456104
-76.09326172
-76.37744904
39.58464050
46.03525925
45.00271225
44.74350739
14.49940014
-37.41106033
-70.57817078
-52.63264847
-74.49456787
-29.14380264
-73.78639221
-74.87825012
47.40370560
-59.00746536
46.93805695
47.51393890
31.11792183
45.76250839
47.55371475
-47.36805725
26.64727211
45.89562225
46.29784012
-25.79037666
47.66078186
47.16643524
46.21845245
-72.34078979
46.41839218
46.52618790
47.88018417
-65.48219299
45.72456360
45.81742859
45.71317673
45.48054886
45.73336029
46.17738724
37.39416885
39.91249084
-67.58927155
14.81691837
45.46199799
44.77146912
46.36138535
45.17180634
45.13906097
44.64420700
44.84246063
45.89280701
45.62583160
45.48182297
44.79624176
44.57180786
43.64818573
44.20396423
-65.97142792
-53.13376617
-68.00463867
34.24307251
-48.91999435
-59.79334259
45.50957108
45.07027817
43.37417221
-67.94054413
-22.29635429
8.02837181
-60.41042709
-65.49895477
44.16638184
43.48815918
43.91735077
43.83341980
46.75378418
46.33363342
45.96982956
43.58460236
43.67679596
44.57282257
44.15885544
44.25746536
43.18157959
43.48931885
43.61326218
43.25711823
-72.92178345
43.21451950
44.17339706
43.81776047
43.73961258
44.01013184
24.36053848
44.19722748
43.49723434
43.56504440
43.76714325
43.16677475
-21.66098595
42.32411957
41.95286179
42.12560272
41.43550491
41.90161514
41.86722565
41.22376633
42.18942261
-71.12871552
-69.66757202
41.86917496
41.02630615
40.83852386
43.30020905
40.81465149
42.49757004
42.38568497
42.46173096
41.98939133
41.77679825
42.53095245
42.81732559
42.00655365
39.82106781
39.83145523
39.62857056
39.47988129
41.69806290
39.10736084
42.58227921
-68.13097382
39.19171143
39.02831268
-44.36678314
40.35773087
-65.67588043
-66.77613068
-58.06568527
-61.45213318
43.05269623
41.58394623
39.78483200
-67.13730621
-54.54415894
41.52287674
41.34498978
41.78775406
40.97660828
40.78667450
41.26214218
39.88622284
41.72555923
40.84646606
20.30484772
40.99917221
40.22643661
41.26124191
-64.09353638
-59.09768295
43.89995575
-67.92848969
-68.20739746
-57.68245316
-65.64851379
40.93712997
40.89009094
39.94882584
40.14815521
40.58273315
40.42539978
42.06580353
40.79619217
40.57701492
40.64951324
40.35107422
-60.99092484
41.04057693
-68.92229462
28.30466461
-60.39426804
-65.79646301
-50.01725006
-70.47612000
-61.68054199
-8.53680801
-66.56167603
-65.69627380
-63.65642929
-59.93221664
39.42341232
39.88460541
40.16661453
39.57370377
40.04061127
38.86407852
39.93539047
40.15034103
38.51897049
-67.61111450
11.20623493
-68.25601196
39.53260040
39.24935532
39.62119675
39.59176636
39.04150391
39.32977295
39.66491318
39.06437302
39.02414322
39.08622742
37.07578659
38.71411133
34.06267929
38.64483261
42.49908447
41.66831589
-62.61175156
-75.62421417
26.71695709
-64.62185669
-44.65993881
10.52374363
-5.13384295
36.31567383
-22.44908333
36.99525452
41.64770126
41.42553711
41.57123184
41.80791855
41.48979568
-58.88208389
41.13955307
36.83649826
41.41394424
41.17540741
41.47161102
42.26202393
36.63900757
36.35814667
40.10154724
40.11582184
40.67171097
40.00250626
39.73248672
36.66131973
41.07588196
41.74597168
43.24324799
36.78504181
36.33670044
43.36286926
-21.25765228
-75.14488983
-40.97318268
28.10361862
43.48821259
-75.07121277
44.88280106
44.34289551
44.95216751
44.63264847
44.20888901
44.43503189
44.27434921
44.15899658
43.49881363
-58.25252151
-3.24262381
-70.72731018
43.63948059
26.99988365
43.58440399
44.43740463
44.67474365
44.86552429
44.31284714
42.21145630
44.97062302
44.35697937
44.59055710
43.88662720
44.36608124
44.45663452
41.62291336
42.66129684
42.13605118
43.59713745
43.85140228
43.10954285
-37.36307907
-78.45910645
-43.98101044
43.20830154
43.08784485
42.93867874
42.66373062
42.89727402
42.58547974
42.85975647
42.68209076
42.48785400
42.65130615
42.52570343
42.47045898
43.59236145
42.37082672
42.74502182
42.61851120
42.16848373
42.37176514
42.09777451
41.99798203
41.84696198
41.62179947
41.09592819
41.72879028
41.78593445
41.20354843
41.54742050
41.38165283
41.37966537
41.42732620
18.00079155
-64.97252655
10.00661373
-73.10671234
-41.92682648
-12.46815968
40.75404358
41.07028198
40.39003754
40.27897263
39.98830032
36.77563095
33.29778671
40.21977615
40.52677917
40.84864426
40.28535461
40.11374664
39.64002228
-70.45668793
38.69760895
39.58529663
39.10389709
39.37813187
37.40400696
39.67742157
39.12858582
38.64610672
-76.84384155
28.74415398
-75.36027527
32.92569733
38.70853806
38.67048645
5.70927000
38.05577850
37.96973801
7.77246618
38.14640808
39.34370041
38.15127945
37.91225052
39.29875183
39.28699493
39.61181641
37.47687149
39.80979919
-71.41831207
39.80034256
37.32570267
38.67569351
25.04311562
24.15058517
37.87615204
-23.44293213
-71.37271118
-63.97769928
2.45098329
-31.65536499
38.13609314
36.64147949
38.48059845
38.68229294
38.46469879
38.37349701
38.13650894
38.15693283
38.54013443
37.95857620
37.20873642
35.54833603
35.73894882
-38.84035492
22.51628876
33.02662659
-63.11932373
-61.02497101
-73.39445496
-74.92144775
1.44263792
4.10115337
38.39583969
12.84980965
-70.97542572
38.74431229
-74.73988342
37.91183472
37.99073410
38.30487823
37.88305283
37.84972000
37.00056458
6.49245071
-28.02898979
37.42288589
35.10951996
37.63983154
-72.22133636
35.37426376
37.40895844
35.38056946
37.06167603
37.14632416
-76.53471375
36.87089920
37.11283875
36.94115448
36.62876511
36.74628448
36.69380951
35.22336197
34.76409912
34.57497787
34.52714539
34.58155060
34.58975220
34.38000107
-58.58425522
15.99469566
34.89421844
34.47757721
34.66970825
34.56752777
34.44034576
34.46920013
-55.10803223
-57.93141556
-46.94821167
-74.04922485
7.30780792
-77.46865845
-78.57916260
-77.16442871
-77.67573547
-76.86351013
-71.84059906
-61.55908203
23.65090942
33.19305420
34.74678040
-54.69081497
-74.32479095
0.96661371
-76.32296753
34.32719803
33.70711899
33.67020798
33.07823181
33.37548065
3.06275082
34.17942429
33.27909851
32.93161392
32.84798050
32.70221710
32.74126816
33.04058075
33.62886047
27.91859818
-71.50642395
32.54250717
31.79897881
1.45794332
26.59467125
32.63172531
32.52783966
32.13518524
32.68029785
31.73163605
31.61984253
31.73433304
-78.58470917
13.81977558
35.52534103
35.46680069
34.88121414
34.73108673
35.26733017
34.92621231
35.10819244
35.34482956
35.19180679
33.88800049
34.29695892
34.69013977
10.51829243
34.71283340
-3.47210217
-75.74218750
34.67811584
34.59603119
34.63181686
34.33038712
34.08885193
34.66620636
35.10634232
34.48778152
34.39870453
34.47146225
34.45223618
34.37871552
29.79162979
28.74257088
34.22391891
34.30723953
34.01236343
33.86886978
34.07990265
-21.21802902
33.72213745
33.67242813
33.50892258
33.66174316
33.73334503
33.62453461
30.74507141
30.91987228
33.37026215
29.38256454
32.85960770
33.19291306
33.34031296
32.26378632
-81.10678864
32.66676712
32.94178009
32.99222183
32.97114944
28.92211342
16.24832153
30.38207436
27.85243797
32.38941956
31.14513779
27.18772316
32.21238708
30.99663544
28.57230186
31.89614296
32.07024765
31.96591377
31.54487610
32.06476974
32.24870300
31.46603012
32.27108765
31.77541542
-77.11061859
-81.72621155
6.90182495
30.41375923
-75.66114044
31.42265701
31.61046791
31.44714737
31.40399933
31.07369995
31.39361572
-80.35095978
-73.37024689
31.78451729
-64.25083923
-36.50193024
31.30051994
31.01034355
31.23640251
31.18507004
31.35225105
31.22084808
-81.68331146
-80.59487915
-33.12736893
-80.78814697
-78.34011078
-60.46950912
30.93158913
30.52521896
30.80134964
30.81864929
-78.45964050
29.42716599
-80.38835907
30.64143372
30.66647339
30.48895454
30.67506409
30.41247940
30.57790184
30.63562393
30.61288071
-79.66049957
-80.99883270
-1.56765521
-84.76961517
-44.94716644
-84.01816559
-85.12628937
-81.18869781
27.78227234
30.10491180
30.86570930
29.76582527
29.87246323
30.13507843
30.60073662
30.24480247
27.16724777
29.46156502
31.27613640
-79.60704803
34.42632294
21.12364769
-80.65847015
27.63767052
16.93157196
24.16389656
31.59604645
28.68860817
-71.08469391
-76.51748657
-27.49727821
30.89490509
31.63692284
-64.24717712
13.99109650
-68.87025452
31.49913788
31.61765862
6.10743952
-11.20078659
30.02574539
30.36379623
32.69952011
30.22375298
-83.39752197
31.00777245
-75.04767609
33.05944061
32.90632248
-82.29364777
10.67487907
30.10256195
-66.44209290
-86.63217926
7.32259130
28.69000816
30.30207825
27.89419746
28.79742050
29.01383781
32.11888123
29.64276314
30.02306366
30.46616936
31.19726372
30.82227707
31.75398827
30.46450806
31.11116982
31.02508926
30.33528519
30.17354965
30.46846581
30.37248421
-97.05735016
30.31551743
30.95606422
31.10530663
31.26686287
30.80944443
31.14639664
31.09165764
30.85923958
-8.80299377
30.64719391
30.70258904
30.48021126
7.45115423
1.50110233
29.94083977
30.09488297
27.92166328
29.12239647
28.71998024
29.44947243
-81.05513763
30.10344505
29.87559891
29.84586716
29.68062782
29.73756790
30.38231468
30.35392952
30.75196838
29.75239944
29.33672142
29.88073730
29.25367928
28.85855865
27.58792686
-55.28858948
-66.54085541
-86.85671234
-17.55565643
29.57247543
33.94858170
23.42642593
25.37551498
-47.20199966
23.86058617
30.66470528
30.11909676
28.81327820
30.61390114
30.31581688
30.66921043
30.55809593
30.41272545
-89.48441315
-83.34045410
38.15346527
32.67660904
32.08494949
38.46189880
-84.00846100
40.22913361
37.29452133
16.81896210
-88.14900208
-37.86430359
36.15818787
-89.95019531
37.76409149
35.56539536
37.38986206
36.67316055
36.82970047
38.53353500
38.93893433
37.41401291
-85.65302277
-64.86552429
-85.07784271
-92.19511414
-90.66066742
-76.57366180
-87.88862610
-88.64742279
-88.56552887
29.79581261
37.50669479
38.67852783
38.10720444
37.89526367
38.32490540
37.48519516
35.75571442
-0.29713550
38.42215347
36.65843201
38.25142670
37.71076965
37.60940170
-82.67330933
35.26402283
-82.68259430
36.36653519
37.56902695
36.18992615
37.21185684
36.95489883
37.15386963
37.06168365
37.00816727
-60.60345078
-46.72462463
36.62915421
35.43884277
36.72837448
36.04054260
36.59941101
36.48946381
37.62969208
36.71833420
-88.75414276
5.70911074
36.39669037
-80.42683411
7.42575550
-88.25485229
-7.28919077
36.12822342
-20.30194855
-38.34736633
35.81232834
14.44497490
35.81853104
-73.98834991
35.94746399
35.85831833
35.57773209
36.25607681
36.07732391
35.69805145
35.89827728
35.59530258
-80.10431671
-56.16617584
34.95601654
35.39184189
35.36025620
35.63356781
35.78596115
35.88400269
35.23096848
33.94271851
35.06052780
35.23091507
34.86174011
34.99884415
35.38121796
34.61740494
34.82159805
34.54170227
34.58178329
34.60681152
34.58296204
34.42998505
34.49961472
34.59554291
-77.09137726
-80.90472412
34.36187363
-52.18354034
-79.74150085
-47.98907852
1.46720743
-77.59630585
34.26345444
33.77437592
33.45143509
33.48200607
33.47654724
33.41065979
