-755.42609814
-1748.03254365
-1516.86341843
-1542.15314864
-1547.96928455
-1207.68943282
-1264.02661936
-1537.45853444
-1774.33490130
-1107.85504855
-1251.98623077
-1186.09397294
-1418.71151871
-1492.10537850
-1334.83586704
-1293.36273369
-1341.18166035
-1483.10511723
-1411.72116043
-1275.28669908
-1402.51025171
-1384.67384905
-1423.20193185
-1336.91151803
-1273.16968500
-1491.45088434
-1392.65580552
-1105.05300206
-1546.76986737
-912.60288920
-1523.24302377
-1413.62171013
-1085.30897724
-1290.51881442
-1232.59733164
-1206.30035582
-1330.40245100
-1394.34873988
-1082.55232046
-698.81136090
-1386.47925488
-1236.03787227
-1219.88904505
-700.08602922
-252.05069193
-1491.34335841
-1513.44289326
-789.44194293
-377.80628297
-793.83173334
-1523.91996656
-398.76320547
-939.60400176
-1078.44860876
-1540.53955915
-1135.62683321
-1080.65694999
-1058.59801439
-906.58242918
-1071.75948358
-689.77742160
-666.27614401
-674.09698477
-523.35419083
-329.50815716
-659.32269670
-295.17785287
-840.29295427
-650.41395364
-536.29516904
-797.55212216
-1189.47588668
-1187.64667425
-1216.81340894
-1237.06652821
-1176.55558218
-1194.64804865
-1243.18255955
-1186.94883644
-788.88035201
-757.09756808
-132.55001209
-390.87605094
-393.50527211
-673.06501642
-1031.21432958
-758.85272517
-761.62889448
-988.77770618
-1036.79654653
-902.75056874
-636.67519345
-645.45490425
-514.91970009
-537.76125715
-1172.23351396
-1047.81534262
-1036.11605261
-786.01075384
-518.34525313
-387.21379139
-266.56834136
-1033.20762469
-931.43750742
-903.62895908
-242.47830824
-263.02896205
-518.34722087
-761.35919860
-522.20010148
-635.50720424
-511.30570471
-979.04076070
-640.66094062
-138.60845063
-0.60508772
-321.00090389
-257.51603102
-383.14654549
-274.10168603
-3.48859594
-371.12023142
-2.15898616
-875.21677475
-381.96369517
-350.24472144
-122.25652232
-6.81486230
-349.30181403
-125.66592371
-117.59359030
-122.41026947
-843.10703894
-381.48957742
-0.54672004
-246.33199943
-361.51392111
-125.88941409
-1.03900275
-127.59621913
-115.82706756
-498.12130566
-517.22992891
-133.28493057
-381.56322508
-122.79406400
-515.13820771
-130.56429388
-126.63202968
-123.65729264
-241.80890748
-350.90315743
-343.62415792
-5.02059742
-127.26768616
-4.68886173
-131.14630126
-236.33574246
-129.99117663
-115.21108722
-134.86312835
-126.84114597
-128.43383741
-450.42241392
-130.51887543
-127.07790197
-123.51412426
-742.41300901
-1076.49353101
-901.33841097
-682.35191288
-119.93441798
-4.34976224
-244.38388096
-238.61632040
-126.99088253
-0.14994963
-125.74081512
-238.63168997
-116.54740106
-232.39524593
-614.76100301
-250.85557866
-248.50855222
-548.02867767
-499.33331260
-124.57919513
-3.36987990
-221.78041377
-622.36412415
-388.01368987
-129.00556985
-124.65212986
-730.28192334
-374.26619578
-228.69938567
-388.71540972
-884.33723708
-873.80311390
-117.53626346
-125.27206827
-262.88591820
-1201.39016125
-1028.43220374
-490.02840867
-1063.68237006
-974.60121212
-999.37298395
-387.20690390
-745.98455823
-501.96350734
-131.31689924
-4.06465188
-122.01541017
-116.76763617
-118.83566835
-650.86950616
-1701.53620231
-990.00759665
-819.41245459
-844.37982548
-768.59303028
-871.57857733
-594.15165125
-875.21571933
-631.23698850
-239.07990729
-125.46076230
-122.84994630
-127.30042863
-123.26878815
-1571.07670358
-4.46445766
-232.43339465
-8.84871953
-1503.15756330
-367.00958568
-247.04075400
-129.46622400
-123.78474269
-130.95496833
-498.44208751
-625.57121628
-376.25585086
-599.75889846
-1563.17744041
-12.79106888
-373.48308163
-720.70505258
-776.94173195
-661.85923407
-183.87478659
-1757.94260546
-812.56004121
-241.42316151
-372.46255357
-126.61176015
-248.46139692
-121.73388670
-2.02236653
-488.43252480
-522.82376341
-119.97688261
-251.28339397
-122.30591923
-245.43522422
-128.12624282
-6.73581994
-8.01808620
-276.02388678
-125.66390524
-8.45623674
-122.35710531
-126.04524580
-119.87212960
-322.10892210
-125.76090508
-229.35914842
-124.57746323
-120.12984313
-1121.89885768
-260.09207363
-127.99263116
-1110.03958980
-895.91972111
-1151.94221795
-1256.46540735
-1110.62945735
-1025.35996146
-976.67010904
-380.61476427
-12.66811745
-130.91985459
-796.01819678
-232.14093411
-125.93731808
-755.64037477
-237.90723407
-370.01363116
-375.16170540
-623.00660453
-838.22675325
-131.37426242
-133.15961997
-250.02705135
-258.54615360
-11.78364128
-124.90753022
-854.94154656
-185.79585272
-737.52737048
-983.21606324
-749.48519835
-702.30620720
-800.28408849
-140.10333950
-133.57272797
-131.69299591
-246.20611689
-136.25871957
-17.66366465
-133.98004022
-11.50987794
-850.30500735
-989.16199802
-240.31286879
-316.32995797
-873.26038241
-991.67269892
-260.10095711
-130.58370233
-13.95215556
-17.51779282
-496.24367746
-716.46222830
-376.89791489
-130.40587467
-350.51524667
-128.30644026
-124.01372460
-7.97910605
-127.42792337
-243.27756038
-842.61060481
-907.83013735
-125.04507638
-380.01580805
-325.52922044
-224.95606524
-124.01209857
-886.23303447
-124.21249101
-1004.64778541
-964.12027125
-236.31839228
-755.59469676
-1.72631873
-236.19650234
-125.47730345
-4.04164999
-232.50913526
-241.27050684
-762.02619015
-491.74959286
-2.73012532
-248.81322993
-315.05928326
-118.41459575
-236.89273473
-124.30100644
-352.69509278
-130.03136581
-226.75824118
-1168.28189929
-1001.09958705
-499.74301204
-245.63443333
-126.50646536
-259.24206847
-631.38326458
-224.97794514
-752.13713886
-699.54046597
-351.81074573
-377.67096533
-122.16606815
-403.53727158
-1.07694399
-623.88988889
-883.96992902
-750.36743194
-270.05545071
-140.69545058
-880.58365391
-505.00899541
-20.12008429
-362.89138025
-240.11033120
-136.75709292
-115.86653726
-133.56780283
-125.36395947
-891.41833231
-125.00441366
-1021.53340116
-872.42010319
-857.25594703
-120.94260297
-347.82316560
-117.20158572
-119.06083186
-872.24257294
-890.71434328
-754.87648332
-863.02173562
-244.81720729
-253.66155687
-244.35451301
-260.38190992
-619.27883995
-136.41668653
-383.29486138
-376.72459401
-137.89506996
-241.39180704
-134.94077690
-131.37963761
-365.97052199
-255.79029014
-244.77962370
-252.63879796
-354.04801244
-261.90450348
-534.34865575
-408.41378142
-753.34916460
-932.49550191
-1139.15763454
-1176.84788307
-1215.23776090
-1303.84128238
-1157.25621425
-1163.56538927
-505.85612901
-145.15959220
-136.74402565
-256.83508940
-134.43734964
-255.72340693
-138.42270703
-501.75016787
-382.80244635
-456.91612649
-998.88889536
-910.17387884
-879.17243043
-922.69808532
-1000.52473918
-1148.65736903
-1009.17895973
-810.72492176
-628.81538728
-751.37017335
-1011.77879106
-1306.86952103
-1295.90265475
-1166.48577940
-906.25241612
-1037.33987309
-509.82119186
-140.17625754
-247.73864632
-510.95355010
-878.49274560
-380.79704247
-997.76992404
-1149.91253300
-1101.90406029
-1006.81298421
-1154.45647606
-1163.36649714
-1007.84703400
-1173.56827675
-1171.43505609
-880.61010414
-138.83527721
-133.81253910
-639.58892874
-602.96421704
-1000.35659921
-988.44541402
-143.78935105
-387.13991174
-910.69182417
-1018.05125162
-760.43421783
-1005.94306243
-940.59079640
-1122.58719964
-859.36517000
-389.68920305
-261.13585156
-143.56585435
-136.78735034
-254.32420677
-132.90186538
-614.82496801
-237.05391184
-499.68082168
-121.07257764
-343.10874292
-242.95856165
-143.69073270
-493.63592550
-490.80945589
-609.66435079
-356.84480519
-259.27732903
-137.50906389
-253.03031233
-240.29738581
-491.79088424
-1000.24920378
-1000.69322513
-1000.82479744
-823.69533274
-745.32204821
-227.54113874
-130.96258798
-507.12402845
-130.18927761
-125.29486427
-128.00065100
-128.05605288
-370.90849403
-887.34307097
-887.30467862
-1009.21608814
-379.99757666
-125.94083956
-254.14818233
-236.54840724
-5.56413043
-1019.44947074
-880.44556892
-2.07832509
-1.05037508
-114.92157659
-119.60481759
-123.72631369
-122.37796194
-124.80621702
-497.43185713
-755.23416434
-122.74006709
-238.39866347
-346.02205854
-1154.23678141
-1015.92989860
-959.50119568
-239.30798413
-1.65719810
-355.91046137
-124.31671064
-122.47130506
-122.56159261
-998.63417684
-1138.10429513
-5.08355619
-243.31021585
-125.90457681
-3.26591358
-1.90430238
-122.39143477
-128.54960805
-312.87120156
-1031.82388201
-1164.53547093
-996.18083214
-695.65398535
-123.03890797
-128.31612913
-245.96457374
-648.97902919
-752.91980482
-863.09560808
-4.38287020
-881.24516569
-3.08605181
-125.69894726
-1.60363277
-125.79547468
-121.68650738
-121.23303748
-2.09061726
-321.26561780
-123.21388590
-367.44396509
-122.98489583
-129.70807278
-236.07938922
-1019.24285038
-132.00963119
-243.85911770
-238.05817632
-386.56155383
-254.52628458
-17.33872237
-126.01940132
-243.36722661
-249.06631981
-370.38388682
-2.46613609
-254.41373867
-124.28826617
-632.06986554
-263.41268508
-245.70993397
-248.24188651
-2.12250242
-120.78161958
-138.03981987
-6.54198306
-369.50764175
-14.74120795
-0.61514223
-131.26926521
-914.33332755
-14.43030238
-761.39594427
-261.49513537
-241.43172506
-121.44660563
-254.03623689
-14.10317974
-121.44274474
-137.75488196
-344.74943482
-824.60488368
-509.01081530
-1023.75303240
-1064.55686575
-993.16759609
-119.44388887
-121.40313233
-137.47931361
-244.43498434
-842.79764914
-0.62802293
-236.03032725
-119.20798184
-371.50805483
-132.25961970
-135.11911594
-133.94768823
-233.66085207
-134.98623752
-130.99320059
-135.10442770
-137.30085294
-227.89575236
-2.70150245
-1146.18114356
-1.91022655
-869.41423757
-131.34398586
-127.08798014
-134.79036693
-240.38441842
-250.39307212
-307.92094781
-346.31772180
-978.80996599
-959.07826261
-1053.31058869
-1003.84135002
-873.42900414
-134.05882070
-13.81693340
-234.80558286
-638.57645254
-628.22665372
-261.23834043
-234.77183457
-133.86406057
-127.96302162
-344.71596161
-238.63612433
-127.44367416
-128.22870246
-244.41076443
-1016.44893138
-475.82948841
-12.73359573
-289.06444236
-127.38988048
-126.44435355
-230.34330708
-347.63900532
-864.96427186
-369.43113320
-11.17694829
-130.60772098
-128.09767438
-261.03193000
-8.04416695
-124.16841088
-120.47789680
-124.19142066
-122.80704151
-127.55467533
-2.21736600
-126.24235855
-241.64557620
-258.75394484
-126.88950631
-132.64826805
-243.38089551
-126.13227945
-11.26127165
-129.89756270
-10.46157416
-132.31344871
-12.54359800
-132.95040044
-251.42664139
-6.52325733
-237.82183319
-233.88024148
-121.80933841
-123.32580790
-123.36422750
-242.93048917
-236.36996405
-1027.43917002
-127.03100887
-753.56895158
-118.31249974
-123.12647672
-1.46105343
-123.78091051
-118.16037646
-229.53282409
-354.88411195
-2.11820393
-1020.95511980
-368.41098344
-235.13761357
-371.49966588
-737.89358934
-120.55502595
-228.79258488
-241.27103992
-120.01937382
-235.60407407
-980.98908546
-123.14786673
-407.92379713
-119.62094144
-245.24369527
-121.78539501
-3.89154920
-124.63903951
-228.86925872
-2.17770669
-236.97446609
-237.73100754
-1.08508478
-120.95700402
-125.26657275
-8.57185313
-248.99101286
-181.90690882
-329.31782088
-134.22062652
-248.23258194
-137.77181212
-253.66382350
-381.50934699
-758.81540439
-251.85973811
-251.30166399
-134.25987054
-18.47854933
-243.77584005
-127.79961457
-20.03192324
-490.21866265
-129.13263608
-489.00766951
-743.82694152
-814.17354192
-140.11336757
-252.56677105
-134.31073301
-247.54926374
-245.18159665
-129.83234167
-136.99161396
-22.05287194
-860.08038986
-737.46719026
-139.42636700
-495.99738124
-138.06308156
-248.96051721
-127.18713007
-138.54998227
-260.35309267
-508.55659374
-249.47083187
-879.54084195
-948.65769894
-1012.02126802
-119.93546693
-261.63300373
-238.89528549
-233.58591767
-125.34872224
-122.91904138
-246.31192633
-124.74580724
-479.37757480
-114.59432170
-1208.30246678
-629.19896412
-371.29625449
-126.47859341
-353.77979842
-3.50484144
-121.14573247
-123.78333050
-127.82152558
-359.99033817
-125.29424604
-125.46679997
-241.26739685
-191.71453579
-816.81149691
-123.65327588
-344.04312092
-375.92647770
-315.04841286
-1048.53136718
-925.48666856
-948.35880069
-363.18568949
-1006.29840704
-233.58365829
-1.23037494
-504.81420218
-623.56918690
-11.37196813
-233.49517357
-123.56595451
-354.83461714
-883.44433194
-882.74018644
-231.01702548
-242.90308334
-126.95559362
-240.72974988
-125.42437953
-339.47122685
-122.31669869
-125.55560962
-122.43343254
-7.41901634
-889.94909104
-1136.34164159
-975.31285487
-5.94330232
-123.97057734
-360.34302424
-1.97231683
-336.43040618
-379.11708417
-122.77020168
-238.49249083
-127.01081258
-294.28480688
-123.91050306
-236.69681032
-366.56020217
-127.23162839
-120.34898371
-122.02210880
-485.51273011
-128.02823002
-241.71890158
-238.88063293
-118.10493149
-129.49431878
-900.65997676
-5.91593605
-120.85907466
-259.36004816
-500.57506867
-127.48815595
-761.68343506
-239.51553870
-10.76206613
-132.95578038
-348.78159693
-128.98155686
-132.94867402
-137.15600567
-249.56038036
-130.86718447
-240.20073477
-137.27885107
-251.08759668
-747.72128571
-275.18219709
-18.28706891
-130.53556490
-134.21142245
-132.04250890
-267.55465806
-510.15875429
-143.00134449
-138.76256196
-131.13671273
-233.11257769
-121.64422976
-137.36941887
-18.33505761
-133.98577645
-17.91801658
-134.77675412
-251.96388507
-599.95507564
-244.64416800
-139.04638248
-140.12118166
-253.89178847
-356.89173869
-373.59391961
-867.25286166
-751.44381560
-623.08999716
-857.32976001
-1017.10974893
-803.90353827
-758.36242729
-140.78031725
-22.14520308
-141.32945439
-374.39767018
-989.13615708
-736.88799353
-136.36123537
-382.31120430
-138.06093920
-247.13750585
-139.13153074
-17.16563711
-347.22117408
-247.94007796
-133.91316007
-136.99368596
-137.49414528
-140.14062239
-252.91121332
-139.48501964
-248.21824306
-139.75738603
-377.66945301
-324.52276641
-137.38088809
-633.30660976
-138.71202496
-142.38377995
-352.41327365
-254.65383362
-365.69871035
-516.71038145
-146.52669632
-24.76144852
-1009.43570804
-1097.97689008
-879.00178844
-630.10692174
-116.64594156
-250.96154551
-246.63838433
-126.48596078
-137.14713666
-619.76783091
-262.39341070
-140.67306914
-249.13959789
-748.97445141
-889.32783306
-126.46488559
-141.87972155
-141.13833292
-351.76717852
-264.30929102
-638.38953821
-893.16828883
-384.97344252
-752.21497668
-982.11012467
-1141.80559046
-1016.09641171
-893.58792534
-141.17243657
-368.51431866
-138.96351506
-389.19146994
-1114.23604323
-512.92139399
-142.75258548
-274.11626631
-141.13555281
-262.45945969
-132.18392977
-258.48424744
-875.04422487
-385.64369256
-598.49340542
-1186.76607391
-916.67100870
-1001.34254749
-1024.01803378
-1194.12951889
-1259.49510351
-1131.36838078
-1146.88034503
-1021.54070693
-1022.93709932
-1018.81846132
-1017.01199668
-1120.21672079
-422.64239388
-1016.32252099
-874.32843229
-921.00224482
-1006.21894435
-136.62220419
-658.68510973
-138.43967746
-130.66717880
-136.55682525
-142.90914327
-354.65696744
-130.93204777
-263.20943236
-496.39860410
-245.80183448
-997.49954958
-1014.82682481
-997.89759054
-18.65647099
-140.34732609
-142.08502125
-254.76221402
-489.34969046
-748.27133389
-135.86896408
-130.20256748
-129.82688811
-248.41740757
-267.73981365
-498.89686032
-132.10604262
-19.72116985
-135.66016433
-251.79399696
-137.06129367
-16.82582014
-138.48899320
-17.91091197
-133.29203336
-140.02798039
-132.25744906
-631.83662880
-288.68371021
-1065.92330589
-873.71622732
-369.06389605
-243.77379318
-261.80513995
-757.58449793
-870.49705814
-386.11594616
-501.87133426
-1023.12047783
-1133.62423502
-1304.39438774
-1190.07775904
-1145.08220173
-373.13119799
-990.16777033
-1016.45749162
-363.78469107
-770.44547810
-17.22177206
-254.68545148
-883.25391422
-345.78456207
-853.91399352
-1023.86322537
-1121.50143553
-353.58154566
-122.62789960
-1074.49041367
-249.82015628
-129.26283772
-125.74559043
-239.86483007
-120.01208929
-1002.70184667
-317.40188790
-235.81957710
-876.65105152
-495.13924115
-13.95408341
-127.58112970
-496.09553798
-499.96177650
-133.38084286
-341.75527933
-130.38366471
-229.90143948
-241.26223087
-5.89207500
-133.18439350
-242.34315943
-123.10754286
-6.72354322
-865.39930223
-627.39184878
-121.25145741
-118.66260086
-131.06046590
-124.03673185
-125.92894503
-350.08685573
-122.18378841
-131.80287971
-121.51527478
-7.46442269
-336.68218599
-136.03866667
-250.98861797
-612.78303488
-241.05034348
-1.71625027
-122.93085577
-880.90309816
-384.79176408
-117.74336458
-136.14314715
-118.21612388
-208.83312080
-639.49770899
-122.93085589
-0.41507535
-244.22141104
-885.88328277
-626.89564553
-498.26159516
-116.58259418
-1020.61059574
-1092.58993411
-1161.23501767
-1268.72683105
-1156.02221166
-1016.19100507
-1010.74548046
-1156.19121410
-1077.18668514
-627.66478911
-261.90403280
-124.15969300
-124.41964751
-120.52338232
-630.74546400
-120.61026737
-121.29700398
-119.43729977
-1105.27134075
-120.47784815
-122.94839155
-124.19759412
-245.86740002
-244.29030221
-124.04280888
-122.59335197
-239.52410395
-234.27177848
-720.76088566
-251.43961778
-126.20769472
-300.97969632
-129.28321416
-8.96454059
-366.31665218
-120.91930618
-374.85864433
-247.65002499
-127.74879754
-231.38505737
-120.81591151
-125.48379834
-118.22418566
-234.72488398
-1012.46455075
-247.31569441
-1007.84726277
-1022.84212106
-357.02415942
-124.60714388
-3.33275808
-243.00407721
-121.11572682
-937.97638266
-1053.68180588
-127.35076807
-228.74256890
-440.84846437
-1034.67808119
-248.55575423
-2.51142851
-5.08195030
-237.29938983
-122.96527656
-124.87249463
-1004.70886714
-117.91039062
-125.22817133
-339.44808986
-231.07489687
-119.80507267
-124.44085720
-241.30355664
-973.59762357
-795.67420048
-1009.61199109
-122.21580149
-752.57342242
-755.37735738
-131.50645772
-124.99177270
-118.58979650
-2.67517513
-238.80606851
-949.90737730
-880.02936015
-359.53234556
-239.42388740
-249.56162242
-245.83870662
-122.51432810
-118.11330268
-1312.65786879
-1195.92503953
-1195.40966622
-124.22148948
-1130.92799181
-1094.03295241
-245.80404537
-118.86806542
-229.68908317
-125.64705497
-1142.08200122
-1151.61188201
-1020.56975557
-1083.46770037
-123.43121628
-229.37001684
-1.56393914
-124.18439435
-503.83177231
-124.34253301
-126.78631255
-888.83524874
-866.71740268
-124.37226053
-231.93828423
-2.77859967
-251.03478717
-117.43366417
-123.57397720
-125.38874139
-495.79616360
-235.02557835
-480.78810075
-957.06130532
-1120.97693198
-4.49191305
-118.30919193
-248.85623558
-1018.10042626
-1068.89193385
-999.00347596
-2.28752174
-960.64633133
-985.48412813
-983.35603186
-267.30312204
-122.10586653
-381.52403162
-118.94597657
-1391.89616875
-365.16563087
-1440.09987190
-117.03474320
-235.28426849
-1.46296158
-234.96427796
-122.12783101
-249.87874741
-125.57830926
-126.51771084
-243.62398879
-118.24659039
-622.25946456
-241.93869888
-1.05101226
-123.66598420
-5.08732803
-121.53801545
-124.37625466
-250.76388184
-240.36297798
-236.88039144
-118.72192325
-487.97166432
-116.34213475
-122.18042431
-226.65223140
-913.84560085
-236.56403392
-126.25956014
-118.49041987
-123.84933231
-124.79803266
-238.02991830
-236.47834763
-1167.60846793
-1037.16096758
-124.24047527
-122.11746645
-252.17215637
-1.63517865
-884.56130169
-3.18898573
-229.41356743
-1.87409770
-230.87215306
-124.63930520
-121.28926312
-363.42066056
-120.52972790
-240.28882970
-233.69229600
-120.75301760
-121.86959815
-1.92967493
-121.28220269
-232.86363039
-1.53029579
-259.43872958
-357.77862849
-1.53859853
-125.45907819
-125.96236165
-234.47777232
-743.35128968
-242.61548212
-1.34711169
-122.55431045
-642.68290075
-119.52639259
-121.63102976
-856.89553919
-1136.00238071
-1135.06166503
-244.68428764
-884.62027026
-232.93594042
-243.39401473
-340.94231327
-6.03791904
-252.42582661
-123.00709865
-124.19266450
-5.27884412
-261.52869366
-129.51759654
-5.49904801
-125.66644340
-124.38555491
-127.67957687
-1154.11509822
-248.78427886
-242.26879699
-376.35412862
-242.58315962
-246.03345710
-123.45062607
-120.65900693
-120.59540910
-4.68397868
-124.96742772
-121.54310204
-255.35597508
-116.88022222
-121.61188572
-127.48981312
-123.53443779
-391.69677133
-119.61690135
-127.46782955
-121.64554914
-358.89146487
-126.36980836
-309.95310439
-231.10745792
-122.51344940
-120.26267602
-228.45787947
-123.72599428
-124.29528370
-120.53458440
-0.71795399
-127.30941017
-1.11979736
-901.89879431
-122.66185384
-349.59852409
-242.36632905
-123.29456336
-119.81297215
-1.17298703
-236.27339353
-123.14045876
-118.83017558
-243.08414906
-124.23625339
-119.74378719
-123.88846299
-488.60121315
-125.86814704
-249.94253320
-253.02300901
-131.08558259
-128.31568722
-126.93826464
-247.04755310
-129.58538149
-129.58475773
-231.46565117
-117.91096622
-233.69872080
-364.33867725
-124.59669286
-118.84861392
-127.85230186
-125.98529233
-117.86218903
-122.40147008
-127.56495621
-250.74290443
-964.49887301
-4.78476769
-127.00341218
-123.25540909
-121.15979711
-117.45168930
-235.71108320
-1019.65332900
-1004.44489991
-890.58809900
-124.87457668
-883.98858474
-240.73927608
-2.68331296
-838.42141629
-489.44382052
-123.03056691
-233.26861508
-118.48918823
-1.77816853
-118.57504331
-2.67266193
-313.54087159
-240.77614445
-117.27539748
-117.61270274
-239.29196726
-254.85556466
-125.93377346
-501.13985330
-118.78264603
-125.01414129
-904.44565923
-1.98959594
-122.63545342
-122.48475082
-120.78613755
-123.93300619
-123.14607858
-230.31379507
-121.24905397
-121.04013453
-120.49035202
-122.42516606
-123.98321796
-121.79891275
-250.81075521
-123.84380383
-488.01066296
-2.25776997
-1097.20640500
-788.09026520
-892.50446599
-1168.05675447
-1001.17200080
-127.68012530
-126.66838409
-364.28446673
-241.91928055
-129.91252550
-120.81133259
-250.52023311
-123.51498841
-119.17909523
-129.26238309
-256.69151448
-3.63979506
-358.37450534
-126.73186198
-120.96334280
-120.79399295
-122.20480658
-121.91103900
-122.01113520
-117.46616148
-114.16031957
-122.21075809
-241.40463952
-122.65230518
-241.69923499
-120.13127864
-239.77905513
-115.34353346
-123.70529036
-118.64921836
-124.61888007
-233.32040228
-0.32585142
-957.21356111
-239.66612855
-123.70339162
-126.36699396
-237.30318468
-123.04098802
-262.72305952
-126.00111358
-121.92161529
-229.22832083
-122.29624408
-122.29950780
-127.16169410
-633.03460355
-256.05780127
-231.98030934
-139.75155979
-246.28631120
-246.99185532
-129.88027014
-249.07701593
-130.50320878
-142.25881059
-254.16607613
-922.21328467
-958.19702059
-511.94086738
-263.77707715
-505.79118911
-138.90363021
-19.39425510
-736.48877794
-878.16676820
-863.12144263
-769.36859384
-787.94598884
-504.80503290
-133.99133339
-140.99743810
-267.32870173
-1033.62472494
-1172.32767824
-1145.90172425
-897.36384215
-947.34230706
-1013.47942018
-963.38808018
-1023.12906408
-388.29973638
-277.35892181
-265.70187446
-256.74856590
-134.20942616
-137.45229546
-19.03959346
-368.20918746
-256.95599228
-765.88005632
-989.96064242
-505.62505560
-636.27920552
-136.63305622
-136.57982673
-259.86155908
-233.26590211
-138.52242513
-252.78310334
-662.01379348
-889.59920231
-890.80518697
-1032.28508894
-832.42678576
-261.38362496
-259.06377236
-250.29262072
-371.69529201
-385.23504486
-878.34900409
-507.94334600
-644.53863476
-491.13451719
-504.28432762
-1009.78754199
-756.33542456
-627.91961179
-93.83197702
-784.98275373
-1084.97508025
-1113.96626629
-1152.31767632
-978.08198358
-262.39136847
-244.87611530
-118.94286399
-120.49835297
-125.75010953
-384.74223970
-6.46510984
-329.69559815
-125.47584966
-240.72097814
-236.76300087
-124.68776381
-878.88697001
-3.77380194
-363.33981517
-122.75241874
-333.66055125
-1001.56956128
-1014.12256716
-126.56458299
-127.44690897
-250.85715860
-127.89539551
-124.78398838
-356.10906896
-130.17758569
-243.10479159
-7.38959071
-129.74733099
-364.72292054
-235.06749163
-348.32724833
-125.67028501
-253.68599444
-128.76132169
-244.32973918
-10.88952236
-134.57975166
-254.22219119
-245.25456971
-135.30648093
-246.99227168
-989.87832590
-1025.44053448
-827.82534824
-755.52240732
-18.84406587
-131.78464964
-495.29569357
-755.00803928
-873.33494178
-901.72303219
-1018.76060602
-1047.95177618
-1070.96858792
-1147.02983171
-1158.73878315
-1025.43114245
-886.89540228
-512.60197547
-611.68116004
-726.41452749
-549.15772965
-883.43609504
-936.22226792
-769.60902754
-629.35539451
-264.09707625
-385.00123258
-254.21899475
-387.81409552
-509.04140278
-878.88383320
-1053.85596618
-715.38914701
-512.70396752
-480.00236019
-261.87379413
-23.37731557
-518.87722686
-136.60098890
-142.52334370
-251.22479287
-358.99008981
-141.18964410
-135.94570561
-135.65279338
-148.15679618
-138.65261243
-119.52848793
-658.05039212
-643.36707095
-509.51428246
-241.45809098
-256.50181101
-249.31404143
-255.36114273
-503.40135648
-510.72483485
-749.41635636
-1006.00074113
-1016.46661954
-1118.68224956
-1276.91130336
-1295.72045159
-1349.54268236
-1271.38288903
-886.06546340
-873.54247178
-245.34066766
-141.70775341
-124.21212105
-261.20995076
-1.47604459
-340.83574291
-365.91929761
-123.70649546
-122.91529950
-227.96430789
-352.52704636
-124.47005675
-244.02563455
-125.78887173
-4.39819949
-132.15588353
-122.16810767
-18.41455547
-124.49045829
-127.24551073
-233.20034836
-380.84975549
-255.10075230
-353.80219299
-0.94524543
-123.68944068
-125.95857734
-114.51409569
-237.39471688
-2.93505409
-139.81722775
-117.02324718
-345.23023369
-115.12954278
-1018.15086303
-124.39739944
-290.47437431
-1.13444464
-1.17041218
-1.11545141
-222.23690564
-227.28193019
-353.37006621
-366.81804485
-239.54297967
-1.07220071
-122.10135036
-121.97322581
-117.27355252
-114.48520161
-120.82591256
-123.90693364
-121.73337102
-124.72642138
-124.35631348
-1.30896475
-1182.34943643
-1002.35143806
-1036.46902362
-120.66594134
-114.86330526
-232.23301458
-119.46355798
-120.61757543
-234.24351604
-267.07657473
-122.38991585
-117.97855712
-2.53840270
-121.43510708
-123.16158291
-244.54631334
-127.41776598
-229.60318462
-882.68080326
-226.82605427
-118.14147469
-119.75982694
-125.51247611
-872.21365243
-125.03516409
-2.21116904
-118.53901352
-1.70875953
-121.87563867
-961.76363411
-996.50734897
-1011.08889279
-998.01257507
-118.65301533
-123.92536558
-120.34376751
-230.79329313
-128.33904740
-121.39559226
-236.78552079
-121.24446450
-133.30153699
-376.65133235
-128.78770338
-129.25569385
-237.89379370
-248.47695310
-247.73417697
-125.18921100
-124.18665191
-244.03134308
-237.32823087
-129.21805458
-128.66590564
-125.00031661
-127.98253349
-126.49272394
-246.95060591
-273.68098735
-337.62246933
-124.21042946
-123.31372605
-244.53810929
-131.39032443
-6.98563537
-241.42199101
-117.58306488
-618.63134429
-123.29383707
-240.65916026
-245.10698898
-4.93374572
-125.54839457
-244.60061316
-5.57011007
-121.96436667
-317.36658964
-243.59264557
-382.41402076
-354.87627066
-116.31570686
-243.76148768
-1.88063349
-372.91729882
-765.51779737
-351.02911079
-125.43961177
-4.55278264
-126.38590508
-119.27348795
-233.63057825
-269.97275084
-129.52080043
-1008.48959064
-1010.83526752
-1064.52282718
-1122.29492812
-776.80995115
-899.32691554
-499.74739881
-124.02706759
-245.92526644
-126.67850957
-123.46931224
-354.06586552
-240.87323210
-122.10810285
-117.32300581
-118.02095021
-245.76779130
-115.53748055
-122.73865642
-122.85265807
-127.64361985
-127.89955766
-1152.19531724
-1141.13978597
-1257.69730430
-1011.45755484
-744.67973381
-1197.98852026
-1200.80873003
-599.63727184
-871.42321253
-563.76144160
-239.55320817
-1.51548841
-2.93453231
-1114.30960053
-1117.87752665
-129.68959213
-1043.77874839
-919.75686136
-122.29808727
-760.93208453
-244.77777985
-1018.56235163
-4.98150883
-628.45109795
-251.07275564
-244.56275649
-236.78889257
-5.58788813
-250.53118796
-3.87291340
-124.35384619
-3.86220385
-125.39346903
-124.09209288
-125.77122223
-242.68239017
-347.02803361
-123.24468568
-225.33253058
-128.11732990
-125.29515698
-123.52165493
-994.30228752
-127.46793239
-237.25270573
-127.39504894
-869.50630406
-4.44889592
-1.64459206
-116.16526824
-922.60606958
-1016.75160046
-239.55523885
-244.58597882
-126.88551086
-121.73870713
-340.47697298
-0.88848693
-376.08364446
-125.28738620
-2.94953542
-126.88852728
-883.18034104
-509.11932048
-123.69188736
-123.45580562
-115.08513969
-240.66977550
-127.26587057
-118.37380996
-119.08710149
-384.25869260
-225.39405206
-119.77037340
-128.24643797
-121.21554195
-126.82205648
-118.09338255
-132.10758347
-245.55363077
-128.27193953
-129.85935469
-122.72788423
-129.50029134
-1171.23000613
-1.62699508
-234.73820401
-118.68310440
-130.12301031
-124.15220205
-229.76266650
-128.56214496
-126.44307219
-326.77722246
-353.39712363
-1.82744413
-122.53924199
-121.67433646
-115.30253754
-124.18050373
-350.89375514
-114.76136544
-1.21404593
-127.88080727
-304.22437981
-124.91508050
-236.50919283
-237.36515573
-488.12738783
-241.01176197
-127.30324101
-1.82351465
-126.84330282
-245.61545124
-117.75135514
-250.33347009
-128.09299621
-116.56856158
-1.04082569
-242.58841867
-126.07009948
-1.34196328
-119.80927476
-241.45130456
-117.00505610
-122.12644198
-232.62007461
-3.43530215
-126.66506152
-135.82930127
-127.22885584
-242.43510162
-231.44519500
-127.14335159
-248.74038962
-120.64905005
-126.35719194
-126.69595843
-129.73086096
-361.99242790
-120.46544509
-505.26473147
-129.20277731
-115.67531063
-121.94698115
-2.08780543
-118.26037248
-121.86598245
-240.61104940
-433.20291895
-919.00422039
-1026.19845600
-1.25163042
-0.94165867
-250.75256674
-249.59365407
-119.81938733
-124.28537945
-127.58577259
-496.26845520
-477.14234572
-131.39923727
-2.50832254
-117.54955616
-238.76904278
-235.24481584
-122.71427142
-236.48891452
-381.87548979
-254.01619374
-120.73932687
-124.08028322
-246.67057860
-246.54840398
-1.96491434
-1.88064730
-229.62088859
-122.54028678
-2.30940306
-124.14471430
-122.41554731
-123.91697243
-383.69412033
-124.04246319
-238.32686677
-239.98228713
-120.84095696
-115.31544256
-119.48636434
-116.43052417
-363.41049874
-5.31786342
-377.18449808
-121.14601189
-125.78662010
-230.30487829
-125.74552501
-237.29618241
-1.85673926
-123.68707787
-120.29474090
-119.40790169
-126.62674466
-323.20216352
-118.02809586
-118.20432997
-247.96931953
-128.25831140
-128.28563459
-229.55832632
-124.47387430
-125.30092964
-373.52391618
-132.29259749
-126.50533877
-129.50683253
-127.84310392
-115.53573642
-128.61039684
-270.11911890
-249.35536675
-128.32656030
-122.02656935
-122.25139891
-1.37957122
-125.23386173
-242.33000700
-241.43188776
-244.83541513
-389.35972248
-237.63258174
-127.21683326
-121.74789577
-127.54835561
-125.04509773
-2.42175938
-123.26165254
-127.36015782
-118.41301699
-245.90674826
-123.46243246
-234.57619603
-852.58084670
-328.68478461
-1023.54365241
-116.79529454
-122.24571948
-4.51124694
-246.58886426
-3.36704245
-125.46922614
-2.40541588
-125.67506394
-1.99122310
-498.14575603
-232.09903290
-248.62251788
-928.37114451
-0.69757245
-245.44195857
-243.69146599
-127.64311199
-255.53376166
-127.26631193
-412.66771345
-2.46788654
-1.25739677
-250.29076381
-761.11629117
-1028.50720476
-912.81618382
-117.42930692
-116.92758359
-350.67089546
-234.36800055
-228.52927273
-122.20004364
-248.22985426
-252.24650596
-1.34480528
-1.38421944
-292.38613691
-226.87534350
-242.45161216
-117.89100770
-125.82895927
-126.49204265
-241.28337864
-118.19523582
-126.86415213
-784.17173986
-119.15576447
-127.14179992
-124.84118579
-120.26430443
-244.84704803
-1006.14919620
-893.43242845
-231.72763277
-120.81544882
-226.26799197
-237.03175200
-338.58856861
-127.22695391
-5.97490837
-125.78990151
-343.85107017
-246.46520903
-352.47174175
-119.31011473
-119.57961175
-127.21450754
-898.95053816
-1023.98368409
-3.08505766
-360.43000671
-367.83351084
-229.98579241
-124.49735248
-128.44372759
-504.91776972
-240.31813763
-390.00477498
-121.36847125
-245.24761894
-763.85179284
-126.54944686
-948.36321840
-118.56926184
-124.11306136
-125.56990595
-124.75717040
-234.13793429
-132.02313755
-126.69239272
-127.78137602
-759.99293656
-122.58835808
-241.68513812
-238.50185884
-126.23049046
-337.40378035
-3.68578219
-832.85827344
-4.60220636
-446.89828164
-455.53521578
-4.14783741
-232.90659415
-234.41000641
-117.53509004
-497.88275805
-347.00348308
-241.85217026
-236.11704069
-125.76248584
-120.38859232
-119.53177251
-244.32097612
-123.40629194
-124.21657591
-251.08830634
-239.76443142
-242.66408788
-130.64942792
-123.78966669
-233.66864914
-128.35157658
-4.42734217
-129.21340385
-128.61047435
-129.22921289
-4.15491803
-124.66978947
-127.97380307
-124.37119664
-118.71675198
-126.99931565
-348.93925009
-243.26731043
-124.62789525
-244.37208181
-236.55532385
-241.92702965
-1.99163517
-5.27680595
-12.73070247
-121.53187034
-486.15362678
-124.91029094
-2.79015056
-240.28110690
-246.34937400
-125.96168426
-129.19028324
-235.83445386
-250.70179137
-872.58941123
-613.00195630
-120.15549055
-125.98329830
-242.73214838
-123.05466255
-1.99909103
-945.41414761
-1032.66189811
-990.95704238
-890.74550880
-632.01943324
-227.08886487
-376.64799290
-124.24097006
-0.31834889
-1010.82105421
-0.20673004
-125.94523151
-117.59703160
-123.20224717
-128.77566397
-317.97608875
-118.76246524
-124.26814464
-251.10098590
-118.04207708
-351.61028094
-382.18531099
-120.45699433
-244.03241854
-127.67435762
-240.62016329
-379.69508033
-886.78234561
-629.64217975
-470.98524831
-1011.06352598
-1013.57515145
-1188.27065449
-1083.24421011
-1070.76966862
-1180.47263787
-1035.87192183
-640.72933882
-763.44774615
-515.07377734
-348.17902578
-298.54701814
-377.50765014
-127.53496336
-128.98046341
-500.16536463
-1055.70973442
-1195.41412580
-1269.92642592
-1270.56532679
-1170.31369027
-1008.33904189
-628.59198503
-138.40474760
-253.01803394
-366.12768626
-363.16633186
-280.34780717
-269.60290991
-503.88241243
-484.12413356
-132.86372510
-741.90637413
-632.38136149
-741.35994811
-754.57470392
-508.98983990
-377.54983674
-134.21589887
-507.29444035
-133.54481802
-265.14232690
-141.44352438
-262.38438926
-511.80589165
-908.58977046
-521.53074862
-642.69215745
-882.46147995
-871.34220579
-660.32119539
-735.14055557
-629.99726834
-791.20665575
-753.51114935
-1.68092771
-234.79045016
-243.01799731
-266.18324119
-620.41923354
-509.90607630
-772.73903060
-639.34370864
-626.16424069
-142.31299999
-549.25489385
-631.31784030
-516.64277252
-383.86497843
-436.16170119
-868.17312464
-390.70090511
-245.66703246
-142.68216447
-266.66915039
-514.59285439
-913.82452661
-363.22405761
-394.85815810
-622.93552622
-21.60197366
-882.36944897
-267.70299536
-639.70998194
-373.53486705
-142.33890150
-266.91888806
-265.68012014
-248.49375267
-16.88937765
-252.08632131
-1135.21367390
-16.12010405
-327.52418017
-490.76297325
-886.41576254
-253.19357650
-7.30470471
-125.17520421
-1076.76901393
-130.61610758
-125.77862627
-387.26656445
-137.08646941
-140.93517377
-386.97818092
-123.07822584
-123.42760389
-6.76397008
-868.79994346
-849.36165074
-1094.17390633
-128.97895459
-1000.67125733
-1029.21242458
-894.62058565
-245.47294366
-1054.42333547
-938.32114052
-984.54208639
-136.30594169
-126.14674046
-125.08300134
-117.47149309
-519.53682914
-252.52334855
-234.79091421
-242.64114733
-331.38300073
-1.73131497
-123.42918964
-234.61909475
-3.50124381
-360.04765835
-383.90782254
-116.75749268
-246.66803298
-121.95360049
-511.18107933
-2.93055676
-120.35036715
-117.39637816
-379.66777018
-127.06010208
-124.35229030
-746.96348776
-246.53747371
-116.11119229
-118.98541447
-248.77366728
-123.48769407
-382.34808845
-123.72621943
-125.40163718
-252.95249036
-124.87203406
-238.39816349
-361.68710406
-234.06033803
-118.73549823
-1.00507143
-126.55309604
-490.09421838
-237.85263573
-885.64725995
-244.31601698
-235.40159583
-237.76215644
-122.89091275
-618.06723737
-121.67652698
-120.70584359
-2.93786100
-126.45701742
-857.87564575
-1122.55075379
-1011.73133344
-893.33867397
-124.93003682
-316.65793748
-126.83057647
-126.96234149
-485.22872453
-242.69847696
-1.02214429
-232.68269978
-122.82561449
-1022.58968884
-1040.83987866
-123.73856610
-244.49635715
-115.13822462
-323.37768372
-120.27373167
-117.40074176
-116.44140027
-121.43792597
-249.35043395
-738.50159671
-493.41123694
-119.98935557
-237.39317433
-125.52723977
-1.43141349
-758.52486456
-750.95469685
-718.39305686
-859.29395685
-250.31849048
-740.19232408
-1.64293409
-830.27623772
-248.47635709
-118.43272157
-235.37663455
-356.14018194
-121.42991747
-1.09719975
-114.82359838
-125.90745296
-115.68260583
-883.58766358
-629.23832346
-626.95476208
-120.19646946
-354.27855316
-361.20596075
-249.94970178
-743.19543336
-123.40143942
-126.64108535
-120.05769315
-1006.73195004
-230.48133416
-117.84673930
-120.08236965
-118.01550083
-236.85237786
-0.55431077
-123.88588939
-231.79444723
-125.66983164
-245.06509689
-123.00423279
-303.40997368
-122.87513740
-3.89384923
-607.63237967
-615.39986593
-131.13271113
-4.70612512
-338.03620576
-239.70429390
-121.83322614
-129.27095728
-247.09904964
-121.30161528
-123.47737728
-127.08287677
-892.24556221
-1139.33480551
-886.29429106
-1.04025071
-245.53962690
-959.24509793
-762.99173556
-487.84477965
-124.40856191
-868.73699681
-1.00563741
-246.96319722
-796.86597745
-124.50293459
-1.66799511
-624.91312976
-119.08897374
-235.48425027
-117.70561991
-252.52046902
-0.17787488
-229.06858667
-125.74167198
-1034.42072097
-125.19251699
-1122.86981657
-3.23762804
-341.70626073
-342.47280923
-263.38409744
-20.96254628
-491.04221614
-684.62807706
-347.66960558
-136.47413469
-361.45624346
-136.21299883
-249.31689548
-238.12351747
-250.09948772
-267.61490358
-141.59824333
-23.98803383
-345.91483993
-126.08778845
-262.25456402
-142.03420813
-131.86600150
-262.62574083
-137.51532675
-22.61040020
-20.99742908
-257.77093287
-508.59274622
-541.85872804
-617.89771488
-512.12644165
-379.17889220
-614.77947060
-263.54476985
-144.55613367
-137.95846678
-253.26925712
-737.76672413
-141.36325585
-135.72207213
-619.69024927
-257.20437734
-511.29785796
-263.63925657
-427.98611221
-503.94140202
-267.05642117
-368.38791444
-145.53557178
-1046.05171996
-261.45258792
-22.21119664
-23.65437130
-267.31897751
-515.19134301
-638.48063006
-144.40474638
-139.39550945
-241.01063724
-885.03901892
-893.46598940
-133.10459996
-130.44173301
-136.05160733
-386.85304454
-756.58412331
-738.38183289
-138.37805068
-256.46707333
-630.82079903
-138.84590493
-258.66439523
-770.90533744
-241.51572298
-505.04470510
-902.06721832
-992.11707879
-1040.16956327
-879.89665857
-752.20599621
-870.63378098
-992.53430809
-384.89041021
-237.98580946
-363.77795852
-16.26785483
-255.16603176
-616.39614285
-137.97483403
-500.26895803
-19.15678613
-130.37198490
-382.49700690
-131.51856202
-865.76302680
-266.72540113
-890.27477551
-777.64049424
-757.45130914
-505.88591812
-384.72903999
-739.80041511
-757.83874809
-628.66165925
-337.71348531
-635.09689093
-630.22307199
-143.75919040
-261.61350846
-137.24647850
-866.66999026
-147.87509288
-320.65971496
-266.88451061
-151.46112832
-644.88186062
-911.34522265
-758.89215031
-1029.42805616
-1036.62694572
-963.38069781
-952.06461601
-747.87915944
-380.47621864
-267.74547205
-135.39420712
-379.59303699
-265.55721812
-136.91260145
-865.39592956
-505.83875529
-799.85555455
-780.72302418
-882.09774435
-1019.96063324
-878.96219985
-1057.02316389
-977.44880723
-887.20025952
-865.98168413
-906.87982614
-260.22986966
-910.78171818
-137.54168670
-145.06588049
-251.46986053
-614.70545248
-636.64130288
-18.91908068
-255.19645395
-17.28085948
-123.27868605
-757.60407022
-239.93893872
-759.67601665
-641.41806289
-254.52139126
-119.89301951
-629.84484530
-922.00852019
-733.88546388
-621.06103983
-377.03685284
-228.34078000
-243.40561536
-387.02068794
-124.22537152
-491.09907784
-319.36358706
-240.01578239
-122.57466267
-250.24969829
-768.85180875
-117.85697770
-126.83787271
-255.12351764
-261.03099422
-509.85541172
-116.80298539
-227.05786124
-238.47579250
-122.83135853
-248.57907795
-496.76826378
-388.74491190
-761.35254398
-1026.65170511
-632.26292071
-685.23700082
-128.83415944
-123.38407647
-126.03382512
-758.28489888
-1042.74416939
-510.30440456
-121.83259996
-376.18074371
-390.74401735
-347.14617749
-0.56883116
-339.42263129
-123.94260083
-4.85441763
-867.53574854
-119.05309975
-741.35355111
-536.61887652
-577.11360849
-742.54773469
-227.14193862
-927.09989958
-378.32018399
-243.83786686
-354.23632769
-252.26162824
-125.24241906
-239.48180859
-237.09477444
-236.40026450
-127.35838328
-126.86365491
-387.77851243
-614.19339079
-118.93216510
-345.46030986
-118.49243234
-118.90519453
-634.79960909
-382.86310450
-269.26977304
-263.63813935
-372.05694439
-389.57252357
-253.97205129
-986.41214777
-1127.33116347
-391.14907963
-383.33397887
-516.41107176
-389.60247083
-761.34367078
-962.51404178
-636.54977594
-738.21836457
-778.89752175
-766.81431821
-510.85304916
-141.34950630
-643.63411498
-891.77455487
-1128.39452047
-1010.26575635
-853.81295335
-518.77984650
-145.71973158
-148.08997268
-140.60099080
-390.50342545
-626.47388928
-505.94410362
-505.37006660
-754.12547658
-801.10978468
-635.41071683
-757.01219586
-490.56363639
-21.05386487
-376.38087599
-511.80334440
-258.93381324
-629.09719275
-271.10188553
-257.83573547
-141.38381033
-20.82665866
-392.87681954
-393.90615193
-515.76794729
-140.84633368
-138.51320420
-246.10965803
-786.35639165
-137.89205913
-916.23495647
-1065.62169164
-13.11679138
-1122.85040345
-1159.63363724
-18.96094636
-139.38912926
-260.38144328
-956.89887156
-1036.73263280
-14.71259212
-874.88519853
-1027.25313122
-1116.46256207
-997.92493372
-1019.04358527
-1027.09514598
-1081.37809542
-8.88867356
-376.77531002
-485.52927167
-770.03370576
-374.69257652
-21.94489641
-240.79262733
-868.09175494
-888.53358582
-1019.66673338
-1014.17174003
-342.92256889
-468.39151634
-849.87746143
-728.45394439
-263.66082172
-506.64659717
-680.28856241
-245.17803890
-228.34634958
-793.53671033
-620.58695448
-125.79146257
-776.70999615
-262.02830819
-127.66079116
-114.86799156
-117.36886065
-0.63423130
-368.49877269
-230.73313659
-0.94991683
-379.34978327
-230.98189013
-499.08958755
-117.78123911
-232.57516008
-118.53757598
-860.61763278
-122.64061027
-114.03776755
-120.86875251
-126.42851241
-229.12071050
-121.08964332
-256.47195004
-113.94400378
-115.14055049
-239.17567813
-128.54027179
-118.95938430
-990.31827665
-349.68523702
-863.49798950
-996.27822605
-231.67290819
-752.21603755
-128.80041462
-619.21564932
-895.81264808
-1168.08412527
-1249.86920007
-895.72165213
-126.08977356
-120.16559673
-427.45798326
-352.84960152
-130.88910298
-131.36422832
-233.22485619
-314.04059881
-499.44570721
-541.55632899
-1150.51989734
-1009.59948723
-614.96601712
-882.81358408
-1127.89813699
-996.35044680
-886.19627580
-887.05410133
-879.17297841
-379.03676167
-124.75484577
-506.02199164
-257.06330189
-259.46739846
-731.73029961
-875.26982302
-626.55201704
-444.69019582
-616.02316824
-730.55204987
-505.72129065
-616.11863143
-370.11025482
-494.82924836
-993.66593149
-881.56479185
-740.90860408
-121.94671579
-870.26533066
-130.04960981
-382.54258056
-229.34263191
-2.20614140
-119.19142104
-244.03615132
-225.53585066
-374.42628811
-250.83954321
-3.99797982
-185.46416326
-314.32612412
-129.50884738
-333.26852259
-130.52050823
-234.23961706
-119.70433706
-228.61823828
-2.36192729
-225.15086420
-354.24799507
-417.23698949
-235.47317354
-254.81645278
-757.77309960
-250.13794410
-458.76061803
-4.81690572
-120.98032090
-336.30428967
-9.08107030
-130.26725060
-6.91162209
-129.65127990
-134.06889795
-819.65509625
-380.04626052
-223.64427219
-119.22309357
-513.79652748
-353.83224467
-936.86505476
-773.16866527
-996.84617795
-122.37062165
-121.34577832
-256.44695337
-234.07732118
-248.69430315
-119.21145428
-242.09149071
-379.81363162
-802.17404357
-633.46740221
-745.07746393
-950.18930270
-903.46800158
-1025.79029484
-1018.11423774
-894.46374048
-629.75585645
-258.63962466
-239.58091201
-376.93089126
-136.31726189
-881.08938235
-765.27474783
-383.90012982
-885.71189643
-633.44373434
-865.86650873
-1095.74713966
-1041.04371989
-1152.94831326
-1157.75886808
-986.77952111
-892.55059459
-909.82701067
-854.25496291
-878.78468110
-737.04576581
-883.05342608
-918.25486906
-916.80870635
-1026.89691000
-1044.27499643
-763.72730839
-142.94881477
-18.63276470
-244.47128792
-639.01889368
-131.65973733
-132.34446436
-865.19681335
-139.26763343
-144.77863191
-240.67827922
-266.62971898
-511.84901319
-901.96744753
-790.56492322
-383.57026315
-250.61353634
-135.71150833
-130.27415988
-873.15148469
-250.35942655
-514.46789885
-236.69078257
-128.43708576
-754.58151150
-873.19374382
-135.23852738
-134.74656563
-127.83725873
-133.17580097
-1010.40981232
-828.21155917
-924.08195945
-782.54820140
-754.56186755
-739.15463594
-12.74305987
-264.85591059
-130.81121272
-980.84999726
-758.00835142
-573.42987878
-387.43918059
-388.97143952
-21.00568468
-239.65879834
-134.91359634
-377.53236451
-255.60255350
-600.15254305
-510.19327492
-141.39856872
-253.37326206
-246.60662737
-289.67645505
-241.59645138
-510.75482767
-11.33802451
-1113.60333131
-1011.82808019
-1122.53565107
-1143.25504020
-384.03015803
-385.17266314
-134.49665208
-635.40960809
-799.64161374
-741.12138418
-144.09549181
-241.43027639
-632.66225824
-130.64227166
-740.47080277
-132.70012733
-133.30887760
-381.53596357
-128.78080096
-253.16914440
-138.23813087
-133.08380351
-15.13027836
-245.03944856
-136.39837910
-136.21687885
-937.51485515
-920.28504420
-383.60173140
-131.91062568
-241.70784826
-250.99340679
-133.42086923
-360.52953248
-350.13022048
-128.48289550
-125.66131491
-249.46655286
-1163.76080702
-882.52195873
-123.65981007
-303.28568169
-120.27623390
-593.92986757
-249.42075667
-254.24139345
-260.15430675
-628.59935519
-236.63991988
-8.24266132
-503.77039110
-227.57232806
-130.68180722
-131.27811684
-237.79638851
-876.33597071
-504.85894054
-737.46771796
-129.08766137
-1178.08389133
-624.58239490
-365.97626652
-134.75415263
-385.34592204
-266.62442543
-392.24337829
-132.56966284
-140.14267121
-267.27832193
-494.81308063
-376.13507124
-513.53785964
-616.79031717
-140.42491641
-16.88212493
-264.30544858
-249.05042143
-149.01570390
-657.97408903
-137.58316591
-378.92189849
-145.03956003
-278.96451304
-1017.80720208
-942.24210314
-765.63354286
-25.92904841
-27.14072888
-323.55643715
-146.01498305
-1021.12829660
-274.59320946
-136.95628583
-135.05583829
-397.48593293
-383.98992531
-672.48517382
-898.92742304
-645.31907802
-615.23366528
-259.58842505
-1009.96330748
-146.73657848
-244.38309042
-256.96978365
-378.69877891
-257.04120903
-239.11805449
-140.36296261
-151.94036070
-144.75291327
-138.63955471
-266.79257358
-388.11763359
-771.05317927
-757.05378391
-695.12282136
-138.24242298
-513.95359875
-562.17303260
-517.00633533
-465.57800746
-263.64901043
-135.36132554
-266.96957102
-517.79247606
-628.56919705
-639.11289206
-890.09096982
-640.72902714
-140.24587686
-778.58555335
-722.36726984
-515.24554454
-148.57012945
-760.24836386
-136.81175051
-388.78232303
-272.84705139
-273.04917159
-765.25882685
-767.65263347
-283.19988456
-767.23895366
-902.61701753
-986.09573561
-768.93875032
-838.78286610
-770.58965434
-997.16726573
-764.55996964
-639.24892979
-536.55076721
-636.54950716
-147.80906278
-146.42446768
-760.77720871
-444.65828747
-1006.10604303
-1061.07115116
-905.52480948
-295.91932988
-141.10727534
-145.89123282
-139.09829374
-139.85123468
-762.79735750
-16.70289991
-635.41263242
-366.04257247
-496.44664040
-260.26739783
-267.39053273
-759.43970399
-785.23141302
-392.43525151
-516.92270485
-778.41141532
-633.93554707
-270.01968417
-384.56394027
-147.38664976
-148.49338563
-253.60674599
-638.59232008
-601.15334388
-396.54673023
-871.74088410
-873.57162455
-766.63821456
-139.57967556
-521.96692254
-135.43404282
-250.13670681
-244.96879436
-18.95044772
-1012.19175591
-1157.38932988
-989.02674846
-241.02934302
-255.66891336
-392.69048229
-743.38336189
-767.81318705
-268.40721717
-332.26321595
-245.73364825
-911.88927687
-875.71248396
-1101.05858514
-1025.89549855
-297.47432336
-243.79321052
-894.47962420
-136.13402738
-254.84389700
-991.11224269
-514.56755963
-132.30663718
-124.24236770
-121.98835190
-242.56223624
-371.82164464
-134.37467305
-360.64238534
-115.31032939
-3.13652218
-384.21012541
-840.67438313
-258.75790278
-383.10881845
-243.83601038
-633.87197727
-602.83100391
-121.79701690
-121.19066586
-812.50811464
-1028.22563201
-1141.24342412
-1044.50363044
-1133.57458877
-1272.58370267
-1123.75239974
-860.38591455
-134.95151370
-23.70386734
-116.29995288
-137.98269317
-15.53919192
-144.81063153
-752.12037334
-570.12225810
-523.22505005
-492.85844049
-516.26415908
-629.51869710
-512.80997745
-681.24281397
-761.97087814
-526.38570887
-629.78141322
-394.41901070
-763.99964619
-1000.40602933
-22.19278405
-270.50698703
-682.77555241
-735.11897358
-883.85459767
-632.12832608
-139.21638113
-777.71600139
-643.50245786
-896.81844286
-930.47262720
-992.99234947
-893.11444651
-999.85463969
-760.78083812
-570.84057937
-133.89898987
-138.33909313
-15.09837647
-3.99001468
-126.76798531
-237.84543739
-235.11696070
-813.20369306
-10.38139892
-875.68975113
-130.22377139
-129.03996704
-379.41665013
-754.06670764
-270.26824526
-503.56517108
-742.20138505
-834.63570312
-747.69272136
-261.48663732
-731.71132371
-918.61162685
-840.33328376
-991.15967823
-511.26273746
-866.25762466
-750.19510999
-410.42310979
-873.92938885
-762.61832592
-632.83269986
-767.42759265
-515.34572835
-378.93418707
-242.41684417
-252.36975332
-127.90761464
-859.25574524
-393.68527708
-262.84591151
-136.99178356
-754.78179041
-246.22437914
-492.17328190
-497.06553376
-479.79043677
-492.42422055
-137.43206228
-129.66736884
-383.86868648
-138.45583046
-136.00288825
-246.20720905
-358.64793674
-124.59018229
-130.12589203
-12.39824078
-710.06339225
-134.87384272
-139.65433800
-593.67796218
-1033.71124396
-744.66853388
-268.12678754
-385.04295774
-131.91389740
-1416.26213852
-122.81616837
-134.48263954
-134.03943451
-12.32159013
-122.10066615
-258.21128012
-634.08523361
-248.65763242
-372.46174162
-368.93147564
-125.94522132
-132.81122495
-234.93698265
-123.63642722
-494.45216829
-126.46531982
-134.61638997
-506.06194142
-129.70313028
-135.71753463
-9.89322773
-234.55423756
-241.10195463
-127.96432913
-131.25802824
-383.35239787
-128.43800845
-126.79110883
-248.92130279
-245.93188762
-128.54375280
-248.22633110
-129.34037938
-370.70716649
-127.85449742
-123.51239828
-494.94574056
-123.81468987
-337.98113786
-132.18664947
-246.01965903
-126.60235664
-361.99397013
-322.93283101
-117.98945420
-124.72885431
-237.99999181
-121.97864612
-251.13264588
-119.46955490
-122.41578886
-239.89627303
-129.22235726
-131.42687397
-995.02943951
-494.11245834
-9.74733510
-253.44276870
-911.08461301
-800.18056333
-376.07457743
-238.73877133
-126.96199243
-12.22576248
-383.33784895
-483.68407263
-615.59370262
-743.00192551
-647.52383243
-1148.06197521
-901.15325332
-505.30202842
-755.71394031
-1056.58599290
-1166.00539513
-1089.43564096
-506.79655150
-818.03038445
-139.78377457
-141.90965549
-139.00798206
-394.46249996
-125.85127449
-246.81071043
-343.30096548
-138.73245031
-250.74051459
-720.03749315
-989.81694039
-1017.87115343
-1009.87174169
-896.24493322
-633.10759898
-377.43201722
-144.26015543
-301.70744515
-137.50571928
-138.41718545
-240.26969110
-141.01526778
-145.87285892
-142.37499955
-140.39802054
-132.83825630
-269.62214628
-1070.98262161
-1126.44013037
-760.70008046
-991.88367600
-389.20634822
-525.96658415
-363.55719427
-602.09573181
-876.75996392
-375.52633132
-387.09180253
-514.21806444
-258.48640598
-136.90962185
-550.96613146
-995.50046650
-865.27395589
-757.95434322
-751.99003519
-337.82543990
-2.77977942
-239.73481973
-123.61545601
-126.30273978
-123.14761716
-511.09240022
-17.78259778
-16.95469252
-254.97179571
-1002.92819298
-1057.96073438
-368.73503026
-258.50235600
-130.45167131
-135.73278666
-386.32060793
-573.68315916
-1011.02017730
-1006.14172175
-1014.48401003
-622.58498025
-853.23678730
-662.25465914
-386.84943844
-511.58041458
-129.40314041
-634.11893046
-256.00788647
-116.28120832
-129.57645217
-506.67537959
-128.57235973
-746.73109052
-644.89707534
-693.04854565
-1019.78096245
-938.24375907
-530.33216537
-749.84469171
-124.04798271
-1111.81867947
-1114.09374812
-520.56545625
-1179.28133848
-967.33869928
-983.44918267
-1138.79206186
-1157.66101151
-622.41146059
-614.43532132
-338.30191760
-122.49347068
-742.63600532
-897.20242791
-928.87597969
-341.92391932
-747.15604203
-117.23897319
-342.99832807
-127.53263211
-1.79210312
-127.54115976
-120.87574575
-119.86263718
-1.61074061
-3.12326868
-338.22202265
-1057.17596365
-982.29538231
-1017.50779700
-408.07176038
-892.12359571
-1023.92868355
-325.84067643
-749.92074277
-131.89257652
-653.15156098
-906.08877936
-801.63019090
-19.69835709
-638.90269263
-766.84646663
-887.99079666
-408.73098329
-1224.77183929
-1214.16845420
-1300.22835641
-1295.50824627
-1179.15328788
-1319.73985533
-1278.56437339
-1136.59837548
-1019.84857444
-254.77479165
-491.75484808
-246.94791560
-22.59988364
-136.71719385
-271.23696567
-271.72048900
-513.17609855
-373.13390740
-453.26997041
-641.31174742
-756.80852673
-909.65497885
-882.30478502
-643.28585240
-632.66488757
-138.51975888
-131.89544377
-137.03699631
-142.00622086
-1131.56025391
-1023.63005923
-253.33671999
-141.46356999
-260.75939364
-495.03158015
-392.14307304
-648.29587713
-385.59241443
-133.70133363
-132.66865138
-133.36013704
-145.68455332
-520.33966678
-140.90671112
-18.50496887
-136.46087402
-1088.41908971
-323.28805268
-133.08381462
-1160.47410855
-772.66733998
-742.75662761
-17.71241929
-142.35450234
-721.49244656
-1003.44374473
-772.52398055
-758.07074543
-761.50153628
-241.56444827
-356.26794622
-247.74072285
-13.59129305
-921.99219456
-124.22970509
-373.07614464
-1013.59333144
-378.02274407
-329.95389268
-486.67841134
-123.23525428
-224.18183902
-121.69766006
-124.18738910
-888.19667545
-891.86609498
-879.12178950
-867.09652461
-614.43083227
-122.42924832
-122.76043262
-1007.82206748
-241.27148934
-225.51648797
-247.30859261
-877.48909305
-116.68549687
-124.64860172
-124.32518350
-232.33868791
-619.86595137
-114.74564477
-238.72411820
-331.29010533
-346.52735301
-138.12742092
-117.06497458
-126.99459643
-0.07828537
-129.39543557
-121.09424140
-354.54734441
-342.68338361
-338.97765664
-0.03388963
-116.05125553
-240.86073581
-132.03147491
-0.05653357
-122.36069707
-120.59424632
-248.49514361
-124.88457781
-230.76190842
-233.35217996
-266.97040884
-384.29985306
-119.25867851
-235.49329613
-252.61447127
-249.23172470
-1.08150772
-130.49458188
-140.74065957
-141.98628557
-767.38726406
-426.96956064
-533.65642344
-757.85798039
-724.64925455
-507.46743802
-514.35432560
-876.83157908
-869.58132107
-913.85279795
-1128.69526370
-905.24758804
-396.22678899
-385.75980092
-246.90287097
-617.79980974
-375.93383533
-640.36937062
-257.01486672
-781.75310689
-848.24068516
-891.02859301
-2.82397695
-122.92726008
-326.98067178
-379.17129682
-119.33766939
-118.65105738
-246.16696409
-240.22748385
-232.83218523
-124.20618202
-229.60017489
-377.58919588
-129.45148941
-327.34597862
-241.37608606
-894.10238376
-1025.88088319
-776.95885238
-473.60869719
-130.19607783
-122.54185793
-245.25568947
-118.25959711
-964.93951706
-243.02273773
-239.37024545
-631.77271011
-1112.30439976
-1009.51260135
-125.66497701
-838.97414795
-232.92713007
-118.97973046
-124.81118774
-124.99770246
-227.61468475
-4.24750823
-122.04775027
-127.35453800
-123.40482178
-130.17799604
-1012.08965001
-1000.26447001
-126.04540296
-133.33525504
-19.81716852
-366.19500994
-262.39109166
-142.61258728
-380.14294103
-140.11802722
-261.84035142
-141.66284875
-24.12466497
-24.05582686
-381.72460595
-386.24532380
-145.43817890
-483.45376885
-143.33283609
-766.14338712
-1154.27097707
-1163.10758048
-903.53485850
-1141.75744771
-1144.91412482
-935.59358397
-901.65682023
-762.56403123
-863.16187265
-507.06197027
-267.17679309
-253.55031142
-143.44781334
-132.88535658
-253.65147411
-505.40392081
-573.85460764
-633.90604916
-491.78709223
-397.19096587
-356.56748772
-261.97986816
-261.45380408
-142.93449473
-132.76980880
-20.94551375
-246.74313994
-364.16432894
-130.66858947
-248.71366165
-256.49881323
-5.58764622
-374.16160442
-136.86756496
-136.63492772
-883.43825047
-818.78125877
-996.94662642
-864.72994936
-993.22053620
-958.52058534
-620.75469200
-138.95109025
-384.74147063
-832.78512701
-485.07262068
-643.41771536
-827.08784959
-418.13081914
-501.66925909
-256.96483057
-137.78943960
-131.21447719
-510.99398297
-740.35500621
-676.33199533
-375.67354540
-807.58377821
-140.34734264
-143.51465125
-140.25485601
-733.97202251
-487.51459930
-263.63228924
-387.19377741
-24.62464324
-826.87393197
-1172.28039983
-1273.61665584
-1276.72107123
-1291.00187000
-1147.02957615
-875.67233231
-628.70460971
-465.18783017
-624.31950702
-466.40571030
-264.12488424
-748.58362235
-757.11071895
-510.56305426
-246.10758669
-504.15145611
-997.93183808
-1000.51458656
-1106.66710778
-898.08951299
-1037.89758908
-1004.20535804
-1032.35064899
-1023.16077650
-375.54703568
-140.04967664
-240.64145415
-132.59197565
-138.53747943
-261.88871668
-137.28016913
-137.84525028
-253.05630021
-145.56674683
-273.49041469
-720.80414487
-509.41395480
-1010.29132309
-1016.63908186
-1118.02811428
-884.33953465
-848.97878025
-751.28534621
-378.51092899
-375.98779946
-144.58031208
-24.02012694
-139.99739380
-139.49732026
-258.36098996
-134.43821862
-138.70578935
-141.40876399
-18.29176283
-735.80136211
-915.95430445
-137.96890626
-797.82303026
-901.46788513
-859.99000845
-505.70286133
-22.71696010
-25.83324765
-270.41708172
-505.80145569
-730.59526266
-373.93845033
-262.62656727
-493.34906138
-388.24615256
-505.25635254
-258.92571357
-745.00643471
-388.56858767
-475.97657957
-254.73440088
-133.01415318
-488.50395069
-134.67923353
-132.80487184
-235.60003011
-134.53816821
-252.11839605
-253.20951664
-610.13779710
-1014.20692707
-517.98699789
-602.97841418
-515.42660757
-663.87067560
-884.82261427
-1020.63584635
-885.26532404
-750.39584916
-851.59114046
-759.10449818
-1000.01386479
-1039.94996787
-1036.55002436
-1024.83415794
-1035.47661764
-1034.10640751
-1122.27053351
-1012.17027669
-1018.14220363
-938.79781161
-1032.67740622
-1121.14273714
-1036.38486962
-767.58137861
-889.81548199
-779.82035175
-144.70269091
-251.13068171
-595.68290801
-886.45194900
-1025.29086544
-917.11418253
-1220.16505595
-1060.12420881
-753.81953562
-511.13708991
-609.66747748
-259.86555077
-632.98189984
-483.01719491
-750.92478663
-373.30767460
-262.79010302
-544.53260672
-753.82053489
-265.14624078
-137.50336774
-623.83370764
-745.15687499
-266.43070777
-389.80062124
-139.62085024
-376.99614112
-140.80532175
-148.66403232
-266.36743789
-150.84938148
-143.28403264
-265.47262017
-144.69261919
-134.87139728
-140.46071463
-626.77456010
-751.40081948
-150.79648138
-365.20287929
-503.91012079
-143.97870248
-138.19430295
-255.67299240
-145.85447256
-258.12828550
-17.68694633
-248.26627165
-246.68971054
-145.26756631
-150.09457355
-249.87708845
-253.70810797
-268.97406985
-532.84732322
-668.56549675
-764.04290103
-982.86876045
-430.35808502
-410.63605123
-263.94417108
-260.07495707
-260.84419862
-272.58339550
-831.87200405
-1109.22045542
-1016.30023703
-775.41695632
-748.91038748
-24.25224644
-141.25488685
-23.42500579
-244.66293226
-126.57891261
-235.02382478
-117.73063652
-121.54187883
-228.50696934
-120.11900650
-121.00718745
-122.67027394
-118.81186541
-120.94235498
-119.06693913
-1021.59881077
-337.31965407
-626.48366940
-120.53273931
-231.80494346
-233.90587894
-726.40170155
-245.72485334
-121.81495176
-121.55503242
-121.82723424
-125.59778602
-735.81979759
-730.23255058
-142.51856767
-140.10715691
-135.32519331
-238.69508956
-246.43145426
-381.61703424
-360.47434204
-388.47202761
-621.31938130
-616.18637216
-678.67564735
-239.93230553
-329.03531415
-15.04897832
-128.59319230
-240.67969331
-241.88942713
-119.35681280
-344.54540698
-235.01819551
-0.91244625
-119.11882047
-122.00224769
-259.93608578
-20.20390428
-19.67803877
-233.18957916
-132.73483272
-141.65468951
-606.37432207
-498.05690774
-255.30318453
-411.01822552
-373.78189550
-382.03535655
-753.85223055
-626.12085589
-750.48609215
-670.98910854
-260.46261472
-138.49242668
-753.66171354
-1074.11096611
-627.54222880
-126.80080752
-245.18272469
-144.77760197
-356.47773477
-144.01084321
-25.98465017
-241.64110606
-380.59484842
-131.72016292
-142.10856063
-137.95184402
-381.20981385
-388.15758936
-503.46549669
-627.77266468
-749.38021734
-758.16753122
-778.95400575
-748.68400186
-380.55636447
-140.63712390
-255.78826821
-360.06850944
-137.80573399
-246.64267869
-244.76284895
-723.53903735
-364.88891898
-142.97096985
-27.27651550
-388.10498315
-736.42442514
-854.12521388
-982.41321931
-993.55592831
-528.06048829
-848.44227158
-390.54050876
-755.06108383
-717.08695330
-778.48798700
-878.73883536
-877.57968429
-747.58239210
-135.52283159
-431.33622214
-140.09662599
-145.37819417
-145.28340690
-23.90614020
-141.78191566
-140.89580733
-264.78558213
-748.19115228
-588.30808370
-399.87761622
-140.25807130
-342.94571607
-360.43023535
-24.63804657
-249.50380064
-26.75844440
-366.46315013
-242.11181309
-240.91301210
-142.22310978
-259.44792945
-141.10330019
-504.76474893
-143.42058222
-222.49640351
-116.44474490
-876.78552190
-1015.78700766
-1001.37398736
-1151.23256936
-1073.73819461
-984.02291563
-879.97545448
-625.94902479
-580.04800310
-265.97467758
-221.44892974
-121.51197243
-1.24180984
-0.55497171
-114.23743254
-787.45640768
-123.27175164
-751.97183948
-131.01793576
-122.05450555
-222.83056113
-4.89911603
-255.60449800
-140.83419262
-123.96545766
-2.29288708
-121.56051155
-124.77705834
-232.23016554
-22.16372413
-225.44513748
-230.17164636
-127.20737637
-21.39777336
-138.57166632
-517.50927982
-330.62942736
-894.08433005
-817.71216162
-1014.38005588
-1009.02247701
-760.56199708
-494.93130924
-259.76808109
-299.34333337
-136.78532226
-17.99024029
-19.55196498
-255.72461467
-136.13747381
-130.13868959
-963.98200931
-844.55913220
-861.62048397
-497.69001850
-745.40751391
-135.59523114
-365.44525235
-126.78964554
-129.75836953
-330.38543953
-140.68375782
-125.51068374
-8.50714763
-128.98322101
-127.12241773
-129.84600620
-247.12704619
-3.70770758
-4.44552018
-232.82796871
-230.16143204
-126.70266324
-241.77533629
-329.55408110
-751.39250707
-1085.21310849
-642.52293006
-249.26505058
-130.66899543
-127.40353440
-238.08257085
-11.04271978
-240.42269162
-257.24339511
-125.17433945
-234.42145342
-128.08136435
-739.08587318
-127.62845455
-358.89770292
-119.88331616
-127.43845578
-124.77789053
-125.93777959
-130.17466837
-127.62226179
-130.01833241
-346.68733511
-124.74171132
-125.43757661
-233.10156482
-129.61712521
-124.70353758
-130.65892887
-124.30505589
-241.64571670
-372.45471040
-939.91138880
-1247.00193386
-1042.72257873
-1054.47931211
-1115.62435821
-751.09310598
-120.89910261
-118.69560194
-125.19194229
-232.51310727
-490.62773901
-734.45825462
-228.77839669
-119.76345078
-124.96101561
-502.35035424
-3.28479602
-126.18610984
-996.74192348
-481.75025253
-486.30324776
-13.63620635
-134.77624739
-501.98065395
-364.43605634
-265.84023612
-378.56943407
-136.43091943
-1004.37930321
-985.41294431
-1015.86577752
-599.93348390
-364.83524224
-397.83432426
-358.82449945
-129.95895424
-855.00888810
-9.45261034
-251.94622858
-14.32352121
-13.85255982
-135.55965361
-138.30932349
-139.03693007
-258.19920706
-139.50964042
-895.15326008
-137.92219074
-15.82720850
-139.96262860
-875.75707486
-752.59221199
-128.84979856
-1328.65156329
-1150.10125311
-912.91425558
-977.55146000
-1074.72654030
-735.93698372
-257.62768126
-321.78787899
-139.40742253
-132.72911849
-252.14596568
-139.15821888
-242.07385663
-242.95112659
-143.20828476
-359.46667273
-12.79627440
-386.33453565
-189.71968154
-371.66765863
-262.60880576
-527.86691276
-158.56913625
-771.24172507
-1137.22647533
-998.08640155
-614.63509484
-248.14953390
-1108.28115825
-888.22643191
-251.69827324
-20.24788401
-129.85059127
-260.71568445
-245.66163182
-11.73297577
-128.13443016
-130.56417605
-1154.52560418
-1100.02761492
-9.06358844
-1.70232046
-255.90219723
-1020.26378581
-1.22892796
-315.63680590
-901.52194224
-243.47155233
-128.71078798
-1018.59656883
-379.81958481
-11.78268224
-130.85010426
-131.68530445
-128.65275514
-251.52501184
-127.16634995
-134.25639097
-133.82892019
-135.59241755
-376.90895660
-250.06327789
-138.01627866
-989.30525065
-972.97805116
-143.49904247
-140.99599881
-24.85687174
-136.85234693
-138.61881412
-137.52991110
-544.91165811
-929.87187578
-945.68073605
-753.91003071
-1128.17470881
-1151.17206320
-1120.35738506
-1005.51922086
-1016.57763677
-1031.73629730
-1061.85608376
-1154.84740666
-984.04617785
-755.31959242
-873.70034830
-786.88723296
-383.18211555
-842.43043414
-635.90389151
-502.54955601
-145.19728259
-140.36161455
-27.16264778
-27.06583363
-504.89299438
-144.22711639
-252.46519169
-139.77236444
-144.97435942
-254.86454070
-139.79759767
-139.19949077
-136.79303020
-510.25522178
-634.72137171
-738.16398528
-250.36918642
-245.55298602
-749.97720496
-242.75216982
-139.01132632
-142.79003455
-254.44558519
-136.83085609
-241.57477051
-351.95450529
-117.14127433
-751.40783560
-484.15130072
-122.58164276
-226.17028377
-0.28154633
-236.27275778
-115.35207797
-229.35166065
-378.56203592
-119.62481889
-238.46658453
-122.30492006
-500.75845772
-375.25303537
-124.34428209
-900.18722253
-1146.55432223
-347.39366476
-124.52778395
-345.31069650
-122.93345896
-232.12492766
-235.23399812
-858.06777348
-125.16144042
-125.23624318
-124.56894389
-124.00052748
-322.35352319
-146.09267175
-23.43741382
-355.10552324
-119.54218653
-228.86850254
-258.31537300
-629.58324628
-695.12667456
-366.09217037
-116.28898446
-117.43193103
-8.05985101
-124.34901517
-121.62026403
-122.01303360
-242.99777505
-243.14620657
-890.60087426
-127.46156688
-244.24815431
-233.95877669
-130.56827542
-1160.79466440
-1062.34099535
-5.29649005
-121.05937608
-228.34820858
-118.01369918
-497.20426812
-621.19542982
-255.42914932
-235.62191448
-299.88551773
-23.66577696
-120.72699839
-237.90612389
-258.16691159
-252.71550556
-2.28376431
-120.12840043
-225.58066944
-494.12125007
-125.58012577
-5.21344728
-6.22992913
-5.94427228
-136.85510651
-136.07320735
-1114.41667856
-508.68873792
-499.28012013
-617.33515556
-122.11091796
-253.36081080
-126.56730825
-126.68453716
-127.23502408
-1144.84889306
-864.47833387
-2.47568971
-1010.52715747
-1080.66817002
-507.57902927
-125.14047747
-115.82605661
-121.00771835
-124.07312799
-235.17102429
-893.15427884
-1140.27129650
-932.97623951
-867.80926802
-887.98741502
-561.41184857
-620.67843732
-237.13535852
-361.34711417
-249.06120864
-618.58910283
-245.03055602
-755.38625683
-354.48830838
-2.46431485
-122.81291330
-123.55645430
-118.60703140
-118.65930207
-225.37854387
-226.58971676
-502.19602502
-895.15746183
-980.12544092
-1136.53814104
-1107.96689824
-773.52169783
-1138.68645690
-908.15315935
-754.55175689
-116.80002065
-225.51298956
-122.89773482
-113.09980535
-247.55497859
-117.41030630
-118.19690278
-131.76464621
-142.89552702
-366.94030209
-348.72531301
-731.16373870
-745.03885375
-751.06009346
-850.45648481
-383.55971578
-507.10686262
-263.19810176
-504.66844756
-255.30398433
-636.16271442
-339.64929778
-385.32339484
-353.00965434
-303.15858983
-756.95336714
-140.94133796
-258.41092873
-138.67226199
-373.64882178
-986.13098623
-393.78867683
-144.49515032
-261.31327409
-27.72967312
-488.18312419
-630.93307147
-492.16249548
-386.68600349
-23.08480826
-389.80064164
-1012.63774042
-622.43828110
-12.67289747
-1022.59646032
-1003.07005055
-1142.31903879
-116.93276835
-120.53428914
-761.27318624
-125.27983952
-764.61441180
-123.51732334
-361.62758039
-2.32605330
-238.30509582
-371.12476281
-856.84149600
-17.48353909
-252.12769102
-134.33381497
-126.81936172
-631.87904781
-257.96101521
-237.21356259
-997.49951420
-122.39280309
-128.91765047
-129.04293793
-131.83413643
-133.38254099
-133.13826756
-425.97021200
-128.80061240
-591.59812891
-248.74256122
-251.72387969
-252.75302414
-732.08843115
-1122.32871049
-511.53835051
-238.93719835
-369.91562015
-505.60694294
-781.89115916
-393.19410102
-763.46126908
-380.63472757
-135.46763162
-256.57851810
-246.60703935
-241.74279711
-139.63003278
-134.61059221
-132.82613234
-11.06517783
-140.11327779
-135.75754282
-235.82571110
-484.59645950
-865.47879490
-803.17277287
-789.77982267
-759.74272039
-1091.64176427
-753.51818762
-623.49439774
-743.61689066
-743.08423042
-938.70493947
-990.24989417
-844.70573065
-482.51866811
-239.20390716
-260.20388390
-128.25082601
-276.78214990
-365.87383706
-126.15239800
-143.67728275
-636.14089607
-259.09669990
-25.66434327
-351.41083040
-508.33583908
-390.74942491
-898.77779599
-251.97474179
-359.12669579
-644.47363018
-1041.20287846
-143.94804573
-154.04784537
-638.89951428
-143.47817830
-141.25779027
-143.38202490
-510.85795471
-263.65751492
-25.72491032
-137.64950067
-638.20883124
-932.16780284
-1043.66737305
-1294.67199438
-1152.29498138
-765.10402931
-893.11318316
-1001.05805134
-1003.61397991
-1006.16508632
-388.17284033
-24.33105532
-242.56742035
-143.28851888
-19.84572478
-265.18634652
-141.46750389
-481.21763807
-136.35278106
-310.69065437
-129.02709702
-250.86149311
-226.70791974
-873.96628649
-4.04459606
-1009.09475971
-143.95474143
-3.58866140
-237.82606259
-125.22178568
-1.34556578
-117.40987962
-1.84175912
-121.18065045
-124.91635229
-1082.06874015
-889.04877586
-238.43414342
-119.49265385
-869.05890256
-241.00131085
-2.47569234
-752.81288923
-121.45078250
-886.77209254
-1012.51769879
-743.85242390
-875.16631508
-865.46945780
-1026.64072322
-1104.71429488
-634.18722662
-211.42520764
-1060.91127818
-3.70772493
-1010.93273333
-492.61275134
-521.79920956
-382.08457899
-129.44437695
-124.38916456
-126.06992547
-251.57756490
-224.95086922
-8.68748690
-240.00011096
-631.26695163
-928.45637686
-132.77337100
-129.13884818
-236.39253916
-257.80785360
-242.16334136
-13.25921510
-132.88185737
-130.46802587
-135.35644680
-242.14738444
-244.87591028
-134.23081236
-134.90103681
-240.90897046
-130.32745509
-246.39491446
-246.32751505
-247.55982143
-252.10238709
-123.35013351
-508.71983538
-124.89764438
-248.01203454
-747.14030068
-506.03053302
-172.86752593
-906.90298996
-935.28874803
-735.65354788
-627.86949176
-254.34114818
-128.87814422
-121.64767951
-121.58460292
-230.71356114
-377.21891600
