-755.42609814
-1251.72932090
-1340.10735341
-1390.61880221
-1422.08889868
-1386.35565437
-1368.88007794
-1389.95238500
-1432.66155348
-1400.18090299
-1386.70866006
-1369.99076947
-1373.73851941
-1382.19329506
-1379.03613319
-1373.68154572
-1371.76978776
-1377.95508384
-1379.73224577
-1374.50996843
-1375.84331525
-1376.24470315
-1378.28632179
-1376.56237164
-1372.42666417
-1377.00451879
-1377.58419608
-1367.85093915
-1374.02055736
-1358.63996842
-1363.94974440
-1365.50199333
-1357.01129588
-1355.05563466
-1351.55682600
-1347.52192405
-1347.05923559
-1348.30369623
-1341.48955839
-1325.42260345
-1326.91179007
-1324.74812536
-1322.30954210
-1308.16809862
-1284.69882292
-1289.19109543
-1293.96241028
-1283.45156721
-1264.96901039
-1255.54626485
-1260.80849429
-1244.23070027
-1238.48302672
-1235.51942639
-1241.06524698
-1239.18241816
-1236.40126960
-1233.33569623
-1227.79750527
-1225.19687157
-1216.41950354
-1207.54622355
-1199.07877531
-1188.52057868
-1175.30500296
-1167.48708923
-1154.46754839
-1149.84733377
-1142.60916884
-1133.94754027
-1129.20957664
-1130.04660872
-1130.83565072
-1131.99751231
-1133.39843253
-1133.96628976
-1134.75436455
-1136.14446961
-1136.78756286
-1132.43872273
-1127.80488131
-1115.66762681
-1106.93519819
-1098.44198478
-1093.43754986
-1092.71402404
-1088.87653785
-1085.15781463
-1084.07489206
-1083.54957711
-1081.56277482
-1076.72704024
-1072.08970544
-1066.16236496
-1060.60024804
-1061.76309456
-1061.61930330
-1061.35906605
-1058.57776997
-1053.17544480
-1046.58176506
-1038.93457463
-1038.87897318
-1037.84588216
-1036.56762575
-1029.07621709
-1021.91689695
-1017.25421477
-1014.90655407
-1010.42740450
-1007.04974504
-1002.62345896
-1002.41476252
-999.24148338
-991.75771788
-983.21329865
-977.55336365
-971.45135236
-966.50761449
-960.73756508
-952.82641658
-948.05833309
-940.36809450
-939.84268063
-935.37964875
-930.73572075
-924.36974281
-917.20134531
-912.79902336
-906.74415336
-900.72010326
-894.82381664
-894.43496869
-890.60701801
-884.01397877
-879.32514068
-875.54549674
-870.11320629
-863.86087389
-858.60184064
-853.33393445
-850.83243706
-848.49955239
-843.53278418
-840.34678723
-835.43204255
-833.25317292
-828.50527509
-823.79471640
-819.12713357
-815.30383406
-812.24856645
-809.18566182
-803.96381075
-799.59802930
-794.50245772
-790.27725927
-786.77130030
-782.64060770
-778.46917320
-774.47162012
-770.47390115
-766.53500505
-764.60748925
-760.76452795
-756.94713864
-753.15412658
-753.09019135
-755.00382058
-755.86461229
-755.43471346
-751.73994430
-747.41976984
-744.52875899
-741.63783077
-738.14551856
-733.97605207
-730.55900018
-727.81080291
-724.41489512
-721.69655452
-721.10899655
-718.53930574
-715.98479077
-715.07691989
-713.91700802
-710.76546892
-707.00272642
-704.43541260
-704.00345845
-702.34906176
-699.36289773
-696.38512174
-696.55984752
-694.90705956
-692.52844898
-690.98625081
-691.96277094
-692.87654151
-689.99984012
-687.19024921
-685.08973272
-687.63308459
-689.30366851
-688.33159407
-690.15368521
-691.52782786
-693.00785264
-691.54469021
-691.80392768
-690.90421005
-688.26464726
-685.05244071
-682.42142655
-679.79047868
-677.19346567
-677.07215710
-681.77153346
-683.17900407
-683.79824702
-684.52486050
-684.90354595
-685.74065371
-685.33177424
-686.17570288
-685.93261123
-683.96409711
-681.51452108
-679.07493779
-676.67591818
-674.28021632
-678.14571842
-675.25438254
-673.36198515
-670.53426913
-674.06233394
-672.76675272
-670.97798802
-668.71224842
-666.44171715
-664.21978043
-663.53474864
-663.37852011
-662.20178786
-661.94691892
-665.61045763
-662.96746415
-661.80018842
-662.03675414
-662.49637405
-662.49383564
-660.59455370
-664.93189778
-665.51311094
-663.85001310
-662.71178084
-660.62578854
-659.02825214
-656.95375652
-654.43478963
-653.79876563
-653.29886104
-651.27102082
-649.75591617
-647.76553883
-646.25301885
-644.31246912
-641.93345177
-639.57688908
-638.23039648
-636.33900721
-634.03061467
-632.15635273
-630.30923190
-628.45309699
-627.34315432
-625.53238808
-624.10730449
-622.31687495
-620.52334983
-622.30760431
-621.02315207
-619.28099476
-621.00901798
-621.97361694
-623.82665400
-626.03097022
-627.71360385
-629.08954281
-630.28809648
-629.43011252
-627.31791391
-625.62372258
-626.20329562
-624.86749101
-623.18191610
-623.62790417
-622.33353951
-621.48966022
-620.66856704
-620.67633460
-621.39670023
-619.77946446
-618.17874129
-616.97168656
-615.80036129
-613.83288012
-612.24546015
-613.03088438
-611.65270686
-612.05744854
-613.24705949
-613.68232511
-613.96456677
-614.55605731
-613.05462466
-611.54206348
-610.03310414
-608.89258067
-607.41559986
-605.57836641
-604.11377534
-602.27908835
-603.04460044
-604.23265398
-603.11633562
-602.23931305
-603.06559680
-604.24677341
-603.20390730
-601.77605169
-600.00549779
-598.25628546
-597.95085849
-598.30462377
-597.64567523
-596.25920698
-595.53215385
-594.15390690
-592.77114166
-591.05620901
-589.70057074
-588.69059112
-589.42873070
-590.35163332
-589.00681669
-588.40453712
-587.64914828
-586.60991309
-585.28820504
-586.14559772
-584.83328776
-586.02256396
-587.09063658
-586.10254575
-586.57864729
-584.94040548
-583.96626050
-582.68913248
-581.08177836
-580.11620318
-579.18016534
-579.68387340
-579.44229570
-577.86226236
-576.96322129
-576.24958658
-575.00546976
-574.08917508
-572.87353138
-572.28005850
-571.09121793
-570.16807322
-571.76730805
-572.91219413
-572.71759524
-571.85000065
-570.67184314
-569.85012870
-570.01205800
-569.10645666
-569.58559457
-569.92490233
-569.35689671
-568.85901118
-567.70177557
-567.27757789
-565.81829790
-565.96758220
-566.78297283
-567.25249830
-566.49434257
-565.41088483
-566.21081571
-566.05587440
-564.67724866
-564.16897192
-563.35475423
-562.28558716
-561.16953953
-560.10320104
-559.02176014
-559.84656553
-558.77022357
-559.91284870
-560.68257100
-561.41125251
-560.33167249
-559.81209179
-558.73255397
-557.66279309
-558.42633624
-559.23090769
-559.70348154
-560.43436890
-559.67567380
-558.94182700
-558.18922577
-557.47846845
-557.62561219
-556.62511593
-556.21438073
-555.79005499
-554.80445361
-554.06701209
-553.08314769
-552.09555165
-551.66068008
-550.97100552
-550.25893254
-549.56839858
-549.11580509
-548.45249955
-548.42000221
-548.09814883
-548.56890804
-549.44745860
-550.79382886
-552.21992010
-553.72677883
-555.42771875
-556.78932168
-558.15901935
-558.04122005
-557.11339616
-556.17086394
-555.50120897
-554.56133428
-553.89577097
-552.97249749
-552.85892248
-552.48269134
-552.27172762
-553.25546588
-554.03990195
-554.75291188
-555.55804355
-556.52958655
-557.81962530
-558.80084124
-559.34731430
-559.49767809
-559.91208953
-560.88594018
-562.49020595
-564.06405240
-565.35403469
-566.08245003
-567.08726330
-566.96542060
-566.05928649
-565.38487836
-565.26980155
-565.93060945
-565.54085457
-566.44889884
-567.67209304
-568.78973314
-569.70418669
-570.92242062
-572.15411309
-573.05804031
-574.30133273
-575.53508009
-576.16410076
-575.26424721
-574.35777553
-574.49144593
-574.54967245
-575.41866618
-576.25986119
-575.38085609
-574.99902861
-575.67856868
-576.57225087
-576.94294032
-577.80611964
-578.53460293
-579.62488869
-580.18436926
-579.80413938
-579.16934200
-578.30333109
-577.42730732
-576.78749920
-575.91025486
-575.98700972
-575.31981858
-575.17121544
-574.28082596
-573.82843441
-573.18220419
-572.34498884
-572.19185837
-572.03383429
-572.10676164
-571.69039422
-571.08728020
-570.25186938
-569.64182792
-569.00968888
-568.86176013
-569.68659272
-570.50912446
-571.32877336
-571.80855770
-572.13780531
-571.48516010
-570.65241422
-570.53254934
-569.70327764
-568.86792348
-568.04078038
-567.21683895
-566.84990746
-567.44784247
-568.04347903
-568.86350247
-568.51310187
-567.69352360
-567.11395735
-566.50405781
-565.47101927
-566.30553848
-566.88194221
-565.84750335
-564.81496747
-563.99399413
-563.18454207
-562.38552711
-561.58696529
-560.79569582
-560.68111383
-561.03229262
-560.24257690
-559.66372094
-559.28016320
-560.34639370
-561.16139102
-561.87271210
-561.29773041
-560.30192875
-559.93888885
-559.16650910
-558.39359723
-557.62357602
-558.40137250
-559.42197624
-558.44774351
-557.89487066
-557.13832023
-556.17001183
-555.20270692
-554.44868032
-553.70798628
-553.28986686
-554.11921524
-555.17529873
-555.93696631
-556.17785773
-555.43235179
-554.69847512
-554.16891439
-554.33126048
-554.67072808
-555.19705040
-554.25869575
-554.81479519
-553.87807406
-553.15234673
-552.21910017
-551.49878999
-550.77398007
-550.05084717
-549.12990561
-548.74758298
-548.03479622
-547.73280486
-547.02370986
-546.32818379
-545.81196284
-546.59839288
-545.91084933
-545.41076368
-544.90274288
-544.64145379
-544.16350458
-543.29701645
-542.61183153
-542.12126661
-541.64163494
-541.36180202
-540.48269000
-540.01677966
-539.34079834
-539.49133254
-539.04387930
-538.56922890
-538.10020250
-537.23572234
-536.56510382
-535.92438793
-535.07465694
-534.80932518
-533.97721620
-533.12520010
-532.48428155
-533.09232143
-532.26773952
-532.63143509
-532.20174206
-531.74166292
-531.09348747
-530.65648866
-529.84301888
-529.20088008
-528.58636517
-528.29821951
-528.76192321
-528.73106211
-529.50332727
-530.33674400
-531.05654314
-530.41739306
-529.78326242
-529.17598077
-528.73588649
-529.22054971
-528.40607740
-527.95626855
-527.32839100
-527.08940276
-526.48476297
-525.88634455
-525.28796492
-524.84341139
-524.25002148
-523.65236673
-523.06276440
-522.47827665
-522.03261474
-521.24812666
-522.19071039
-521.40715545
-521.93047437
-521.34400817
-520.75291967
-520.17513142
-519.75690913
-519.35487355
-519.03977083
-518.78274397
-519.46629110
-520.11853439
-520.90844854
-521.62284632
-522.14250091
-521.57010611
-520.82231056
-520.40169773
-520.57522894
-520.73307560
-520.35314188
-519.93562535
-519.37201722
-518.80145017
-518.54805063
-518.14120190
-517.57415178
-517.00988302
-516.61538357
-517.33768638
-517.27778999
-516.55078107
-516.22346260
-515.66479366
-515.10637122
-514.69840121
-514.45940351
-514.96012475
-514.75252276
-514.03517864
-513.48976262
-512.94233068
-512.58501096
-511.87036388
-511.32198770
-510.76994803
-510.22470328
-509.67904460
-509.14159823
-508.42962599
-507.89359897
-507.52070258
-507.17277704
-506.64165516
-506.12004653
-505.75411456
-505.22612870
-504.54006640
-504.02045128
-503.33685172
-502.82367966
-502.14649723
-501.63726123
-501.29261850
-500.61205542
-500.25107984
-499.88568774
-499.36777494
-498.85335364
-498.34039035
-497.99194574
-497.63551252
-498.35633383
-497.85181572
-498.19878606
-497.68403499
-497.17719120
-496.50730453
-496.00429995
-495.49507633
-495.13711906
-494.94860696
-494.28708964
-494.99307895
-494.82362501
-494.47645120
-494.31226323
-494.63703834
-494.13892647
-493.78607229
-493.45072696
-492.95545992
-492.61459715
-493.26059515
-492.77167477
-492.65973826
-492.16825104
-491.84335031
-491.35707179
-490.71735326
-490.23756516
-489.89546005
-489.25792050
-488.92856874
-488.60106214
-487.96627571
-487.48902048
-487.01860172
-486.39804822
-486.09052615
-485.69701565
-485.49497534
-485.04171812
-484.73655171
-484.29000764
-483.99357296
-483.86201426
-484.21451861
-483.91700928
-483.61954720
-483.17336626
-482.58064328
-482.27643334
-481.82544502
-481.23866799
-481.25006393
-480.80378075
-480.81416542
-481.14667209
-481.56716056
-481.13657570
-480.84870441
-480.41280759
-480.12026545
-479.82548669
-479.38689879
-478.95836903
-478.38723715
-478.86375794
-479.18620611
-478.76309299
-478.78452867
-478.36127221
-478.07665589
-477.64184855
-477.22218040
-476.95410983
-476.99312525
-476.71257988
-477.20867380
-477.78856190
-478.44486743
-478.00497860
-477.73981686
-477.44747350
-477.14935423
-476.71980523
-476.28834089
-476.00822345
-475.58089691
-475.58551013
-475.14741403
-476.03608682
-476.22151403
-476.09463947
-475.67239787
-475.52536216
-474.95666274
-474.53089748
-474.10932589
-473.69361424
-473.55727938
-473.14019790
-472.72432063
-472.44778906
-472.11278518
-472.52362989
-472.10830804
-471.95603077
-471.84198142
-471.65598667
-472.33948831
-472.87575716
-473.43779386
-473.30762608
-473.93615295
-473.65305225
-473.09726086
-473.13453106
-473.31109756
-472.76955110
-472.48937033
-472.08127277
-471.94430238
-472.42446577
-472.90268922
-472.62109939
-472.35398542
-471.95282585
-471.68458562
-471.28335711
-471.13079677
-470.72754348
-470.32896157
-469.92769798
-469.39485388
-469.87880582
-470.64485506
-471.22426723
-470.69068814
-470.29352879
-470.16772730
-469.63264683
-469.48058948
-469.37755241
-468.98278322
-468.72056446
-468.33225792
-468.13470122
-467.74442436
-467.48276228
-467.36859649
-466.98426093
-466.59302473
-466.20455695
-466.22630039
-465.84587511
-465.59404705
-465.33959878
-464.95032224
-464.57467162
-465.06246279
-464.54944991
-464.16586691
-463.93754381
-463.97834283
-463.60404897
-463.93524828
-463.68616981
-463.18403665
-462.81833537
-462.69218854
-462.32344751
-461.95989919
-461.60179126
-461.36826548
-461.00467793
-460.76203624
-460.40695041
-460.17743358
-460.49237755
-460.28963119
-459.80656828
-459.44710212
-459.09242853
-458.73616500
-458.52813289
-458.58425313
-458.24160068
-457.89509413
-457.54107638
-457.29818840
-456.93531925
-456.59021569
-456.11744853
-455.77032388
-455.29900816
-454.95436057
-454.73632569
-454.89213980
-454.66679363
-454.32887028
-453.99281928
-453.77903613
-453.67563453
-453.59025956
-454.03079482
-454.34719165
-454.52651450
-454.95411880
-455.55025414
-455.91927245
-456.23931812
-455.90585194
-455.44781535
-455.11646687
-455.03141019
-455.59362571
-455.88941369
-455.55377484
-455.47692010
-455.14419895
-454.92639089
-454.59606154
-454.13897646
-454.02737123
-453.81247312
-453.47924467
-453.14991526
-452.82179076
-452.49709588
-452.29005658
-451.96590629
-451.75498738
-451.43234250
-451.35614117
-451.22525017
-450.90169928
-451.08955192
-450.76817586
-450.45123404
-450.35057905
-450.14986444
-450.06333662
-450.13155263
-449.82111821
-449.38694082
-449.95841915
-450.61898844
-451.05522347
-451.23737169
-450.89733975
-450.69435925
-450.48740593
-450.15913698
-449.84232322
-450.01413870
-449.82462281
-449.51266362
-449.31067465
-449.61245086
-450.05482046
-449.72960444
-449.42051821
-449.11130840
-449.01376919
-448.82887982
-449.01844048
-449.46214662
-449.39778664
-449.69969809
-450.22998736
-450.91812229
-451.47992974
-451.91896449
-451.61068420
-451.52832903
-451.21885892
-451.15750641
-451.81272236
-451.87304681
-451.56819428
-451.39336480
-451.08799294
-450.90251749
-450.58943439
-450.40091115
-450.81722812
-450.75339508
-450.89795478
-451.61727845
-452.07143249
-452.60730674
-453.16423728
-453.88572246
-454.66938917
-455.32701696
-455.99842796
-456.54696557
-457.09579322
-457.63957121
-458.18055035
-458.82019882
-458.78527816
-459.32292256
-459.72273519
-460.16670007
-460.69175030
-460.38044430
-460.57075588
-460.26190538
-459.94620162
-459.63673810
-459.33393925
-459.23396124
-458.92069606
-458.73412669
-458.76999763
-458.56736379
-459.07965674
-459.60743183
-460.11814355
-459.69969647
-459.39727945
-459.09707864
-458.90394550
-458.93269502
-459.20565600
-458.90090888
-458.59140009
-458.28212021
-458.08487894
-457.90615118
-457.94460400
-457.63922578
-457.22919015
-456.92837721
-456.73666284
-456.43817977
-456.02809361
-455.73215782
-455.32450303
-455.02493794
-454.73218984
-454.43277040
-454.59733799
-454.44357188
-455.00975682
-455.39708935
-455.31729897
-455.12196794
-454.94363138
-455.22256306
-455.60495210
-455.54102477
-455.58360777
-456.10476192
-456.72633942
-457.50330372
-458.17415945
-458.80262060
-458.72431034
-459.20964684
-459.71808465
-459.63063397
-459.91370760
-459.51089419
-459.32468925
-459.70972941
-459.60634905
-459.96383558
-460.47461401
-461.07282833
-460.97563910
-460.66999526
-461.22398480
-461.03335917
-460.73446681
-460.43294667
-460.23459404
-459.92891345
-460.41614229
-460.28787839
-460.08674191
-460.45967326
-460.49069255
-460.09164285
-459.79475847
-459.82714096
-459.86291158
-459.57218846
-459.46736914
-459.17485030
-458.97123270
-458.77805701
-458.37656235
-458.08852677
-457.89760167
-457.60158924
-457.20328707
-457.56356599
-457.71332638
-457.41688421
-457.11868502
-456.83191437
-456.53947573
-456.24921187
-456.15608700
-455.86338560
-455.57961983
-455.28735006
-454.89589645
-454.79265304
-454.51450820
-454.33706627
-454.47508541
-454.28933715
-453.89579534
-453.60824978
-453.97916545
-453.91915903
-453.62784551
-453.35296699
-453.06305622
-452.85196726
-453.01314665
-452.72834744
-452.33842220
-452.15916552
-452.53242207
-452.68234746
-452.72150489
-452.43297363
-452.92026147
-453.46839316
-454.07435773
-454.77123752
-455.37059733
-455.84952167
-456.32298239
-456.91963050
-457.44796700
-457.59283238
-457.42643034
-457.14328103
-456.86083313
-456.57555963
-456.72316124
-456.43856100
-456.15502330
-455.87039293
-456.41887346
-456.13537893
-455.85444555
-455.57503792
-455.39851634
-455.22096528
-454.94266431
-454.66361367
-454.48312750
-454.29854129
-454.52170908
-454.35176591
-454.07739796
-453.94949679
-453.67848987
-453.30758583
-453.23509338
-452.95839414
-452.89341931
-452.72280967
-452.45289770
-452.26943891
-451.99460183
-451.72408749
-451.44801141
-451.26875324
-451.73255142
-451.56375138
-452.02273117
-452.49331599
-452.41467583
-452.14487539
-451.77578648
-451.60424029
-451.33290326
-451.73211858
-452.22551996
-451.95944727
-451.77678207
-451.76784641
-452.24408026
-452.07780407
-451.71111046
-451.34710951
-451.17280355
-450.90575105
-450.64068336
-451.09077936
-450.82034074
-450.55627572
-450.46623667
-450.28859186
-450.02121037
-449.75800879
-449.58962878
-450.01255695
-450.29131634
-450.74201793
-450.47750407
-450.72054181
-450.96544279
-450.70884923
-450.44743905
-450.18131424
-449.82273560
-449.65378711
-450.05398998
-450.39769531
-450.32511916
-450.15680213
-449.99683787
-449.83416207
-449.57355711
-449.30986558
-449.99615175
-450.58862902
-451.17975683
-450.92047192
-451.45930514
-451.96807287
-451.80496842
-451.54177719
-451.36653810
-451.10945879
-451.65438982
-452.20597176
-452.65350230
-453.14981560
-452.89060286
-452.71501717
-452.36089545
-452.10350211
-452.14404151
-451.88734495
-451.63296229
-451.97479363
-452.29881130
-452.04281867
-451.87113027
-451.52109712
-451.36495513
-451.10508643
-450.85039661
-450.59751265
-450.63260477
-450.46533787
-450.48884389
-450.88123154
-451.39988147
-451.05424499
-450.79710043
-450.64116154
-451.07901591
-451.55535586
-451.97711867
-451.63093730
-452.02248760
-452.43252730
-452.84030265
-452.69791034
-452.44438883
-452.39004373
-452.13472668
-452.85374844
-452.78670859
-453.54095853
-453.28408356
-453.11779842
-452.77354930
-452.60766258
-452.35615586
-452.20218064
-451.95398621
-451.70688198
-451.54900421
-451.29631095
-451.42582849
-451.26724626
-450.92668935
-450.67932676
-450.34277691
-450.09462237
-449.84898258
-449.69895613
-449.54132361
-449.38130786
-449.13269179
-449.16187208
-448.91200741
-448.66689745
-448.50046966
-448.84904279
-448.69014683
-448.44898708
-448.20238127
-447.96014599
-447.71898023
-447.56261255
-447.40532174
-447.94158618
-448.37999346
-448.13899754
-447.89678243
-447.75147833
-447.42053152
-447.74457953
-447.41527909
-447.25391587
-446.92449293
-446.76480901
-446.52690244
-446.28687466
-446.22576388
-445.98575206
-445.83428158
-445.67818004
-445.43926448
-445.20152042
-444.87606385
-444.63865089
-444.48339062
-444.15888285
-444.02365580
-443.96056507
-443.63715720
-443.40474078
-443.17303102
-443.02080982
-443.23970959
-443.09358852
-442.77208453
-442.53919888
-442.68465215
-442.44996932
-442.21715441
-442.51786390
-443.02038891
-443.52150497
-443.37762855
-443.69667601
-443.54439224
-443.39987934
-443.32595613
-443.01067997
-442.87337099
-442.64308570
-442.41398468
-442.09972505
-441.97000448
-441.74570268
-441.43275673
-441.20640095
-440.97945192
-440.75518573
-441.26545748
-441.12787265
-440.98583045
-440.93969790
-440.79821678
-440.65939656
-440.43346439
-440.20586691
-439.97854795
-439.66917015
-439.44566039
-439.22003756
-439.08963752
-438.86128216
-438.63660128
-438.41639832
-438.19370952
-438.16084949
-437.93588908
-437.71678671
-437.49388739
-437.43849456
-437.21943210
-437.12987100
-436.98498885
-436.76399691
-436.54173474
-436.39571099
-436.17644751
-435.95789028
-435.73700561
-435.43258360
-435.21711285
-434.91376043
-435.23986730
-435.02173889
-434.96216900
-434.82795587
-434.61101062
-434.39194448
-434.09067956
-433.95321098
-433.73736879
-433.51883500
-433.38677211
-433.17253058
-432.95547467
-432.74158746
-432.78021791
-432.56811558
-432.44199294
-432.31817031
-432.11042370
-431.90105448
-431.69102501
-431.56394761
-431.35625946
-431.14885637
-431.01171131
-430.79681718
-430.66163330
-430.61617548
-430.40657310
-430.19332330
-429.98652369
-429.77873064
-429.56567289
-429.35600450
-429.15014430
-429.02853064
-429.39329245
-429.10424649
-428.89873572
-428.69095643
-428.48203581
-428.27088146
-428.14024388
-428.54126970
-428.93144831
-429.24401206
-429.03807874
-429.34568558
-429.21824881
-428.93024413
-429.20655396
-429.24717248
-429.04082706
-428.90899392
-428.70009769
-428.41299484
-428.20477041
-427.91898659
-427.84222276
-427.71675926
-427.50868864
-427.30112268
-427.17527987
-427.06001584
-426.85872825
-426.90834824
-426.70265685
-426.50139700
-426.82002651
-426.53699491
-426.33466366
-426.13250137
-425.92947852
-425.72881641
-425.52789826
-425.39836004
-425.19666952
-424.99510786
-424.79344909
-424.59333771
-424.39452150
-424.19452440
-424.08000408
-423.88182837
-423.92412971
-423.64616902
-424.08988459
-424.32951618
-424.63752602
-425.12629605
-425.50477549
-425.30922418
-425.11326562
-425.07337789
-424.95335554
-424.76013954
-424.56122017
-424.44739349
-424.25070564
-424.05144267
-423.85902161
-423.74997562
-423.47610979
-423.43369832
-423.24053307
-423.04386606
-422.84734469
-422.65199541
-422.45670907
-422.26174115
-422.06407864
-421.86452987
-421.67045359
-421.55377669
-421.36043809
-421.24430286
-421.04978540
-420.93276105
-420.73560671
-420.54409780
-420.34957790
-420.15915247
-420.03892161
-419.76900967
-420.11441105
-419.99851620
-419.80833961
-419.62011553
-419.50324570
-419.31332754
-419.21307768
-419.02548206
-418.83551795
-418.71436319
-418.52507959
-418.33603966
-418.15034173
-418.28729792
-418.18396703
-418.06544147
-417.88839702
-417.77930478
-417.67079941
-417.48807527
-417.38121546
-417.19930170
-417.02506818
-416.92192759
-417.24173224
-417.58389245
-417.64353656
-417.54633728
-417.60204741
-417.42621245
-417.17524652
-417.37645228
-417.66662250
-417.94695908
-418.16797897
-418.40039758
-418.45467185
-418.27610102
-418.10214954
-418.00762073
-418.39334573
-418.86543987
-419.32040625
-419.61937025
-419.94919709
-420.31992177
-420.65891563
-421.03475477
-421.01434641
-420.92484147
-420.82818956
-420.72608650
-420.54790450
-420.37195943
-420.12268467
-420.09046028
-419.98926023
-420.20369966
-420.55670892
-420.60938282
-420.74284187
-420.56714008
-420.39162258
-420.29246875
-420.17702025
-420.00326664
-419.90017160
-420.04934820
-420.33847988
-420.62799785
-421.00417073
-421.25704265
-421.15884030
-421.05933443
-420.95456957
-420.92436769
-420.90249923
-421.18262569
-421.23572282
-421.37229953
-421.41494147
-421.46556419
-421.82473511
-422.02882949
-422.15437265
-421.95429807
-422.17538726
-422.57879547
-422.99934746
-423.44270207
-423.77966397
-423.68167471
-423.57317620
-423.38843980
-423.20487005
-423.02470363
-423.00153023
-422.74954207
-422.69328213
-422.51369456
-422.40391635
-422.29188200
-422.11238615
-422.38771742
-422.13554037
-422.10014258
-421.92002963
-421.86695718
-422.21533615
-422.57083599
-422.39316117
-422.21622880
-422.11349555
-421.93721149
-421.75927542
-421.71998745
-421.54561998
-421.43896079
-421.19161947
-421.01762288
-420.98403416
-420.87317158
-420.82993801
-420.65414310
-420.55475730
-420.38117406
-420.27650614
-420.03325778
-419.86374857
-419.76544498
-419.66193912
-419.49338224
-419.39118964
-419.72895586
-420.08736507
-420.32848748
-420.52659263
-420.28933183
-420.11902210
-420.16337412
-420.36080612
-420.62773254
-420.91106310
-421.26294630
-421.63158678
-422.01332517
-422.43930432
-422.87165868
-423.22527340
-423.49722069
-423.54945091
-423.65966281
-423.83691976
-423.91024966
-424.17897823
-424.47824374
-424.67983882
-424.79932251
-424.70556391
-424.68241269
-424.58307504
-424.56166037
-424.61083368
-424.87509953
-425.24078608
-425.40937897
-425.46007269
-425.49172811
-425.39682212
-425.16376733
-425.21806250
-425.05094202
-424.88744225
-424.78700116
-424.74896826
-424.58515582
-424.41850487
-424.25187722
-424.09265284
-423.92813409
-423.75278867
-423.88767503
-424.01395776
-424.06312414
-423.95817871
-423.86199470
-423.76179496
-423.66517955
-423.71089984
-423.76076456
-423.94727979
-424.28045292
-424.61923219
-425.01606639
-425.50286367
-425.99984687
-426.52698319
-427.00893180
-427.27065160
-427.52493754
-427.42118795
-427.25857359
-427.08619222
-426.99189077
-426.75012041
-426.70133314
-426.66683709
-426.49499345
-426.32289612
-426.21051165
-426.16878828
-425.99804763
-425.89512206
-425.72547466
-425.48743665
-425.32180618
-425.15072622
-424.92132059
-424.75196836
-424.58435909
-424.47659782
-424.45204698
-424.35679878
-424.31713909
-424.07928971
-423.91062612
-423.74342519
-423.56999315
-423.46563481
-423.23004345
-423.07135767
-422.90009403
-422.85665451
-422.68464383
-423.01730652
-422.85057291
-422.77670226
-422.54154205
-422.30666405
-422.07201714
-421.96075037
-421.85241491
-421.81432684
-421.78375637
-421.68251149
-421.44896884
-421.28284919
-421.11684274
-420.94841520
-420.77862948
-420.61254271
-420.44834480
-420.28312635
-420.11974508
-419.95633987
-419.72517070
-420.14604502
-420.46717320
-420.80675525
-420.64138841
-420.47300841
-420.36940908
-420.20389431
-420.03919595
-419.93711041
-419.85316722
-419.68990529
-419.52440263
-419.29579188
-419.13258055
-418.97049347
-418.87502321
-418.71558269
-418.61218608
-418.86577549
-418.76089307
-418.59679950
-418.43376787
-418.27405070
-418.52142923
-418.36157832
-418.13504027
-417.97203916
-417.74568610
-417.58488716
-417.88047584
-418.19460552
-418.51630616
-418.83056661
-418.66786875
-418.50820326
-418.34677151
-418.24528153
-418.08849071
-417.92811617
-417.83025415
-417.67011064
-417.51664675
-417.49460505
-417.33896791
-417.18375063
-417.08720245
-416.99645420
-416.90540403
-416.74856736
-416.59136053
-416.49868598
-416.40251290
-416.24844398
-416.09424423
-415.93824534
-415.78401089
-415.62914404
-415.53889335
-415.46303350
-415.42142978
-415.26586835
-415.10999427
-415.01897406
-414.86770545
-414.65028430
-414.55799432
-414.39986070
-414.50855229
-414.35365084
-414.26130927
-414.17142919
-413.95409638
-413.80101479
-413.71125331
-413.49484761
-413.34035345
-413.28951989
-413.19968565
-413.18339694
-413.15256292
-412.99567241
-412.90627242
-412.68925782
-412.66826998
-412.85437205
-412.82178098
-412.67036783
-412.45545599
-412.30489306
-412.15074714
-412.05688795
-411.98222472
-411.83387313
-412.14707823
-412.46118536
-412.80311595
-413.17496701
-413.36545155
-413.61988163
-413.66495098
-413.51346673
-413.42586182
-413.27604606
-413.12471095
-413.09388692
-413.00404829
-412.85238200
-412.69838024
-412.54490241
-412.45808455
-412.30359933
-412.15301953
-412.00265552
-411.85493654
-411.70750384
-412.09177359
-412.46991053
-412.90807921
-413.21820848
-413.38986126
-413.79596823
-414.20311399
-414.29899515
-414.53523505
-414.61231470
-414.52193829
-414.30882867
-414.09667070
-414.45760520
-414.82000599
-414.67318291
-414.99696344
-415.25661359
-415.10599224
-415.28370349
-415.19612983
-415.50586608
-415.29523275
-415.40454345
-415.32031394
-415.23283568
-415.14146653
-414.93186900
-414.84777658
-414.63766673
-414.48933571
-414.27961807
-414.13215194
-413.98417232
-413.83719988
-413.74996501
-413.71597524
-413.56807743
-413.47228326
-413.32713832
-413.18070620
-413.03352172
-413.32873186
-413.18362486
-413.09436513
-412.94948718
-413.18088952
-412.97383177
-412.76556380
-412.61546244
-412.87342430
-413.17872166
-413.09098873
-413.00588519
-412.86145289
-412.71456957
-412.67814113
-412.47058586
-412.45225491
-412.30766031
-412.10164213
-411.95817477
-412.19508888
-412.24379452
-412.09886639
-411.95396526
-411.80500950
-411.71918441
-411.57660129
-411.42970611
-411.28331522
-411.26978938
-411.17680502
-411.03110180
-410.88978013
-410.74508771
-410.60333881
-410.45737576
-410.31854794
-410.23641189
-410.09592137
-409.95636132
-409.81339045
-409.67393120
-410.05262641
-409.84963157
-409.76264129
-409.61811322
-409.47940597
-409.33787462
-409.24884378
-409.10975225
-408.96974894
-408.92905957
-408.90158212
-408.70025960
-408.55880581
-408.41706447
-408.27231656
-408.13209355
-408.10385559
-407.95920939
-407.75874357
-407.62087266
-407.56996351
-407.43086169
-407.34678807
-407.26321795
-407.30295464
-407.22127920
-407.08386240
-406.88501041
-406.74766774
-406.66868136
-406.52712461
-406.45063408
-406.31438463
-406.17263031
-405.97452185
-405.89466549
-405.75796566
-405.56049690
-405.42103804
-405.34105280
-405.20046967
-405.06251937
-404.97852402
-404.78303073
-404.64769352
-404.51694527
-404.38214309
-404.30345162
-404.21949909
-404.08499611
-404.00962269
-403.87220244
-403.73768231
-403.60345667
-403.47083072
-403.45075405
-403.31384775
-403.36314702
-403.23063838
-403.09172277
-402.95596963
-402.76250044
-402.62525870
-402.48988779
-402.41187389
-402.42670580
-402.67541909
-402.97547830
-402.78224894
-402.58905635
-402.51609311
-402.44264333
-402.30696246
-402.17355479
-402.04185801
-402.08702896
-402.12299222
-401.99333525
-401.80210260
-401.66609659
-401.58819269
-401.50867865
-401.37547540
-401.29673301
-401.28746273
-401.21719972
-401.08344775
-400.95141574
-400.87791367
-400.80442343
-400.61459025
-400.42489760
-400.34367839
-400.21164255
-400.02261536
-399.89161921
-399.75992672
-399.62907143
-399.62151574
-399.49090955
-399.41456467
-399.33907590
-399.20727367
-399.07298236
-398.94079011
-398.80727864
-398.79055838
-398.60478279
-398.59467412
-398.46380211
-398.33524144
-398.25605654
-398.12769547
-398.05197442
-397.86552961
-397.73656514
-397.60612705
-397.47539480
-397.34817608
-397.31336575
-397.18230743
-397.05145472
-396.98156155
-396.85563688
-396.72984297
-396.65157915
-396.52421476
-396.39735634
-396.38666282
-396.26325438
-396.13725816
-396.01278084
-395.88764333
-395.75688218
-395.63233836
-395.57385131
-395.50574768
-395.38136259
-395.25416166
-395.12718363
-394.94413035
-394.81880029
-394.74797410
-394.67679672
-394.60726475
-394.60483083
-394.53205742
-394.40818567
-394.28189559
-394.15840784
-394.03387600
-393.85274181
-393.72764191
-393.60455157
-393.47744232
-393.40931180
-393.28474010
-393.21153505
-393.42332358
-393.39349015
-393.68374817
-393.55626730
-393.43141201
-393.25251589
-393.18508432
-393.00594000
-392.88304762
-392.70376496
-392.58121852
-392.40204880
-392.45053284
-392.37704453
-392.31119271
-392.55664140
-392.37730087
-392.31008434
-392.24212886
-392.12119695
-392.05879977
-391.93788996
-391.94735131
-391.76966907
-391.59159690
-391.52719360
-391.69557133
-391.98555841
-392.22262287
-392.09760316
-391.97246900
-391.95369556
-391.88209824
-391.80791440
-391.68553225
-391.62044347
-391.55723533
-391.38034847
-391.20363975
-391.15888545
-391.08451535
-391.01726065
-390.89373000
-390.77389964
-390.65447720
-390.58701058
-390.46403461
-390.34508159
-390.52272104
-390.40037345
-390.28173507
-390.16216725
-390.04064638
-389.97530272
-390.25248396
-390.47873394
-390.40738513
-390.28627464
-390.21262476
-390.14387213
-390.12074278
-390.00285319
-389.83072054
-389.71242268
-389.69188468
-389.62777248
-389.61114785
-389.49026188
-389.36960446
-389.25246635
-389.48011176
-389.76337228
-389.59082506
-389.57781845
-389.56812416
-389.49700904
-389.37896910
-389.26279134
-389.31426218
-389.24798277
-389.24831927
-389.12926156
-389.06534257
-389.23176639
-389.11517415
-389.36328775
-389.24320171
-389.12567948
-389.00890687
-388.89187776
-388.82337225
-388.70974383
-388.59385823
-388.47855651
-388.64272548
-388.52521030
-388.46038025
-388.39420261
-388.27855916
-388.25612760
-388.08663868
-388.28257332
-388.11362556
-388.13949909
-388.16914965
-388.00027484
-387.93210179
-387.86464920
-387.74592739
-387.79427543
-387.77637688
-387.71237504
-387.64591501
-387.53115452
-387.41414069
-387.29685419
-387.23428269
-387.11887237
-387.00391728
-386.94451361
-386.88021475
-386.81723827
-386.70542343
-386.59071324
-386.52402241
-386.41147993
-386.24503804
-386.13309047
-386.02097788
-385.90923212
-385.74317978
-385.62966961
-385.51769401
-385.40425070
-385.28845066
-385.17634600
-385.16062491
-385.09909269
-384.98618796
-384.92526331
-384.86100608
-384.79912990
-384.63348408
-384.46940247
-384.30868535
-384.19512579
-384.23916834
-384.12719560
-383.96261336
-383.90062824
-383.84131334
-383.73015833
-383.62049013
-383.55684412
-383.49965297
-383.71010467
-383.80872482
-383.69537433
-383.58462570
-383.52412206
-383.41228459
-383.24858794
-383.48975721
-383.76813291
-384.02839391
-384.24549636
-384.35160939
-384.28428801
-384.28102045
-384.16979716
-384.00568795
-384.27355776
-384.10949675
-383.99926436
-383.88556302
-383.77435000
-383.66560856
-383.63760791
-383.52475101
-383.41433508
-383.35800756
-383.24510716
-383.23165126
-383.23120639
-383.11953014
-383.06044470
-382.95200051
-382.89158801
-382.89023184
-383.10392654
-383.20843619
-383.24562975
-383.51154161
-383.77829165
-384.11874547
-384.41448382
-384.70469743
-385.04103215
-385.31599239
-385.42385275
-385.58342383
-385.63806111
-385.62226228
-385.58555265
-385.58214856
-385.47345135
-385.36545430
-385.41377076
-385.69576317
-386.03626711
-386.40780564
-386.77930039
-387.10837826
-387.36918038
-387.47040691
-387.36593306
-387.30960270
-387.30072512
-387.29061435
-387.24583093
-387.19658735
-387.24540987
-387.28592795
-387.17956415
-387.32779934
-387.43016089
-387.57793951
-387.73111011
-387.78169782
-387.77743099
-387.67173631
-387.72157910
-387.61571623
-387.56472814
-387.46230567
-387.41027658
-387.46200033
-387.67859542
-387.73420495
-387.84008450
-388.04540679
-388.24594488
-388.35879235
-388.50256588
-388.60264657
-388.76942537
-388.92045714
-388.76017587
-388.69647305
-388.63622554
-388.58560422
-388.68140324
-388.73147539
-388.89002516
-388.99339028
-389.09123304
-388.98946882
-389.05553041
-389.15535007
-389.20785725
-389.20565763
-389.22498110
-389.42199803
-389.42252389
-389.36343820
-389.26209010
-389.21174392
-389.26321400
-389.47846280
-389.46769397
-389.46990408
-389.56558671
-389.41484373
-389.61670885
-389.56680557
-389.66915547
-389.66255658
-389.56144307
-389.51132351
-389.46073887
-389.40317783
-389.25113138
-389.19516859
-389.49941757
-389.34720423
-389.32201148
-389.36333162
-389.56571454
-389.51021102
-389.35471651
-389.24728279
-389.52676317
-389.42155770
-389.31447284
-389.31364137
-389.21127645
-389.11055592
-389.10969121
-389.00185519
-388.89424812
-388.73947684
-388.93383331
-389.12016589
-389.40538181
-389.30007391
-389.54719241
-389.80564301
-390.00952627
-389.95117480
-390.21932338
-390.44042132
-390.67997845
-390.57744961
-390.47091025
-390.36402829
-390.25416817
-390.30619338
-390.25076987
-390.18826088
-390.12895738
-390.10535515
-389.94938164
-389.84238839
-389.78009975
-389.62515436
-389.61329490
-389.61100813
-389.50169182
-389.44448971
-389.33740769
-389.38616466
-389.23158242
-389.12407294
-389.01546874
-389.01173415
-388.90712087
-388.80151016
-388.94443194
-388.88762821
-388.77886568
-388.67133540
-388.61559928
-388.51001270
-388.50755971
-388.40219507
-388.29758068
-388.24376554
-388.13908679
-388.07959496
-388.06911343
-388.00797458
-387.90112042
-387.74765114
-387.64408471
-387.68469118
-387.62532824
-387.82256465
-387.76575288
-387.70545839
-387.64614538
-387.54145766
-387.63257457
-387.52749514
-387.42211534
-387.27032527
-387.16739973
-387.35308346
-387.64298790
-387.88898252
-388.08813527
-387.98448892
-387.95640760
-387.85364261
-387.75101031
-387.78934209
-387.73230952
-387.58036053
-387.51952092
-387.41559712
-387.66488052
-387.92112807
-387.81752706
-387.76134471
-387.65451747
-387.62934049
-387.52465936
-387.41893571
-387.31291946
-387.20894019
-387.15504711
-387.29234549
-387.33379818
-387.22940753
-387.17092345
-387.06883851
-386.91843390
-387.06330970
-387.20512240
-387.33413991
-387.51792488
-387.46451911
-387.60176728
-387.45164716
-387.62381846
-387.56973861
-387.46517877
-387.40611526
-387.39397786
-387.29077101
-387.14096745
-387.03537716
-386.93416479
-386.82906926
-387.02146221
-387.11523567
-387.20805283
-387.10476014
-387.09206633
-387.08206010
-387.02907233
-387.16664141
-387.06480157
-386.96429068
-386.86131745
-387.10037285
-387.03999542
-386.93626006
-386.83346581
-386.72995485
-386.67226525
-386.52370120
-386.42268666
-386.36323712
-386.26304750
-386.20880318
-386.10772616
-386.07598038
-385.97498236
-385.82842266
-385.91347019
-386.00142971
-385.90377886
-385.75778206
-385.73951193
-385.68362398
-385.58268657
-385.48467061
-385.43177091
-385.33084230
-385.23082188
-385.13225451
-385.32580921
-385.61348910
-385.80444288
-385.65775428
-385.60435560
-385.82288541
-385.96651406
-386.00529528
-385.90575315
-386.08940900
-385.94298932
-385.89016538
-386.04631120
-385.94697836
-385.80108657
-385.89183117
-385.79061613
-385.73361713
-385.63201440
-385.58157425
-385.43558800
-385.37638051
-385.27810847
-385.52371673
-385.42525561
-385.70406263
-385.55951749
-385.54295033
-385.52668517
-385.48057623
-385.34302226
-385.38289370
-385.49573125
-385.48147338
-385.38764997
-385.37863626
-385.28482389
-385.23365042
-385.17830424
-385.12750363
-385.08332596
-384.99182462
-384.85621087
-384.84158775
-384.74445795
-384.69849551
-384.60747365
-384.51270744
-384.46702267
-384.37449675
-384.23900457
-384.10300997
-384.05573001
-384.10232073
-384.16131715
-384.24869524
-384.29648214
-384.29457045
-384.38063651
-384.33553167
-384.24606174
-384.15419766
-384.10539642
-384.23721205
-384.14672249
-384.05419935
-384.14192684
-384.09468548
-384.14200809
-384.09719486
-384.11351045
-384.15803958
-384.11453972
-384.10869990
-384.02014269
-384.26579448
-384.22024062
-384.08601406
-383.95242190
-383.90920832
-383.95783134
-384.05206414
-383.96337157
-383.87289141
-383.82005774
-384.00535126
-384.19362200
-384.10086655
-384.00719626
-383.91566596
-383.91674986
-384.05421477
-384.18486655
-384.09426323
-384.04723773
-384.13813039
-384.04781661
-384.00166886
-384.14401753
-384.09156137
-384.13602944
-384.32637534
-384.54966362
-384.79043479
-384.97219185
-385.10695654
-385.28506616
-385.50774649
-385.50752019
-385.45346313
-385.44552339
-385.31034299
-385.26270598
-385.34727731
-385.25679726
-385.29884924
-385.16502539
-385.07193330
-385.07099286
-384.97842169
-385.15389053
-385.11068422
-385.29491620
-385.43795141
-385.57352479
-385.61735444
-385.61703095
-385.74596556
-385.88137050
-385.96968636
-385.95213865
-386.04270381
-386.13143214
-386.04339282
-385.99821131
-385.90792030
-386.08236227
-385.99596137
-385.97227165
-385.92910828
-385.84415611
-385.93797636
-386.12820346
-386.26311621
-386.49580975
-386.73093855
-386.93941641
-387.14365393
-387.27397745
-387.27152250
-387.22837230
-387.13749025
-387.13476858
-387.09092525
-387.00073840
-387.17313306
-387.21588005
-387.36447194
-387.50606969
-387.68404438
-387.91148200
-388.08805544
-388.32850659
-388.54019193
-388.71930833
-388.89067723
-389.07660298
-389.03037165
-389.21751345
-389.12727472
-389.03979751
-388.99050696
-389.07135042
-389.15998986
-389.02747701
-388.97959471
-388.84665525
-388.75170782
-388.88353496
-388.83032146
-388.96276635
-389.05289677
-389.00488410
-388.90887558
-388.99480139
-389.18482411
-389.30766824
-389.39023090
-389.38583155
-389.32849974
-389.27656988
-389.27576737
-389.18151047
-389.21774138
-389.19291759
-389.13992394
-389.04526298
-388.99599228
-389.13078852
-389.03455801
-388.94158046
-388.89414407
-388.84883466
-388.89169919
-388.79535050
-388.73809829
-388.68492692
-388.59088604
-388.54137691
-388.57963314
-388.57969155
-388.71136687
-388.93662829
-389.02251827
-389.12703996
-389.03522589
-388.94155482
-388.84888379
-388.97905857
-389.20933863
-389.25197774
-389.15784913
-389.15328294
-389.15384247
-389.13907184
-389.00249179
-388.98507090
-388.89197555
-388.75713090
-388.92518236
-388.83049040
-388.95413932
-389.00591517
-389.07184847
-389.19570127
-389.13893988
-389.32730156
-389.32344888
-389.27254419
-389.26028948
-389.21238785
-389.12012292
-389.06783840
-389.01475664
-388.96146946
-388.87015948
-388.77874060
-388.77839173
-388.85698831
-388.76290507
-388.74781706
-388.65368421
-388.55976065
-388.64546891
-388.64345695
-388.60193567
-388.55848512
-388.55274944
-388.55310378
-388.50635801
-388.71396419
-388.97033948
-388.97109546
-388.96914016
-389.01332946
-389.01353367
-389.14254619
-389.34115079
-389.42674935
-389.54748027
-389.68220346
-389.81265387
-389.85450739
-389.76860867
-389.85632999
-390.02970416
-390.28466439
-390.49867236
-390.65854616
-390.70274116
-390.61826426
-390.53466264
-390.44853802
-390.44855692
-390.52983286
-390.56956239
-390.60906704
-390.73411568
-390.87523524
-390.95929694
-391.08508831
-391.11926163
-390.99217874
-390.98716284
-391.02862344
-390.98330790
-391.06496561
-391.02384011
-390.97819648
-390.89268967
-390.76595473
-390.76667738
-390.76775180
-390.81051615
-390.72502909
-390.63880282
-390.58940804
-390.72462053
-390.63827062
-390.81771640
-391.04802492
-390.91908216
-391.16871767
-391.43072412
-391.30377464
-391.21794341
-391.17338057
-391.36600076
-391.58566265
-391.45743092
-391.62186213
-391.83798973
-392.08429312
-392.29015130
-392.50304309
-392.71852428
-392.95228517
-392.82196158
-392.81651835
-392.84795706
-392.97581664
-392.96962103
-392.84393514
-392.79244469
-392.95334493
-393.12105398
-393.33301125
-393.54296685
-393.52585381
-393.55115481
-393.70531910
-393.81837166
-393.77442920
-393.81252308
-393.90917492
-393.85901265
-393.80320932
-393.93793581
-394.01430004
-393.92395890
-394.05284309
-394.00840535
-393.91878636
-393.82492468
-393.73196702
-393.59983333
-393.59139883
-393.53669334
-393.40486433
-393.40014628
-393.34564351
-393.38111615
-393.28869500
-393.23481852
-393.14276180
-393.29936980
-393.20872721
-393.11526523
-393.02415193
-392.93495968
-392.88017231
-392.78930286
-392.74374224
-392.65059165
-392.55790292
-392.50669016
-392.41858388
-392.32733957
-392.52680286
-392.51251757
-392.66951273
-392.87064859
-392.81695181
-392.93663182
-392.84870365
-392.92403375
-393.09132870
-393.34905826
-393.63380565
-393.80066768
-393.71172718
-393.62087825
-393.63211235
-393.61857684
-393.53140714
-393.44445285
-393.39132964
-393.36502844
-393.40017777
-393.44925234
-393.69993799
-393.90381073
-393.97696169
-394.13866749
-394.38131281
-394.58031087
-394.74277484
-394.90541486
-395.06534470
-395.06005299
-394.97084335
-395.00748181
-394.96198570
-394.91731225
-395.02832510
-395.18655953
-395.26276686
-395.27904195
-395.35170295
-395.46200250
-395.49827201
-395.57082063
-395.56245095
-395.59507231
-395.79154762
-395.95107907
-396.06432842
-395.97436530
-396.12997257
-396.04270450
-396.03827823
-395.98364183
-395.85461906
-395.76399895
-395.71431727
-395.65861237
-395.65166462
-395.60429396
-395.47623434
-395.40758051
-395.38108330
-395.29422533
-395.27396873
-395.18753274
-395.13500404
-395.04514086
-394.99085941
-394.86284215
-394.80752534
-394.79430946
-394.80161978
-394.74973817
-394.70418697
-394.82233500
-394.77526786
-394.79607611
-394.66929484
-394.58034815
-394.56141506
-394.43621845
-394.35044931
-394.22469831
-394.13885359
-394.05449746
-394.19250025
-394.18791475
-394.13265110
-394.04359714
-394.08237724
-394.06934709
-394.24500913
-394.36759847
-394.56244924
-394.47444671
-394.38616983
-394.34160142
-394.28983648
-394.24282468
-394.15404761
-394.10497934
-394.10036923
-394.23196345
-394.30908641
-394.42212811
-394.60117681
-394.76506307
-394.96822637
-395.16878833
-395.32943665
-395.40483916
-395.36086321
-395.31078929
-395.30488316
-395.22168765
-395.37771452
-395.49646156
-395.49274002
-395.65001277
-395.72627759
-395.87701188
-396.10132922
-396.30797530
-396.55033287
-396.79407559
-396.98293137
-397.14151302
-397.30551990
-397.45165020
-397.60552904
-397.71401106
-397.86907158
-398.03527592
-398.20091239
-398.40158140
-398.60766737
-398.72413296
-398.64257195
-398.52143399
-398.47234216
-398.54897375
-398.46397718
-398.37925272
-398.52782610
-398.44533797
-398.36465518
-398.31451642
-398.27265857
-398.30874893
-398.46874216
-398.59325667
-398.58848747
-398.54152620
-398.45814104
-398.37308428
-398.52361643
-398.47665472
-398.51340733
-398.46214898
-398.37664389
-398.48940263
-398.63962553
-398.55629712
-398.47286583
-398.38730288
-398.30348129
-398.49687982
-398.63260776
-398.79852167
-398.91965478
-399.03188016
-399.13917440
-399.01732132
-398.97502579
-398.89051151
-399.07386359
-399.18691382
-399.24177621
-399.23806120
-399.23483067
-399.11585328
-399.06570955
-398.98266896
-398.97592782
-398.93088435
-398.99408210
-399.02899551
-398.94813222
-398.90245451
-398.85468292
-398.82044704
-398.77116052
-398.80625412
-398.68486683
-398.90876863
-399.10066572
-399.32709295
-399.55986139
-399.55500381
-399.55050651
-399.46765129
-399.54138315
-399.66637542
-399.77301346
-399.69318907
-399.64379365
-399.71649832
-399.63256999
-399.73884945
-399.65560796
-399.57260804
-399.56698915
-399.48265835
-399.43710620
-399.35581178
-399.27296423
-399.15347973
-399.10555870
-399.02389653
-398.94222872
-399.10953926
-399.27139501
-399.26653016
-399.18355192
-399.13469194
-399.08874241
-399.00636478
-398.99443768
-398.97929537
-398.89549847
-398.81087964
-398.76464301
-399.00141063
-399.15101476
-399.06580251
-399.03618589
-398.95001589
-399.01026925
-398.96405685
-398.91936178
-398.87651983
-398.94742194
-398.89734249
-398.77684444
-398.80921988
-398.75643415
-398.67382256
-398.59144557
-398.54192446
-398.68902853
-398.72170625
-398.82593580
-398.74296493
-398.98261466
-399.05196597
-399.04180134
-398.96060698
-398.95642556
-398.91579553
-398.91374752
-398.83202181
-398.75266925
-398.71235207
-398.74181274
-398.73488453
-398.77005702
-398.83683198
-398.75771014
-398.64082138
-398.59971509
-398.55396737
-398.47765597
-398.55698842
-398.47722869
-398.47125395
-398.39384659
-398.35737962
-398.54646687
-398.71237948
-398.82431394
-398.71059169
-398.59730820
-398.57443685
-398.49748394
-398.68713695
-398.64934952
-398.56968648
-398.48949359
-398.48918828
-398.48477852
-398.56808664
-398.72017155
-398.79510285
-398.86084968
-398.81855620
-399.00408891
-398.92752821
-398.88063972
-398.83759731
-398.83149093
-398.78851116
-398.74012617
-398.66185378
-398.58713497
-398.51028538
-398.43163201
-398.39180173
-398.38869400
-398.50138359
-398.60977307
-398.69938112
-398.62069322
-398.65552648
-398.70489770
-398.74060596
-398.76077415
-398.72001645
-398.64059586
-398.60090004
-398.63682276
-398.70610037
-398.77851205
-398.92645317
-398.99924142
-398.92137402
-399.03559309
-399.13283570
-399.16774632
-399.09242392
-399.20094433
-399.12212511
-399.11902007
-399.08111194
-399.04328723
-399.15316288
-399.26369061
-399.22888887
-399.33920364
-399.49002108
-399.66575677
-399.77635066
-399.90778973
-400.01873911
-400.19741910
-400.30641179
-400.37786589
-400.41857528
-400.48914638
-400.41365189
-400.33778893
-400.44541491
-400.45861279
-400.63934911
-400.83637531
-400.98689378
-400.95556773
-400.87811667
-400.80213727
-400.72417961
-400.64649261
-400.75430770
-400.64000668
-400.70985870
-400.69954719
-400.72801793
-400.68626388
-400.64665148
-400.75324478
-400.86743491
-400.86493130
-400.89938003
-401.01140140
-401.08049785
-401.04163047
-401.03674530
-400.96156744
-400.88676205
-400.84313646
-400.91353894
-400.97281656
-400.97150668
-401.11078756
-401.25052753
-401.35856647
-401.28118577
-401.31684941
-401.23830205
-401.19367665
-401.14755180
-401.03474273
-401.21507823
-401.43813849
-401.61141734
-401.56407593
-401.52107706
-401.51847524
-401.61917182
-401.72700280
-401.68775647
-401.66732547
-401.62144913
-401.77152790
-401.91088131
-402.11639210
-402.29969481
-402.26890005
-402.22235799
-402.36688449
-402.28874160
-402.24547726
-402.41821612
-402.45110449
-402.37190646
-402.29039136
-402.20826360
-402.16150144
-402.15261715
-402.07422782
-402.06210261
-401.97820800
-401.86155351
-401.85639228
-401.98466412
-401.94280943
-401.93730724
-401.89113280
-401.95886443
-402.01749611
-401.93572766
-401.85383004
-401.97358923
-402.15617000
-402.37158453
-402.55868595
-402.77162387
-403.02491801
-403.23473679
-403.36778428
-403.28968818
-403.17927928
-403.09585987
-403.01879209
-402.90618541
-402.83120123
-402.93265030
-402.98119549
-403.01609936
-403.04217085
-403.07501738
-403.14069130
-403.17248872
-403.25308881
-403.35703485
-403.39267468
-403.45823759
-403.45562056
-403.55997483
-403.73267334
-403.62230601
-403.58381112
-403.66452570
-403.76032179
-403.89903727
-403.96496138
-403.88851074
-403.99642860
-404.06555011
-404.20771771
-404.35951030
-404.52924295
-404.67008619
-404.84160912
-404.94415571
-404.99193694
-404.91387966
-404.83714541
-404.72499037
-404.60970412
-404.52979566
-404.48187032
-404.43318825
-404.55065104
-404.43741655
-404.57275611
-404.49398810
-404.41492552
-404.40775241
-404.50805619
-404.46955896
-404.49796940
-404.59476029
-404.71798119
-404.81622661
-404.77518148
-404.86877900
-405.01581473
-405.14036909
-405.30799475
-405.33829350
-405.47006003
-405.56858105
-405.56996806
-405.70374682
-405.80566417
-405.87047349
-405.97365760
-406.00486218
-405.99714094
-405.95049700
-405.90671686
-405.82749226
-405.95667410
-405.95317897
-405.91243089
-405.83588075
-405.93518237
-405.88974545
-405.91428570
-405.94020303
-405.96119514
-405.98576548
-405.90947181
-405.83101623
-405.82478047
-405.74888807
-405.67234266
-405.62710433
-405.61378069
-405.53410289
-405.45603933
-405.34465996
-405.43098255
-405.35435917
-405.27913267
-405.33245812
-405.51026763
-405.60621056
-405.56733063
-405.56152787
-405.48418258
-405.76979376
-405.68986335
-405.61327278
-405.53660032
-405.42561669
-405.34567173
-405.30416696
-405.36868503
-405.32450374
-405.31524140
-405.30498957
-405.22629667
-405.14958164
-405.10166143
-405.02244239
-405.04760551
-404.96924200
-404.89321476
-404.92165691
-404.84430488
-404.76868623
-404.65776616
-404.60999769
-404.56409425
-404.48646311
-404.40979969
-404.40389298
-404.32650491
-404.24869851
-404.20516505
-404.16081838
-404.08361472
-404.03996944
-403.96306586
-403.95375830
-403.87650613
-403.79808261
-403.82357132
-403.74529096
-403.72691081
-403.65104038
-403.60700927
-403.52965528
-403.51805961
-403.49556862
-403.41590731
-403.33817034
-403.29206376
-403.21363794
-403.17125194
-403.09220437
-403.01402153
-402.96859748
-402.89238750
-402.81683351
-402.98161164
-403.00696097
-402.89760067
-402.85605082
-402.99730389
-403.10766323
-403.10015404
-403.05451078
-402.97786100
-402.86940912
-402.86398971
-402.88640860
-402.94539565
-403.03967248
-403.10743416
-403.31384994
-403.45175559
-403.47996115
-403.57747886
-403.75821745
-403.96913255
-404.15874984
-404.18713419
-404.30155035
-404.22843875
-404.15595497
-404.08270968
-404.08005289
-404.00323656
-403.95984916
-403.94311106
-403.86994950
-403.82771855
-403.91490073
-404.07639523
-404.24553128
-404.41237046
-404.54782421
-404.61075366
-404.60327259
-404.53163167
-404.50334441
-404.42991272
-404.35677202
-404.31166837
-404.23931431
-404.16833452
-404.09643303
-404.02402819
-403.94958796
-403.91272532
-404.09573489
-404.29385459
-404.39158045
-404.55262543
-404.54841982
-404.58168507
-404.57044856
-404.62453544
-404.75378138
-404.74578263
-404.74095254
-404.77089705
-404.73089582
-404.65768060
-404.69766651
-404.85908804
-404.98485009
-405.08123717
-405.17594337
-405.15756168
-405.04777238
-405.00267883
-404.92594384
-404.84998331
-404.77320425
-404.80217406
-404.69674786
-404.59115362
-404.55041870
-404.71328690
-404.89104131
-404.88120562
-404.84139630
-404.76679333
-404.69366639
-404.68867372
-404.73458366
-404.89924568
-405.06249371
-405.22791757
-405.28690185
-405.40842922
-405.47809188
-405.47304073
-405.50180391
-405.42698042
-405.48893977
-405.44845194
-405.37015050
-405.29549059
-405.32292764
-405.24804924
-405.34041684
-405.40519690
-405.48295937
-405.64898585
-405.79289149
-405.82653257
-405.91943513
-405.84333592
-406.03388257
-406.22494028
-406.25578477
-406.46425984
-406.61547969
-406.77096047
-406.96821757
-407.17045162
-407.22842119
-407.28421196
-407.26564337
-407.18900931
-407.27925601
-407.41102664
-407.55124308
-407.53360133
-407.62487315
-407.54685437
-407.52951659
-407.45432946
-407.34542685
-407.27033177
-407.19348857
-407.11641485
-407.00767104
-406.89939104
-406.88098381
-407.05523219
-407.20932814
-407.37277175
-407.37295890
-407.50271014
-407.66766223
-407.64577165
-407.73731350
-407.66355823
-407.72917918
-407.86235919
-407.96756032
-407.86385594
-407.92554856
-408.02136300
-408.14945733
-408.14961248
-408.36743650
-408.58231677
-408.82002566
-409.05634981
-409.26154484
-409.50408035
-409.73552117
-409.92904163
-410.09138380
-410.05005422
-410.07179000
-410.02840599
-409.92539388
-409.85277076
-409.81593424
-409.77924576
-409.80670840
-409.79697054
-409.80851102
-409.86995031
-409.96200087
-410.09454543
-410.21976692
-410.28155538
-410.34049610
-410.26847153
-410.19473033
-410.12238983
-410.05140329
-410.24237969
-410.40469450
-410.36314213
-410.29202349
-410.25248551
-410.27489606
-410.27010435
-410.33299095
-410.32645620
-410.25341022
-410.18013019
-410.10707133
-410.03730286
-410.06639871
-409.99541778
-409.89220384
-409.82013444
-409.99894839
-409.97610569
-409.90318173
-410.10080440
-410.19624176
-410.28375765
-410.18047659
-410.11003314
-410.19191124
-410.34786598
-410.44305024
-410.53438700
-410.62657695
-410.58218039
-410.56792094
-410.52518414
-410.42102936
-410.55522956
-410.48013763
-410.47033060
-410.62842313
-410.61987867
-410.59874532
-410.61867190
-410.54342094
-410.49463518
-410.41905366
-410.34416312
-410.46915724
-410.59504556
-410.71753621
-410.83681979
-410.89001917
-410.81466369
-410.73943407
-410.89533031
-410.85105367
-410.80268870
-410.76003435
-410.88176859
-410.80505509
-410.73045747
-410.65581445
-410.60935350
-410.66386160
-410.58679957
-410.54205531
-410.52142753
-410.50477541
-410.43391762
-410.35761881
-410.28394147
-410.17731146
-410.10434320
-410.02925614
-410.01484525
-409.99736110
-409.97892400
-409.87252768
-409.79628967
-409.75246722
-409.68044414
-409.57424142
-409.49979519
-409.42492980
-409.38323814
-409.30955291
-409.26332100
-409.21778356
-409.18097006
-409.17453251
-409.09954134
-409.05464705
-409.01420233
-408.97290419
-408.86750590
-408.79559349
-408.72636443
-408.65749273
-408.75009206
-408.75479385
-408.78701822
-408.87705458
-408.95848114
-408.98387659
-409.01103392
-409.13157516
-409.25018663
-409.38013837
-409.56533794
-409.69292668
-409.68946139
-409.68330505
-409.64143766
-409.69496257
-409.68628361
-409.74556994
-409.70632772
-409.80189587
-409.91448929
-410.03801024
-409.93348918
-409.85984119
-409.83857922
-409.83071380
-409.75622840
-409.68160518
-409.63969984
-409.59629420
-409.55101651
-409.47794485
-409.43189319
-409.42374303
-409.35210222
-409.33112343
-409.28816817
-409.41212987
-409.56971391
-409.66360329
-409.67994082
-409.60855286
-409.53524676
-409.49330661
-409.41897437
-409.56072496
-409.51824078
-409.47484675
-409.53152647
-409.71066816
-409.86352289
-409.79111561
-409.90043376
-409.85536798
-409.78131614
-409.70878620
-409.63634063
-409.59003647
-409.48694834
-409.41386438
-409.34216654
-409.26950139
-409.19859400
-409.35172863
-409.50178266
-409.42982115
-409.35974639
-409.26090280
-409.24997791
-409.21273244
-409.14513606
-409.13778443
-409.06960912
-409.03230756
-408.96458480
-408.86713230
-408.76971172
-408.76286659
-408.75716883
-408.69055638
-408.70946463
-408.64236561
-408.73273493
-408.92114490
-409.11169225
-409.23657812
-409.42155814
-409.60724170
-409.73999948
-409.86412687
-409.95310262
-410.06740496
-410.09186148
-410.05583550
-410.01639359
-409.94923093
-409.87944154
-409.84009932
-409.86415869
-409.90543492
-409.96180145
-409.98238643
-409.97916927
-409.96573913
-409.92853806
-409.89122347
-409.82414892
-409.75455476
-409.65691311
-409.61601083
-409.60460228
-409.53460579
-409.49425934
-409.45588576
-409.35461489
-409.34579238
-409.27750209
-409.20918774
-409.32798260
-409.43052537
-409.57762504
-409.69155554
-409.83758381
-409.97485752
-410.02757883
-409.95979277
-409.95348819
-410.05916967
-410.07791367
-410.13620490
-410.24033867
-410.24230883
-410.26513134
-410.22687321
-410.15889980
-410.08932025
-410.11448351
-410.19681722
-410.26315201
-410.25453262
-410.35351848
-410.28626912
-410.21984193
-410.15263631
-410.23322849
-410.25245749
-410.21598481
-410.21025932
-410.11439020
-410.21798442
-410.40736374
-410.62182568
-410.83695217
-411.05551808
-411.23823259
-411.35350539
-411.40743866
-411.42078036
-411.47358263
-411.48720329
-411.45067321
-411.53422537
-411.61984888
-411.64435797
-411.60336323
-411.62627685
-411.77140199
-411.91709443
-412.08897717
-412.20918507
-412.36390525
-412.51021957
-412.66341790
-412.81426973
-412.80506340
-412.73769976
-412.69520686
-412.62606264
-412.55841985
-412.52124499
-412.45335129
-412.38563042
-412.34634804
-412.28059019
-412.24638857
-412.32240674
-412.34632092
-412.49356175
-412.64229279
-412.81590486
-412.93192937
-413.03919797
-413.12238689
-413.11387658
-413.10475020
-413.03875747
-412.94317550
-412.87612912
-412.80899287
-412.77107291
-412.70275361
-412.63551509
-412.56897271
-412.47226503
-412.55155122
-412.67496450
-412.60763458
-412.70202698
-412.82176384
-412.93128337
-412.95399923
-412.85846997
-412.76375014
-412.72892101
-412.75168826
-412.82941963
-412.81991084
-412.78319773
-412.80288635
-412.79688666
-412.81947080
-412.78188991
-412.86299942
-412.85706961
-412.87247213
-412.83389246
-412.76564374
-412.78411199
-412.71631461
-412.64809344
-412.60495307
-412.53721452
-412.49814515
-412.45936048
-412.50748084
-412.65391536
-412.67954385
-412.72583401
-412.75080988
-412.81186504
-412.92659784
-413.07427931
-413.18900017
-413.27090613
-413.37734621
-413.46128094
-413.60364807
-413.75563699
-413.90672733
-414.05490279
-414.20558701
-414.35586599
-414.52744008
-414.67225298
-414.81844240
-414.94534465
-415.09491658
-415.26583108
-415.41615031
-415.50135844
-415.61609335
-415.70417177
-415.63864917
-415.59888413
-415.64240371
-415.75615330
-415.90338391
-416.02442008
-416.21856316
-416.37398330
-416.45541321
-416.47825560
-416.52485213
-416.48707559
-416.53926817
-416.55529081
-416.63586177
-416.62542376
-416.58837286
-416.61918053
-416.70035563
-416.66388051
-416.59671003
-416.64656257
-416.72556938
-416.68943212
-416.68296846
-416.61638300
-416.60686348
-416.54061281
-416.47628125
-416.44024072
-416.37648871
-416.31095176
-416.27476214
-416.20961891
-416.14215171
-416.07605690
-416.12655990
-416.20690360
-416.14331701
-416.13111571
-416.15213559
-416.08697556
-416.02046223
-415.98209242
-415.91746858
-415.87972900
-415.78451313
-415.74446574
-415.70406068
-415.63944025
-415.57600383
-415.53642921
-415.49778826
-415.46281005
-415.49082545
-415.55121072
-415.63434328
-415.76962456
-415.77310297
-415.77187841
-415.73569449
-415.69860592
-415.66171826
-415.62764388
-415.72674968
-415.89182792
-416.03471426
-416.12022039
-416.19938075
-416.10617097
-416.04082354
-415.94749912
-415.90679462
-415.83805433
-415.79510558
-415.72432323
-415.65447935
-415.61005791
-415.53993663
-415.47005935
-415.40060969
-415.33027799
-415.26048475
-415.19028007
-415.33397877
-415.31549634
-415.36551249
-415.29569654
-415.25225649
-415.20933427
-415.28297184
-415.24285873
-415.17345762
-415.10402786
-415.03469529
-414.96628666
-415.04210271
-415.11656301
-415.05217992
-414.98725783
-414.92123752
-414.87964532
-414.83989822
-414.83206079
-414.81924058
-414.81302808
-414.86170944
-414.90915810
-414.97130855
-414.93007439
-414.90984482
-414.81569345
-414.74831527
-414.70734831
-414.66668527
-414.59721694
-414.58074191
-414.53852170
-414.44128943
-414.37188345
-414.30318757
-414.26692563
-414.17437912
-414.08175260
-414.03928965
-413.97327124
-413.90937669
-413.95452446
-413.97424828
-413.93704522
-413.93636101
-413.92695054
-413.91947829
-413.99910648
-414.04878370
-414.12755620
-414.18768296
-414.15170705
-414.08721026
-414.16664289
-414.32097973
-414.37083273
-414.30361206
-414.26408860
-414.20112446
-414.18764084
-414.12454490
-414.03392153
-413.99368045
-413.98588609
-413.92002848
-413.85662482
-413.79228136
-413.78468460
-413.77871092
-413.79961206
-413.84946599
-413.92762363
-414.00779128
-414.09276130
-414.17064566
-414.16282293
-414.09918270
-414.06235765
-414.04980094
-413.98557307
-413.94667421
-413.90735657
-413.97929701
-413.96789390
-413.90495918
-413.81519172
-413.80922371
-413.88409379
-413.98623790
-414.11809292
-414.25247090
-414.27885810
-414.37949867
-414.37397399
-414.45290984
-414.52301270
-414.60730287
-414.71476560
-414.82191026
-414.89892032
-414.83427986
-414.83809710
-414.77455837
-414.71227019
-414.64998890
-414.55968526
-414.49665898
-414.43345712
-414.39889641
-414.47596689
-414.51609434
-414.51271597
-414.44943617
-414.43294166
-414.42048716
-414.33061341
-414.29261737
-414.20330321
-414.19230317
-414.15266242
-414.11276384
-414.05015973
-414.01456989
-413.95175948
-413.97265524
-413.91041644
-413.86639298
-413.79800446
-413.90443837
-414.04277038
-414.17772700
-414.34704813
-414.49849304
-414.62926788
-414.73609666
-414.78457335
-414.82249520
-414.78834796
-414.74400406
-414.67676443
-414.58198337
-414.48708834
-414.41828686
-414.50374806
-414.43704353
-414.51433567
-414.44943265
-414.38250774
-414.33867434
-414.24500252
-414.20871695
-414.14620276
-414.07986057
-413.98573784
-413.91891306
-413.85285369
-413.81136838
-413.72193069
-413.67894512
-413.63705804
-413.57169298
-413.48221684
-413.41950914
-413.44324683
-413.42436543
-413.53393005
-413.62603995
-413.76291714
-413.89851158
-413.97746022
-413.99589233
-413.96078470
-413.93469971
-413.87163956
-413.78158465
-413.69192587
-413.65600789
-413.59292115
-413.52849974
-413.65357438
-413.75146297
-413.85318203
-413.87221855
-413.94748195
-413.88430623
-413.87331484
-413.80818696
-413.74376196
-413.72485985
-413.66295981
-413.59764877
-413.50585396
-413.44139482
-413.37654341
-413.31233813
-413.27471411
-413.18200994
-413.08951470
-413.04873154
-413.00736368
-412.94261816
-412.90391880
-412.88507842
-412.96157727
-413.11346420
-413.16528472
-413.12827022
-413.06449526
-413.00001198
-412.96053614
-412.86985071
-412.83094993
-412.79586027
-412.73100762
-412.69081159
-412.62666703
-412.70022701
-412.63600719
-412.62390397
-412.55798625
-412.49379905
-412.42904193
-412.36457495
-412.30109015
-412.23705983
-412.17359711
-412.15887447
-412.09427183
-412.02985460
-411.98965502
-411.92622903
-411.86172809
-411.79859320
-411.73406042
-411.69588978
-411.68708539
-411.80557447
-411.99288022
-412.13429944
-412.27829070
-412.43592092
-412.51180199
-412.44647656
-412.38068689
-412.31638131
-412.27612985
-412.29366602
-412.36575476
-412.32468376
-412.25924846
-412.19500467
-412.21516012
-412.12375861
-412.05986193
-412.19048795
-412.20602509
-412.22257203
-412.13358200
-412.07167188
-412.09173637
-412.08110369
-412.04848248
-412.04101615
-411.97956462
-412.11161984
-412.23938925
-412.37388711
-412.41566915
-412.40507218
-412.40182774
-412.38990047
-412.32704025
-412.42554533
-412.33589618
-412.30022232
-412.21172406
-412.12316044
-412.06168822
-412.00085436
-411.94020919
-411.90605970
-411.84556749
-411.95287382
-411.89204570
-411.80414848
-411.74383308
-411.84676415
-411.92233422
-411.85956869
-412.06280345
-412.22637580
-412.33731927
-412.46253286
-412.60921370
-412.68080975
-412.64648318
-412.62637282
-412.56591277
-412.50400198
-412.46853238
-412.40809224
-412.37043267
-412.33298367
-412.27350859
-412.26184115
-412.17360047
-412.16789397
-412.11877756
-412.10984795
-412.07685280
-412.10240224
-412.04647167
-412.12569426
-412.28558418
-412.41472898
-412.45930037
-412.42309284
-412.57639931
-412.68116804
-412.64571706
-412.55932388
-412.49709435
-412.46369175
-412.42699163
-412.33884952
-412.27634580
-412.21440381
-412.37758499
-412.52871687
-412.44006270
-412.34983033
-412.31546889
-412.44896655
-412.35868772
-412.33745816
-412.44480608
-412.40773429
-412.34550640
-412.47845619
-412.47129573
-412.38346394
-412.32176476
-412.26027562
-412.19814910
-412.16296007
-412.10055661
-412.03973258
-411.97884161
-411.91836318
-411.91070416
-411.87530446
-411.81541838
-411.94167327
-412.06430417
-412.00561421
-411.94640302
-411.86184873
-411.80178987
-411.74214294
-411.68228434
-411.71136102
-411.82442245
-411.94088325
-412.01546758
-412.17162965
-412.33273722
-412.48705820
-412.61628726
-412.74786925
-412.88269575
-413.02402270
-413.18553443
-413.30979666
-413.38422751
-413.48438333
-413.56561084
-413.55900285
-413.65225605
-413.70057162
-413.71988242
-413.66153331
-413.60215901
-413.51822340
-413.43430323
-413.45415966
-413.39572097
-413.36079681
-413.30143720
-413.24323176
-413.20888375
-413.14960116
-413.09021462
-413.03033226
-413.05139941
-413.09942150
-413.16982752
-413.13457402
-413.09829310
-413.17121061
-413.13433136
-413.07502305
-413.01655777
-412.98226474
-412.92255632
-412.88551616
-412.87234758
-412.80844718
-412.88159460
-412.89698762
-412.83429806
-412.79399927
-412.70496140
-412.66688798
-412.60274239
-412.56321455
-412.55588197
-412.49272305
-412.45520933
-412.39267694
-412.41171719
-412.40371230
-412.34167064
-412.44671921
-412.60476175
-412.59072579
-412.52873677
-412.51427506
-412.45198622
-412.41320621
-412.37511134
-412.47091802
-412.40917087
-412.34746633
-412.28564495
-412.22372805
-412.20443017
-412.14730013
-412.06386808
-412.05164526
-411.98888846
-411.94960910
-411.91666159
-411.96333110
-412.02403063
-412.01418669
-411.95082153
-411.88772836
-411.80123706
-411.73968412
-411.67757335
-411.61557324
-411.57948982
-411.54345360
-411.64592578
-411.58515068
-411.54937198
-411.51140904
-411.45136563
-411.61148172
-411.75049678
-411.66368474
-411.60162958
-411.56250630
-411.49984914
-411.51813860
-411.56287453
-411.52956955
-411.49205459
-411.46825789
-411.38558842
-411.32364072
-411.28668834
-411.25406803
-411.22030049
-411.13321861
-411.07126314
-411.03178026
-411.04946263
-410.98872447
-410.90240767
-410.81634377
-410.73025572
-410.67203397
-410.61367077
-410.76322517
-410.78402940
-410.80282636
-410.84668543
-410.78538272
-410.75196634
-410.69165550
-410.63139513
-410.57127711
-410.72700937
-410.82322466
-410.73665533
-410.86378346
-411.00572124
-411.02618168
-410.96562551
-410.90312242
-410.84174292
-410.78103830
-410.74387216
-410.84594800
-411.00025842
-411.11065943
-411.20723346
-411.30803265
-411.33976037
-411.38399931
-411.34718363
-411.33662172
-411.30235025
-411.34611857
-411.31100867
-411.38362903
-411.37162326
-411.28535590
-411.22450957
-411.16384570
-411.10216390
-411.04051911
-411.00139119
-410.96253496
-410.98175415
-411.08372881
-411.20355230
-411.35625431
-411.50287832
-411.57906073
-411.73203935
-411.83646113
-411.90853585
-411.84648612
-411.80731574
-411.74659494
-411.68384083
-411.64935998
-411.58755803
-411.52594723
-411.46721086
-411.41083562
-411.40150287
-411.38835218
-411.45543323
-411.52539620
-411.59659240
-411.68859657
-411.68270077
-411.70269745
-411.67158398
-411.69106384
-411.65831262
-411.70531941
-411.69023546
-411.68471707
-411.67243939
-411.64973774
-411.72196189
-411.66533691
-411.63329543
-411.57623836
-411.56831205
-411.68836275
-411.68462352
-411.62881954
-411.59743187
-411.51729246
-411.53329452
-411.57907911
-411.59589184
-411.59069578
-411.50967266
-411.50514617
-411.63046045
-411.67439705
-411.59125442
-411.71854717
-411.84171974
-411.99383913
-411.93240647
-411.87174908
-411.94446530
-411.88481806
-411.95819638
-411.89820452
-411.88775107
-411.80260311
-411.76654044
-411.75809452
-411.85056977
-411.76864891
-411.73549399
-411.67789397
-411.61875788
-411.66447401
-411.63257871
-411.59639219
-411.71792364
-411.65792258
-411.59929926
-411.54072621
-411.48275594
-411.42513053
-411.36747839
-411.37050299
-411.31198779
-411.34931411
-411.31565509
-411.28262699
-411.24982550
-411.31619674
-411.46325207
-411.48394585
-411.44827358
-411.43968891
-411.45914897
-411.53568451
-411.53189571
-411.60457836
-411.59818359
-411.54117894
-411.50919490
-411.47516639
-411.44014836
-411.38408192
-411.32700345
-411.26958059
-411.18708123
-411.13121276
-411.07446979
-411.03836580
-411.05351680
-411.14709696
-411.22781050
-411.30573393
-411.37744354
-411.51741562
-411.58777167
-411.63135592
-411.69962356
-411.76775362
-411.87606548
-411.99492570
-412.08383279
-412.09830174
-412.06279252
-412.03160999
-411.97335074
-411.94560214
-411.93614764
-411.87751331
-411.82249788
-411.86850247
-411.83717751
-411.75801129
-411.74564253
-411.76543560
-411.76112993
-411.86088754
-411.82814411
-411.81735348
-411.86498015
-411.99378447
-411.93893574
-411.88617570
-411.93260919
-411.87771053
-411.82238035
-411.76750701
-411.78775849
-411.75749076
-411.67862813
-411.62265813
-411.66892853
-411.77519617
-411.90418008
-412.08433678
-412.23536935
-412.30735398
-412.40541758
-412.52545278
-412.64596013
-412.76693834
-412.76192630
-412.68278390
-412.64813013
-412.59327074
-412.51329771
-412.48330444
-412.42814145
-412.44214012
-412.38596731
-412.36528071
-412.30765652
-412.27482891
-412.23710439
-412.33095179
-412.24798362
-412.36924465
-412.31472210
-412.23171518
-412.19630287
-412.13804576
-412.05466997
-411.99488004
-411.91166780
-411.85269599
-411.79450570
-411.93040883
-412.02712855
-411.99194553
-411.93267516
-412.02528582
-411.99064455
-411.90771321
-411.97673633
-411.91792540
-412.01403027
-412.13554053
-412.20264894
-412.29629046
-412.38793316
-412.51212499
-412.65204862
-412.69682129
-412.65615214
-412.78711277
-412.70448716
-412.82529254
-412.84140146
-412.86339536
-412.85718370
-412.79999790
-412.74181536
-412.68399530
-412.65150761
-412.61366474
-412.53224443
-412.49747374
-412.54155383
-412.64548510
-412.58911609
-412.53203791
-412.49657596
-412.46543894
-412.43116603
-412.35084974
-412.29462987
-412.23794712
-412.18227017
-412.14808543
-412.11446288
-412.05861810
-412.00293042
-411.96856040
-411.91199460
-411.87875824
-411.84552169
-411.81254584
-411.78049483
-411.72262357
-411.74208139
-411.68455142
-411.65173158
-411.71899072
-411.73789461
-411.69002480
-411.78924599
-411.89411368
-411.95895635
-412.00219033
-411.97062656
-411.91396273
-411.85587463
-411.79779714
-411.76157305
-411.75466452
