-7.20131207
-7.23109198
-7.28111839
-8.05671310
-8.43122101
-9.30409431
-10.33151913
-9.79501152
-11.09571552
-11.32081127
-13.37934303
-14.81789207
-16.30546570
-15.36843872
-17.76898384
-19.23445129
-18.66445541
-20.83478546
-20.36756134
-23.17953110
-23.24473763
-24.43007660
-25.32167053
-26.47562027
-28.96087265
-29.30392456
-33.71134186
-32.80775452
-35.40649796
-34.88749695
-38.69787598
-39.00088120
-41.26445389
-45.26150894
-41.67819977
-42.48612213
-45.26725006
-47.17626953
-50.77450562
-53.02112198
-57.12166595
-56.27547455
-59.25015259
-61.19619751
-60.03035736
-61.51049042
-61.59278870
-64.54394531
-66.65556335
-67.34645844
-66.12327576
-69.28276062
-72.99824524
-72.68373108
-72.79324341
-75.09022522
-76.72334290
-75.87792969
-73.31958771
-78.66631317
-81.97650909
-83.06764984
-88.99772644
-85.46202850
-85.02644348
-88.57568359
-95.24697876
-90.51890564
-92.95470428
-99.81133270
-99.47738647
-97.58279419
-103.13442993
-102.16081238
-99.69722748
-101.76741791
-105.48931122
-103.49873352
-109.03613281
-112.17955780
-111.80661011
-115.93927002
-116.68585968
-113.91171265
-106.29319000
-112.34471130
-108.53613281
-108.97508240
-111.34216309
-110.67488098
-120.51139069
-110.63290405
-121.23501587
-121.49549103
-128.83624268
-128.03221130
-134.94496155
-125.01130676
-126.96397400
-135.80445862
-132.49302673
-138.64263916
-134.02999878
-138.89036560
-139.70698547
-143.59001160
-145.65002441
-146.22547913
-137.49215698
-147.04196167
-145.08209229
-144.31167603
-143.39825439
-148.56869507
-150.07376099
-148.30282593
-153.16485596
-155.93789673
-153.62280273
-159.48222351
-158.33105469
-154.26416016
-155.38818359
-150.92987061
-156.67668152
-156.69410706
-161.23721313
-164.54519653
-166.51132202
-163.47904968
-159.75225830
-167.64041138
-172.85882568
-172.93637085
-164.32885742
-162.61550903
-165.83782959
-176.78712463
-169.91529846
-168.75512695
-177.95632935
-172.28619385
-178.89979553
-182.10375977
-176.24865723
-183.32489014
-180.33361816
-181.99133301
-173.81010437
-183.28773499
-170.65388489
-172.13528442
-163.86201477
-168.96490479
-173.60968018
-190.86264038
-178.61230469
-176.95388794
-185.38323975
-184.92204285
-182.41891479
-186.74264526
-187.45822144
-199.04730225
-201.81954956
-196.78157043
-193.49798584
-192.90115356
-200.54434204
-213.40376282
-218.56726074
-223.95013428
-218.59410095
-215.54539490
-221.98951721
-214.22116089
-208.01702881
-216.39056396
-203.80758667
-204.78265381
-199.39138794
-217.47503662
-202.57421875
-219.36453247
-216.58561707
-217.61360168
-217.28979492
-228.48583984
-232.32376099
-212.55679321
-218.19668579
-227.27648926
-219.71249390
-223.34693909
-226.01689148
-215.06422424
-225.24134827
-213.46920776
-220.86338806
-204.46432495
-206.02079773
-220.24169922
-239.12969971
-239.80642700
-231.16897583
-233.15908813
-220.20687866
-280.40515137
-263.98782349
-281.24865723
-272.02499390
-278.05322266
-275.94235229
-262.75314331
-281.03500366
-269.93841553
-283.41326904
-270.17626953
-273.11437988
-269.41580200
-277.64855957
-269.60900879
-271.35244751
-284.30984497
-270.43481445
-268.06555176
-270.30062866
-263.48049927
-264.26470947
-268.67388916
-281.07537842
-280.63690186
-276.25128174
-278.60998535
-285.25939941
-279.21228027
-287.94598389
-282.10986328
-268.20956421
-284.72015381
-286.08975220
-274.78332520
-288.61743164
-273.62005615
-288.49160767
-309.64587402
-289.45730591
-291.65365601
-291.83123779
-289.91815186
-289.84628296
-287.59829712
-297.73419189
-288.09515381
-282.22958374
-288.85400391
-284.53695679
-293.62637329
-285.61907959
-279.82513428
-295.30383301
-288.99298096
-282.24472046
-303.16400146
-293.83172607
-300.28356934
-306.18634033
-311.67181396
-309.38323975
-305.30880737
-304.92303467
-310.39184570
-314.97302246
-311.09405518
-303.98153687
-308.89703369
-323.15518188
-321.43737793
-317.54489136
-312.94519043
-320.65124512
-322.28002930
-325.15951538
-324.03906250
-334.60623169
-324.32595825
-340.34124756
-325.91549683
-334.04214478
-338.10650635
-334.13696289
-326.22692871
-326.14013672
-323.53683472
-326.58911133
-332.82714844
-318.96801758
-317.51788330
-329.39077759
-324.69177246
-321.27957153
-322.67486572
-317.69311523
-307.95220947
-308.01632690
-317.59768677
-334.44934082
-329.84863281
-320.53738403
-320.45721436
-328.09924316
-315.57339478
-324.40551758
-325.05389404
-334.79870605
-333.70132446
-336.51000977
-331.78964233
-336.43896484
-339.50335693
-352.95849609
-352.41192627
-350.61218262
-346.28607178
-342.38052368
-350.33639526
-353.60095215
-349.08953857
-348.63128662
-346.73248291
-344.77597046
-349.45950317
-350.61978149
-349.94812012
-347.14141846
-345.93954468
-352.51037598
-357.24414062
-349.04879761
-348.58102417
-349.30981445
-361.27630615
-350.80407715
-345.84814453
-350.65960693
-342.79238892
-344.88092041
-338.81884766
-348.68151855
-350.42095947
-351.54345703
-340.78750610
-355.38916016
-350.94403076
-349.44406128
-349.00286865
-355.79595947
-350.96405029
-320.44122314
-317.83917236
-326.47930908
-323.25277710
-327.98587036
-323.42309570
-324.93554688
-318.40219116
-316.70120239
-334.93887329
-341.20397949
-329.66217041
-332.42016602
-332.89416504
-327.81076050
-327.78918457
-329.67755127
-329.19927979
-320.03961182
-321.33712769
-320.32754517
-321.11608887
-317.02972412
-319.92651367
-318.45318604
-323.60049438
-322.50402832
-321.10852051
-326.88531494
-321.68688965
-320.15151978
-317.17672729
-319.88720703
-316.28451538
-323.57830811
-315.32739258
-314.49804688
-295.18078613
-294.70391846
-282.42120361
-296.51309204
-306.97967529
-293.96759033
-291.89974976
-293.43838501
-294.09619141
-300.99041748
-305.87213135
-296.39892578
-307.21044922
-295.96154785
-297.93951416
-285.07025146
-307.30212402
-292.01300049
-298.88739014
-299.66442871
-322.07415771
-328.69421387
-330.01135254
-316.72064209
-314.04977417
-309.26821899
-298.87274170
-309.71823120
-309.30920410
-303.54248047
-300.42883301
-288.76153564
-298.63146973
-304.12686157
-294.14575195
-307.85977173
-293.82006836
-301.51925659
-301.74768066
-290.78854370
-285.49920654
-275.53390503
-294.94943237
-304.54879761
-272.59002686
-290.11953735
-280.54537964
-283.73236084
-287.69598389
-274.93872070
-265.52157593
-275.60760498
-260.49816895
-272.25250244
-264.46185303
-270.66720581
-283.22702026
-252.11767578
-267.34878540
-259.78308105
-288.61666870
-279.03439331
-285.10388184
-294.61145020
-280.33856201
-290.36804199
-298.33557129
-289.84814453
-278.20202637
-291.29656982
-267.71643066
-298.67419434
-281.27239990
-282.99395752
-278.77615356
-285.87469482
-265.91998291
-240.97814941
-262.54693604
-261.99450684
-243.62322998
-254.67515564
-242.59948730
-230.36059570
-250.93975830
-251.87315369
-260.81964111
-231.75961304
-243.34576416
-252.14198303
-230.26168823
-252.77574158
-252.87854004
-256.56292725
-261.76757812
-279.25988770
-251.89718628
-266.25549316
-251.68621826
-246.76022339
-270.34976196
-269.30142212
-257.90032959
-265.28546143
-253.97322083
-261.74224854
-255.36891174
-258.92031860
-268.17303467
-250.78938293
-247.24430847
-260.64245605
-231.30584717
-233.03416443
-243.76484680
-225.32919312
-217.28421021
-224.68682861
-228.25209045
-236.84481812
-224.15505981
-225.04248047
-219.08509827
-216.73028564
-218.90475464
-224.22210693
-227.85546875
-217.35882568
-217.51342773
-216.37271118
-207.18649292
-227.22108459
-218.03065491
-221.13580322
-210.28918457
-228.10746765
-244.87551880
-257.91760254
-250.04321289
-268.31478882
-264.99743652
-256.72213745
-267.22070312
-275.32565308
-273.10729980
-276.35067749
-242.52792358
-256.84326172
-269.80969238
-269.39675903
-252.22605896
-223.48507690
-245.71072388
-247.23748779
-251.58956909
-237.00730896
-222.85981750
-207.12878418
-214.48745728
-233.25650024
-229.72218323
-226.32569885
-219.01303101
-218.43066406
-203.97436523
-235.76879883
-228.72979736
-216.71649170
-213.33435059
-211.24569702
-198.68280029
-203.47846985
-200.83666992
-192.09286499
-201.88072205
-182.16476440
-186.91729736
-183.22735596
-186.89810181
-189.99432373
-195.20608521
-206.79187012
-199.11999512
-200.04423523
-192.59486389
-205.44680786
-193.19985962
-202.49121094
-195.89431763
-187.94259644
-186.39404297
-205.25575256
-192.75750732
-196.18397522
-187.42138672
-186.22839355
-181.07617188
-193.81085205
-191.59970093
-199.63795471
-180.78303528
-216.56257629
-203.28868103
-201.18801880
-186.89685059
-214.03735352
-207.27941895
-194.15948486
-196.82885742
-208.54788208
-186.64418030
-205.18115234
-196.87364197
-189.43420410
-190.63127136
-199.99057007
-207.08941650
-183.42558289
-178.02767944
-183.28005981
-200.89913940
-193.89323425
-163.40551758
-184.67926025
-179.69416809
-190.30456543
-169.43231201
-184.50399780
-180.76406860
-168.96646118
-171.49085999
-176.89636230
-183.12948608
-186.81648254
-176.86018372
-185.81712341
-173.12203979
-195.46539307
-170.24746704
-171.99096680
-167.46174622
-180.39947510
-172.58586121
-174.14669800
-162.61062622
-166.95927429
-165.10885620
-178.49313354
-171.11398315
-167.37622070
-168.85768127
-172.37481689
-165.78359985
-177.94180298
-155.09022522
-172.02777100
-172.43765259
-166.02331543
-173.56652832
-173.10293579
-167.08135986
-152.07994080
-159.31634521
-157.47183228
-179.46290588
-166.24008179
-176.35159302
-177.59533691
-179.45741272
-171.99645996
-169.87908936
-195.78512573
-175.68572998
-182.36322021
-177.05354309
-157.99636841
-187.39364624
-167.95462036
-172.84550476
-168.47790527
-156.70913696
-192.21310425
-164.67411804
-171.39230347
-172.94700623
-156.56213379
-195.35812378
-193.05339050
-193.28265381
-187.51577759
-192.97070312
-195.96362305
-172.42733765
-194.89833069
-166.81997681
-162.43698120
-158.34552002
-168.79158020
-176.01354980
-162.98379517
-171.86355591
-175.09008789
-221.50228882
-219.58215332
-223.07849121
-221.80566406
-223.61944580
-229.09843445
-209.70358276
-179.71627808
-230.32553101
-224.25747681
-189.33764648
-224.87080383
-199.52676392
-200.74919128
-197.24771118
-174.94070435
-194.34771729
-182.21678162
-208.74568176
-155.90197754
-164.48776245
-167.51188660
-171.67782593
-158.73327637
-170.59794617
-170.68649292
-171.79666138
-152.16339111
-161.69674683
-170.71987915
-165.41207886
-149.29486084
-145.75939941
-150.69299316
-157.78067017
-167.91659546
-145.43725586
-142.00183105
-167.74255371
-133.59951782
-152.99266052
-155.60717773
-138.78456116
-155.18765259
-166.05361938
-147.88879395
-142.07595825
-163.34597778
-166.30303955
-159.68344116
-143.88471985
-175.30532837
-150.28283691
-157.77975464
-159.57502747
-147.85598755
-198.16955566
-190.43994141
-194.09005737
-185.94874573
-173.11358643
-182.34002686
-174.42395020
-183.18405151
-183.15173340
-177.38436890
-163.43450928
-160.70733643
-168.22137451
-176.58607483
-177.80438232
-188.16796875
-168.41323853
-149.69599915
-158.86535645
-136.00740051
-144.92546082
-144.50970459
-153.53091431
-158.18167114
-156.44847107
-163.38592529
-140.91752625
-150.76538086
-155.37988281
-139.74433899
-158.23663330
-150.67901611
-154.23992920
-177.20318604
-142.77578735
-144.12533569
-155.07905579
-150.57261658
-145.91734314
-135.27163696
-144.26017761
-135.47680664
-149.17100525
-135.87179565
-134.44053650
-137.28857422
-158.16519165
-136.85015869
-143.30273438
-167.98001099
-170.26925659
-145.17716980
-153.35523987
-163.12089539
-173.14193726
-169.41075134
-157.96435547
-183.67512512
-180.43524170
-154.54449463
-177.06790161
-154.92636108
-149.87284851
-158.56930542
-165.45956421
-153.13435364
-147.86549377
-158.78636169
-152.94808960
-163.89566040
-154.24011230
-165.40393066
-132.77574158
-134.70111084
-157.96554565
-132.44779968
-111.37716675
-117.29877472
-140.44459534
-145.79981995
-145.55807495
-167.91149902
-139.37347412
-145.58744812
-150.87818909
-143.27868652
-151.48840332
-143.74943542
-147.09313965
-112.79472351
-141.13104248
-128.50955200
-142.64932251
-121.27978516
-132.53077698
-125.86595154
-123.75265503
-121.58722687
-121.65287781
-114.24842834
-118.63899994
-123.01113892
-120.16150665
-123.79560089
-121.94944763
-115.59755707
-125.03466797
-122.83525848
-127.64852905
-138.97024536
-131.02636719
-139.70675659
-137.23100281
-136.73112488
-148.49113464
-146.81388855
-123.90551758
-152.75630188
-130.23306274
-132.79850769
-133.87664795
-112.46621704
-134.28198242
-144.83955383
-121.45880890
-138.24607849
-118.92521667
-158.61044312
-131.54562378
-137.08782959
-132.69378662
-135.72328186
-134.72277832
-116.48626709
-115.79457092
-117.02484131
-104.63262939
-116.62013245
-127.04401398
-115.33161163
-105.77965546
-96.64814758
-116.64979553
-100.18302917
-126.98280334
-117.46344757
-128.78990173
-106.57094574
-117.75928497
-117.46545410
-131.38699341
-129.41156006
-121.63537598
-118.88808441
-110.64227295
-128.20480347
-115.50760651
-117.57752991
-103.40454102
-126.99092865
-106.35623169
-108.22956848
-103.53695679
-106.04469299
-119.42111969
-101.47631836
-119.97276306
-116.13821411
-130.84819031
-108.50890350
-103.39416504
-111.56720734
-103.56880188
-116.03063202
-94.15866089
-118.51141357
-101.96712494
-96.99252319
-101.86857605
-114.39714050
-106.46377563
-97.61726379
-100.29516602
-112.12157440
-102.42411804
-96.35917664
-92.21441650
-118.40807343
-102.01094055
-133.05389404
-128.56375122
-111.13922119
-107.85634613
-113.78459930
-123.76214600
-114.25018311
-115.73115540
-97.29752350
-111.34967041
-108.21070862
-109.37681580
-118.07945251
-115.53062439
-100.30024719
-109.19961548
-123.95053864
-117.76535797
-112.45379639
-111.71388245
-95.59921265
-112.96671295
-89.48394012
-101.79856873
-92.96426392
-101.48302460
-112.75207520
-94.77870178
-94.85600281
-99.72521973
-86.47561646
-107.03916931
-89.47097778
-89.92691040
-103.37464142
-95.55112457
-100.19171143
-99.93800354
-106.53405762
-103.75291443
-109.78536224
-105.90005493
-107.44338989
-115.90260315
-105.56586456
-100.71572113
-103.33620453
-119.62989807
-114.24127197
-117.36373138
-111.89857483
-126.35665894
-103.80790710
-120.58386230
-110.86829376
-107.05082703
-101.00367737
-103.80606842
-119.80014038
-99.25321960
-99.49450684
-104.17382812
-124.69850159
-113.04096985
-100.69850159
-120.21020508
-107.39124298
-118.05496979
-119.47646332
-118.54985046
-107.28492737
-105.29167175
-100.93604279
-115.72131348
-108.06221008
-99.64550018
-90.20262146
-98.03855133
-98.25864410
-86.51368713
-96.41519165
-89.99735260
-91.75141144
-101.81817627
-90.40730286
-98.50192261
-103.14971924
-88.89710999
-95.75733185
-101.92900085
-96.22036743
-107.71681213
-94.44920349
-99.37825012
-120.40827179
-113.28242493
-120.23690796
-115.28070068
-104.74014282
-87.91677856
-99.02346802
-102.77940369
-103.68118286
-105.13346100
-109.97602844
-99.05371094
-92.71881866
-93.19248199
-110.08497620
-100.46665955
-103.37271118
-100.80217743
-87.54248047
-106.07823944
-123.28843689
-98.74089050
-112.72392273
-108.25960541
-90.12387848
-94.64853668
-98.36175537
-128.01721191
-102.04250336
-102.77301788
-127.51789093
-96.49502563
-110.64961243
-87.67150116
-95.18186951
-123.30315399
-123.49913025
-91.03619385
-83.52385712
-99.26356506
-110.33746338
-95.07876587
-103.74800873
-100.38160706
-106.36705017
-109.91445923
-98.84767151
-95.76741791
-113.33079529
-71.81584167
-76.88861084
-88.77525330
-73.19074249
-85.75909424
-101.72960663
-85.15440369
-78.79488373
-85.77517700
-103.05790710
-93.01666260
-97.87120056
-83.29778290
-72.81923676
-90.99235535
-88.30410767
-87.39537048
-97.98640442
-83.84226990
-81.23115540
-94.85435486
-79.98515320
-81.49900818
-79.74613190
-78.08454895
-94.93133545
-91.57935333
-109.30351257
-87.07771301
-70.09671021
-83.30838013
-114.97686768
-90.08248901
-108.66139221
-87.83955383
-88.26359558
-89.75196838
-87.99005127
-91.36129761
-90.84512329
-90.21432495
-102.90011597
-109.63859558
-120.40171814
-82.19578552
-85.32286072
-72.45898438
-81.04271698
-88.68101501
-96.73315430
-113.05284882
-108.28056335
-107.28398895
-111.83368683
-100.10365295
-117.46542358
-115.85037231
-77.16174316
-104.66747284
-92.93788147
-76.24923706
-103.70572662
-107.83338928
-77.99525452
-71.72000122
-82.77818298
-85.14785767
-83.04351807
-79.88629150
-85.68196106
-83.75025940
-70.23069763
-72.70800781
-99.33679199
-79.34967041
-67.07821655
-70.30943298
-79.13111115
-88.81111145
-98.63270569
-75.93499756
-86.19187927
-77.55291748
-73.53500366
-62.08750153
-69.91925049
-64.74187469
-72.14010620
-70.17893219
-73.64939880
-78.54150391
-69.54040527
-84.66719818
-67.02836609
-81.52195740
-76.32053375
-67.17478943
-65.32879639
-89.77839661
-73.91320801
-68.46184540
-88.78591156
-62.03845215
-100.35171509
-97.56739044
-81.31716156
-84.98150635
-99.88526917
-91.17279053
-84.13743591
-73.05126190
-72.35165405
-91.86376190
-71.69396210
-77.48554993
-81.04517365
-76.15168762
-77.00277710
-117.44176483
-102.05585480
-92.65805054
-82.91479492
-71.26901245
-59.18039703
-96.34841919
-91.37557983
-69.29528809
-74.46955109
-86.71064758
-88.98662567
-59.90398407
-72.36612701
-77.38948059
-71.65483093
-71.99566650
-105.22418213
-79.02323914
-73.91935730
-81.05393982
-61.12718201
-70.99445343
-78.63838196
-74.56156158
-91.88929749
-57.17353058
-67.69348907
-63.63578033
-78.97999573
-69.41606140
-82.18080139
-80.64086914
-73.06901550
-78.79838562
-69.50193787
-68.27670288
-77.37223053
-81.43328094
-75.69856262
-59.53082275
-57.48847198
-76.61889648
-84.65035248
-79.76815796
-82.36026001
-76.27565002
-91.59513855
-75.12744141
-79.94459534
-76.80997467
-85.75341797
-75.34133911
-105.05343628
-111.84675598
-83.14781952
-115.75409698
-82.60307312
-83.50319672
-75.92614746
-87.38414764
-76.52328491
-83.63689423
-77.39117432
-76.56998444
-78.46848297
-91.22853088
-59.10669708
-76.12701416
-68.15099335
-92.17612457
-82.85629272
-62.56090164
-68.01956940
-79.49022675
-66.94907379
-87.25514984
-79.87670898
-67.52979279
-74.37160492
-61.39735031
-74.69637299
-84.15653992
-60.85152435
-76.48944092
-77.47811890
-70.49858093
-70.84326935
-63.40967560
-64.13940430
-107.65322876
-60.83606339
-100.81706238
-64.59158325
-64.98407745
-58.46322632
-71.25770569
-100.03863525
-75.01275635
-83.02879333
-66.84936523
-78.41633606
-76.45598602
-75.82600403
-69.16427612
-61.63145065
-67.40759277
-70.06362915
-80.10221863
-54.46152878
-71.83232117
-64.01479340
-70.12452698
-74.43292236
-64.33529663
-78.44329834
-95.06896973
-79.72593689
-62.18840027
-69.86869812
-66.69993591
-78.16624451
-77.56731415
-74.02857971
-66.43528748
-70.20283508
-81.81016541
-71.91030884
-92.07330322
-81.46603394
-66.93186951
-77.89485931
-73.57815552
-84.60276031
-80.69712830
-50.25548935
-72.48086548
-68.10974121
-67.08471680
-73.47744751
-73.32544708
-71.44386292
-70.41873169
-67.99504089
-55.26872635
-77.19879913
-56.86706161
-77.00934601
-65.34551239
-78.92704010
-61.76010895
-66.23547363
-76.00889587
-74.49313354
-81.15585327
-80.83160400
-75.46096802
-80.62577820
-64.07561493
-61.78176880
-62.59573746
-72.16354370
-74.48623657
-71.80625153
-50.77714539
-69.05033875
-57.26296616
-70.31358337
-54.70961761
-82.23679352
-72.21627808
-71.50885773
-46.20338440
-58.64774323
-52.71302795
-65.91949463
-65.97698212
-61.46961975
-55.63996887
-48.23334503
-44.63275146
-60.31526184
-44.31011200
-50.36466217
-51.59872437
-55.72136307
-61.33078384
-63.12890625
-52.66647339
-46.17095184
-53.94398499
-50.12605286
-57.27055740
-82.88449097
-48.21426392
-61.01873779
-58.36314011
-45.50322723
-74.81594086
-57.84971619
-52.22008514
-73.95352173
-60.25404358
-58.77860641
-69.45210266
-68.75976562
-46.98369598
-57.27754974
-48.39046478
-62.39089966
-82.29936981
-101.48799896
-62.79797363
-54.67793274
-67.20075226
-78.71275330
-69.30126953
-70.74334717
-66.67285156
-74.92226410
-59.60186768
-50.70944977
-45.30995941
-53.35044861
-56.97249222
-42.21795654
-76.74055481
-62.36423492
-66.00006104
-56.87134552
-89.26972961
-66.72341156
-78.84167480
-67.27670288
-56.91320038
-48.25751495
-74.00000763
-70.24165344
-52.28981400
-106.72906494
-57.84553528
-56.46552277
-67.43144226
-55.44816589
-38.47462463
-66.51447296
-61.37437439
-78.22917175
-51.59666443
-64.86398315
-56.09793854
-60.00048828
-69.70780182
-58.01485443
-65.61639404
-54.97926331
-47.18384552
-45.85244751
-46.38372040
-69.35165405
-57.78190613
-53.68577957
-48.04563141
-57.60649872
-52.36368561
-60.19625092
-33.71934509
-32.23249817
-41.85105133
-56.89682388
-44.53719711
-31.65728378
-54.57173920
-42.38755798
-40.92446136
-53.91030502
-56.24885178
-48.69053268
-57.45301056
-38.86584854
-51.52857590
-53.62100601
-48.80363464
-50.13283539
-41.86074829
-41.47618866
-42.26183319
-60.25108337
-60.94621658
-42.38941574
-46.82268143
-40.93013763
-42.27625275
-43.43608093
-42.18759155
-56.40053940
-49.29617310
-33.57704926
-55.56451797
-45.34049225
-52.19766235
-38.57181549
-48.08810425
-42.05969238
-92.01744080
-74.77632141
-71.75071716
-49.01593399
-72.29279327
-55.16158295
-60.02057648
-76.90434265
-65.26232910
-59.17182922
-47.02033997
-61.70638275
-76.41680908
-52.66417694
-50.46063614
-62.81932831
-56.16483307
-58.03330231
-70.48670959
-44.84938431
-42.59282684
-36.21487427
-45.98969269
-40.63922119
-45.23199081
-61.48996353
-59.76184082
-32.94295120
-50.97549438
-53.85097504
-47.19573212
-57.45307159
-53.29328156
-54.28808594
-62.09844208
-56.16141129
-58.40963364
-69.25792694
-72.04911041
-63.37867737
-64.61698914
-72.47329712
-61.06847000
-28.32752609
-52.52019882
-46.71270752
-40.07646942
-42.76250458
-51.34489441
-44.68875885
-28.34369469
-46.56425476
-44.26739502
-59.61543274
-41.91518402
-55.13559341
-43.77848053
-55.83070755
-58.05658722
-68.60285950
-88.74554443
-48.08310699
-54.28210068
-70.29998779
-73.04714966
-60.44295502
-51.10944366
-58.10838699
-70.94978333
-53.48778534
-64.07765961
-59.84572220
-73.92533875
-59.67871857
-45.07553864
-39.10883331
-44.05632782
-62.69535065
-49.10705948
-51.53887177
-48.18901062
-48.29978943
-44.70219421
-42.54057312
-58.58806229
-71.50466919
-57.71016312
-56.64353943
-69.66767883
-51.47575760
-43.73572540
-58.18679810
-39.45840454
-64.90573120
-50.36373520
-33.65031433
-49.77408600
-42.41745377
-84.64761353
-42.08818817
-50.11643219
-37.87956619
-45.49660873
-37.31497955
-53.88334274
-62.46862793
-37.93777084
-52.02569199
-44.90099335
-54.47081757
-58.71911621
-85.31268311
-81.75529480
-27.68576813
-34.08379364
-39.01557159
-42.76494598
-51.23836517
-53.65759277
-40.02774048
-49.33968735
-32.88226700
-34.81705093
-46.00364685
-66.89644623
-35.21166992
-40.00527954
-57.47901535
-43.74623108
-40.06905746
-31.31717300
-61.33641052
-33.33451462
-52.23540878
-53.17854309
-61.37500000
-39.33748245
-41.48566437
-51.98460388
-58.92259598
-39.85152435
-53.42082977
-33.54985809
-48.20491409
-31.87164307
-40.00453949
-46.47696686
-47.47464371
-28.66939163
-29.75212479
-50.53413010
-45.20536804
-53.24045944
-63.03276062
-67.57416534
-54.94017792
-46.67516327
-49.04890060
-36.18311691
-45.38113785
-56.09591675
-47.01018524
-29.22735214
-41.66433716
-40.67337036
-50.91483307
-50.79317474
-45.70958710
-41.78383636
-48.67316437
-39.00975037
-62.97965622
-40.40242767
-34.13581467
-35.03329849
-51.77946854
-51.71618271
-61.74127960
-66.14949036
-45.91927719
-40.22768402
-58.66546631
-53.69976044
-49.93643188
-40.04813004
-48.58910370
-46.68569183
-57.34622955
-55.67413330
-87.26744080
-80.97248077
-63.48394012
-52.31641769
-49.50827026
-47.34976196
-80.95294189
-55.77611923
-40.75531769
-53.45742035
-41.49248505
-34.13217163
-36.00189972
-45.07352448
-60.31723785
-47.55990219
-40.42748260
-56.78556442
-35.23392487
-33.40223312
-52.84031677
-36.78666687
-49.30813599
-44.50662231
-43.83985519
-50.12386703
-40.13339233
-39.12494278
-37.96021652
-39.50954819
-43.49454117
-35.80208206
-33.52837372
-44.23889542
-47.43672562
-45.76330185
-37.38279724
-42.17281342
-37.58712387
-48.02148438
-31.38699722
-33.91228867
-44.39006424
-48.83077240
-41.56167221
-38.98052216
-57.19207001
-59.46450806
-50.55565643
-43.78017426
-47.37894058
-42.75581360
-49.77161407
-32.80371857
-41.66771317
-41.50979614
-62.01285934
-72.59070587
-65.89269257
-68.82872009
-76.45452118
-44.47255707
-44.76785278
-63.91867828
-52.93012238
-57.04584885
-44.03996277
-86.21362305
-68.85076141
-53.04723358
-59.15705490
-85.50537109
-66.82245636
-60.27389526
-66.21666718
-39.79140472
-52.15387726
-38.73009491
-17.34038162
-38.39281845
-42.63515472
-52.49346542
-90.71459198
-41.93281555
-30.37171555
-44.30341339
-33.61179733
-41.31348419
-35.17213058
-54.04713821
-48.08486938
-76.69842529
-61.26866913
-50.56594086
-41.73961639
-33.70230103
-54.82378387
-49.50200653
-50.45584869
-39.83685684
-51.28851318
-45.89289474
-61.60861588
-62.49556351
-48.79581070
-57.57253265
-63.39093018
-67.14291382
-45.82254791
-55.12747955
-52.36178207
-52.32824707
-38.68846130
-28.90093040
-23.09540176
-25.88990211
-29.26058578
-19.73512268
-36.16801834
-28.74030495
-24.07469559
-31.53618813
-34.77330399
-23.45522881
-42.42863083
-29.49141693
-29.00568199
-37.65405655
-50.96438217
-33.60364914
-40.88624954
-90.84561920
-81.11387634
-73.32638550
-66.69786072
-64.95696259
-83.36605835
-91.64040375
-82.50842285
-106.50302124
-65.54867554
-84.11864471
-68.86009216
-64.56491089
-57.37137222
-68.45352173
-71.66787720
-69.80960083
-78.04927826
-103.29499817
-91.58349609
-86.88272858
-98.21846771
-91.28156281
-84.69058228
-79.04315948
-84.15368652
-94.37789917
-97.66528320
-82.09774780
-79.15284729
-80.63393402
-67.14819336
-70.01274872
-86.35423279
-82.43428040
-72.76708221
-74.66232300
-84.69050598
-55.25841141
-44.96122360
-39.65548706
-53.92596436
-58.24156952
-32.84901810
-37.27348328
-46.83341217
-43.10320282
-78.26162720
-37.68836975
-49.37399292
-59.79063797
-48.42561340
-46.52489853
-52.18043900
-53.60568237
-36.81170654
-58.29051208
-44.99173737
-33.19779968
-45.44381332
-41.58245468
-32.47015381
-48.41797256
-55.35966873
-49.42543030
-75.49381256
-55.81711197
-64.64008331
-40.04143143
-41.15797806
-48.53604126
-32.18190384
-46.40202332
-31.25830460
-43.90251541
-31.70527267
-32.02613831
-20.87421417
-25.73821640
-19.64260101
-37.28647614
-40.48926163
-46.13995361
-40.34897232
-35.53654861
-48.77574921
-37.97768784
-39.20451736
-50.34226990
-50.70085526
-51.89678955
-45.05873489
-44.93857956
-28.33910179
-69.14225769
-27.73602295
-76.49338531
-67.76287842
-44.95551682
-27.13075256
-40.33119965
-98.06472778
-59.19198608
-48.68766785
-66.81195831
-74.39116669
-41.03490067
-79.40150452
-48.28995132
-38.15400314
-55.85521698
-57.26280212
-53.73403931
-36.78573990
-52.41483307
-29.45772171
-44.26752472
-38.03207397
-30.52593994
-42.42974091
-37.73083496
-40.57704926
-69.25927734
-39.54027557
-39.65853119
-36.63183594
-22.56249237
-46.02580261
-81.04325867
-47.46403503
-68.70800781
-36.86372375
-92.54171753
-71.83193970
-80.75868225
-102.20106506
-99.05970001
-109.28964233
-109.69859314
-70.46121216
-95.68280792
-114.35013580
-120.81899261
-123.53901672
-120.10762024
-108.16217041
-106.41244507
-94.66273499
-112.57127380
-99.29708099
-87.40632629
-118.02867126
-91.74073029
-87.98858643
-87.24805450
-84.20133972
-89.61419678
-74.19512939
-90.89047241
-80.73641968
-81.13616943
-63.36459351
-100.10269928
-90.83163452
-70.32202148
-108.03945923
-84.76486206
-61.59582520
-70.97303772
-79.58805847
-62.01274109
-103.71292877
-83.70938110
-84.44551086
-107.21362305
-70.05711365
-54.60171890
-69.32440186
-80.73107147
-113.31478882
-83.80850220
-104.38232422
-69.48390198
-91.24812317
-86.60137939
-54.70949554
-85.79125977
-74.02593994
-114.65913391
-98.91668701
-89.38836670
-104.15798950
-79.82711792
-135.02844238
-153.25198364
-172.64218140
-204.79029846
-196.27062988
-148.50942993
-218.43875122
-261.80187988
-176.60733032
-210.47213745
-209.57325745
-242.62399292
-179.58734131
-270.97885132
-210.66781616
-188.08184814
-161.06549072
-191.38296509
-147.75167847
-143.56301880
-119.24507141
-164.03875732
-191.20716858
-162.02236938
-151.71118164
-144.40356445
-163.78591919
-147.60015869
-124.04709625
-105.17987823
-159.06466675
-166.17808533
-144.56109619
-197.11320496
-69.94919586
-121.98917389
-124.14311218
-123.14670563
-132.88517761
-92.72386932
-85.33236694
-85.85588074
-83.69522095
-73.60600281
-92.61062622
-122.83470154
-138.13385010
-84.35074615
-140.31512451
-99.96175385
-98.81034851
-117.08103943
-89.53259277
-109.04505157
-145.24707031
-114.13317871
-131.31149292
-103.27453613
-87.86723328
-108.37372589
-126.32881927
-81.93242645
-99.93211365
-67.53364563
-77.97270203
-91.64669800
-119.96607208
-105.15504456
-79.87902069
-91.05603790
-113.59696960
-76.16502380
-99.63121033
-87.89547729
-116.37299347
-107.22832489
-127.02915955
-121.57101440
-98.21446228
-121.53326416
-149.95251465
-173.06480408
-195.52673340
-139.73921204
-128.11352539
-126.33261108
-150.05149841
-145.82185364
-127.85977173
-124.12124634
-82.71972656
-112.28695679
-140.53067017
-204.12454224
-158.42721558
-287.30865479
-218.26747131
-193.69058228
-223.74147034
-229.07748413
-187.71647644
-280.80328369
-300.11407471
-206.47085571
-197.23194885
-262.93719482
-233.23483276
-393.28182983
-266.63714600
-243.84527588
-258.63134766
-202.41635132
-201.38972473
-142.43215942
-262.00164795
-191.40963745
-243.06039429
-135.24337769
-256.95959473
-285.05197144
-316.83026123
-266.37957764
-249.28961182
-246.01364136
-193.89987183
-233.13061523
-142.41142273
-191.06692505
-390.61791992
-392.14385986
-376.05108643
-458.97137451
-464.58831787
-349.37606812
-286.27041626
-335.38861084
-444.12896729
-379.32141113
-419.36569214
-342.79846191
-545.10156250
-302.60995483
-352.13293457
-472.86621094
-417.10528564
-442.19226074
-752.03887939
-1788.11657715
-525.25671387
-969.18872070
-442.63900757
-1024.24670410
-929.44323730
-678.75579834
-704.37609863
-761.51733398
-848.49804688
-856.35711670
-781.28100586
-433.89050293
-771.48175049
-430.71820068
-619.13378906
-769.29821777
-742.31152344
-270.01934814
-474.73001099
-460.12805176
-467.52670288
-571.85388184
-691.28436279
-833.53479004
-981.10040283
-1004.03894043
-992.93951416
-1210.10729980
-773.79888916
-962.74084473
-664.69171143
-693.03613281
-1192.21887207
-1103.90966797
-935.75878906
-1275.02392578
-1350.59460449
-1469.25122070
-1295.07934570
-1277.78491211
-1333.64819336
-1302.50903320
-1240.95373535
-1166.18762207
-1150.47338867
-1193.73461914
-988.34381104
-1045.22729492
-1324.26452637
-1112.14587402
-906.28747559
-1189.03271484
-827.28149414
-975.26721191
-963.79956055
-482.99029541
-517.67279053
-503.24615479
-603.51226807
-747.58544922
-595.44396973
-733.73425293
-619.88922119
-756.57885742
-626.04083252
-873.59826660
-617.79772949
-710.76776123
-789.00756836
-623.35180664
-658.87194824
-638.33886719
-1043.61218262
-685.77770996
-985.35107422
-882.45880127
-1378.98413086
-1577.80859375
-1537.43664551
-1546.94250488
-1210.15454102
-1246.83581543
-1366.66845703
-1165.26184082
-868.81341553
-1156.72534180
-809.92541504
-1278.22802734
-1129.73217773
-1095.37768555
-1539.80517578
-1114.13769531
-828.58526611
-1388.11901855
-1169.73767090
-1501.68652344
-1255.72729492
-1355.71777344
-1320.19995117
-1423.91979980
-1611.67395020
-1323.07397461
-1391.44433594
-1680.44421387
-1629.24035645
-1493.35546875
-1561.70166016
-1556.15551758
-1710.21484375
-1640.84155273
-1539.71630859
-1452.02856445
-1482.90563965
-956.49291992
-1117.16723633
-1333.17480469
-1514.92211914
-1485.40942383
-1506.16296387
-1615.26745605
-1787.50805664
-1537.25366211
-1957.28710938
-1772.95715332
-1962.72314453
-1602.03979492
-1707.46899414
-1944.55444336
-1656.31860352
-1696.29711914
-1902.92480469
-1575.51928711
-1606.82568359
-1340.51391602
-1267.50390625
-1570.66552734
-1515.60815430
-1767.61083984
-1689.21459961
-1719.34277344
-2142.93725586
-1680.25170898
-1778.22216797
-1739.23144531
-2378.46191406
-2289.90917969
-1923.84973145
-1914.05334473
-2142.21337891
-2080.37060547
-1720.72021484
-1535.77661133
-1388.75903320
-1425.82080078
-1130.26171875
-1144.95690918
-1689.57238770
-1752.98168945
-1046.40344238
-1359.77270508
-1461.55200195
-1172.97375488
-997.19586182
-1550.48583984
-1542.36694336
-1756.47924805
-1429.61474609
-1524.38037109
-2350.64062500
-2653.01904297
-2893.70361328
-1850.28222656
-2426.25146484
-2646.77050781
-2360.04882812
-3269.03125000
-2505.21972656
-2596.09130859
-2350.35131836
-2821.75903320
-2282.70800781
-2156.86865234
-1992.51049805
-2142.72216797
-1671.01025391
-2093.05712891
-2538.67016602
-767.06420898
-1344.99621582
-891.57391357
-2011.75390625
-2550.09790039
-2297.69042969
-2326.85815430
-1202.28320312
-1477.60034180
-1160.90771484
-1422.03344727
-1302.02490234
-1367.17333984
-1332.80847168
-1495.37756348
-1654.69409180
-1992.43359375
-1693.90063477
-1493.75048828
-1265.29663086
-2707.48242188
-1999.11889648
-1943.74499512
-1712.76660156
-1488.72338867
-2724.63598633
-1228.13513184
-2138.32714844
-3118.45849609
-2510.50415039
-3042.88793945
-2187.31616211
-3017.13867188
-2615.55249023
-2402.61718750
-2032.04846191
-2012.37841797
-2629.74121094
-1662.26635742
-1429.66027832
-1471.58813477
-1716.59326172
-1943.27026367
-2031.23840332
-1492.92138672
-1757.92285156
-1731.53125000
-1685.33093262
-1549.90307617
-1539.09924316
-2190.63818359
-2305.56811523
-2085.74047852
-1871.64013672
-2548.02416992
-1967.53564453
-2183.78076172
-3069.17773438
-3372.64477539
-2432.00341797
-2292.83544922
-2756.17065430
-2680.69726562
-2625.63159180
-2778.76513672
-3008.33911133
-2359.18652344
-3045.73486328
-3724.89111328
-2694.75512695
-3251.77099609
-3471.41674805
-3685.12524414
-2777.19946289
-4395.89062500
-4235.84765625
-4294.34814453
-4186.43261719
-4170.16992188
-4155.20019531
-3947.21704102
-4903.03369141
-3653.35498047
-5348.32861328
-5457.12402344
-3659.55981445
-6206.14941406
-2670.86645508
-4851.44042969
-3170.24414062
-2412.86669922
-3236.24780273
-2543.23071289
-5501.12890625
-2671.71142578
-3036.54736328
-3244.85839844
-3512.81298828
-3237.37866211
-2898.53417969
-3952.33056641
-3171.31323242
-2878.94970703
-2706.81787109
-2982.50317383
-2324.40087891
-2205.94409180
-3070.04003906
-2216.35498047
-3850.33642578
-2238.03051758
-2213.69384766
-1958.57531738
-1853.42919922
-2893.92846680
-2420.03613281
-3057.93896484
-2318.40917969
-2814.49218750
-2542.98291016
-2998.97558594
-3259.67016602
-2846.74218750
-2395.86987305
-2991.46020508
-3120.99658203
-2922.76611328
-2620.20092773
-3786.32299805
-3506.76416016
-3854.37939453
-3384.55859375
-2266.76367188
-2434.13354492
-3348.20214844
-3536.50390625
-2430.93994141
-2940.75146484
-2654.62231445
-2879.69921875
-2625.98950195
-3464.53198242
-3470.84375000
-3165.95141602
-3220.22045898
-3128.18383789
-2861.65625000
-3389.55126953
-3004.91894531
-3555.54980469
-3539.75122070
-3322.81494141
-3511.65869141
-3259.64843750
-3000.60595703
-3909.16992188
-3993.94091797
-4450.75878906
-3310.87255859
-3383.93627930
-3387.72656250
-3370.81811523
-4291.99853516
-3106.21850586
-3330.75000000
-3932.90820312
-3774.73388672
-3353.14794922
-3407.86767578
-3708.78710938
-2841.00683594
-2232.68823242
-1701.79260254
-2214.79980469
-2400.15917969
-1949.58374023
-2921.06909180
-1906.47338867
-3870.55468750
-2924.07177734
-3715.37182617
-3042.57763672
-3535.86865234
-3375.73828125
-4209.30566406
-3136.17871094
-4428.65966797
-3285.09765625
-3653.38281250
-3505.47314453
-3795.53076172
-4533.01464844
-5730.66992188
-4076.55859375
-3486.41650391
-2673.68823242
-3750.10791016
-3979.06103516
-4030.06054688
-7701.41894531
-4935.95019531
-4370.06835938
-4175.88671875
-6275.87597656
-5428.22314453
-4075.21582031
-10523.71484375
-19983.12500000
-14887.99121094
-8575.39453125
-12569.49804688
-6808.11914062
-7083.82617188
-10578.29980469
-9253.60937500
-9639.36914062
-8000.36425781
-6719.30078125
-7083.35937500
-6281.81152344
-8733.90917969
-7087.19482422
-12725.05273438
-5512.32519531
-10228.43554688
-14539.61523438
-5080.96093750
-5612.40527344
-5036.73291016
-6729.86621094
-6601.13330078
-5700.88818359
-8906.99218750
-5502.57421875
-5360.49462891
-8173.65429688
-4812.55859375
-7305.76660156
-5949.15527344
-5833.04492188
-4129.60058594
-4451.27148438
-4422.90234375
-5617.36572266
-6888.45214844
-3082.25683594
-3975.58715820
-3398.21093750
-4607.83447266
-4559.19921875
-3328.08691406
-4853.79882812
-3466.04785156
-3183.59130859
-4094.25732422
-2981.13476562
-4415.35888672
-3431.95996094
-5396.69238281
-3648.70458984
-4109.60009766
-6665.54638672
-6339.29736328
-4339.07373047
-9205.50000000
-15442.65917969
-15305.11132812
-7052.99023438
-5661.99218750
-7714.71533203
-9788.89355469
-9773.04882812
-10209.41601562
-15000.18847656
-10608.86328125
-9058.16796875
-11366.05371094
-9504.96972656
-10162.65039062
-8358.37890625
-10399.04492188
-8899.14843750
-12489.79687500
-2429.71679688
-4682.23193359
-3841.42187500
-4785.86718750
-3453.26513672
-5690.42285156
-5801.93164062
-4801.31445312
-4116.63183594
-4296.00195312
-6657.90087891
-4139.56347656
-5038.61816406
-5269.46191406
-4689.19726562
-6204.52636719
-6352.33984375
-4732.16894531
-6187.75927734
-4600.27783203
-5899.41796875
-3288.54467773
-3674.01318359
-5708.02929688
-6153.07031250
-5261.97900391
-3910.41259766
-2313.66967773
-3705.20751953
-4913.43701172
-3838.78686523
-4675.60693359
-3790.28833008
-3715.46826172
-2937.42382812
-4833.17480469
-2856.47094727
-2905.17578125
-2212.85693359
-2927.10351562
-2428.06201172
-4087.96777344
-2554.61230469
-4038.84326172
-3739.83325195
-2175.27441406
-7830.08007812
-2900.95898438
-4380.39599609
-3871.93017578
-4925.47363281
-3719.18505859
-5742.59082031
-4759.21435547
-6600.20605469
-6151.78906250
-4881.66455078
-5820.77441406
-6084.91259766
-4628.90234375
-4284.72949219
-4768.46777344
-4560.15332031
-3382.39355469
-4786.50732422
-2954.09570312
-3088.90283203
-3104.66455078
-4026.85424805
-3580.72802734
-3168.99902344
-2564.66259766
-3469.84301758
-2412.46044922
-4778.72460938
-2808.98095703
-2523.04101562
-2648.62573242
-3480.52392578
-4527.71240234
-3246.19433594
-2636.87841797
-2519.89038086
-2177.30444336
-3454.81005859
-3522.18798828
-3041.05908203
-2641.98266602
-4334.67089844
-3563.55883789
-2369.40649414
-2938.65332031
-2885.57324219
-4093.58154297
-5209.89160156
-5095.25781250
-2106.65502930
-4389.62011719
-4217.91894531
-8231.90429688
-4432.30371094
-4172.75097656
-2865.52294922
-4825.77636719
-2947.04956055
-3710.14697266
-2861.31152344
-2935.89013672
-3674.37792969
-3857.79492188
-4495.72656250
-6893.76367188
-3549.26782227
-3826.79882812
-3496.43969727
-2320.92089844
-3135.69335938
-4086.35937500
-4100.52832031
-3019.59326172
-4460.88720703
-3706.26220703
-6095.06250000
-2972.17626953
-3494.45507812
-4557.83447266
-3942.41503906
-4825.30224609
-3743.18457031
-4200.55273438
-3933.18066406
-4318.64306641
-3087.86279297
-3912.37841797
-4505.91015625
-4112.11083984
-3981.82104492
-3874.87353516
-4478.21826172
-4793.76562500
-5720.90576172
-4640.72363281
-4880.20947266
-3012.20629883
-5000.90039062
-5105.71093750
-5860.39550781
-3789.99340820
-5533.95605469
-4755.12304688
-8518.58886719
-7327.38232422
-6070.43945312
-6622.78271484
-6278.55957031
-6293.07714844
-7526.70654297
-7371.67480469
-4586.09912109
-5292.88867188
-7334.13769531
-5693.59277344
-6099.32421875
-7064.42968750
-5370.02685547
-7097.49462891
-6656.34375000
-5985.90429688
-6369.83691406
-5632.43750000
-4764.45898438
-6380.72314453
-5251.25195312
-4917.41601562
-4510.51367188
-4499.55810547
-4762.29003906
-5123.37011719
-5525.61328125
-5529.24218750
-6018.39990234
-6615.41699219
-7396.44628906
-5702.22314453
-4691.21386719
-4792.52246094
-5203.98437500
-6562.67138672
-2117.22265625
-2875.17529297
-2855.41357422
-7764.66113281
-3018.53564453
-3761.90820312
-2945.39086914
-3719.05688477
-5077.82031250
-2627.61791992
-2962.38842773
-3362.41821289
-4099.16210938
-4811.03808594
-3366.88476562
-3871.61254883
-4890.04541016
-4369.96875000
-3847.33837891
-2682.63061523
-4513.60058594
-4516.10253906
-2695.64721680
-1908.76550293
-4516.82812500
-3887.46972656
-3200.11743164
-4464.44335938
-3255.32763672
-3184.12353516
-3663.47021484
-3042.72119141
-7301.04248047
-4178.83398438
-4432.60839844
-3970.16162109
-4643.90576172
-4455.70947266
-4872.90380859
-4602.68554688
-4793.68847656
-5039.40039062
-5683.15527344
-6625.13476562
-4490.92675781
-9909.89062500
-4946.03710938
-3729.29443359
-5129.20361328
-7283.61083984
-5520.32324219
-4180.68554688
-4335.33984375
-5445.98339844
-5051.51855469
-5243.41406250
-4708.49755859
-5232.53515625
-5763.71435547
-4756.42968750
-5048.63916016
-5488.94726562
-5104.12548828
-4605.21582031
-4945.82861328
-3871.02856445
-6904.91210938
-8252.81445312
-3632.38525391
-6477.15429688
-5932.16894531
-9163.24609375
-5696.36914062
-4527.89062500
-5545.12011719
-4577.41113281
-3462.74023438
-3813.59179688
-3815.66259766
-3863.32202148
-4719.99755859
-5126.44921875
-3757.66601562
-4029.85009766
-4662.15478516
-3568.28247070
-3894.06079102
-4361.63964844
-5078.31640625
-3792.22070312
-4671.28222656
-4010.66259766
-5258.79394531
-3541.08691406
-4216.14843750
-6468.30810547
-3723.58203125
-4509.44140625
-3817.38232422
-5654.78027344
-4846.76367188
-4910.44238281
-5888.42480469
-5045.89208984
-8621.61914062
-5419.35058594
-5712.96289062
-5390.68505859
-6123.17871094
-6291.05029297
-7318.68603516
-4968.27734375
-6349.37304688
-5529.77294922
-5710.20800781
-4745.55175781
-3962.44067383
-5138.81152344
-5524.49023438
-3942.67504883
-5303.23388672
-5674.10644531
-4248.36962891
-6001.52197266
-4730.73046875
-6447.68066406
-7318.19921875
-5665.94726562
-7073.10156250
-5647.38623047
-4414.75781250
-6311.48046875
-3177.64013672
-11062.91796875
-11294.26660156
-11504.73046875
-13793.59375000
-10669.71484375
-8565.22656250
-7922.18164062
-8091.40771484
-7348.07958984
-12775.57128906
-9437.46093750
-9580.76367188
-11436.41015625
-15002.41992188
-8337.94628906
-12274.27246094
-6448.01513672
-12580.05859375
-7466.28710938
-7521.96679688
-7593.78222656
-9679.98632812
-7443.17578125
-9138.24023438
-7657.87548828
-8194.25878906
-9596.18359375
-8196.40820312
-6361.28027344
-6924.86669922
-6694.12402344
-6722.20117188
-7620.27880859
-6795.38769531
-8959.06445312
-8763.57226562
-6744.27490234
-9620.46289062
-4838.85009766
-5018.48779297
-5139.16064453
-5168.72851562
-6682.42333984
-7415.93017578
-8797.64160156
-7537.48925781
-7044.25634766
-8546.90527344
-7010.41699219
-8526.34082031
-8038.04687500
-8312.91601562
-9107.50585938
-6786.88671875
-8683.56250000
-10137.79980469
-6475.34472656
-11355.93164062
-8218.40429688
-8201.38476562
-9269.31054688
-9614.36523438
-8408.64257812
-10987.50195312
-10484.37207031
-9123.34960938
-7567.75781250
-10740.84570312
-9766.52441406
-8619.68359375
-9078.98437500
-11518.58105469
-8574.89843750
-10287.62597656
-8107.84863281
-14739.53710938
-12449.02148438
-9193.52929688
-13766.08789062
-10419.48535156
-28383.12109375
-9526.67675781
-14736.57519531
-16121.84179688
-5676.63330078
-13694.23242188
-14910.61132812
-16830.51953125
-21299.41015625
-21886.19140625
-18952.75000000
-11947.62597656
-16487.53906250
-4007.84399414
-5532.31738281
-3648.28808594
-4607.90869141
-3214.65649414
-6559.67089844
-6087.75683594
-5305.79785156
-6291.35205078
-8038.96582031
-9649.78417969
-7134.23632812
-7726.21582031
-11394.33300781
-8658.45605469
-15619.28710938
-9294.73437500
-8947.29101562
-13173.16992188
-11129.22851562
-13594.35937500
-6014.96582031
-9604.32519531
-19420.38281250
-15427.95214844
-13751.72656250
-17225.34960938
-11841.70117188
-13767.43945312
-15499.72265625
-9087.51367188
-13804.37304688
-13065.72363281
-8112.03662109
-8313.18945312
-13663.68750000
-15974.53125000
-5598.33691406
-6296.23437500
-6875.02441406
-5995.57861328
-5443.20361328
-5533.37353516
-14718.24511719
-4194.78125000
-5206.91210938
-4490.61328125
-9496.64453125
-5646.90136719
-9498.48925781
-9920.95703125
-6868.12744141
-6691.43945312
-10013.66894531
-7972.19628906
-8417.03125000
-7712.05371094
-5195.37988281
-6642.43847656
-9573.35351562
-10288.21972656
-6251.70214844
-5792.47167969
-8414.85546875
-15098.84570312
-27439.40625000
-23126.43554688
-26226.67382812
-9771.45410156
-10089.77343750
-11113.06250000
-18049.81640625
-14793.85937500
-12343.54492188
-12936.52832031
-12856.52734375
-7148.27929688
-39046.88671875
-37749.05468750
-25364.09375000
-21589.17187500
-30280.21875000
-23700.13671875
-18737.93945312
-36979.44531250
-22439.05468750
-20264.92773438
-28477.06250000
-17358.96289062
-27089.15625000
-30921.44531250
-17531.23242188
-13306.37011719
-19829.22656250
-4690.58007812
-5072.59863281
-4157.39355469
-4508.44433594
-4668.56298828
-7010.33691406
-4980.25000000
-5302.95410156
-4619.80566406
-5957.05566406
-8903.10644531
-7804.87255859
-10021.38085938
-8042.63134766
-12656.89257812
-10775.53125000
-8538.73144531
-13551.09375000
-11358.44335938
-20109.52734375
-17953.06640625
-27772.87890625
-17510.03125000
-17788.36132812
-13139.77734375
-11690.86328125
-15196.20703125
-20226.21875000
-17558.25781250
-15837.26855469
-12754.26660156
-18969.56250000
-12003.89062500
-13732.45507812
-24185.37304688
-36447.58984375
-25623.72656250
-12887.62500000
-7241.91015625
-13268.15917969
-7320.08837891
-13942.65527344
-6602.16064453
-12918.01367188
-8024.71093750
-11447.93457031
-21828.69921875
-14287.85253906
-15595.61621094
-13335.76562500
-10097.71582031
-12855.10351562
-13389.00390625
-12895.89062500
-8902.43945312
-21016.73046875
-10162.16406250
-12655.39257812
-13814.96289062
-19895.24023438
-15462.84765625
-14504.38867188
-21212.41210938
-13177.30468750
-14984.00000000
-12558.23144531
-14589.41601562
-13669.60937500
-11229.09179688
-25230.70507812
-12536.40625000
-17455.59765625
-13590.09765625
-15159.38769531
-13465.11132812
-10294.54687500
-9201.67773438
-17874.51953125
-20368.78906250
-10575.30566406
-17245.67968750
-10730.56250000
-7859.86718750
-14452.69531250
-21477.16796875
-11090.84960938
-8670.42773438
-10067.96679688
-20748.92968750
-14162.78710938
-20222.59570312
-10645.77636719
-16144.70898438
-11528.27832031
-20119.12890625
-7265.55078125
-17388.64453125
-21269.71875000
-13958.95117188
-7385.87207031
-12647.49804688
-10057.41992188
-5685.80273438
-10615.84375000
-9480.09960938
-9410.24609375
-18718.78710938
-8045.62402344
-11239.63476562
-8609.11328125
-16196.79882812
-14594.16210938
-21438.73828125
-9186.33203125
-9971.03417969
-9159.68066406
-12439.26562500
-10375.20312500
-9006.74511719
-9044.31738281
-8952.13183594
-20883.02343750
-11998.52539062
-11929.12304688
-13175.25781250
-16833.13867188
-10440.52929688
-19811.00976562
-9497.68652344
-17050.44726562
-12060.44726562
-12258.58105469
-14432.81054688
-8845.06835938
-8149.01074219
-10784.59765625
-9616.23925781
-9640.39843750
-15706.35351562
-6691.78613281
-16013.59179688
-13160.85937500
-18639.46875000
-18566.61523438
-8481.13183594
-7623.62109375
-5130.29785156
-18555.41406250
-4933.64843750
-10034.45605469
-23015.74414062
-6935.17333984
-7279.20605469
-8089.00488281
-7061.75683594
-5407.11425781
-10321.86035156
-6091.19287109
-6734.44335938
-8092.94238281
-8534.34667969
-10214.31054688
-7208.90478516
-9653.23730469
-12405.70703125
-10338.38183594
-11097.69531250
-10193.38964844
-14020.40820312
-11613.48242188
-28794.27343750
-19756.24218750
-20515.17382812
-27166.83203125
-20508.79296875
-17799.96484375
-12746.36230469
-26700.95703125
-19380.51171875
-13230.71777344
-22676.02734375
-14483.99414062
-14497.20507812
-16719.24609375
-17956.65039062
-13472.74804688
-8154.09814453
-13667.71289062
-22449.32421875
-14303.86328125
-10653.10156250
-10092.30273438
-17346.65429688
-13238.15917969
-26241.63085938
-14909.02148438
-9647.50781250
-11850.58203125
-16096.40722656
-12455.64453125
-14961.92382812
-17540.14062500
-18359.42578125
-17675.03125000
-11402.23046875
-14875.50292969
-26668.16406250
-26133.72656250
-59140.21875000
-44389.66015625
-61624.04296875
-49325.49218750
-56783.13281250
-54193.78906250
-50990.18750000
-40827.14843750
-42404.85546875
-40474.81250000
-24572.01953125
-57664.30468750
-56442.02343750
-48117.84375000
-33470.79687500
-44467.43750000
-55237.76562500
-44105.19531250
-42071.39062500
-29738.13671875
-33425.57031250
-37556.59375000
-33311.64062500
-25419.49414062
-36096.92578125
-37972.67578125
-32959.66015625
-26916.69140625
-28929.68164062
-20950.96093750
-22473.35156250
-24504.05664062
-18772.53710938
-32121.98632812
-17395.40625000
-21809.99218750
-24242.12500000
-7479.84570312
-7246.57568359
-7044.60839844
-11303.06933594
-9005.31445312
-14064.15332031
-8707.55078125
-9214.59667969
-15926.36718750
-7350.92871094
-19390.73828125
-16262.74023438
-15351.43945312
-16034.11132812
-14016.16796875
-14457.60937500
-11878.23828125
-20586.45703125
-19124.29882812
-10805.53906250
-13326.35742188
-12472.96093750
-13897.40722656
-14646.95898438
-10385.80859375
-10827.68066406
-15471.81250000
-16324.21679688
-12277.60742188
-10515.01171875
-12188.49414062
-19154.77734375
-13347.56152344
-12803.37011719
-20089.29296875
-14026.80859375
-22480.11718750
-18099.32812500
-29236.58789062
-24349.17773438
-21554.25195312
-23313.76953125
-23283.85546875
-17841.55273438
-22134.56445312
-17174.41015625
-17864.42968750
-21635.37890625
-17020.20117188
-22666.44921875
-28273.63085938
-35920.66406250
-15960.46289062
-27963.03320312
-22073.96679688
-21326.38671875
-16785.72460938
-21064.52734375
-20729.89453125
-18810.40234375
-23654.59960938
-14921.78125000
-24974.98437500
-16862.41015625
-16936.02343750
-27509.50000000
-23011.70898438
-22261.57226562
-26667.10351562
-20037.79296875
-22720.42968750
-16463.58984375
-13961.56250000
-13750.60644531
-23367.76562500
-18219.24414062
-17763.73632812
-19998.13476562
-16010.54101562
-16364.22167969
-15702.79687500
-14878.49609375
-15360.59375000
-23623.50000000
-23133.84765625
-12989.04492188
-21182.65234375
-16259.37890625
-17787.27539062
-11500.22558594
-15268.30273438
-18066.98437500
-15382.92480469
-19744.86718750
-13064.08398438
-14268.38574219
-13650.48828125
-14681.47851562
-15690.21093750
-13241.36132812
-13890.29687500
-12077.41992188
-13394.10546875
-12365.29980469
-14304.42675781
-11610.50000000
-13749.33398438
-11963.99023438
-12458.62500000
-14764.19042969
-16450.83398438
-12974.47265625
-20010.73828125
-37125.92968750
-26124.07812500
-45546.56250000
-23097.51953125
-22004.41015625
-28427.54296875
-23943.94335938
-40021.02343750
-81708.64062500
-88048.66406250
-51899.47656250
-82012.47656250
-79816.15625000
-85787.71875000
-45244.81250000
-45646.13281250
-58621.31250000
-60695.90625000
-25264.74414062
-7346.75537109
-6943.27539062
-7140.82910156
-7258.57226562
-30604.76562500
-20520.77929688
-25398.60156250
-20062.33203125
-13308.86230469
-25175.89062500
-42208.03906250
-38172.90625000
-27385.08007812
-32062.25585938
-12106.80566406
-20045.44531250
-30588.61914062
-16351.81640625
-28548.02539062
-16532.71093750
-16864.50976562
-14358.72167969
-16848.74218750
-17363.20507812
-15878.35546875
-15570.69726562
-15730.26562500
-33154.11718750
-17683.67968750
-29834.57812500
-21292.41992188
-20081.03710938
-38931.77734375
-25875.79687500
-31659.87500000
-24085.36328125
-24346.17578125
-30672.95507812
-18440.48046875
-18495.51171875
-17672.08203125
-20907.16992188
-23254.79296875
-14551.38964844
-20392.26953125
-16844.85742188
-17209.60546875
-18889.73828125
-20540.99218750
-18872.78320312
-25246.83203125
-20501.76562500
-14088.58007812
-36614.35156250
-20602.08203125
-19590.94531250
-21426.36718750
-46606.24218750
-46038.38281250
-51334.72656250
-48239.39062500
-42221.05468750
-39396.44531250
-39832.74218750
-35166.99218750
-39912.72656250
-43447.46875000
-34776.24609375
-43655.83593750
-27588.36328125
-46133.46875000
-32774.44531250
-38178.14843750
-46757.35937500
-35514.80078125
-37822.90625000
-21002.87109375
-19361.47656250
-22113.57421875
-18560.01562500
-25280.71875000
-19881.87695312
-20673.44140625
-29783.80273438
-25708.03906250
-27678.41601562
-20103.76562500
-19919.66015625
-38644.38281250
-37035.45703125
-37120.42968750
-74525.54687500
-56673.02343750
-29364.86914062
-37879.30078125
-51491.41015625
-45945.63671875
-55520.07031250
-32060.89062500
-45845.87109375
-30189.58203125
-30118.35937500
-27667.44726562
-31310.12890625
-38197.48828125
-65514.73437500
-36132.68750000
-38761.18750000
-35274.55468750
-60631.87109375
-25447.48632812
-66524.16406250
-49688.39453125
-25194.90039062
-26102.14257812
-49112.14843750
-72423.69531250
-64087.78906250
-133886.62500000
-60084.78906250
-105686.47656250
-72250.62500000
-55856.95703125
-41500.09375000
-37073.43750000
-61725.46093750
-39011.64843750
-76107.71093750
-44607.32812500
-71168.21875000
-28123.68945312
-19630.66796875
-24675.65625000
-22576.82812500
-24291.18164062
-33724.83984375
-48120.75000000
-45978.25390625
-41025.75000000
-31179.77734375
-29827.58203125
-30892.53125000
-23188.52539062
-37651.73046875
-22681.58203125
-29978.33593750
-27377.24218750
-35870.85156250
-26565.88085938
-32835.83593750
-39425.38281250
-61472.63281250
-70034.21093750
-76666.71875000
-40455.03125000
-46142.82812500
-32362.81640625
-43373.21484375
-55738.46875000
-46614.36328125
-60342.45312500
-57009.05468750
-40414.94531250
-116350.92968750
-57269.16406250
-50088.05078125
-85924.92968750
-129304.42187500
-60872.78906250
-30919.74609375
-38517.50000000
-47223.55859375
-53501.71875000
-47779.02343750
-68267.90625000
-65595.12500000
-73048.39062500
-75464.72656250
-81463.78906250
-43115.24218750
-32908.11328125
-55241.30468750
-37200.79296875
-72813.51562500
-38771.97656250
-53070.02343750
-60324.77343750
-66499.48437500
-51901.66406250
-37206.32031250
-40016.00000000
-29781.61718750
-29349.71679688
-51334.82031250
-63833.01953125
-32573.08398438
-37403.01562500
-47705.88281250
-68045.07812500
-41840.32031250
-44264.29687500
-30734.19921875
-24917.36523438
-56212.80078125
-43547.46093750
-31247.62890625
-30423.82226562
-34582.21093750
-51202.53906250
-45472.60546875
-57469.70703125
-88235.62500000
-46974.00781250
-62680.12890625
-76941.79687500
-62034.66015625
-60932.35546875
-79963.33593750
-58472.87500000
-84347.00000000
-52872.24609375
-54603.46875000
-62713.80468750
-56294.99218750
-30939.41210938
-44547.62890625
-100131.89062500
-57358.96093750
-24609.11132812
-25832.67968750
-50983.32031250
-23601.70898438
-20567.39843750
-55906.75000000
-25824.37500000
-31154.68750000
-20901.57031250
-15647.43554688
-24078.63671875
-27121.00000000
-94569.28125000
-28798.14453125
-23282.89843750
-23001.65625000
-19718.07226562
-39053.82031250
-26064.28515625
-54568.53515625
-36286.47656250
-68093.62500000
-28480.15039062
-42319.49218750
-46162.91015625
-30187.30078125
-46979.54687500
-75105.17187500
-52150.64453125
-53908.16406250
-50241.14843750
-33992.14062500
-82405.60937500
-28076.71093750
-49513.73046875
-42425.17187500
-16359.33789062
-15657.98437500
-17924.81640625
-15478.16796875
-18863.27734375
-22840.54101562
-18725.89843750
-24072.89453125
-25995.23828125
-37717.60937500
-23593.96484375
-19416.77148438
-23302.88867188
-51419.83593750
-25392.91015625
-22253.55859375
-27715.19140625
-61543.92968750
-80669.45312500
-83532.59375000
-96757.51562500
-67675.96875000
-41681.50000000
-45395.53515625
-94653.44531250
-100213.82812500
-38177.48437500
-41612.92578125
-75164.09375000
-50156.65234375
-32668.02343750
-79551.94531250
-106101.65625000
-41702.13671875
-40299.34375000
-80582.73437500
-61231.72265625
-58195.71875000
-34379.59375000
-32367.95703125
-31881.64453125
-38177.81250000
-30422.10546875
-26730.28515625
-29308.33984375
-22476.30078125
-38565.23828125
-27671.23046875
-61450.28125000
-64541.36328125
-34400.34375000
-23218.42187500
-39333.08593750
-28791.10742188
-29199.01953125
-31368.14062500
-33359.89062500
-41931.19531250
-24027.25781250
-20648.43750000
-27732.30078125
-24204.91406250
-16588.44921875
-24508.40820312
-25571.16406250
-24158.04882812
-19298.66015625
-20089.54687500
-21519.38671875
-26841.12304688
-46316.13671875
-37455.54296875
-20796.99609375
-26587.83789062
-36752.64843750
-23850.80664062
-117770.85937500
-30573.49023438
-43015.58203125
-64082.31250000
-110578.94531250
-67622.64062500
-87246.88281250
-113902.60937500
-45990.88671875
-49498.07812500
-41507.70312500
-65305.96093750
-60040.07031250
-54794.15625000
-32798.00390625
-38844.01562500
-48756.81250000
-71370.68750000
-18631.53906250
-15259.72949219
-14580.88476562
-20016.88867188
-59146.40625000
-17112.08984375
-72856.53125000
-31308.16015625
-40684.11328125
-41467.15625000
-25384.31835938
-61433.71484375
-35130.45312500
-78953.53125000
-20496.26562500
-45236.39843750
-88460.24218750
-37366.71093750
-42404.32812500
-68569.23437500
-71789.79687500
-90854.10937500
-60741.50390625
-70322.06250000
-60109.47656250
-69563.28125000
-45327.77734375
-45076.02343750
-56551.85546875
-49459.09375000
-54201.10937500
-91897.10937500
-55946.88281250
-59338.16796875
-75541.69531250
-76661.37500000
-40216.37500000
-60159.18359375
-43594.37109375
-43858.96093750
-83500.12500000
-19992.31445312
-26774.41796875
-34036.85546875
-56828.39062500
-50707.79296875
-24664.73046875
-44942.44140625
-36833.60937500
-66513.15625000
-56721.03515625
-51608.64062500
-55720.75000000
-60495.39062500
-43450.60937500
-42001.05078125
-51559.89843750
-95413.90625000
-77056.57031250
-83685.62500000
-64420.71875000
-53487.50781250
-53643.60156250
-51961.67968750
-45504.18750000
-61162.03125000
-35911.71093750
-46914.34375000
-45551.21093750
-61272.39843750
-67451.98437500
-91932.00781250
-54904.25000000
-50684.62109375
-90049.75781250
-100218.93750000
-20273.52734375
-25354.52343750
-20362.59765625
-23228.62500000
-24772.16992188
-56057.13281250
-21245.41796875
-46302.99218750
-47368.74218750
-20959.67578125
-28013.26171875
-37631.67968750
-36191.32812500
-44108.97656250
-70731.57812500
-28931.17968750
-111618.68750000
-43987.68359375
-56963.60937500
-131242.90625000
-99266.28906250
-31837.85546875
-60371.67968750
-124653.68750000
-50703.82031250
-30707.79687500
-55824.78125000
-27228.56835938
-71431.87500000
-24579.37109375
-24171.92968750
-53905.77343750
-18945.75390625
-34801.82031250
-59727.60156250
-67449.75781250
-56083.28906250
-37764.31640625
-97476.85937500
-90192.81250000
-72992.25781250
-31627.39062500
-64566.58593750
-93434.78906250
-33116.17968750
-72293.30468750
-41352.59765625
-62594.98437500
-55162.87109375
-56473.92968750
-29548.78320312
-38252.28125000
-124312.30468750
-41648.77734375
-40109.34375000
-36251.19921875
-69050.78125000
-13623.60742188
-44112.42187500
-41042.35937500
-44274.39062500
-56269.22656250
-54338.81250000
-51252.17187500
-39687.00390625
-108345.23437500
-107533.15625000
-46034.80859375
-60057.71093750
-64413.84375000
-66362.02343750
-51917.11718750
-151312.23437500
-34550.96875000
-98401.46875000
-64959.21093750
-211034.57812500
-157612.28125000
-31379.26953125
-22040.17187500
-33906.28515625
-29162.37890625
-80914.60156250
-114252.93750000
-125090.98437500
-122744.38281250
-49474.32812500
-58781.65234375
-161143.48437500
-114765.64062500
-103164.40625000
-90560.69531250
-91236.20312500
-129106.32812500
-63024.47656250
-51149.54296875
-44128.81250000
-40263.42187500
-46468.26562500
-70398.70312500
-61508.96484375
-33651.15625000
-43928.86718750
-37541.57812500
-38135.33593750
-33371.81250000
-41730.36718750
-51088.87500000
-30461.16015625
-56802.65234375
-65367.53515625
-68664.70312500
-42279.26562500
-114019.72656250
-166738.67187500
-111196.51562500
-62011.08593750
-45626.39843750
-276317.28125000
-179873.23437500
-156945.15625000
-255284.12500000
-140835.62500000
-90249.33593750
-123541.73437500
-137592.81250000
-75077.01562500
-81138.64843750
-154460.06250000
-107603.14062500
-84263.92968750
-85733.64843750
-54010.76953125
-47257.99609375
-57835.39843750
-41127.92187500
-86070.26562500
-125195.20312500
-57062.59375000
-99405.05468750
-38565.98828125
-42090.60156250
-18086.68750000
-97487.34375000
-22691.42187500
-69890.48437500
-41080.17968750
-61319.17968750
-48355.02734375
-73995.47656250
-42689.41015625
-62151.12890625
-50876.92968750
-142461.29687500
-62354.83203125
-139949.40625000
-62210.83593750
-53533.82031250
-115963.71875000
-85741.02343750
-114788.00000000
-116231.69531250
-109803.77343750
-97813.53125000
-72782.62500000
-108489.41406250
-151865.51562500
-110842.96093750
-134185.53125000
-139635.54687500
-55243.43750000
-170874.98437500
-207574.56250000
-69223.00781250
-84491.14843750
-112156.03906250
-59953.16406250
-114166.37500000
-126527.28125000
-38494.68359375
-46218.17187500
-75212.58593750
-117231.67968750
-82765.31250000
-109233.39062500
-155444.82812500
-102118.17187500
-178410.40625000
-54730.35937500
-60816.80078125
-72103.15625000
-115430.92968750
-48712.39843750
-95734.78125000
-101239.50000000
-178443.75000000
-125092.87500000
-78724.58593750
-90613.26562500
-128497.42187500
-107312.07812500
-72598.50000000
-74350.62500000
-70614.48437500
-35188.53125000
-132180.84375000
-54801.42187500
-71837.75000000
-104693.51562500
-96015.73437500
-96173.31250000
-68593.87500000
-64551.47265625
-99572.18750000
-38235.84375000
-37074.33593750
-56665.11718750
-42404.91015625
-62502.32421875
-26978.28320312
-55733.82812500
-54353.43750000
-27474.16210938
-66475.70312500
-93514.45312500
-48357.08203125
-31681.06640625
-34119.29296875
-178922.87500000
-46613.72656250
-69054.77343750
-103876.06250000
-88997.53906250
-131279.42187500
-124646.97656250
-109841.95312500
-80708.03125000
-96227.96875000
-52090.67187500
-55868.10546875
-80995.52343750
-99563.56250000
-82223.10937500
-42920.09375000
-71991.37500000
-93690.45312500
-124700.10156250
-66401.69531250
-66267.07031250
-40397.57421875
-195653.42187500
-9023.82714844
-38959.53125000
-94118.89062500
-34481.05859375
-138602.15625000
-50753.67968750
-9543.42968750
-54584.22265625
-73857.73437500
-82151.92968750
-84073.33593750
-12335.01464844
-71515.71875000
-7066.43554688
-12486.74316406
-626.90698242
-18130.81835938
-7305.27734375
-21673.36328125
-3627.13964844
-32496.80859375
-20150.18164062
-21684.40234375
-22404.36328125
-21062.55078125
-8591.98437500
-14406.88671875
-25296.40820312
-45981.21484375
-29175.00781250
-36963.86718750
-176035.98437500
-217620.43750000
-643993.75000000
-485455.18750000
-274500.81250000
-543783.18750000
-268057.62500000
-272866.62500000
-353118.40625000
-132977.42187500
-251246.95312500
-418313.28125000
-308622.34375000
-409541.87500000
-301808.81250000
-157250.29687500
-330805.50000000
-384524.31250000
-318018.87500000
-59875.75781250
-64677.78125000
-64412.57421875
-101512.15625000
-45478.00390625
-64952.78906250
-46890.16406250
-74772.71875000
-132885.01562500
-127137.96875000
-110554.17187500
-156634.89062500
-89975.40625000
-180256.39062500
-135560.64062500
-78496.57031250
-114115.60937500
-85991.89843750
-94818.65625000
-31744.45117188
-37792.30859375
-33626.05468750
-34247.65234375
-16855.72656250
-21580.01171875
-28884.85351562
-68055.81250000
-34028.97656250
-28895.49609375
-48262.67187500
-62780.06640625
-41501.51562500
-51983.83203125
-33075.51171875
-90245.12500000
-118844.76562500
-59671.39843750
-62135.09375000
-103943.64062500
-85277.70312500
-90133.59375000
-58886.38281250
-36652.05078125
-95591.21875000
-87860.55468750
-69152.33593750
-51513.30078125
-72066.09375000
-29860.87109375
-134903.93750000
-141273.37500000
-29214.02734375
-116777.03125000
-94580.13281250
-102468.35937500
-34161.50390625
-16117.76367188
-80902.51562500
-49279.00781250
-23527.63281250
-98968.92187500
-49675.10156250
-73963.17968750
-53413.94921875
-88403.13281250
-26480.72070312
-45331.78515625
-45291.11718750
-50311.63671875
-70885.53125000
-59283.81250000
-45333.57812500
-29743.66406250
-101436.23437500
-61796.89843750
-75168.09375000
-35948.14843750
-46461.98437500
-110748.67187500
-23557.22851562
-61938.26562500
-28182.14843750
-75926.50000000
-67786.40625000
-96550.83593750
-130079.32031250
-81000.03906250
-33130.40234375
-42683.20703125
-124516.48437500
-38677.05859375
-62038.12890625
-49569.71093750
-85337.71875000
-68487.73437500
-61005.96875000
-55254.41406250
-86046.76562500
-74117.07031250
-82807.32031250
-75882.40625000
-80143.60937500
-81280.01562500
-108867.40625000
-48827.71093750
-37693.94921875
-59829.42968750
-59609.14062500
-48176.32421875
-78371.82812500
-36400.79296875
-51953.55468750
-49429.21875000
-42158.06250000
-63844.44531250
-45774.27343750
-27608.35937500
-39803.03515625
-26963.66015625
-83928.00000000
-39137.11718750
-67963.34375000
-47085.94531250
-38555.64062500
-90761.79687500
-109738.00000000
-69862.25000000
-59888.64843750
-79799.51562500
-31172.95312500
-29236.39843750
-50080.06250000
-36086.50781250
-46134.97265625
-24295.61718750
-46029.66406250
-72630.53125000
-178412.57812500
-147169.85937500
-177374.50000000
-63302.00000000
-129749.60937500
-135873.56250000
-123464.38281250
-98458.43750000
-188165.09375000
-93522.19531250
-85155.37500000
-72347.56250000
-93670.54687500
-95729.96093750
-102175.00781250
-112244.35937500
-84643.17187500
-135490.39062500
-175070.43750000
-177050.12500000
-81140.95312500
-90653.47656250
-144233.50000000
-89585.89062500
-128615.17187500
-87749.06250000
-123398.59375000
-86207.15625000
-100785.73437500
-130497.18750000
-116546.49218750
-114010.54687500
-76698.87500000
-46737.83203125
-72946.59375000
-47417.34375000
-79194.73437500
-123959.45312500
-88466.21093750
-69125.27343750
-95214.98437500
-71184.60156250
-57190.14062500
-91476.34375000
-129386.58593750
-70652.61718750
-81357.50781250
-80889.17968750
-73713.26562500
-80279.45312500
-78070.08593750
-74883.24218750
-62165.48437500
-82678.42968750
-87043.93750000
-71048.64062500
-66184.46875000
-82187.09375000
-80566.06250000
-76756.32812500
-99668.56250000
-96363.66406250
-87331.76562500
-90379.76562500
-69551.62500000
-53165.32031250
-72586.57031250
-93235.83593750
-92553.62500000
-94434.15625000
-109285.28125000
-115445.31250000
-108879.07812500
-110682.37500000
-99588.25000000
-109134.61718750
-109413.29687500
-110234.81250000
-111972.50000000
-119438.71093750
-112249.29687500
-135322.06250000
-145804.90625000
-94287.90625000
-116796.45312500
-116368.50000000
-103601.35156250
-94672.46093750
-111256.43750000
-76567.03125000
-71820.15625000
-78740.70312500
-65802.82031250
-88882.92187500
-96468.93750000
-72598.39062500
-92000.42968750
-90773.76562500
-105849.76562500
-115381.03125000
-78186.59375000
-89286.45312500
-107988.65625000
-97137.57812500
-88729.57812500
-127011.36718750
-103134.41406250
-99627.85156250
-117176.12500000
-119987.79687500
-97099.10937500
-120593.79687500
-90467.72656250
-120433.74218750
-105614.45312500
-152625.96875000
-120443.72656250
-106846.76562500
-107372.71093750
-97905.02343750
-132136.68750000
-108901.34375000
-113197.41406250
-166270.81250000
-122397.42187500
-141132.34375000
-96110.47656250
-124426.65625000
-102500.31250000
-139994.03125000
-129009.12500000
-110212.90625000
-92450.82812500
-87988.50781250
-158708.40625000
-140260.50000000
-86118.07031250
-129581.59375000
-120325.28125000
-110124.85937500
-74726.99218750
-122706.04687500
-102025.06250000
-121773.62500000
-108014.28125000
-176162.73437500
-68545.73437500
-77257.54687500
-80065.11718750
-88990.92968750
-73359.07031250
-91526.54687500
-85725.03906250
-95240.92187500
-82954.10156250
-82606.03906250
-77860.52343750
-82826.03906250
-95112.23437500
-107794.76562500
-83448.64062500
-91278.78906250
-82677.25781250
-113958.71875000
-97790.50000000
-209915.34375000
-242460.07812500
-265404.75000000
-224141.09375000
-173495.87500000
-256170.62500000
-188807.18750000
-203243.42187500
-156449.93750000
-237484.35937500
-174883.78125000
-142830.28125000
-191402.15625000
-226246.00000000
-191465.60937500
-113820.25781250
-143800.50000000
-196066.96875000
-260319.06250000
-107272.46875000
-65633.45312500
-73876.20312500
-160497.81250000
-84480.03906250
-106429.94531250
-99591.21875000
-90400.80468750
-70735.24218750
-94320.31250000
-80812.18750000
-86668.04687500
-115557.66406250
-92325.26562500
-71025.71875000
-84545.60156250
-94024.53906250
-75933.65625000
-110283.28125000
-86376.29687500
-94196.12500000
-107933.52343750
-127419.05468750
-80180.44531250
-101586.82812500
-94614.03125000
-94986.96875000
-71297.24218750
-97235.35937500
-85621.87500000
-82168.35937500
-84285.60937500
-76257.10937500
-119226.40625000
-74904.51562500
-107013.09375000
-80761.71093750
-93436.75781250
-111699.17187500
-112507.68750000
-83854.96875000
-93109.89062500
-98243.37500000
-119332.59375000
-96361.60937500
-80985.14843750
-73466.21875000
-88722.83593750
-81350.64062500
-73555.55468750
-119255.14062500
-66049.84375000
-75165.84375000
-77485.89843750
-127441.79687500
-69504.50000000
-66001.83593750
-80239.45312500
-62779.11718750
-75326.07812500
-62776.51171875
-77389.82812500
-70920.41406250
-70513.04687500
-80746.39062500
-72619.90625000
-66074.39062500
-87500.81250000
-101319.40625000
-87503.70312500
-68441.62500000
-80915.77343750
-78010.67187500
-80854.07812500
-67917.94531250
-94754.07812500
-65111.93750000
-88991.15625000
-141101.25000000
-80408.00781250
-114060.64062500
-76695.29687500
-117056.29687500
-67222.40625000
-87086.79687500
-101916.31250000
-99505.73437500
-84612.17968750
-85247.20312500
-110348.39843750
-72825.19531250
-67519.82812500
-96036.67187500
-96446.52343750
-104306.81250000
-112220.02343750
-107051.48437500
-124802.76562500
-112721.21875000
-164758.28125000
-109990.33593750
-92963.89062500
-133974.68750000
-147171.09375000
-97398.06250000
-150852.81250000
-119242.90625000
-113740.89062500
-148510.00000000
-91009.79687500
-113562.45312500
-128158.91406250
-129161.93750000
-100896.48437500
-140144.50000000
-100877.46875000
-114190.21875000
-124466.17187500
-105032.65625000
-107354.67187500
-126798.89062500
-106582.33593750
-114609.59375000
-123176.67968750
-196570.28125000
-148133.12500000
-161393.68750000
-144075.26562500
-173604.09375000
-161319.50000000
-178004.37500000
-188179.03125000
-107233.67187500
-114479.05468750
-110305.26562500
-106328.82812500
-144171.50000000
-131190.59375000
-129806.57031250
-129526.79687500
-115167.35937500
-122738.18750000
-121644.51562500
-145902.20312500
-144226.87500000
-147502.06250000
-130765.99218750
-229811.25000000
-259843.79687500
-337458.31250000
-423735.81250000
-470965.81250000
-434367.62500000
-402210.56250000
-330202.18750000
-457026.68750000
-294948.06250000
-182423.46875000
-265863.87500000
-273108.81250000
-357558.31250000
-181962.59375000
-312781.15625000
-196393.51562500
-229647.03125000
-230926.21875000
-168739.51562500
-195494.18750000
-180658.15625000
-87005.75000000
-69491.84375000
-61241.21484375
-71796.66406250
-58858.09375000
-50908.32031250
-89200.14062500
-107198.98437500
-63949.06250000
-53878.45312500
-80032.62500000
-68413.47656250
-75142.49218750
-94702.42187500
-77536.98437500
-73867.49218750
-65292.68750000
-75406.01562500
-63587.27343750
-89919.20312500
-119328.59375000
-92028.84375000
-121622.81250000
-96913.89062500
-112264.29687500
-89933.66406250
-113676.39062500
-86408.49218750
-91250.82812500
-95526.73437500
-112519.58593750
-175737.96875000
-91929.31250000
-121777.66406250
-77650.28125000
-142830.68750000
-168022.51562500
-153861.71875000
-123004.54687500
-115354.15625000
-119015.19531250
-98274.20312500
-102915.77343750
-100885.05468750
-115313.91406250
-131181.56250000
-116443.09375000
-106060.42187500
-109995.71875000
-95748.81250000
-98082.31250000
-97736.50000000
-134974.28125000
-124638.62500000
-115953.48437500
-121593.03125000
-122315.94531250
-122394.26562500
-136177.64062500
-136202.93750000
-164931.59375000
-153210.03125000
-151477.32812500
-106403.73437500
-166601.65625000
-154034.46875000
-169714.84375000
-136088.20312500
-138870.95312500
-108954.60156250
-125879.54687500
-154113.04687500
-143457.73437500
-115329.81250000
-139113.53125000
-142313.09375000
-119533.28906250
-146608.17187500
-151550.32812500
-110500.67968750
-135979.12500000
-128913.82031250
-163522.34375000
-118583.00000000
-187971.90625000
-143080.18750000
-156876.95312500
-142394.06250000
-141439.15625000
-137598.96875000
-222518.78125000
-176224.37500000
-215049.09375000
-144184.84375000
-211614.25000000
-148233.37500000
-203372.45312500
-214369.76562500
-168591.53125000
-183397.56250000
-234948.48437500
-297475.31250000
-184189.46875000
-186305.04687500
-206168.73437500
-197417.34375000
-226478.03125000
-184113.09375000
-158480.98437500
-180660.21875000
-215108.53125000
-145449.01562500
-129107.16406250
-120118.73437500
-163940.43750000
-181421.71875000
-137341.96875000
-188422.40625000
-127743.90625000
-182804.65625000
-134742.82812500
-158183.26562500
-157154.70312500
-155373.18750000
-153191.04687500
-177695.03125000
-178850.00000000
-169509.59375000
-128113.65625000
-150701.75000000
-155212.57812500
-151486.29687500
-106847.82812500
-113982.57031250
-133914.07812500
-134875.26562500
-142220.65625000
-153021.56250000
-150023.18750000
-167969.54687500
-160841.37500000
-135996.62500000
-135884.25000000
-125582.56250000
-138794.37500000
-151075.53125000
-151264.23437500
-116822.31250000
-144870.28125000
-143184.06250000
-130378.84375000
-154320.78125000
-164400.81250000
-140591.37500000
-139425.64062500
-178300.46875000
-158591.25000000
-165386.60937500
-134244.95312500
-150170.98437500
-149743.79687500
-127414.75000000
-182277.78125000
-170625.62500000
-154650.15625000
-161329.43750000
-122047.02343750
-134013.29687500
-171319.34375000
-143867.70312500
-112364.87500000
-103445.29687500
-132397.68750000
-128795.68750000
-136925.25000000
-195225.35937500
-171498.37500000
-147619.59375000
-132624.00000000
-133145.84375000
-151729.92187500
-175244.12500000
-164642.81250000
-168545.20312500
-114785.29687500
-201819.15625000
-186706.84375000
-166904.01562500
-125220.39062500
-97157.57812500
-117509.03125000
-101217.03125000
-127381.84375000
-136964.32812500
-115283.37500000
-113305.26562500
-127316.50781250
-104521.73437500
-116556.89843750
-132665.40625000
-116596.28125000
-146522.75000000
-110775.29687500
-94372.09375000
-109158.09375000
-118144.21875000
-111178.96875000
-102388.69531250
-87425.84375000
-98818.10156250
-94463.00000000
-111989.35156250
-123857.42187500
-94311.49218750
-135104.89062500
-165383.43750000
-229156.40625000
-144789.48437500
-127021.71093750
-157598.12500000
-169980.68750000
-105758.28125000
-185868.50000000
-118875.32031250
-126272.23437500
-134423.76562500
-107670.82031250
-127892.70312500
-155607.32812500
-158763.50000000
-163973.90625000
-160034.28125000
-130968.80468750
-122687.18750000
-107359.62500000
-122305.32812500
-151411.18750000
-112513.90625000
-115627.28125000
-121258.56250000
-116764.32812500
-119013.09375000
-148740.45312500
-142643.75000000
-128082.04687500
-172033.56250000
-166711.96875000
-154956.43750000
-158488.56250000
-158167.46875000
-155031.75000000
-178391.23437500
