-7.15043116
-7.50189590
-8.07058334
-8.16741657
-8.46240044
-9.37017345
-9.66722107
-10.56493568
-11.81235409
-12.91699982
-14.11767197
-13.67104912
-15.66201210
-17.01854897
-18.32188034
-19.63549042
-20.34675598
-22.70108795
-22.52705956
-22.67831039
-23.47422409
-24.20240402
-27.57844734
-29.17313194
-29.54686165
-25.93597412
-27.38595200
-31.00627518
-35.90714645
-35.79389954
-35.81016159
-34.60066605
-39.45188141
-40.39383698
-43.83587646
-42.71524811
-44.07833481
-49.10842514
-49.96234894
-51.80372620
-53.95421600
-54.75923538
-56.18038940
-55.92062378
-58.07262421
-53.67121124
-59.71220779
-60.86260223
-61.20758057
-58.54639435
-64.68364716
-64.89031219
-68.77839661
-64.00880432
-71.39208221
-70.94866943
-71.91854858
-71.88312531
-71.53190613
-77.53385162
-70.67735291
-73.41169739
-73.98652649
-75.26892090
-77.72628021
-74.18162537
-74.23934937
-76.30238342
-74.33506775
-80.50077820
-81.49615479
-81.65496826
-78.96343231
-80.32627869
-79.32061005
-70.93779755
-70.37458801
-64.68792725
-76.09804535
-78.94517517
-73.87481689
-73.60255432
-72.09778595
-77.01190186
-82.81655884
-85.91578674
-80.68424988
-82.91677094
-86.29339600
-84.59234619
-87.69873047
-90.86303711
-96.20867920
-92.19129944
-98.23168945
-88.44614410
-91.44940186
-95.23803711
-103.21536255
-99.51802826
-98.03274536
-95.45271301
-99.61245728
-105.99942017
-95.94952393
-100.37998199
-101.82925415
-104.70712280
-103.19572449
-107.76054382
-106.69386292
-104.84194946
-105.82073975
-105.58738708
-103.81640625
-96.99848938
-104.69441223
-98.55535126
-105.57118988
-104.30603790
-109.69892883
-112.57929993
-108.02319336
-107.54579163
-112.48439026
-117.17095947
-114.34481812
-122.62886047
-126.73751068
-124.50166321
-125.53664398
-138.05903625
-143.93339539
-146.00779724
-133.43331909
-131.38436890
-134.16708374
-139.38584900
-133.82089233
-141.98876953
-143.66616821
-137.46078491
-142.80712891
-137.08276367
-147.21165466
-143.15956116
-152.22372437
-154.55856323
-143.51510620
-152.55227661
-165.83984375
-154.89364624
-176.64587402
-167.27972412
-171.67443848
-166.85125732
-169.16839600
-158.87454224
-158.67437744
-159.99951172
-160.66342163
-165.25604248
-166.58374023
-163.61148071
-155.46546936
-163.22520447
-158.04339600
-161.15905762
-157.66889954
-147.21005249
-154.94793701
-156.17834473
-159.94772339
-166.55215454
-162.15023804
-163.22399902
-161.10977173
-169.09054565
-165.09565735
-174.05422974
-171.37992859
-165.42651367
-169.01147461
-175.74029541
-182.41809082
-180.00457764
-184.44346619
-180.99757385
-192.80313110
-187.91931152
-176.87481689
-189.19670105
-195.52612305
-187.59690857
-198.32801819
-190.70501709
-192.32691956
-185.45809937
-191.12130737
-187.57254028
-184.93693542
-183.02223206
-186.68414307
-184.67703247
-189.83789062
-192.82354736
-186.95223999
-182.60906982
-189.02731323
-202.43041992
-201.27673340
-207.67572021
-197.87223816
-202.04882812
-210.18930054
-207.84977722
-210.80017090
-218.55740356
-210.13148499
-215.33978271
-215.79965210
-211.44371033
-211.25662231
-213.43000793
-215.74563599
-205.15568542
-182.23046875
-176.36077881
-168.23385620
-185.13146973
-173.56112671
-171.09483337
-180.67816162
-180.09236145
-190.20791626
-180.32545471
-186.67820740
-185.17886353
-183.42137146
-194.37951660
-201.58331299
-192.42050171
-183.31477356
-187.62628174
-155.93029785
-152.69503784
-168.20309448
-163.86486816
-155.57290649
-161.69851685
-170.30200195
-141.97711182
-139.55033875
-137.92921448
-150.05566406
-155.71463013
-160.31619263
-153.57417297
-143.44212341
-138.19677734
-137.96524048
-134.71589661
-142.46118164
-102.00091553
-114.36233521
-139.22473145
-142.30545044
-132.34373474
-151.24996948
-143.19187927
-143.23846436
-141.14151001
-173.07847595
-157.13735962
-136.92073059
-166.64047241
-140.63140869
-143.91098022
-147.89157104
-147.81428528
-147.15139771
-141.39514160
-126.74050903
-130.43450928
-107.10809326
-121.56694031
-122.44271851
-111.77656555
-109.80859375
-113.90568542
-120.82429504
-122.19409180
-125.67673492
-117.90972900
-128.24099731
-121.23635864
-119.04782104
-121.79811096
-133.06442261
-152.29690552
-127.05746460
-164.28704834
-157.02088928
-140.37359619
-151.57579041
-144.75015259
-142.52783203
-133.86625671
-140.16967773
-135.55474854
-132.23887634
-152.22314453
-159.24374390
-145.68940735
-155.20906067
-151.16726685
-170.89633179
-154.64538574
-189.40922546
-166.75482178
-222.85839844
-199.24888611
-202.55162048
-193.35281372
-194.01513672
-202.00286865
-172.07119751
-179.04577637
-172.31094360
-193.75863647
-163.15682983
-159.49502563
-168.97143555
-160.56564331
-186.67819214
-167.39263916
-157.64877319
-153.49911499
-176.19706726
-154.54113770
-157.98071289
-188.51223755
-178.36122131
-189.28659058
-201.22802734
-170.75025940
-225.16004944
-187.60974121
-194.98638916
-176.65721130
-171.12062073
-177.97930908
-158.99246216
-221.70907593
-161.14688110
-186.44992065
-176.33178711
-203.83911133
-235.84765625
-218.06082153
-227.45950317
-213.85144043
-215.16448975
-228.05792236
-193.89622498
-211.24490356
-176.76193237
-171.34704590
-191.20755005
-203.28451538
-172.68060303
-189.09155273
-177.11145020
-160.79086304
-162.29714966
-169.10739136
-100.29170990
-91.92739105
-128.59521484
-122.24251556
-121.36479187
-124.98791504
-142.46847534
-114.22470093
-125.19570160
-111.00123596
-104.77607727
-98.59107208
-120.31576538
-103.38757324
-126.14997864
-130.19961548
-127.22483826
-120.47296143
-111.91317749
-135.75143433
-140.06472778
-156.67901611
-125.30332947
-128.30451965
-143.96630859
-174.85751343
-157.16149902
-193.90266418
-178.31152344
-169.30990601
-171.69801331
-155.88044739
-173.51303101
-171.68624878
-190.29650879
-166.32252502
-163.84469604
-185.28373718
-169.02365112
-151.79977417
-160.38853455
-197.91972351
-155.78660583
-166.09106445
-149.55184937
-190.21972656
-180.72756958
-188.11909485
-150.18406677
-139.51110840
-146.29586792
-141.23408508
-174.64549255
-146.70520020
-151.16680908
-160.60638428
-154.64311218
-152.49728394
-134.20312500
-124.00299072
-142.60276794
-139.08644104
-119.10340881
-100.79612732
-100.92765808
-121.41671753
-95.00006104
-91.61569214
-104.43248749
-87.58497620
-85.59410858
-104.77143860
-120.67571259
-114.86064148
-120.81015015
-110.43814087
-132.98359680
-122.59680176
-145.09310913
-156.36370850
-147.44563293
-141.55381775
-136.93449402
-169.93588257
-140.01754761
-156.64862061
-154.31954956
-152.25617981
-161.59648132
-163.72373962
-134.33758545
-152.40307617
-139.84448242
-112.47581482
-126.96298218
-110.07484436
-81.46351624
-104.13049316
-106.82489014
-97.54013062
-91.49536133
-92.09231567
-82.20254517
-119.35347748
-109.75556183
-104.85466003
-128.16696167
-95.52705383
-108.57936096
-107.32744598
-83.77337646
-95.35411072
-101.05340576
-79.98210907
-83.08184052
-74.93548584
-83.28898621
-66.96968079
-83.44528961
-82.37789917
-76.31591034
-70.28254700
-69.80404663
-66.32576752
-59.10660553
-74.12248230
-92.48394775
-81.99286652
-68.38722992
-68.01013184
-71.33644867
-78.53842163
-57.72804642
-81.05994415
-81.96002197
-71.09739685
-64.77021790
-76.18901062
-66.41868591
-68.54469299
-82.66258240
-78.90167999
-63.95070648
-96.88404846
-79.85733032
-66.64176178
-84.31568146
-104.61435699
-89.15626526
-96.27983093
-105.63491821
-105.52554321
-111.44179535
-118.77787781
-145.33175659
-111.44742584
-138.53213501
-139.11373901
-149.43191528
-148.10542297
-138.43612671
-140.31896973
-127.06387329
-139.35620117
-115.72688293
-133.30599976
-116.19488525
-121.46257019
-120.52943420
-115.02937317
-78.69144440
-59.34605789
-60.65338135
-43.43964386
-61.95734787
-57.56980133
-80.76124573
-67.07113647
-68.64242554
-68.70643616
-69.62205505
-68.46336365
-55.07107162
-69.28450012
-88.92234802
-80.88047791
-71.81726837
-67.18124390
-72.04992676
-106.55684662
-84.74718475
-85.23925018
-80.46669006
-69.59590912
-60.85868073
-65.73858643
-62.08826447
-56.55625153
-63.40602875
-60.31007767
-55.53911972
-67.42798615
-69.91648102
-62.71394348
-75.87409973
-58.02774811
-78.73114014
-76.59714508
-58.75392151
-95.15238953
-105.08932495
-100.41792297
-97.36711121
-81.65256500
-72.30140686
-92.08140564
-90.69255829
-65.48029327
-81.53256226
-68.23155975
-79.16052246
-83.36547852
-79.62393951
-84.58535767
-72.06283569
-81.92553711
-85.58319092
-43.40235138
-77.88934326
-50.78184509
-64.49420929
-68.71842194
-68.68300629
-65.77748871
-71.46044922
-77.15341187
-64.88858032
-101.84243774
-86.83966064
-69.80730438
-100.52861023
-102.40334320
-73.63265991
-82.03376007
-99.13034821
-125.51156616
-134.83412170
-106.25639343
-103.40995026
-99.12263489
-92.60025024
-113.99224091
-128.66674805
-113.49988556
-104.18760681
-110.40769196
-85.88071442
-104.32135010
-126.33325195
-94.68801880
-104.57810211
-120.08484650
-105.22229767
-109.67001343
-73.95617676
-75.07817078
-75.41027832
-73.27026367
-62.71729660
-67.32514954
-58.83488464
-64.82981873
-70.62092590
-80.31560516
-63.83756256
-82.02558899
-69.52992249
-74.92167664
-55.80938339
-73.31555176
-56.11765671
-64.27847290
-73.59630585
-80.71939087
-61.49054718
-69.03657532
-68.67208099
-62.59365845
-46.09677124
-57.30427551
-64.27936554
-54.10066986
-53.85220337
-63.64729691
-56.19692230
-51.37002182
-67.65215302
-58.41663361
-60.87077332
-73.19808197
-78.41503906
-67.03182983
-69.53031921
-87.70652771
-107.73730469
-93.72446442
-90.78440094
-97.71386719
-94.36633301
-80.92457581
-102.71609497
-88.38346863
-76.92024231
-83.40995026
-85.53557587
-98.65689087
-72.50528717
-91.21554565
-77.23065186
-68.57093811
-86.33499908
-56.03308868
-50.67819214
-65.55268860
-66.52249146
-63.31507874
-106.68257904
-82.27342224
-93.21471405
-86.52404022
-65.43072510
-72.62725830
-71.19921875
-83.50326538
-73.46846008
-78.40790558
-62.03224945
-73.50537109
-81.36311340
-79.43518829
-55.07809448
-50.50749969
-55.68525314
-52.25421906
-40.50850296
-49.85941315
-56.90370178
-54.21912384
-58.83194733
-51.56880951
-62.09263229
-71.02693176
-70.19611359
-57.66714859
-58.60393524
-54.26146698
-56.39953995
-60.20130157
-92.46009827
-90.62261200
-86.88389587
-96.96311951
-77.55392456
-84.53984070
-68.23530579
-73.69822693
-82.13991547
-81.36497498
-82.23144531
-87.01955414
-81.22004700
-84.64454651
-84.21895599
-77.55955505
-85.22215271
-71.77962494
-82.00703430
-46.88855743
-61.71182632
-54.96383667
-70.59853363
-68.87104797
-78.18116760
-61.36631775
-63.15939331
-69.01022339
-84.05432892
-78.23134613
-77.70854187
-74.20597839
-90.92388153
-96.28767395
-98.35592651
-103.67269897
-86.09909058
-82.19827271
-99.21345520
-100.50527191
-93.79078674
-98.87522888
-116.52049255
-120.06357574
-115.12042236
-125.17554474
-116.37527466
-127.27561188
-141.98789978
-115.39340973
-116.35234070
-154.94219971
-127.65333557
-149.72439575
-144.07496643
-148.80509949
-125.53989410
-130.19480896
-119.64408875
-161.62121582
-160.23162842
-153.91162109
-145.52914429
-146.86337280
-123.21006775
-139.71653748
-128.87548828
-128.85362244
-117.34143066
-112.80886841
-136.75317383
-94.31564331
-113.43920898
-107.75365448
-123.28254700
-141.28005981
-40.38582993
-51.09521484
-42.93750763
-53.36172485
-40.97014618
-54.79127502
-32.53974152
-45.01882172
-51.55834961
-73.53265381
-50.18504333
-55.86594391
-52.16613770
-54.12659454
-73.27331543
-67.59788513
-61.23125839
-59.25844574
-62.24526596
-57.49791718
-66.74746704
-71.23371887
-62.34384918
-91.62125397
-60.63381577
-58.05110931
-54.68649292
-47.97557449
-64.12361145
-68.68302917
-75.85494995
-87.59169769
-64.67713928
-59.93391418
-63.91576385
-56.79095459
-117.37827301
-109.47357941
-76.59020233
-95.94548798
-120.70772552
-71.08097839
-73.43532562
-86.00827026
-47.21122742
-113.61463165
-90.50714874
-56.41745377
-91.07217407
-75.27899170
-128.25442505
-58.46089935
-52.03572083
-72.24523926
-52.87360382
-73.13048553
-39.17413330
-38.51927948
-59.89599609
-25.33197594
-29.14776039
-52.78506470
-80.38088226
-61.15931320
-66.47953033
-80.56558228
-45.46327209
-53.32933807
-85.97448730
-51.54417801
-67.62084198
-51.24026489
-72.42456055
-86.86170197
-72.99832153
-43.29122162
-35.20183563
-53.91614532
-51.12662506
-38.82942963
-64.04694366
-66.16728210
-44.52578735
-50.79588318
-71.35479736
-51.60013580
-76.46678925
-59.68903732
-103.52207947
-128.34019470
-103.06579590
-128.08425903
-124.62064362
-104.27172852
-116.60552979
-138.56604004
-140.28813171
-109.53183746
-119.04098511
-121.67692566
-121.68750763
-110.12800598
-134.49865723
-125.14134216
-150.50933838
-103.81497192
-93.16178894
-139.30041504
-147.91844177
-171.36929321
-171.90246582
-268.24719238
-182.85437012
-452.58435059
-313.06835938
-321.59796143
-259.50714111
-301.74572754
-308.63888550
-320.29800415
-300.53747559
-297.76516724
-284.46166992
-263.03143311
-242.70379639
-257.98892212
-269.39465332
-282.24414062
-330.00396729
-304.27642822
-307.42987061
-234.11016846
-288.71054077
-252.53585815
-328.09259033
-395.47406006
-392.77694702
-376.35424805
-339.84826660
-395.15728760
-358.24438477
-440.81753540
-398.91522217
-375.28472900
-370.23382568
-402.05484009
-368.02532959
-446.28491211
-348.59716797
-416.58786011
-417.41857910
-412.71917725
-428.24740601
-411.99084473
-413.87707520
-377.38714600
-357.85668945
-363.69131470
-463.66387939
-384.39678955
-440.57254028
-424.82189941
-544.79235840
-422.98498535
-464.56555176
-416.70965576
-462.99414062
-477.47479248
-402.56405640
-194.22790527
-285.98919678
-356.31924438
-343.92987061
-508.61953735
-422.60931396
-535.01019287
-517.82183838
-512.30493164
-607.10229492
-487.37692261
-487.98480225
-517.84753418
-488.74041748
-587.74169922
-489.85806274
-669.00622559
-560.05816650
-589.28747559
-778.65332031
-747.55041504
-632.29217529
-552.39178467
-576.51110840
-570.69732666
-592.68896484
-553.19348145
-460.04611206
-533.45690918
-534.24523926
-355.71432495
-397.80758667
-415.14672852
-517.02325439
-459.86865234
-406.32318115
-434.16247559
-490.86370850
-464.26327515
-391.88873291
-327.97219849
-408.82229614
-343.43365479
-398.33123779
-314.09197998
-267.66436768
-274.17413330
-421.74578857
-325.95050049
-345.49990845
-265.42248535
-405.07693481
-300.82443237
-306.78298950
-240.98947144
-275.02648926
-321.49295044
-125.73506927
-111.86640930
-139.36975098
-196.93173218
-142.58262634
-161.48782349
-132.46585083
-163.08462524
-197.79730225
-212.62548828
-229.09020996
-302.56164551
-226.89739990
-225.19631958
-231.70520020
-201.30105591
-212.17202759
-205.87327576
-200.06916809
-128.95329285
-142.91856384
-164.83676147
-143.54116821
-155.31207275
-119.20477295
-107.70870972
-174.79559326
-186.50784302
-185.73196411
-187.10632324
-213.55357361
-218.46376038
-200.68782043
-203.92526245
-207.66484070
-186.83573914
-174.57064819
-250.02793884
-169.69418335
-155.07633972
-133.00982666
-151.92764282
-120.63027954
-93.38217163
-141.02798462
-182.29209900
-122.06327057
-239.00253296
-167.94375610
-170.88644409
-174.18141174
-176.07456970
-130.32119751
-208.76296997
-222.66191101
-230.26994324
-127.61735535
-173.04408264
-143.67337036
-137.76721191
-152.07672119
-157.77127075
-206.60644531
-224.57446289
-188.20568848
-155.22731018
-261.89004517
-156.20005798
-256.85015869
-169.30020142
-309.66229248
-181.97784424
-214.85922241
-247.01673889
-194.50929260
-113.38829041
-148.04231262
-111.92629242
-101.16223907
-178.33026123
-196.52987671
-102.33625793
-151.21949768
-111.60733032
-146.45918274
-128.05647278
-164.53482056
-158.64253235
-193.37316895
-137.97705078
-205.68890381
-186.41606140
-206.75993347
-129.79768372
-323.32183838
-343.04428101
-365.37982178
-278.00061035
-463.88372803
-287.28723145
-318.59631348
-319.63830566
-361.45135498
-241.92387390
-295.57369995
-318.82891846
-317.84051514
-316.20874023
-356.43212891
-330.42791748
-251.25431824
-314.48748779
-417.87109375
-472.63922119
-537.32214355
-376.65701294
-351.71234131
-311.02972412
-321.36364746
-234.68270874
-365.44873047
-475.73712158
-376.58325195
-430.19931030
-295.08782959
-271.94616699
-389.11935425
-341.02676392
-355.15240479
-266.91760254
-250.67883301
-154.68179321
-148.11029053
-222.62145996
-155.53051758
-177.52169800
-157.42019653
-233.74934387
-201.02813721
-164.39532471
-170.98542786
-185.86550903
-162.56536865
-161.48806763
-193.06057739
-137.36761475
-224.40380859
-194.99105835
-225.76013184
-179.53694153
-245.66418457
-236.72323608
-270.61022949
-293.43405151
-263.15826416
-255.93977356
-272.48995972
-295.92843628
-259.81616211
-266.61105347
-272.43298340
-290.81576538
-288.21612549
-292.26367188
-314.44769287
-355.63153076
-345.12664795
-324.20404053
-339.20483398
-329.84671021
-373.02090454
-319.79351807
-310.72991943
-382.84832764
-354.10009766
-426.74526978
-267.44418335
-331.45672607
-328.79534912
-269.53900146
-502.36190796
-390.77252197
-313.32489014
-319.94644165
-300.72753906
-340.85855103
-428.47177124
-378.83300781
-936.93725586
-632.72747803
-744.24938965
-578.59680176
-739.13952637
-645.75585938
-719.92944336
-772.59686279
-627.40222168
-688.99774170
-759.62322998
-589.46789551
-564.11529541
-570.79235840
-802.21313477
-772.69964600
-678.07714844
-715.52429199
-677.83911133
-756.33917236
-640.42700195
-738.34704590
-673.27185059
-664.53833008
-623.59332275
-589.86566162
-597.43658447
-693.01641846
-677.30383301
-611.15081787
-807.53149414
-822.53076172
-639.70129395
-770.26495361
-787.45483398
-808.41247559
-779.89398193
-610.61804199
-445.59484863
-390.88403320
-482.49560547
-582.80944824
-585.13116455
-751.39794922
-671.58538818
-586.88684082
-795.39349365
-577.51629639
-537.59075928
-848.92004395
-724.60522461
-666.34631348
-691.85363770
-668.34722900
-843.92102051
-676.34893799
-751.73852539
-607.11975098
-642.13635254
-604.96459961
-559.97161865
-619.45776367
-531.66259766
-769.23999023
-702.23748779
-643.04907227
-712.11254883
-639.95202637
-691.55511475
-784.69238281
-715.73602295
-649.72552490
-673.36315918
-673.80969238
-791.83020020
-689.35992432
-701.39868164
-823.70526123
-854.55773926
-803.47338867
-838.68823242
-1142.06958008
-990.92248535
-1065.07690430
-1445.69921875
-856.27917480
-1186.07250977
-1111.01281738
-951.83312988
-1248.97521973
-966.74035645
-1116.40161133
-1087.74609375
-1117.61950684
-1068.66162109
-1041.98022461
-947.71276855
-996.14099121
-1092.49560547
-1212.50024414
-986.64031982
-1123.71923828
-1027.65063477
-1303.84179688
-1275.15246582
-1103.40625000
-1303.00341797
-1192.80859375
-1195.36340332
-1152.78369141
-1095.31237793
-1356.52539062
-1208.06835938
-1138.00219727
-1390.53759766
-1580.38549805
-1444.32653809
-1393.37304688
-1475.06201172
-1405.53637695
-1493.63696289
-1409.22119141
-1503.74108887
-1437.53881836
-1461.67578125
-1410.50598145
-1405.39099121
-1729.43615723
-1413.38769531
-1387.92346191
-1496.71289062
-1671.71569824
-1653.38500977
-1417.11621094
-1505.76293945
-1414.34924316
-1612.54150391
-1443.38366699
-1360.84570312
-1386.38671875
-1623.77209473
-1503.22216797
-1425.56982422
-1391.17236328
-1588.68017578
-1315.30908203
-1442.32739258
-1267.66491699
-1242.66369629
-1246.53466797
-1413.13720703
-1231.37524414
-1024.47058105
-1289.64599609
-1171.62841797
-977.13537598
-1247.12512207
-1125.26123047
-1165.56347656
-1239.59362793
-1615.37597656
-1528.95043945
-1787.91650391
-1352.01403809
-1556.05639648
-1554.46252441
-1769.89208984
-1614.44079590
-1672.87426758
-1738.70581055
-1341.06567383
-1322.92895508
-1374.15576172
-1278.63415527
-1594.95068359
-1328.22509766
-1500.04748535
-1350.12915039
-1679.57812500
-1889.60290527
-1722.89038086
-1374.46484375
-1530.45654297
-1908.15014648
-1606.03637695
-1685.68786621
-1511.59130859
-1676.62670898
-1868.36145020
-2494.92773438
-2683.12792969
-2288.63378906
-2256.07446289
-2199.56665039
-2259.48437500
-2455.49804688
-1867.22460938
-2199.14794922
-2136.83496094
-2520.36621094
-2519.02392578
-2017.14025879
-1995.76037598
-2473.78173828
-2375.24584961
-2193.12670898
-2573.77539062
-2269.64599609
-1869.34692383
-1793.21875000
-1783.81726074
-1836.73315430
-1825.82836914
-1967.39672852
-1641.38439941
-1716.71752930
-1724.51611328
-1841.66357422
-1809.33874512
-2002.39746094
-2330.17675781
-1927.24853516
-2158.27880859
-2356.28320312
-2127.72729492
-2468.20239258
-2091.79882812
-2837.70556641
-2599.47949219
-2851.82080078
-3196.03027344
-2903.90502930
-2365.25146484
-3245.53222656
-3023.46093750
-2451.21923828
-2337.63403320
-2459.27099609
-2755.57763672
-2526.15869141
-1966.24108887
-2771.97900391
-2868.32128906
-2248.09130859
-2317.68432617
-2120.80639648
-2057.68286133
-1943.03454590
-2219.09130859
-2111.40649414
-2136.45556641
-1899.82348633
-1970.35815430
-1854.19409180
-1885.63378906
-2482.04101562
-2004.93457031
-2418.44287109
-2336.80444336
-1989.79858398
-2062.48144531
-1850.66113281
-1955.57836914
-1868.46411133
-1888.27294922
-1978.56274414
-2038.83618164
-2027.82885742
-2364.92724609
-2083.73266602
-2314.09130859
-2334.99365234
-2281.08691406
-2206.07788086
-2287.84375000
-2268.85644531
-2357.49902344
-2234.01928711
-2270.65698242
-2327.65307617
-2302.37207031
-2370.73339844
-2402.03637695
-2257.66113281
-2624.33520508
-2352.09570312
-2141.73291016
-2154.11645508
-1990.93933105
-2263.29345703
-1941.39538574
-2089.33081055
-2208.00781250
-2210.45605469
-2083.32006836
-2343.54760742
-2242.53735352
-1937.26708984
-2353.32421875
-2363.42529297
-2084.70166016
-2247.05029297
-2348.88623047
-2627.42968750
-2357.67187500
-2556.00244141
-1932.80346680
-1857.74804688
-1859.03283691
-2213.93115234
-2131.15307617
-2033.95727539
-2135.19995117
-2157.01367188
-2308.91577148
-2037.76171875
-2251.82763672
-1683.65856934
-1902.77465820
-1910.33801270
-1940.11987305
-2433.19091797
-1862.26000977
-1962.48217773
-1987.75463867
-1937.69189453
-2079.08642578
-2214.88623047
-1893.24707031
-1698.45214844
-1692.49194336
-1817.43505859
-1888.39306641
-2040.67053223
-1808.33996582
-2230.45532227
-1816.20471191
-2057.54345703
-1940.76123047
-1657.86743164
-1972.51403809
-2247.33789062
-1806.49194336
-1926.74511719
-2258.37890625
-2403.71557617
-1891.05615234
-2183.00805664
-1991.93115234
-1779.12561035
-1955.87243652
-1814.49548340
-1964.87377930
-1772.44799805
-2393.13500977
-1861.28283691
-2093.55761719
-2032.82214355
-2022.19470215
-2039.52685547
-2078.62304688
-2054.49169922
-1994.78747559
-2375.64941406
-1941.69348145
-1945.20483398
-1923.13281250
-2055.90771484
-2028.17407227
-2076.27221680
-1873.01220703
-1889.29003906
-2499.75659180
-2112.51489258
-2230.30224609
-2149.61694336
-2001.15014648
-2645.65136719
-2473.57080078
-2442.23999023
-2148.62890625
-2215.67211914
-2560.22070312
-2389.08276367
-2552.19921875
-2351.32128906
-2278.81835938
-2347.44580078
-2754.48364258
-2066.03515625
-2391.76831055
-2362.94970703
-2138.70043945
-2871.55224609
-3052.77075195
-2426.97436523
-1593.26403809
-1586.42041016
-1766.73498535
-1571.99707031
-2178.85791016
-2319.64355469
-1929.05822754
-1823.12768555
-1797.54138184
-2085.61108398
-1744.91943359
-1787.66503906
-2466.32910156
-1701.02539062
-1873.86206055
-1943.86303711
-1418.38977051
-1673.89648438
-1731.37573242
-1573.05981445
-1414.36499023
-1501.57861328
-1640.39257812
-1366.88818359
-1654.35839844
-1446.35192871
-1495.66552734
-1740.74133301
-1488.03222656
-1445.91650391
-1564.74487305
-1631.39538574
-1774.30432129
-1810.91772461
-1788.75195312
-1854.15283203
-1714.35473633
-1958.52392578
-2088.31298828
-2333.42822266
-1900.40637207
-2356.89550781
-2022.81274414
-2273.85888672
-1775.26892090
-2529.34912109
-2082.87377930
-1891.23120117
-2425.17553711
-2015.44396973
-1853.22021484
-2089.13867188
-1941.00817871
-1999.93457031
-1981.84130859
-1996.24536133
-2181.88647461
-2469.97119141
-2030.99340820
-2190.31176758
-2038.77893066
-2094.04467773
-2098.79101562
-1911.69042969
-2284.20117188
-2443.44458008
-2018.38964844
-2170.76928711
-2229.14746094
-2272.23291016
-2184.94091797
-1924.30200195
-2048.24023438
-2282.22924805
-2086.20751953
-2191.60742188
-2005.73974609
-1962.32153320
-2037.57775879
-2373.64746094
-1959.30126953
-1766.61645508
-2079.87304688
-2389.93896484
-2252.76342773
-1956.60742188
-2059.88452148
-1611.10571289
-2220.46997070
-2367.53588867
-1821.58105469
-2198.38867188
-2003.63488770
-2183.09277344
-2117.94555664
-1996.02099609
-2377.33251953
-1819.63354492
-2010.03051758
-1835.88439941
-1734.10180664
-1747.65405273
-2061.34155273
-1737.86059570
-1648.16784668
-1916.74096680
-1791.46264648
-2124.96240234
-1913.40844727
-1780.84350586
-1792.89013672
-2033.70898438
-1895.06396484
-1750.50976562
-1742.40478516
-1871.79638672
-1847.59863281
-1910.10681152
-1602.06152344
-2201.93212891
-1927.75683594
-1834.95922852
-1694.87524414
-2114.94799805
-1606.74768066
-1884.31372070
-2726.60131836
-1721.48620605
-1805.76782227
-1860.75378418
-2015.90942383
-1913.25024414
-1435.88818359
-1476.67065430
-1762.18066406
-2187.67578125
-2326.00268555
-2492.81982422
-2079.34472656
-2268.30419922
-2381.10400391
-2201.72167969
-3524.20385742
-3321.41088867
-2437.06103516
-1963.71704102
-2740.45507812
-2591.70800781
-2891.62475586
-2429.17016602
-2738.32714844
-3209.50512695
-3383.27807617
-3058.18139648
-3711.33813477
-2755.22338867
-2848.50195312
-2655.40820312
-2137.83154297
-2374.29150391
-2770.79833984
-2415.32421875
-3331.34716797
-2537.13574219
-2883.42138672
-3560.80249023
-2310.83593750
-2077.89160156
-2539.12597656
-2572.30175781
-2598.49121094
-2509.41943359
-1842.21655273
-3351.08544922
-3061.14941406
-3124.84204102
-1921.94641113
-1890.78625488
-2625.20214844
-3166.60302734
-2803.17675781
-2669.92919922
-2354.12109375
-2539.09814453
-2770.29296875
-3421.06738281
-3099.41284180
-2984.74755859
-2813.20996094
-3500.28564453
-2430.90405273
-3246.69921875
-1981.71191406
-2082.91943359
-2555.38500977
-1686.86779785
-2343.37695312
-1632.80163574
-2057.22875977
-2264.71997070
-2645.73925781
-1772.67553711
-1766.36059570
-1747.68139648
-1467.77587891
-3108.55273438
-2307.24023438
-2891.74902344
-2575.01879883
-3710.95703125
-4056.22583008
-3042.14624023
-4004.49511719
-2576.73852539
-2318.71728516
-3830.98803711
-2293.49609375
-2800.46191406
-4339.51074219
-2929.12109375
-3416.64721680
-3266.38720703
-2101.05566406
-3656.64257812
-3570.85205078
-3255.74926758
-2633.65478516
-1643.18957520
-2085.93750000
-1500.77062988
-2167.32983398
-2537.42016602
-2298.96728516
-2185.63427734
-2584.97924805
-1746.28784180
-1715.13378906
-3044.36181641
-3359.21289062
-2846.63305664
-2417.13574219
-1851.38769531
-1826.57690430
-2115.56884766
-2002.46472168
-2968.70043945
-2712.12060547
-2991.71875000
-4277.33496094
-3988.13867188
-3401.31713867
-2317.32128906
-3822.72729492
-2420.17382812
-2962.83056641
-2385.73144531
-2753.35595703
-4327.40478516
-4069.80957031
-2684.57324219
-2615.43017578
-3298.20312500
-2958.33203125
-2001.80200195
-2195.50146484
-2593.48583984
-2232.27978516
-2245.75170898
-2589.29760742
-2323.37377930
-3295.75732422
-2236.74609375
-3925.13769531
-2430.29467773
-1594.86645508
-2260.98852539
-2757.45043945
-2531.21191406
-2722.31591797
-2156.98022461
-2647.21411133
-3135.25952148
-2084.05053711
-2829.93969727
-2270.10009766
-1968.90673828
-2013.89538574
-1597.79504395
-2609.21435547
-1909.45605469
-2182.96044922
-2584.10864258
-3251.35180664
-2361.81298828
-2580.41406250
-3541.45727539
-1973.23950195
-1821.83935547
-2079.04443359
-1745.64697266
-2296.56982422
-2101.00463867
-2380.29492188
-2723.28735352
-2587.47338867
-2489.73144531
-1891.07775879
-2049.16430664
-2317.55419922
-2140.06933594
-1928.60351562
-2147.24121094
-1380.28271484
-1999.09484863
-1842.52807617
-2031.37304688
-2371.62207031
-1913.91186523
-2093.92163086
-1511.62280273
-3667.26464844
-2747.31689453
-2581.80029297
-3165.39892578
-2874.75756836
-2035.41137695
-2863.09179688
-2213.02832031
-4092.58447266
-3040.17456055
-3141.22680664
-3789.77905273
-2244.10864258
-1970.24694824
-2489.24609375
-1630.28906250
-2359.37060547
-3927.57934570
-1819.61242676
-1507.46459961
-2249.11572266
-2095.33398438
-1430.86474609
-1404.83374023
-1465.72143555
-1760.36328125
-2356.48217773
-2079.72875977
-1475.05407715
-4831.23144531
-2077.16308594
-1839.99890137
-3736.97216797
-1527.21899414
-1476.23291016
-3700.71752930
-2440.22998047
-1597.82763672
-1354.75854492
-1596.62060547
-1515.60583496
-2486.08642578
-2179.35766602
-2111.83056641
-1418.19958496
-1322.24340820
-1474.01025391
-1730.20996094
-1648.48059082
-1798.65136719
-2478.89208984
-1911.96899414
-2131.10913086
-1691.19824219
-1987.54919434
-2112.98657227
-2079.17089844
-1979.87646484
-1806.59985352
-1965.49487305
-1917.34448242
-1827.24389648
-1697.80871582
-2035.56726074
-2229.62744141
-2956.32348633
-2154.66552734
-2318.14697266
-2094.00878906
-2263.67236328
-2830.28686523
-2068.82763672
-2218.41162109
-2614.42187500
-2632.23022461
-2181.68701172
-2624.74340820
-2770.93041992
-2852.38891602
-3093.70068359
-5139.13964844
-7284.41796875
-8278.31640625
-4224.05224609
-5867.75927734
-5128.81152344
-2818.07324219
-5827.83349609
-2959.32153320
-4994.70996094
-4140.71386719
-3487.74023438
-2473.51855469
-2761.97753906
-5167.22900391
-4556.63281250
-4398.00781250
-5032.23144531
-4014.80712891
-3913.01757812
-3477.72607422
-3552.64550781
-3386.04980469
-5032.56152344
-3194.22485352
-3541.19946289
-3243.52294922
-4897.24609375
-3769.69799805
-3789.64941406
-2227.73803711
-3595.43432617
-4012.44897461
-2981.87402344
-1725.28991699
-1717.86584473
-2238.13598633
-1748.42993164
-1604.72827148
-1668.01184082
-1712.89245605
-1644.83361816
-1681.67578125
-1636.41308594
-2093.94287109
-1807.99414062
-2063.65429688
-1800.07250977
-2052.73974609
-1653.01342773
-1885.89306641
-1799.34619141
-1483.90783691
-1474.46472168
-1515.97631836
-1555.29711914
-1665.78466797
-1534.68823242
-1778.42541504
-3365.04272461
-3831.43896484
-2795.23583984
-2314.78076172
-1621.30163574
-2111.44165039
-2715.81494141
-3142.99218750
-3486.38183594
-2245.16137695
-4401.47070312
-1838.17089844
-1612.11621094
-3265.74584961
-2971.43798828
-3027.96435547
-3140.90966797
-2822.46679688
-3046.72949219
-2568.84228516
-2749.73730469
-3705.36572266
-2433.95458984
-2435.94824219
-2805.65844727
-2295.94824219
-2804.35253906
-3143.60913086
-4012.58227539
-2790.97167969
-2303.32373047
-2211.67431641
-2191.57177734
-1921.42480469
-1894.03173828
-1908.27270508
-3167.63623047
-2425.47363281
-3112.48583984
-3224.38256836
-3615.88867188
-2507.17138672
-3298.04248047
-2982.56005859
-2363.76464844
-2324.26220703
-2880.14038086
-5017.45410156
-3448.77783203
-3014.19189453
-4077.80224609
-3674.60888672
-3526.31738281
-3380.20263672
-2966.96777344
-3108.02587891
-3450.66748047
-2749.24926758
-3395.18164062
-3487.39111328
-3335.13330078
-3826.59228516
-2607.37280273
-3203.77099609
-3018.84960938
-2922.93408203
-2896.42675781
-6442.32958984
-2654.52978516
-3738.65527344
-3689.92114258
-3338.18505859
-5635.71679688
-3554.36645508
-3068.69750977
-2085.90405273
-3966.75048828
-3259.04223633
-3261.12646484
-4297.37255859
-3465.07031250
-2522.81005859
-2231.66943359
-3297.92285156
-3029.74658203
-3185.00878906
-2173.90429688
-2137.10498047
-1760.10571289
-1711.23059082
-1959.14379883
-1908.35375977
-2360.12548828
-1806.51855469
-1935.89196777
-2098.95947266
-3322.35693359
-4279.54296875
-5011.59179688
-4331.63916016
-3049.09448242
-3999.43603516
-3879.56591797
-4320.24023438
-4750.91699219
-7237.02246094
-1832.23437500
-3429.52856445
-5106.60498047
-4547.38183594
-4790.00292969
-4309.68847656
-5341.52490234
-3803.37255859
-3593.19042969
-3711.30249023
-4323.71630859
-4405.31347656
-5148.26855469
-4959.32568359
-4102.68652344
-3591.13867188
-3991.30859375
-4664.20898438
-2994.74511719
-3195.35449219
-5546.00830078
-4098.46093750
-4649.59423828
-4134.20410156
-4005.89941406
-3570.45166016
-3979.00830078
-3903.07592773
-3689.19262695
-3902.24218750
-5565.74609375
-3618.16406250
-4243.69140625
-4187.31347656
-3793.13134766
-3001.13769531
-3377.73876953
-6515.63769531
-2142.10107422
-1869.20581055
-2060.23876953
-2490.47338867
-1904.72656250
-1946.30151367
-2309.49218750
-3345.08496094
-3568.54833984
-2589.01538086
-4507.90722656
-3930.17260742
-4290.25830078
-5337.17871094
-5073.85156250
-6152.55078125
-3436.42285156
-3677.39672852
-3678.92724609
-4817.43310547
-3233.44287109
-4269.94042969
-3797.58496094
-6757.80615234
-3141.10473633
-5957.59863281
-3124.20800781
-2933.21728516
-4839.01708984
-5467.08105469
-2795.85839844
-5447.69726562
-3789.24291992
-3759.19580078
-2028.73632812
-2511.76318359
-2293.56542969
-1842.45397949
-3080.46289062
-1350.13623047
-1636.06738281
-1420.07788086
-1822.98461914
-1384.51123047
-1569.19873047
-1548.70214844
-2496.10644531
-1802.58679199
-2187.72875977
-2199.28051758
-2089.66308594
-2069.57421875
-2300.54760742
-1768.81555176
-2079.00244141
-1828.66760254
-2693.58886719
-3018.34448242
-3284.05468750
-4385.55468750
-2126.99682617
-2540.51611328
-1503.04833984
-1408.12878418
-3504.09326172
-1707.77978516
-1542.50012207
-1582.21948242
-1573.10058594
-3402.12890625
-1673.06005859
-1598.65014648
-1474.66845703
-1609.40905762
-1759.24902344
-1747.31567383
-1703.06738281
-1767.85876465
-2384.65209961
-2763.76708984
-2174.59570312
-2425.23144531
-2079.64160156
-2516.73437500
-2137.65283203
-2628.33154297
-2156.81445312
-1867.24340820
-2435.41992188
-2104.32470703
-2229.31152344
-2378.13305664
-2231.50097656
-2333.12719727
-2276.06396484
-1811.46020508
-2088.97021484
-1750.24841309
-1849.78833008
-2493.02734375
-1729.46789551
-1759.95117188
-2029.29565430
-2105.37646484
-1853.23876953
-1700.79040527
-1837.89038086
-1903.44750977
-1890.91345215
-2745.96386719
-2803.24389648
-2741.87207031
-2196.14208984
-3929.95947266
-3835.08789062
-3208.34667969
-3383.94873047
-3587.14575195
-4059.93261719
-2632.17944336
-3503.70947266
-3920.56005859
-3884.14453125
-3995.60302734
-3422.23974609
-5207.24609375
-3240.07373047
-2871.34619141
-3700.87304688
-3454.47216797
-3314.05175781
-3438.54345703
-2381.21020508
-2999.30664062
-3197.73583984
-2475.79516602
-2706.28198242
-2757.21655273
-2884.00268555
-3086.90600586
-2560.53955078
-2408.67553711
-3218.10937500
-3979.97827148
-3342.29223633
-3185.25292969
-3268.84350586
-2828.38769531
-3446.64648438
-3366.49584961
-3969.02563477
-5125.52392578
-3863.08618164
-2279.69506836
-2320.96313477
-2773.58032227
-2061.48583984
-2282.91357422
-3293.27441406
-2004.20581055
-3893.10351562
-1815.20141602
-2310.43823242
-3167.66699219
-2401.83911133
-2443.42163086
-2293.06787109
-2511.20751953
-2230.17675781
-2635.49926758
-1507.54296875
-4188.44775391
-4930.40917969
-4891.38574219
-4675.55908203
-4447.20507812
-6658.75878906
-4874.04931641
-2052.76977539
-5653.88964844
-3230.02612305
-6646.55126953
-3075.09863281
-7178.20703125
-4699.60449219
-3837.59716797
-5251.23144531
-3844.67407227
-5957.26660156
-4121.62988281
-3237.75634766
-2417.16772461
-3535.25170898
-3099.44311523
-2456.89794922
-1756.09045410
-2650.95703125
-2044.84094238
-2144.63818359
-3539.32812500
-2179.97070312
-3167.91430664
-3438.73046875
-3534.84179688
-2686.57812500
-3137.54248047
-2267.68139648
-3895.86767578
-6332.20605469
-6009.37988281
-6157.19433594
-5766.22900391
-6117.15527344
-5606.04248047
-5413.77490234
-6660.14160156
-6454.51464844
-6148.09326172
-5810.08105469
-4395.46386719
-7193.42919922
-6211.09960938
-5618.74707031
-4372.46972656
-4274.18261719
-5314.42724609
-2869.66479492
-2617.31689453
-2955.17919922
-3683.58349609
-2572.64990234
-2722.19775391
-3822.99291992
-2623.57763672
-3032.83984375
-2036.37280273
-2082.37475586
-2775.10229492
-2461.68554688
-3114.45507812
-3645.51391602
-4438.16552734
-7929.68847656
-3660.39819336
-3776.99291992
-3604.56445312
-5780.88085938
-4659.63964844
-3791.34008789
-5265.69921875
-7605.51025391
-4890.45751953
-5480.60839844
-6436.14160156
-5659.14306641
-5472.28515625
-4488.53027344
-4721.25488281
-3929.56933594
-3223.09008789
-5609.75927734
-5292.99316406
-5237.32861328
-5428.50000000
-2892.72241211
-3178.20532227
-3617.44897461
-3731.53027344
-3601.54736328
-2661.56298828
-4794.53906250
-4700.26416016
-2789.11352539
-6594.11132812
-5047.66503906
-3332.68090820
-3415.51708984
-3191.34423828
-7288.69140625
-4404.26171875
-6175.42773438
-6022.91308594
-3282.22070312
-4391.33886719
-10715.84375000
-9348.11914062
-6954.16406250
-4158.43408203
-4291.44531250
-8220.44140625
-6653.10937500
-4871.35449219
-3998.57910156
-3444.16796875
-4090.66430664
-4565.78027344
-11082.46679688
-4474.46679688
-3153.97851562
-7273.18261719
-3681.98657227
-8573.30175781
-1712.52441406
-1626.92333984
-1673.18286133
-1811.10864258
-3151.87011719
-2766.98217773
-1557.67163086
-1903.26501465
-1857.52563477
-1685.33886719
-1804.46435547
-2303.25048828
-2924.16503906
-2087.63232422
-2939.87182617
-2906.69555664
-3299.67480469
-2029.46215820
-5130.02001953
-4429.74511719
-3212.68847656
-2444.19970703
-3221.45068359
-3702.39672852
-3481.78466797
-3369.42041016
-5524.46728516
-5602.31054688
-5754.25683594
-3966.84375000
-5704.17822266
-5396.95996094
-7092.82910156
-6901.04687500
-9420.26171875
-14212.82910156
-5618.50683594
-17111.70312500
-14285.30078125
-14317.27050781
-17092.34570312
-17355.35156250
-16057.32617188
-6727.56640625
-9251.57324219
-12047.29296875
-12851.05664062
-12152.21289062
-7231.10791016
-11527.35937500
-9700.75292969
-6370.96533203
-7216.40087891
-7620.35644531
-20891.82617188
-8354.24609375
-7239.67431641
-6781.05908203
-7826.34179688
-5720.84765625
-7777.09765625
-6883.50830078
-4657.87841797
-5246.87060547
-4663.59619141
-4234.90966797
-3002.27392578
-3686.51855469
-4877.98876953
-3865.77099609
-4053.37426758
-4095.54638672
-4108.37011719
-2816.09399414
-4910.88769531
-2013.54492188
-3039.73095703
-2849.26928711
-8032.69580078
-2755.16894531
-8569.18945312
-3610.96118164
-5730.23535156
-3776.30883789
-3303.95385742
-4580.76708984
-3423.22827148
-3434.75952148
-4787.72753906
-10609.67871094
-8044.82714844
-5829.82910156
-4927.99609375
-3184.90771484
-1717.33801270
-1749.63720703
-2118.03027344
-3936.10253906
-4695.02392578
-1761.08569336
-1574.10534668
-2662.43603516
-1760.69592285
-3115.62792969
-1648.69970703
-1901.98303223
-3904.08691406
-4567.79199219
-6076.97900391
-2939.78979492
-3441.68969727
-1882.02526855
-3514.09594727
-2028.33984375
-1835.63183594
-5200.27246094
-5352.29833984
-3454.58642578
-3350.93066406
-4186.08203125
-4603.24560547
-3761.38232422
-2821.23779297
-3695.06298828
-4075.91210938
-3016.81250000
-4279.16601562
-5662.87695312
-5836.89453125
-5081.82617188
-4578.72851562
-6469.09863281
-10252.15039062
-10355.28125000
-9943.12011719
-9461.72070312
-6031.00000000
-11902.88867188
-7334.16943359
-7315.75878906
-10573.98242188
-5948.37500000
-4495.65820312
-4176.07861328
-4419.06835938
-11195.17675781
-4809.00292969
-6346.16064453
-5882.10644531
-9782.25585938
-5656.82714844
-4771.34375000
-7981.00390625
-7912.87207031
-8712.49218750
-14008.99804688
-9010.51171875
-9928.86230469
-5753.47656250
-5966.65039062
-11832.84375000
-5296.53417969
-8965.59082031
-6265.78515625
-6224.89892578
-8061.50390625
-6219.75341797
-6652.65917969
-8351.59082031
-7409.78417969
-6044.67675781
-8413.79101562
-7913.90234375
-7582.08496094
-6826.93945312
-9220.54882812
-5906.43359375
-6495.29589844
-7900.21191406
-5946.34082031
-6934.09667969
-7030.39550781
-7274.87988281
-7161.19042969
-4687.56738281
-11896.26464844
-6161.38623047
-6000.23486328
-4385.62890625
-6059.94287109
-3836.23388672
-4577.69824219
-5834.71337891
-6072.55615234
-8336.71484375
-7817.81152344
-6427.03613281
-5349.28222656
-4283.28027344
-7044.14111328
-9240.69042969
-8876.93164062
-5762.26855469
-5528.40625000
-6079.00976562
-18844.93164062
-5126.66601562
-12151.07324219
-20833.66406250
-15849.21484375
-7265.45996094
-14911.32421875
-8347.46679688
-8347.17675781
-4944.82763672
-13074.23632812
-23899.20703125
-19219.14062500
-13392.67382812
-12076.26855469
-4825.84472656
-7665.97216797
-7066.92773438
-15225.61523438
-14266.05175781
-15106.63867188
-11462.15429688
-13605.67285156
-11592.41015625
-15477.21484375
-9718.69824219
-10932.12695312
-8719.71875000
-11123.76171875
-13026.81445312
-7108.31982422
-8097.08496094
-9069.46679688
-7423.98925781
-8668.57031250
-8427.60253906
-8458.75195312
-10360.68164062
-8890.41503906
-8255.19921875
-3076.79248047
-2885.68041992
-3051.39013672
-3310.17749023
-2819.77392578
-2976.05590820
-5325.93701172
-4209.72265625
-3438.56787109
-9206.92871094
-10184.81933594
-7385.72802734
-6036.36914062
-8492.23242188
-4983.59960938
-12860.76660156
-5523.35986328
-5946.35742188
-9439.03710938
-7633.02587891
-7492.48437500
-6282.31445312
-4600.77392578
-6660.02050781
-4816.77246094
-5750.30566406
-5483.70849609
-3867.43603516
-4490.51513672
-5695.25488281
-4949.43798828
-4643.57226562
-7006.67382812
-4671.15332031
-3839.20141602
-3644.96166992
-3939.34497070
-2556.29125977
-2781.19482422
-2427.94140625
-2708.49316406
-4131.61230469
-2649.78808594
-2103.20214844
-2033.35766602
-4362.62402344
-2197.87792969
-2167.21484375
-2554.39892578
-2143.14111328
-2412.17822266
-3283.25341797
-3420.62792969
-3269.93188477
-2181.89941406
-2703.34472656
-2970.19384766
-2355.69311523
-2208.15673828
-3064.09570312
-3014.12695312
-5465.18505859
-9617.62500000
-7755.08007812
-5732.63281250
-10632.15527344
-5019.62792969
-12620.78222656
-7550.52734375
-7541.42089844
-7645.55175781
-7248.70117188
-6084.44921875
-12218.27148438
-9901.27246094
-2865.12524414
-3267.65087891
-7157.99511719
-5637.84228516
-5005.45703125
-8001.68261719
-6753.30566406
-5490.53613281
-4379.43261719
-4438.81738281
-6209.95263672
-5571.28027344
-3537.73681641
-6216.92187500
-3714.93969727
-3784.08398438
-6758.62011719
-4289.52636719
-3581.23388672
-3272.19287109
-2771.70849609
-2659.96752930
-3490.62207031
-4832.04003906
-4919.60644531
-4253.40429688
-4596.86083984
-5250.42724609
-4633.55566406
-2828.86718750
-5437.64160156
-2792.17822266
-3692.43945312
-5146.46435547
-6275.65332031
-2993.90478516
-2826.60986328
-4184.61621094
-2596.10400391
-2023.98413086
-1849.89746094
-2183.63134766
-2229.56079102
-1574.55432129
-5293.38183594
-3981.04687500
-3016.22778320
-3220.94335938
-4427.81347656
-2405.20458984
-3821.90429688
-2667.03491211
-4395.31152344
-5227.67626953
-3834.56176758
-3344.98437500
-4255.23876953
-2067.03857422
-1728.35815430
-3087.29785156
-3672.30419922
-2277.62182617
-2758.05859375
-3382.26196289
-1863.52648926
-1625.33764648
-2278.49755859
-2820.10986328
-2210.73242188
-2497.02978516
-4292.47705078
-3428.34033203
-2811.31713867
-4348.53906250
-2516.26513672
-5271.25927734
-5568.50195312
-5885.34960938
-4432.06542969
-4351.53906250
-4275.93164062
-2514.60986328
-3327.38671875
-4035.80151367
-3029.93017578
-3335.59130859
-2872.91259766
-2755.85278320
-4582.30615234
-5288.21533203
-4892.42187500
-4545.04296875
-3124.23925781
-5797.64453125
-15877.61621094
-10612.12890625
-9821.53710938
-7453.90429688
-9435.18847656
-10088.32226562
-9023.84277344
-13671.19238281
-10404.33300781
-7762.96679688
-13337.50488281
-7101.76171875
-12444.72363281
-8169.20410156
-7843.42968750
-3515.64941406
-3532.90429688
-6718.50390625
-4590.04931641
-4851.05664062
-4631.29882812
-4386.68164062
-3425.46191406
-2593.09814453
-2328.51660156
-2255.26416016
-4019.47167969
-2845.70751953
-3126.84033203
-3151.70068359
-2708.93945312
-3714.80883789
-5612.59570312
-2320.57788086
-3293.81396484
-3509.36035156
-3954.57250977
-2717.49853516
-6422.86718750
-8604.27929688
-10851.62011719
-7489.82666016
-9066.94140625
-6945.50341797
-10873.78320312
-6053.91992188
-9173.88476562
-8748.91601562
-4846.76367188
-8416.25097656
-7800.81884766
-5601.88232422
-7936.39794922
-6804.25195312
-7855.21875000
-7212.81201172
-5184.98828125
-2999.63867188
-3545.26611328
-2179.93774414
-2488.66967773
-2493.87963867
-2126.98632812
-2533.12939453
-2393.50000000
-2274.58666992
-2645.90673828
-2519.37011719
-3187.32739258
-2836.56933594
-4164.31250000
-3095.02441406
-4189.44433594
-4982.58593750
-4036.29858398
-5440.87695312
-3923.20800781
-5152.95996094
-4232.13671875
-4451.96289062
-3659.44506836
-4059.08496094
-4040.21777344
-4702.01074219
-4299.65917969
-6781.66503906
-4549.52880859
-11494.81738281
-3613.31347656
-7150.46142578
-7129.08740234
-4906.63867188
-4640.69140625
-5502.02441406
-8882.02734375
-7390.64941406
-16798.76562500
-5442.24511719
-8713.92675781
-14293.43750000
-16976.80859375
-2866.60986328
-3271.22290039
-3342.02685547
-4704.11132812
-3007.79638672
-4535.27294922
-4682.76269531
-2843.78759766
-26175.36132812
-13979.90625000
-13496.49218750
-4049.52294922
-2536.71459961
-9371.27148438
-17016.60351562
-2985.65893555
-6117.34619141
-6263.42285156
-4483.39648438
-24684.65234375
-18578.73437500
-4310.51660156
-3859.40332031
-4798.84863281
-4902.42578125
-4556.90332031
-3667.19921875
-3532.78710938
-15687.49121094
-3188.73022461
-6070.39062500
-8747.51171875
-14283.93359375
-21165.09765625
-6548.57519531
-6058.49609375
-9357.62597656
-6316.48339844
-7058.42089844
-6931.58935547
-6375.59179688
-27528.97265625
-15650.90332031
-6937.28125000
-11520.28320312
-5028.78808594
-13495.83593750
-4552.07226562
-15254.91113281
-5250.25732422
-3846.87573242
-2476.00341797
-4038.89404297
-4171.00390625
-2619.80712891
-2782.18627930
-4756.11816406
-2834.51513672
-8155.14355469
-15458.56347656
-6073.31738281
-4573.05419922
-7853.16699219
-9804.36132812
-11316.17968750
-10366.00195312
-13963.75585938
-19838.82421875
-8485.58398438
-17637.90234375
-15513.07031250
-39728.06250000
-22600.53125000
-34170.95703125
-24221.78515625
-27462.75781250
-12887.14746094
-12695.05078125
-28599.27343750
-24813.25781250
-12868.79101562
-16461.93554688
-7745.70458984
-12677.71191406
-9694.71093750
-14903.00195312
-16168.01367188
-15738.90039062
-16458.40429688
-13667.68945312
-17161.22851562
-22223.12695312
-8417.99121094
-19325.64843750
-16497.53125000
-15379.22070312
-9507.80175781
-17431.29687500
-8535.44140625
-7351.97070312
-9073.56054688
-7539.12646484
-11777.67871094
-16063.11914062
-16747.89062500
-16485.44140625
-28589.60742188
-18917.89453125
-13758.14941406
-6729.78417969
-24357.02929688
-6889.73876953
-18492.31835938
-13517.47949219
-8470.21875000
-14282.04101562
-11029.24804688
-8229.25097656
-6960.87255859
-10502.86914062
-13122.45703125
-11064.34277344
-5965.50927734
-11014.99121094
-6501.17578125
-19383.83007812
-10999.31054688
-7300.36083984
-6995.70019531
-5600.16748047
-6622.77246094
-4386.01757812
-7857.03027344
-5894.72070312
-3911.38232422
-22541.95703125
-16679.03710938
-11074.74804688
-3874.09570312
-7023.95117188
-8106.81884766
-17552.00390625
-4808.22949219
-5220.98925781
-29026.64062500
-9515.69335938
-10026.32031250
-22617.73046875
-9169.20898438
-19962.96484375
-30360.42968750
-7584.24267578
-21651.41406250
-16372.39648438
-15489.22460938
-9805.38574219
-5895.28417969
-9703.65820312
-19812.65039062
-25117.30468750
-20805.84375000
-19710.46679688
-13550.79003906
-11076.62695312
-13148.00195312
-11965.72656250
-6035.83691406
-7801.71728516
-7209.93115234
-8257.23046875
-8131.62890625
-12057.16406250
-7971.70849609
-14259.82226562
-7749.41601562
-10985.65625000
-12719.73144531
-13153.96191406
-14149.92480469
-11999.05078125
-16901.26367188
-23813.07421875
-23288.66796875
-16161.92675781
-11296.14746094
-23625.87304688
-17420.28125000
-20309.38085938
-16650.31640625
-44194.99218750
-18943.57812500
-19556.91015625
-25607.97265625
-42544.06250000
-26853.71093750
-9155.78710938
-9267.67285156
-12850.38476562
-24372.39257812
-10802.45898438
-24231.21484375
-46103.91406250
-28639.33789062
-40110.35156250
-36479.81250000
-45557.74218750
-40215.39843750
-30855.27343750
-33002.11718750
-22699.95312500
-28019.04101562
-44905.06250000
-66805.71875000
-44412.82812500
-17155.33984375
-29923.67187500
-20858.07421875
-16932.27343750
-30073.48437500
-39602.74609375
-47070.37500000
-48902.34375000
-49690.03125000
-36864.01562500
-71690.28125000
-84431.98437500
-82102.57031250
-96053.71093750
-76721.29687500
-75312.05468750
-80212.12500000
-80407.39062500
-79672.82812500
-81584.10937500
-57694.16796875
-109647.39062500
-92182.74218750
-80879.27343750
-72176.06250000
-94864.25000000
-33119.46093750
-68531.79687500
-48414.32812500
-67590.79687500
-81733.96875000
-50642.60156250
-62970.92968750
-50601.73828125
-47728.01171875
-62871.93750000
-72017.53906250
-65260.79296875
-109412.96093750
-80982.20312500
-80156.45312500
-65036.92578125
-79849.17187500
-95438.45312500
-130005.85937500
-98184.18750000
-86696.96875000
-86426.57812500
-76453.55468750
-57305.84765625
-77709.38281250
-95192.64062500
-91994.06250000
-121751.79687500
-102190.07812500
-76855.32031250
-100326.25000000
-95673.37500000
-70159.81250000
-100767.07812500
-75975.21875000
-81924.25000000
-47856.21875000
-67309.60937500
-71314.07812500
-73476.23437500
-88810.06250000
-96843.12500000
-80680.18750000
-116163.04687500
-79729.67968750
-87287.39843750
-74364.83593750
-112753.64062500
-107030.18750000
-84445.21875000
-72912.24218750
-80042.69531250
-84726.48437500
-61212.21875000
-87023.70312500
-38334.86718750
-20958.17382812
-23569.07421875
-25475.19921875
-43403.76562500
-39774.49218750
-42757.25000000
-35845.03125000
-34560.14843750
-40427.35156250
-21917.33398438
-22283.60937500
-18841.37500000
-54895.50781250
-44770.83203125
-53478.29687500
-56076.09375000
-39270.05468750
-55694.00000000
-61555.33593750
-41264.07031250
-50635.80859375
-52692.14062500
-46616.03906250
-39015.00000000
-54707.91406250
-47179.14843750
-41438.30468750
-40139.06250000
-47047.66406250
-36850.55859375
-41427.89843750
-38295.39062500
-40261.38281250
-65200.67578125
-56721.89843750
-65404.28906250
-61037.98437500
-70830.81250000
-79014.51562500
-62107.36718750
-67850.89843750
-58468.04687500
-77815.59375000
-70367.62500000
-69703.48437500
-67659.26562500
-73570.59375000
-64522.87109375
-67409.71875000
-80474.48437500
-77077.26562500
-72364.12500000
-88675.94531250
-69354.42968750
-71115.71093750
-74699.16406250
-70067.04687500
-78274.63281250
-54103.89843750
-70964.89062500
-79172.29687500
-80925.44531250
-71374.87500000
-80330.16406250
-82311.55468750
-99344.94531250
-90674.14062500
-87876.53125000
-73171.14062500
-89972.25781250
-86198.12500000
-62396.71875000
-85959.07812500
-88540.07031250
-70122.16406250
-88264.92187500
-64544.35546875
-81937.00781250
-52605.55078125
-66685.79687500
-69149.93750000
-73384.13281250
-89621.96875000
-94351.35937500
-59542.53125000
-66528.52343750
-72333.52343750
-70776.24218750
-84259.67187500
-98385.60937500
-104214.07812500
-90483.16406250
-76164.57812500
-136359.17187500
-119211.20312500
-96719.73437500
-93413.86718750
-82287.77343750
-62596.46875000
-77582.20312500
-73620.54687500
-52843.15625000
-69873.98437500
-85862.43750000
-65332.66406250
-59569.41406250
-49510.25000000
-71000.50781250
-49679.95312500
-74944.51562500
-51557.96484375
-52927.01953125
-49933.50781250
-47738.57812500
-49577.62109375
-42580.73828125
-42951.84375000
-43693.10937500
-44894.33984375
-51766.57812500
-42193.07812500
-45251.71875000
-45083.07031250
-54582.88281250
-46549.57812500
-57438.44531250
-46298.10937500
-47512.17187500
-57832.92578125
-42241.23437500
-48428.20312500
-48095.89453125
-55874.70312500
-46260.99218750
-47939.39453125
-48381.33593750
-52206.48828125
-52126.60546875
-46579.53125000
-54637.00390625
-54428.82812500
-45296.94531250
-54899.08593750
-54209.08984375
-54387.39062500
-56106.02343750
-56162.43750000
-56045.96875000
-57928.23437500
-56205.88671875
-61207.98437500
-52467.77343750
-61382.69140625
-55491.81250000
-61217.87500000
-61872.82812500
-57858.91406250
-64061.40625000
-59584.73828125
-66104.51562500
-56731.67187500
-61799.12109375
-57388.80468750
-60868.08984375
-58275.67187500
-59078.82812500
-63986.67968750
-68070.20312500
-60510.43750000
-70344.01562500
-64332.75781250
-73267.37500000
-68443.38281250
-68266.68750000
-67645.62500000
-60015.22265625
-65974.97656250
-77664.75000000
-64619.16406250
-55701.25781250
-59218.60937500
-58145.14062500
-65928.35937500
-55588.92968750
-66246.47656250
-70065.21875000
-63112.84375000
-61391.21093750
-56962.51562500
-58049.81250000
-60419.51953125
-55029.50781250
-50982.28125000
-55152.67187500
-51516.28906250
-59750.36718750
-63624.40625000
-54455.58593750
-56978.45703125
-58370.33593750
-55625.75000000
-52572.84375000
-60435.73046875
-59207.48437500
-56185.47656250
-56202.67968750
-52866.13281250
-50138.21093750
-51852.38671875
-52738.04687500
-50407.75000000
-51770.24609375
-50057.57031250
-52668.80468750
-51690.23437500
-47330.60937500
-55372.77343750
-55127.55468750
-53221.67968750
-50602.00000000
-49836.32812500
-51868.89843750
-53376.82031250
-48501.64062500
-48989.27343750
-49707.22265625
-51764.90625000
-53593.43750000
-52129.96093750
-53544.71093750
-55173.01953125
-55914.42187500
-51542.49609375
-53593.65234375
-55447.92968750
-53744.96093750
-56992.08593750
-54568.53125000
-52979.66406250
-54220.23437500
-57174.51562500
-53930.94531250
-55461.90234375
-53999.29687500
-56443.29687500
-57277.85937500
-57924.15625000
-58278.78906250
-56924.14062500
-56474.20703125
-56192.13281250
-56146.03125000
-56137.51562500
-51752.95312500
-54728.03125000
-55516.99218750
-55200.46484375
-52935.89453125
-53673.08203125
-52274.28906250
-52255.07812500
-54023.16406250
-49900.83984375
-39851.71093750
-56104.58593750
-46747.22656250
-44973.89843750
-46916.74609375
-43693.24609375
-43898.50000000
-43700.16406250
-43891.51171875
-42141.75781250
-42791.62500000
-46838.96484375
-46822.44531250
-49163.73437500
-40828.32812500
-49277.30468750
-49073.60937500
-53133.05468750
-53425.95312500
-66960.68750000
-60023.55078125
-59278.87500000
-60176.93359375
-53082.06250000
-61907.39062500
-52225.19531250
-46534.83593750
-55148.09375000
-50426.31250000
-50259.59375000
-54304.21093750
-42434.67187500
-54137.09375000
-47468.28125000
-54023.89843750
-50124.46875000
-53355.06640625
-54206.30859375
-52914.33203125
-56503.49609375
-52630.48828125
-60009.87500000
-55104.74609375
-48849.18359375
-56939.53515625
-46511.84375000
-50552.36328125
-45678.21875000
-45800.59375000
-50156.59375000
-44071.87500000
-46290.20312500
-44133.67187500
-45922.67968750
-44815.76562500
-44361.34375000
-43531.83593750
-43688.28906250
-44590.40625000
-44442.89843750
-42900.70312500
-43664.77343750
-43660.68750000
-40740.56640625
-39622.10156250
-38300.52734375
-39598.26562500
-37596.14062500
-40087.96875000
-41798.33984375
-41046.50781250
-40636.39062500
-42052.61718750
-38546.01562500
-39878.52734375
-40098.57812500
-35522.39062500
-40479.79687500
-39222.35156250
-38827.58593750
-42096.07812500
-46344.21093750
-40999.98828125
-35554.33984375
-40147.76171875
-39586.61718750
-46091.71093750
-39034.48437500
-37585.19921875
-35978.50000000
-37270.82421875
-35738.04687500
-36578.81250000
-37086.61718750
-31550.12304688
-34551.48437500
-31903.97851562
-29971.60156250
-30354.99609375
-29758.35156250
-34726.97656250
-32458.07031250
-32270.08789062
-29406.03515625
-29384.85156250
-30705.80859375
-32260.43750000
-35421.07812500
-30010.17187500
-36032.65625000
-30683.11328125
-34603.62500000
-31892.83984375
-28930.82812500
-28053.89453125
-28713.06445312
-29538.47656250
-31601.17968750
-29312.92187500
-29456.68945312
-29205.70312500
-30753.05859375
-28949.82812500
-32228.81445312
-30029.39648438
-30018.69921875
-30310.10546875
-29182.66406250
-30297.76953125
-29880.86132812
-30523.21679688
-27921.20507812
-28550.69726562
-30340.85156250
-29317.55468750
-31035.72851562
-29384.98242188
-29514.50390625
-31190.39453125
-28507.19140625
-29297.21484375
-29528.52148438
-30676.26953125
-27223.34179688
-28914.86328125
-28022.29296875
-28434.52734375
-28175.15625000
-28137.74609375
-29131.08398438
-29663.03515625
-29249.63671875
-37906.24218750
-43539.31250000
-34565.16406250
-37838.43750000
-36814.66406250
-32044.96093750
-34660.37500000
-33327.00390625
-33137.69531250
-31771.09375000
-28856.35546875
-32517.65234375
-34237.85546875
-32717.00976562
-35682.10156250
-37279.60546875
-32770.42187500
-33978.96875000
-33087.66406250
-32607.52148438
-31214.03125000
-33911.55078125
-31845.02929688
-31390.61328125
-31500.83398438
-30343.52929688
-30893.28906250
-30297.42187500
-31542.38085938
-32570.56054688
-32153.85546875
-30517.08789062
-30103.91015625
-33667.89062500
-30898.20703125
-30055.52148438
-26465.96484375
-26237.82421875
-25922.64062500
-30354.03906250
-29227.20703125
-26680.34960938
-28036.56835938
-28562.39062500
-28318.04296875
-29623.50000000
-30255.44335938
-30130.91796875
-32940.66406250
-29828.49609375
-29361.40429688
-30166.36718750
-31881.95117188
-29166.23242188
-30810.37500000
-28284.15429688
-28231.17968750
-28391.11132812
-29012.13281250
-30066.55273438
-28634.40234375
-28085.65625000
-30437.29882812
-32992.15625000
-29074.99218750
-29465.91015625
-28644.95312500
-29971.11328125
-31375.72656250
-28894.04492188
-29237.16406250
-29387.06640625
-28296.13671875
-30937.02343750
-30988.78906250
-30610.41796875
-33162.46875000
-32953.84765625
-35105.82812500
-30276.70898438
-32785.33593750
-33108.86718750
-34349.44921875
-34124.19140625
-32274.41210938
-32070.71484375
-30485.91796875
-29322.78515625
-30608.18945312
-30902.76171875
-30458.37304688
-33854.57031250
-34635.37500000
-31882.27734375
-40745.64062500
-40013.11718750
-34260.41406250
-31759.47265625
-38112.95312500
-35975.70312500
-31764.15429688
-29120.13867188
-29810.65625000
-27649.43945312
-33019.63281250
-34543.06640625
-31190.56835938
-37464.23437500
-35776.32031250
-29965.10937500
-30923.35546875
-29977.65234375
-31753.83007812
-33140.30859375
-31082.87890625
-32133.23437500
-31056.97851562
-31344.24414062
-30194.59375000
-31767.10156250
-30129.21484375
-32727.88085938
-31230.23828125
-29105.78710938
-28920.73242188
-31397.22265625
-30097.67578125
-30312.30078125
-31696.11718750
-30463.89257812
-29451.46679688
-28589.61718750
-27152.61718750
-30008.03515625
-30491.53515625
-29478.16406250
-29982.57812500
-28803.54687500
-29791.75195312
-29885.63476562
-30211.16210938
-28478.49609375
-29552.69921875
-30815.08984375
-29880.77929688
-29837.16015625
-31375.24218750
-30552.53906250
-28529.32812500
-28785.16015625
-29366.20312500
-29504.79882812
-28774.65625000
-29460.15429688
-31312.80468750
-29086.73242188
-28808.90625000
-30741.06640625
-28253.70117188
-27168.89843750
-28460.23632812
-27314.10937500
-27909.36718750
-24792.42578125
-26282.86328125
-25679.50976562
-24875.89843750
-26271.42578125
-23758.89843750
-23250.96093750
-23777.35156250
-23794.14062500
-25446.64843750
-21961.69531250
-23850.67578125
-24540.42968750
-22829.00195312
-22883.49218750
-23181.04101562
-23396.87304688
-22050.51171875
-22847.92187500
-23341.83984375
-26118.76171875
-24568.87109375
-23782.32812500
-22958.78515625
-21873.31250000
-24063.12500000
-22417.12500000
-21735.79492188
-21712.02343750
-21496.38671875
-23506.06640625
-24187.50195312
-23845.52148438
-23372.58593750
-25121.61914062
-22985.49609375
-22296.23828125
-24110.17187500
-25648.67968750
-24985.07031250
-25098.50390625
-23929.35546875
-24409.68750000
-27596.57617188
-27473.75976562
-28648.92773438
-30165.39843750
-28555.27148438
-27227.31640625
-26627.68359375
-27504.82421875
-27531.52929688
-29069.98437500
-25839.23242188
-27828.15234375
-29537.85156250
-25971.08593750
-28397.88671875
-25809.78710938
-26069.82421875
-26978.81250000
-26871.15625000
-27429.22265625
-27054.77734375
-26818.57421875
-25223.44726562
-26533.11718750
-26267.34960938
-24357.94726562
-25547.93359375
-25720.93750000
-24992.41796875
-26051.73242188
-26571.99804688
-25636.11132812
-26266.87695312
-26219.26562500
-26788.59570312
-26585.49414062
-26406.18554688
-25237.42578125
-26470.86718750
-25687.83789062
-25330.39453125
-26017.16406250
-25896.57617188
-25834.12500000
-25922.86523438
-26073.16796875
-25873.34765625
-25778.83593750
-26307.15039062
-25433.94921875
-25723.38476562
-25443.85351562
-26395.51562500
-24775.60351562
-24381.17578125
-25046.47656250
-24375.73437500
-24833.85156250
-24752.50000000
-24705.01562500
-24281.39062500
-24668.65039062
-24576.99218750
-24522.94921875
-25145.25000000
-24123.11132812
-24468.21093750
-24580.65234375
-24455.46875000
-24456.28320312
-24731.26171875
-24028.85546875
-25061.89062500
-24217.10546875
-24016.16015625
-24311.67968750
-24372.26757812
-24928.53125000
-24258.82421875
-24538.91210938
-25073.33593750
-27777.23046875
-25628.60351562
-32173.86523438
-26688.88476562
-25164.37304688
-24034.51953125
-25178.43554688
-24959.75195312
-25397.58984375
-26917.72851562
-28789.64843750
-25829.67968750
-24406.01171875
-24942.19140625
-25408.84375000
-24862.69140625
-24859.35937500
-24450.26562500
-23917.79101562
-25360.93945312
-24083.40429688
-23956.06250000
-23948.67968750
-25830.91796875
-24579.99218750
-22586.79687500
-23280.31640625
-24331.27539062
-23228.73437500
-23504.60156250
-23292.80859375
-24313.69921875
-23877.72656250
-23062.77734375
-22805.82421875
-21562.98828125
-22208.52734375
-21814.95312500
-20804.59375000
-20722.71679688
-21806.58203125
-20703.73046875
-20768.80273438
-20125.30468750
-20582.92187500
-21244.56054688
-20840.87109375
-20465.18359375
-21026.13867188
-21218.77148438
-21310.47070312
-20182.63281250
-20227.73437500
-21282.51171875
-21488.33007812
-20511.36718750
-21491.27343750
-20523.86914062
-21407.12500000
-20533.37109375
-20211.36718750
-20531.45117188
-20078.01562500
-21951.35937500
-20418.66992188
-21138.43750000
-21314.93359375
-20053.47656250
-21076.38671875
-20525.43359375
-19888.36718750
-19468.97070312
-21237.38281250
-19684.82812500
-20163.27343750
-20098.46093750
-20038.85742188
-19927.97656250
-19701.40234375
-20648.77734375
-21409.48046875
-20192.82421875
-20667.28125000
-21316.11132812
-20914.92187500
-20744.36718750
-21516.35742188
-20690.57421875
-21214.32421875
-21033.64062500
-21095.66796875
-20731.91210938
-21331.29296875
-20829.45507812
-21700.61718750
-20627.79882812
-20907.72656250
-21674.19531250
-21604.74023438
-21205.35937500
-21958.90625000
-21355.07617188
-21240.56054688
-22159.09570312
-21425.91406250
-21532.42968750
-21973.99609375
-23263.21875000
-20981.99609375
-21172.36328125
-21285.55859375
-21564.19921875
-21035.00195312
-21269.10546875
-21818.22851562
-22438.03515625
-21428.25781250
-21744.23632812
-21289.35937500
-21603.79492188
-21191.62109375
-21585.81250000
-21529.28906250
-21573.73828125
-21300.67187500
-21564.73437500
-21427.41796875
-21068.81054688
-21164.78515625
-20803.51953125
-20874.66406250
-21048.02343750
-20905.33593750
-22086.36328125
-21199.10937500
-22861.96679688
-20949.85156250
-20898.21875000
-21619.67382812
-22483.97656250
-21071.26367188
-21905.82617188
-21571.84179688
-21580.08789062
-21892.53320312
-26540.17968750
-25509.34765625
-26973.55078125
-27362.13671875
-26754.87500000
-25662.33203125
-24486.85546875
-24270.96484375
-24803.94140625
-23080.48046875
-24298.49609375
-24055.29101562
-23216.90625000
-23184.18164062
-22720.37695312
-23167.43750000
-20957.93359375
-22255.37304688
-22437.60156250
-19098.54296875
-18512.63281250
-18628.83203125
-18996.28515625
-19605.80468750
-19331.44921875
-18844.23046875
-19940.22851562
-19118.38671875
-19832.97265625
-20475.11718750
-21171.49218750
-20208.39453125
-19438.78125000
-19505.41406250
-19968.63281250
-23235.39062500
-19842.65625000
-20461.46484375
-21362.56640625
-22894.81640625
-22488.16015625
-22334.25000000
-21998.25976562
-21927.99023438
-22817.54687500
-19572.66406250
-20870.38281250
-21166.50585938
-20200.09179688
-21582.22656250
-20731.35937500
-19208.03125000
-20422.73828125
-20092.76953125
-20181.88281250
-21238.83789062
-18783.08203125
-20011.45117188
-21371.71289062
-29015.74218750
-24569.24609375
-25460.01367188
-25666.31640625
-21173.70507812
-23393.81054688
-20422.97265625
-20454.17187500
-20922.46484375
-21593.97656250
-25931.09765625
-19416.70507812
-19966.13281250
-23324.91992188
-19977.19531250
-20585.42773438
-18194.76953125
-17634.38671875
-17832.47851562
-17894.08984375
-17744.34375000
-17652.30468750
-19338.16015625
-20862.22656250
-20744.18359375
-19581.58203125
-19769.86132812
-20107.91406250
-20290.25000000
-25809.34375000
-19814.02148438
-23710.44531250
-22025.04687500
-18790.95703125
-22135.05664062
-19529.49609375
-23388.41210938
-19658.31640625
-21599.94531250
-24176.92968750
-21643.42968750
-19164.21484375
-21096.08593750
-19524.38281250
-19852.59375000
-20779.89062500
-21601.53125000
-20017.89453125
-21640.53320312
-23356.68359375
-22013.92187500
-19306.50000000
-21035.25976562
-20253.29882812
-21366.52343750
-20754.80078125
-19925.50390625
-20588.15234375
-20215.36718750
-20459.56445312
-20244.71093750
-19973.85351562
-18939.71093750
-20507.23437500
-19830.17578125
-19193.00976562
-18296.83203125
-18746.40625000
-19023.21484375
-19337.84960938
-18465.68164062
-18695.49609375
-17542.05664062
-20205.84960938
-20605.12890625
-21349.96484375
-22188.90625000
-23354.82812500
-22208.42187500
-21439.51562500
-18780.52929688
-19570.41796875
-21802.87109375
-20287.82031250
-18283.23828125
-18866.98632812
-18664.90625000
-19034.00390625
-18654.98828125
-16717.28515625
-19083.75390625
-18384.14257812
-16031.16992188
-16693.28906250
-18211.28906250
-16225.55273438
-15747.00976562
-16476.11914062
-16077.40039062
-16739.27539062
-16525.84375000
-16563.85156250
-15809.76953125
-16489.92578125
-15884.07812500
-15671.99023438
-15558.52050781
-15826.33007812
-15863.65917969
-16230.68164062
-14110.13769531
-26190.94140625
-16855.53906250
-15858.02734375
-22496.61523438
-20413.02343750
-15950.80859375
-13780.33398438
-24073.27539062
-14334.02148438
-18091.00195312
-14912.72460938
-14866.26367188
-28865.12109375
-19759.28515625
-14784.84960938
-14567.40332031
-14874.73144531
-14166.08593750
-18166.42187500
-16502.39648438
-29872.51171875
-29829.93554688
-21356.71093750
-22201.07812500
-23165.85156250
-20401.65234375
-24477.14062500
-18494.22265625
-22625.10156250
-19961.04101562
-22241.47656250
-22690.28125000
-21570.31640625
-17824.62109375
-33162.21875000
-15786.07812500
-21081.19921875
-12564.49609375
-28884.17382812
-18423.77148438
-37896.12109375
-23272.45507812
-26067.24218750
-24042.93359375
-27589.92578125
-45380.64843750
-27133.29882812
-36861.43750000
-36062.46093750
-32880.98046875
-36731.57421875
-43876.64062500
-37429.57812500
-31309.34960938
-46692.46093750
-30070.17578125
-41576.35156250
-41727.71875000
-44403.00781250
-49761.50000000
-49291.71484375
-38759.07031250
-42229.62500000
-28251.25390625
-32861.54296875
-40796.17578125
-34556.95312500
-43214.10156250
-50555.08984375
-27370.30468750
-38965.82031250
-34062.14062500
-33900.54687500
-36740.32421875
-32428.93945312
-18433.48046875
-13457.09082031
-18153.87304688
-18759.97656250
-16983.39062500
-21831.38476562
-22831.00390625
-24839.17578125
-19062.11718750
-18979.84765625
-24299.41796875
-16795.96484375
-17909.56835938
-22675.21679688
-25894.40039062
-20621.36718750
-20234.64257812
-27135.38281250
-23126.62109375
-33503.56250000
-41868.15625000
-34323.19140625
-40198.32812500
-44278.91406250
-29052.68945312
-28713.77148438
-41776.85937500
-32640.60351562
-32364.60351562
-27463.60546875
-32006.86523438
-31083.96875000
-35558.78906250
-35812.09375000
-28762.07226562
-38393.66796875
-28607.01953125
-40567.87109375
-26273.70703125
-26287.54296875
-24024.58593750
-20787.48632812
-23259.74609375
-25608.25976562
-23111.12500000
-25930.06250000
-32626.36914062
-24239.41015625
-31680.42578125
-25792.23437500
-28580.78125000
-27842.41796875
-31489.95312500
-26687.96484375
-31412.39257812
-27842.15039062
-22777.76562500
-25110.20703125
-28573.75781250
-24421.79492188
-27980.61328125
-26652.78906250
-27261.90820312
-28577.22265625
-31735.76171875
-26084.49023438
-25524.77148438
-27389.16406250
-25916.89257812
-29053.08984375
-28008.57421875
-28484.67578125
-32176.22265625
-30520.26367188
-27697.13476562
-30351.45312500
-28112.68554688
-30020.74609375
-31211.21875000
-32595.10156250
-30732.00976562
-31818.25390625
-30158.57031250
-30674.51171875
-35204.33593750
-34205.12109375
-35129.88281250
-32678.66601562
-33363.52343750
-33993.20703125
-32818.72656250
-36499.31640625
-33789.64843750
-34671.79687500
-33726.07031250
-35705.55468750
-36305.03125000
-35475.65234375
-35386.00390625
-37340.73046875
-33644.54687500
-36297.60937500
-35378.93750000
-37418.24218750
-35085.38671875
-35851.75781250
-35929.95312500
-39724.96484375
-39839.82031250
-37889.03515625
-36656.54687500
-37342.12500000
-36006.92578125
-35149.37500000
-35950.85546875
-33937.72656250
-34860.53125000
-34377.82031250
-36288.21093750
-39385.22265625
-37796.86718750
-34906.66796875
-37530.02343750
-37246.64843750
-36037.71875000
-39832.70312500
-36185.69531250
-38230.81250000
-38015.17968750
-38013.42578125
-35397.07812500
-36751.48437500
-34354.28515625
-36745.62890625
-35256.22265625
-36353.75390625
-36071.72656250
-31509.13671875
-36118.98437500
-35485.01171875
-32419.41406250
-31924.23437500
-35331.66015625
-30303.19921875
-32845.94531250
-30926.52539062
-30685.19726562
-30074.35156250
-32604.65234375
-30450.14453125
-29569.57421875
-29585.17382812
-30306.66015625
-32988.33984375
-30893.24414062
-31288.28906250
-29699.98828125
-32553.29101562
-34760.67968750
-35198.17968750
-31870.39062500
-32372.60937500
-30817.91796875
-31180.09765625
-29906.63671875
-31377.13671875
-34600.73828125
-31731.86718750
-32505.22265625
-39954.38281250
-32490.19140625
-35496.94531250
-33536.19140625
-33745.21484375
-32993.16015625
-35168.12500000
-30318.18750000
-31116.98632812
-30618.89843750
-38307.11718750
-34334.54296875
-34003.78125000
-33935.22265625
-33369.00781250
-35244.37500000
-33938.58984375
-33993.76953125
-34909.34375000
-35907.54687500
-34923.09375000
-34457.03125000
-39277.45312500
-33550.70312500
-37744.70703125
-36406.05078125
-39021.71875000
-38239.05078125
-36201.38671875
-36456.42968750
-39972.62500000
-35988.54687500
-36263.45312500
-35121.49218750
-38370.96875000
-34566.62500000
-36473.70312500
-35606.12500000
-32789.85937500
-31842.20703125
-31854.43750000
-32431.01171875
-30742.12109375
-32539.17968750
-30911.26757812
-31243.00390625
-32084.82812500
-31935.28515625
-32080.36328125
-32702.14062500
-32648.33203125
-33694.51171875
-31275.17968750
-33179.85546875
-32089.42773438
-33117.36328125
-32909.08593750
-31501.28515625
-32539.44531250
-29884.51757812
-31338.75781250
-32098.99218750
-33688.59765625
-33261.55859375
-32436.65234375
-32020.86914062
-33044.76171875
-32298.09765625
-32369.41796875
-32893.14843750
-31572.97265625
-33461.50000000
-32658.64062500
-32631.57421875
-32708.66992188
-34894.97656250
-33539.08593750
-33694.58593750
-33246.67578125
-33307.47265625
-34580.81250000
-32337.67578125
-31995.35546875
-33622.36718750
-34053.89062500
-31838.85351562
-32321.04296875
-33538.85937500
-32322.89453125
-32720.93359375
-32742.88476562
-34798.25390625
-34984.14843750
-34175.50000000
-33568.26171875
-36106.89843750
-34733.69531250
-32579.24218750
-36361.79687500
-33324.29687500
-35126.97265625
-34723.56250000
-33724.50781250
-36320.92968750
-33510.57812500
-36211.82031250
-32702.94531250
-37531.32031250
-34444.12890625
-34805.16796875
-35203.57812500
-35062.46484375
-35615.05468750
-37616.93750000
-41487.97656250
-36027.77343750
-40225.58593750
-38024.66406250
-36692.80468750
-40731.13281250
-37711.24609375
-35363.09375000
-34343.25000000
-38422.25781250
-37177.55468750
-38320.59375000
-40522.96093750
-34125.97656250
-40589.77343750
-38828.92968750
-37230.28906250
-38325.32812500
-35087.13671875
-35577.79687500
-37827.88281250
-36382.97656250
-35785.30859375
-37419.60937500
-34440.78125000
-35976.90625000
-36610.92968750
-34784.95312500
-37417.14453125
-35686.31250000
-34371.60156250
-35427.06250000
-34420.71093750
-33054.49218750
-33883.00390625
-33815.60156250
-35019.14843750
-37443.28125000
-34481.21093750
-34864.71875000
-34496.20312500
-33880.09375000
-34555.39062500
-30940.13671875
-32731.59960938
-33804.47656250
-32066.13281250
-31413.81445312
-31611.35156250
-33346.71875000
-32362.43945312
-31238.08984375
-31427.17773438
-30863.08398438
-31753.81250000
-31719.39648438
-32012.47851562
-32470.53906250
-30965.45898438
-31816.92382812
-31342.32617188
-31544.81445312
-32038.91406250
-31731.55664062
-31574.45507812
-32153.50000000
-31361.04101562
-33284.42968750
-32118.04296875
-31507.63281250
-31009.73632812
-30902.83203125
-32573.14257812
-32430.92968750
-31798.80078125
-29953.65625000
-31517.09179688
-30041.15234375
-32087.02734375
-30261.09570312
-30523.97265625
-30207.45507812
-30382.05078125
-31202.96093750
-30110.65039062
-30749.99218750
-30954.43750000
-31116.68164062
-30527.22265625
-31328.42382812
-31541.75000000
-31188.71679688
-31867.86328125
-30984.43164062
-32143.70703125
-30953.93554688
-30039.74414062
-32354.54687500
-31465.87695312
-30585.61132812
-30209.11132812
-29880.52539062
-30054.66796875
-30460.03906250
-30942.63281250
-29804.07812500
-31156.02148438
-31350.71289062
-31726.80468750
-31202.76562500
-30217.40039062
-29797.25781250
-29372.09375000
-31253.40625000
-31124.16406250
-30697.05078125
-29861.64843750
-29956.63281250
-28885.72656250
-30318.57617188
-30590.27343750
-30070.28710938
-28836.72265625
-30325.52734375
-28956.08593750
-28235.13867188
-28493.27539062
-28585.85937500
-28681.37890625
-27867.61328125
-28345.15234375
-26853.07421875
-27375.49609375
-26061.71875000
-26971.33203125
-26567.94921875
-26997.18750000
-26763.33984375
-25608.39257812
-26177.43945312
-27783.47656250
-28039.36718750
-27759.41015625
-26530.56054688
-27052.02734375
-26504.16796875
-26711.83007812
-27103.37304688
-26307.93750000
-26420.02343750
-25224.05273438
-24603.22656250
-25236.32226562
-25921.15625000
-25973.73242188
-25861.98242188
-25540.78125000
-25360.58007812
-26701.65625000
-25654.04687500
-25563.33984375
-26138.09960938
-26104.30468750
-25107.34375000
-25888.69531250
-25808.49414062
-25433.37890625
-25729.22656250
-25040.42187500
-25907.36914062
-25302.27734375
-25331.37890625
-24509.55468750
-26090.16796875
-25239.01953125
-25918.44921875
-26033.19921875
-24503.16796875
-25088.42187500
-25614.09375000
-25750.64257812
-24947.36718750
-25342.02734375
-24889.82031250
-25989.91406250
-25043.46679688
-24474.95703125
-24564.52343750
-26673.23046875
-25801.32421875
-28081.23828125
-28226.35937500
-25834.35156250
-27111.84375000
-25675.34765625
-27264.12109375
-25606.95507812
-25568.04687500
-26310.02343750
-26186.10156250
-25609.78906250
-26644.33984375
-26024.05468750
-25064.64843750
-24299.33984375
-26879.79492188
-25073.98632812
-25361.39453125
-24811.07421875
-25427.19335938
-25698.12109375
-25374.01171875
-25106.44921875
-25809.42968750
-25033.91406250
-25339.75195312
-25712.12109375
-25469.88671875
-25934.32031250
-25449.86132812
-25494.71679688
-25640.89453125
-25761.11718750
-25020.35156250
-26326.52539062
-26106.06640625
-25093.94531250
-25906.79687500
-24713.33593750
-25239.91406250
-25912.69726562
-24387.07617188
-24883.21093750
-25310.05078125
-24961.11718750
-26247.24414062
-26013.57617188
-24044.76562500
-25961.92187500
-24722.38867188
-24518.69921875
-23700.76562500
-24149.47851562
-24447.99609375
-24720.73632812
-22691.84179688
-22422.73046875
-22774.64453125
-23139.94921875
-23487.60937500
-23610.28906250
-23817.26367188
-24342.71679688
-22487.51171875
-23206.34375000
-22375.34179688
-23369.79687500
-23426.02148438
-23208.27343750
-23340.76953125
-24737.41406250
-22231.84765625
-23131.12695312
-23067.27734375
-23652.41796875
-25612.42968750
-24294.34375000
-24515.37109375
-23822.74218750
-22598.85937500
-22421.16015625
-23318.15234375
-22973.44531250
-22539.37304688
-24192.40625000
-22692.41601562
-22540.11914062
-23953.08984375
-24030.19921875
-23902.62500000
-22482.20507812
-23358.53125000
-21398.09765625
-20449.56835938
-21767.34765625
-21396.05078125
-21242.17382812
-21428.91796875
-21481.79101562
