-7.04669714
-7.50957680
-7.99487400
-8.44151306
-8.49227905
-9.19558907
-10.21207237
-11.06918335
-12.65082645
-12.31209564
-13.65730572
-14.95068741
-16.47541809
-15.81191158
-15.71207428
-18.60196877
-17.72318268
-19.86079788
-21.74397850
-22.08938026
-25.76881409
-25.77787018
-29.58844948
-29.12441635
-30.67252541
-34.08301544
-32.87029266
-29.85796738
-35.26728439
-34.62509918
-35.18635559
-38.35590744
-39.49521637
-40.12512970
-41.70326996
-43.61766052
-40.97472000
-44.31165695
-43.96269608
-45.52192688
-52.92150116
-53.04696655
-50.49501419
-60.73456573
-54.26780701
-61.87833023
-58.32222748
-63.79361725
-65.79080200
-64.19944763
-65.81531525
-57.99446106
-60.88941574
-62.65382385
-66.36230469
-63.23109436
-67.68539429
-67.30155945
-76.03641510
-71.76736450
-77.76855469
-72.40524292
-69.37027740
-72.21745300
-78.97824097
-76.05107117
-78.78172302
-83.90101624
-91.17539978
-82.50373840
-84.83554840
-89.56057739
-84.26097107
-90.23858643
-92.11462402
-90.93566895
-86.46240234
-84.76231384
-85.71262360
-89.79353333
-97.85931396
-104.07189941
-93.47165680
-94.02841949
-94.07763672
-93.63726044
-106.05599976
-103.00836182
-104.40428925
-107.48315430
-106.45155334
-109.41151428
-107.86122131
-108.39990234
-108.05885315
-114.26265717
-117.29715729
-114.97496796
-113.24913025
-122.82792664
-122.09397888
-129.79730225
-119.49797058
-130.99317932
-123.25141907
-128.80928040
-138.72822571
-129.28855896
-132.89280701
-136.31268311
-136.87405396
-146.17062378
-140.53277588
-142.37399292
-139.96554565
-146.21914673
-146.60847473
-139.46824646
-151.67703247
-149.80493164
-152.16305542
-152.70455933
-147.04580688
-146.81950378
-146.42349243
-154.27325439
-151.38670349
-155.73725891
-154.58721924
-147.90655518
-155.95898438
-144.56431580
-145.84719849
-143.96334839
-148.73171997
-150.06774902
-144.83337402
-147.56771851
-151.26544189
-157.38999939
-167.05818176
-159.89161682
-163.63887024
-166.88511658
-169.80154419
-164.46405029
-172.96493530
-166.92115784
-171.17086792
-173.88595581
-172.13027954
-171.77059937
-176.31587219
-176.13529968
-180.47061157
-177.76693726
-177.16940308
-179.49182129
-187.37207031
-181.65414429
-186.61415100
-185.02874756
-186.65689087
-184.75344849
-193.90853882
-198.72589111
-192.80482483
-190.42692566
-198.00473022
-208.05612183
-206.99380493
-212.56219482
-208.33001709
-207.17376709
-209.92034912
-201.08090210
-212.81106567
-209.61994934
-210.51480103
-208.54832458
-211.85179138
-213.94540405
-203.18792725
-210.14990234
-208.66860962
-210.46301270
-211.04916382
-212.30010986
-202.74778748
-211.71331787
-206.73773193
-210.87948608
-211.71490479
-220.19232178
-217.90557861
-220.08590698
-221.91342163
-216.78993225
-215.36251831
-213.76396179
-218.82159424
-221.23034668
-223.24475098
-223.69407654
-223.79277039
-223.57472229
-224.97851562
-212.00787354
-224.78729248
-229.29205322
-222.94683838
-231.47985840
-235.14529419
-232.12307739
-235.73139954
-231.77819824
-239.49293518
-239.39108276
-243.66790771
-245.57775879
-242.46041870
-246.76193237
-247.69546509
-246.89204407
-244.85411072
-258.19824219
-239.23265076
-259.50311279
-245.42594910
-242.71545410
-255.34056091
-246.68927002
-261.88043213
-267.26666260
-266.82519531
-253.32632446
-269.13958740
-268.18426514
-272.71496582
-269.98925781
-267.91925049
-265.03695679
-265.59024048
-273.14208984
-261.48880005
-264.23199463
-264.67382812
-259.03186035
-268.60113525
-262.58761597
-270.63946533
-268.69061279
-267.84997559
-286.50762939
-276.93939209
-272.61566162
-290.29013062
-282.06842041
-289.45529175
-274.14929199
-286.82543945
-289.88739014
-283.71868896
-276.55511475
-273.87130737
-270.64996338
-286.59533691
-290.89178467
-280.64996338
-282.28073120
-289.44757080
-293.96475220
-300.37554932
-298.69512939
-301.50939941
-302.04864502
-304.49920654
-309.80374146
-305.02166748
-312.21795654
-302.84729004
-299.68859863
-288.24786377
-289.17828369
-297.85180664
-298.39581299
-285.97827148
-306.39395142
-313.36083984
-319.88476562
-315.24713135
-319.52395630
-324.26437378
-319.33465576
-316.99865723
-319.33770752
-311.21032715
-316.27764893
-328.82073975
-319.44964600
-317.91235352
-326.86871338
-329.77676392
-328.62030029
-338.14407349
-337.57672119
-339.31887817
-338.89215088
-346.29840088
-337.55120850
-337.68838501
-344.24890137
-350.70721436
-351.42449951
-343.40600586
-346.05999756
-342.79101562
-338.03588867
-342.59667969
-342.89874268
-332.86602783
-330.98544312
-336.10751343
-324.42092896
-330.64508057
-320.20922852
-331.85507202
-332.91604614
-334.40301514
-330.81127930
-335.50604248
-336.25311279
-333.53472900
-329.71032715
-337.28106689
-335.94027710
-346.97656250
-341.24822998
-349.26873779
-356.34432983
-344.10046387
-351.58343506
-335.22326660
-354.21316528
-358.30834961
-346.33758545
-352.69329834
-344.38793945
-345.10998535
-346.92553711
-339.03295898
-346.12390137
-346.53005981
-348.51177979
-358.43762207
-362.64392090
-364.54803467
-356.79351807
-366.46221924
-357.11645508
-352.85723877
-365.87905884
-351.20431519
-371.74581909
-347.89764404
-369.66851807
-359.89154053
-353.43438721
-354.15234375
-382.10528564
-355.67993164
-364.92187500
-366.99768066
-370.83474731
-365.20336914
-373.24981689
-367.87115479
-367.73999023
-371.92709351
-384.83673096
-371.05044556
-376.99365234
-384.48995972
-383.62463379
-370.64819336
-377.80419922
-381.19625854
-374.02334595
-375.10284424
-368.98516846
-379.94830322
-375.86923218
-373.76324463
-376.43499756
-375.28967285
-354.47509766
-363.08813477
-361.00991821
-376.50076294
-370.11975098
-361.89385986
-369.63345337
-369.79034424
-370.26361084
-370.08306885
-366.58044434
-364.80502319
-370.74603271
-382.79394531
-374.59918213
-369.59265137
-372.83743286
-367.50018311
-375.37271118
-378.36184692
-379.40765381
-377.19293213
-366.22851562
-371.44790649
-380.78280640
-381.21115112
-373.05053711
-370.09466553
-385.21118164
-378.51550293
-379.66040039
-372.80963135
-388.13372803
-386.21337891
-386.42584229
-386.65261841
-389.17419434
-377.81961060
-386.67279053
-393.45623779
-389.64215088
-390.45373535
-387.61346436
-380.50262451
-397.12637329
-393.92660522
-398.35437012
-394.80184937
-389.52722168
-393.60101318
-387.07632446
-387.57934570
-392.99310303
-380.59289551
-395.50946045
-393.72982788
-390.64987183
-397.56851196
-394.11120605
-394.07666016
-401.23037720
-386.83575439
-391.87506104
-393.35949707
-390.45660400
-396.08059692
-396.27688599
-404.26684570
-400.17965698
-404.65545654
-396.39407349
-408.98016357
-411.07479858
-406.27685547
-419.31854248
-402.96707153
-415.63012695
-423.62640381
-410.35998535
-410.02975464
-415.76269531
-414.73342896
-420.84008789
-431.98577881
-413.42639160
-425.28112793
-415.45324707
-422.62524414
-429.38082886
-423.70281982
-424.14523315
-416.31811523
-422.44024658
-426.69735718
-414.02246094
-401.74023438
-404.25207520
-405.44821167
-396.11767578
-397.42388916
-395.47344971
-406.89935303
-403.83056641
-414.31176758
-414.29962158
-422.92495728
-412.79495239
-420.58270264
-416.89056396
-423.87060547
-428.86697388
-416.56451416
-406.81542969
-383.40802002
-399.45941162
-405.69305420
-406.21276855
-407.46368408
-402.94586182
-408.63040161
-413.27398682
-414.91177368
-419.24951172
-420.46740723
-428.86239624
-430.86822510
-415.25823975
-431.27444458
-429.86398315
-425.72424316
-420.07867432
-424.20828247
-444.75628662
-445.40054321
-435.22485352
-423.75698853
-437.20129395
-437.69384766
-438.23480225
-443.67465210
-444.12829590
-424.81042480
-425.83349609
-427.36965942
-431.04443359
-421.86727905
-429.62908936
-432.26367188
-429.04595947
-442.59625244
-423.79830933
-418.10879517
-428.31457520
-438.46331787
-443.99468994
-434.11145020
-438.57025146
-438.21743774
-448.11929321
-448.60601807
-441.74914551
-444.72546387
-430.20153809
-427.26782227
-428.29315186
-418.61874390
-422.70315552
-421.81243896
-438.26840210
-425.98416138
-386.05258179
-396.54913330
-390.87091064
-396.57238770
-402.95922852
-410.75189209
-397.69226074
-404.15002441
-413.67593384
-421.09747314
-428.60382080
-415.49114990
-423.07470703
-428.34197998
-427.74841309
-423.39880371
-432.82513428
-430.97039795
-451.88284302
-467.54882812
-479.97256470
-487.01953125
-455.02911377
-481.88140869
-457.53265381
-465.18759155
-457.22430420
-457.53613281
-449.38186646
-459.35952759
-473.21154785
-457.28448486
-464.68176270
-477.34219360
-465.99163818
-467.54620361
-473.91693115
-451.70800781
-455.06982422
-466.57244873
-459.69567871
-497.86846924
-482.55358887
-494.53839111
-475.81274414
-480.20968628
-464.11291504
-473.62252808
-450.82757568
-452.22003174
-460.22216797
-454.51687622
-470.46823120
-449.68457031
-472.11602783
-452.28442383
-462.87432861
-463.07342529
-452.72625732
-439.44390869
-446.23773193
-453.66278076
-469.07983398
-456.84631348
-461.37667847
-465.63403320
-447.98321533
-458.57519531
-439.25579834
-445.74353027
-470.40258789
-448.93472290
-445.49600220
-461.10748291
-451.37365723
-495.68121338
-496.80746460
-486.60357666
-500.97851562
-501.08166504
-504.35092163
-494.61404419
-490.52044678
-505.23730469
-510.22918701
-492.18011475
-501.21862793
-496.63214111
-485.99340820
-481.56799316
-475.48187256
-501.95239258
-482.17956543
-484.09866333
-432.22418213
-423.61508179
-437.26458740
-454.36010742
-461.92721558
-456.35235596
-466.79196167
-465.71780396
-480.41949463
-470.98999023
-475.90051270
-491.42477417
-485.35681152
-472.89685059
-469.06683350
-492.76647949
-496.40158081
-480.31893921
-465.46737671
-446.95977783
-473.75390625
-477.79223633
-498.46716309
-512.86401367
-524.48791504
-505.67440796
-514.54345703
-534.82653809
-526.25677490
-501.08447266
-493.16223145
-501.07012939
-510.53930664
-471.10040283
-500.45092773
-500.22222900
-505.81976318
-499.92630005
-472.17584229
-458.92001343
-483.07980347
-491.76263428
-482.03607178
-500.90606689
-480.89779663
-483.85906982
-479.25695801
-495.17013550
-476.79998779
-478.90921021
-474.12829590
-472.74035645
-481.22024536
-486.32720947
-480.91458130
-481.61346436
-506.26385498
-531.83312988
-529.08898926
-522.46612549
-524.97399902
-558.25610352
-545.32855225
-536.61163330
-527.47637939
-522.06066895
-543.46386719
-537.47644043
-527.25964355
-523.15893555
-511.45776367
-524.11077881
-509.56640625
-517.26171875
-498.03652954
-470.57196045
-496.93939209
-529.17871094
-484.36303711
-491.68957520
-506.84460449
-503.61102295
-499.75152588
-503.44705200
-515.79077148
-515.26257324
-475.47262573
-486.40051270
-488.46557617
-487.46572876
-512.99389648
-499.97753906
-485.41357422
-494.24945068
-496.80242920
-518.94470215
-506.23150635
-514.90832520
-506.20056152
-512.32690430
-516.33068848
-493.83935547
-515.16101074
-511.62149048
-476.23272705
-500.61148071
-545.41357422
-532.62445068
-528.19970703
-526.01757812
-511.67138672
-525.04919434
-518.86206055
-566.95794678
-515.65502930
-525.47015381
-489.64080811
-504.60354614
-543.72760010
-480.80282593
-486.33996582
-513.74487305
-510.95220947
-492.09497070
-489.48754883
-480.29064941
-514.98370361
-486.70996094
-484.40893555
-483.44036865
-486.09130859
-500.90573120
-421.44720459
-416.79589844
-413.99700928
-430.78784180
-425.01446533
-453.27978516
-448.57516479
-490.20062256
-496.02087402
-494.37310791
-499.96054077
-510.79113770
-473.95611572
-506.24114990
-520.16705322
-475.39343262
-540.77581787
-499.44540405
-506.95611572
-576.19885254
-519.05822754
-510.97576904
-512.16052246
-531.21215820
-560.68005371
-552.86193848
-534.54437256
-545.07238770
-527.56115723
-564.87884521
-543.29870605
-555.91076660
-548.32800293
-537.50793457
-547.42022705
-522.43774414
-506.41897583
-528.59844971
-522.62707520
-555.03308105
-572.96911621
-558.61035156
-532.49328613
-530.35644531
-521.38494873
-525.72863770
-511.40362549
-506.57037354
-533.24987793
-519.34289551
-521.87500000
-528.59576416
-532.58630371
-559.29901123
-538.26458740
-523.95202637
-551.06030273
-532.31311035
-567.21807861
-536.84472656
-555.50262451
-528.79687500
-545.91162109
-553.46966553
-539.66528320
-533.99072266
-554.62512207
-570.57617188
-570.85803223
-577.82928467
-563.09588623
-562.29711914
-543.08508301
-566.87719727
-556.12268066
-545.51214600
-537.99645996
-565.39013672
-530.16595459
-543.17071533
-526.04345703
-498.22546387
-498.86108398
-510.40435791
-493.93588257
-523.27441406
-509.44757080
-519.61688232
-509.08728027
-513.06158447
-511.62695312
-510.20434570
-492.14825439
-515.99304199
-526.65063477
-469.68228149
-474.29260254
-465.45889282
-510.82324219
-479.87176514
-474.82598877
-479.77819824
-467.60974121
-476.90054321
-449.14889526
-494.59893799
-504.02597046
-505.54357910
-510.46301270
-491.64935303
-540.43676758
-502.35171509
-489.66021729
-542.08819580
-557.49243164
-544.83422852
-562.57580566
-550.75262451
-570.36767578
-578.66845703
-575.67218018
-585.85064697
-596.30163574
-567.08184814
-588.09436035
-593.41931152
-563.46386719
-575.37854004
-557.44665527
-601.65222168
-562.56103516
-570.72821045
-566.52380371
-520.41949463
-505.69204712
-519.28894043
-515.62207031
-488.19152832
-506.04455566
-498.50994873
-528.10729980
-526.42370605
-522.46301270
-501.10018921
-511.77246094
-532.82989502
-548.43780518
-564.92260742
-511.64343262
-531.96594238
-540.49011230
-491.28619385
-563.20397949
-576.67382812
-595.78417969
-531.42358398
-547.13470459
-549.50659180
-505.75436401
-513.80969238
-545.96105957
-516.00842285
-547.23083496
-541.70599365
-513.02850342
-496.08462524
-512.04278564
-529.87365723
-533.00982666
-529.58325195
-523.75067139
-536.57061768
-542.13500977
-555.65441895
-531.39514160
-546.98669434
-580.99450684
-532.90576172
-522.76098633
-552.38354492
-537.93627930
-536.79833984
-561.76336670
-543.28961182
-573.00341797
-530.55761719
-571.86096191
-570.23223877
-488.73413086
-496.92544556
-531.24847412
-561.69061279
-538.62902832
-536.82409668
-532.16912842
-559.77905273
-561.14984131
-539.02539062
-546.12475586
-537.27020264
-577.22528076
-564.26879883
-530.03106689
-536.99597168
-597.57189941
-537.15252686
-560.19836426
-601.61468506
-562.63635254
-592.24743652
-530.22094727
-579.28601074
-566.53314209
-587.87225342
-583.19946289
-595.63623047
-594.56506348
-587.95861816
-625.10620117
-611.09423828
-632.13812256
-596.68170166
-608.32257080
-612.51696777
-619.19274902
-615.94897461
-605.30731201
-625.04583740
-628.08422852
-596.10937500
-610.09185791
-620.53356934
-617.09411621
-623.24011230
-598.88366699
-621.85064697
-619.17010498
-586.71374512
-604.58923340
-589.65106201
-574.96441650
-589.88488770
-577.12170410
-576.47546387
-614.41748047
-623.78210449
-631.35565186
-595.69433594
-607.02282715
-587.54522705
-589.81646729
-602.35913086
-612.27770996
-584.31689453
-599.83410645
-594.57763672
-595.12371826
-614.80871582
-589.19592285
-602.24053955
-602.23645020
-606.76428223
-618.36456299
-583.64965820
-604.89038086
-624.49902344
-641.11016846
-610.98181152
-600.18933105
-586.61688232
-560.14562988
-581.03051758
-575.43774414
-556.03979492
-556.29235840
-583.24127197
-539.71679688
-564.41271973
-533.86560059
-557.33239746
-552.65844727
-533.71270752
-588.41156006
-574.13671875
-544.25158691
-581.08020020
-617.42547607
-581.22607422
-589.02954102
-592.02893066
-584.24468994
-596.74548340
-555.27697754
-591.10437012
-554.01324463
-551.73950195
-556.54846191
-555.86303711
-586.53558350
-550.07183838
-516.69311523
-593.95098877
-616.64013672
-588.50891113
-586.27606201
-614.56494141
-605.02679443
-647.24890137
-667.97418213
-657.28564453
-655.13482666
-605.40393066
-635.77404785
-613.75598145
-612.11627197
-597.69915771
-594.25451660
-584.86560059
-612.79748535
-590.90625000
-472.77658081
-484.06353760
-506.72277832
-532.98242188
-520.46240234
-504.41528320
-512.96301270
-522.16815186
-535.47375488
-536.92248535
-544.66839600
-542.88031006
-521.93811035
-531.85693359
-547.03283691
-537.20568848
-550.76293945
-579.50323486
-522.78088379
-543.65216064
-580.99780273
-531.10668945
-510.07366943
-518.54119873
-554.27832031
-541.72869873
-549.34173584
-545.45507812
-592.04510498
-559.02709961
-536.29626465
-593.51660156
-544.19812012
-570.39941406
-552.07385254
-599.41278076
-584.91864014
-600.70428467
-582.86279297
-534.52014160
-585.63464355
-599.30969238
-619.53497314
-634.87341309
-634.44372559
-592.16271973
-598.43432617
-630.56091309
-582.06701660
-569.65051270
-549.48864746
-581.49951172
-611.29144287
-551.67175293
-601.86071777
-602.17089844
-576.76708984
-648.18212891
-621.18420410
-626.16271973
-613.25097656
-646.10321045
-615.05395508
-603.63519287
-606.93402100
-631.28930664
-608.86181641
-577.36999512
-613.91448975
-605.59936523
-627.25573730
-586.31445312
-644.81286621
-618.67309570
-595.22778320
-603.68072510
-565.27111816
-592.66064453
-581.04412842
-570.59729004
-581.68762207
-589.04327393
-611.86621094
-633.08825684
-632.76983643
-566.59411621
-599.21020508
-572.22497559
-592.27331543
-606.57189941
-608.59643555
-588.32366943
-597.28564453
-568.91033936
-572.90734863
-645.74615479
-629.59063721
-671.19775391
-654.18487549
-665.08892822
-638.18060303
-609.70684814
-608.83190918
-602.69897461
-622.01464844
-600.51336670
-563.24493408
-611.28076172
-629.08447266
-610.99267578
-578.74945068
-610.72424316
-620.70043945
-644.53161621
-670.83288574
-704.15026855
-692.75732422
-685.03045654
-679.22375488
-689.67138672
-705.77874756
-686.01611328
-681.29785156
-674.36462402
-715.67132568
-673.69189453
-665.46514893
-661.09179688
-692.77539062
-656.61071777
-663.34259033
-673.68951416
-658.76916504
-660.49902344
-628.87597656
-612.89117432
-633.70764160
-648.09350586
-604.73107910
-601.03137207
-583.80102539
-595.63525391
-604.34570312
-557.78674316
-564.98913574
-596.13037109
-611.74255371
-602.73834229
-627.74493408
-605.90704346
-599.07336426
-536.14465332
-573.84588623
-558.94152832
-593.80090332
-616.06915283
-628.18347168
-626.02770996
-613.34991455
-667.94525146
-636.03222656
-621.89483643
-653.45129395
-676.10412598
-679.71984863
-659.72558594
-644.83587646
-647.84082031
-658.78967285
-675.18859863
-625.81298828
-610.75451660
-627.32043457
-590.58709717
-538.47937012
-548.87353516
-560.95104980
-600.37811279
-582.68359375
-562.89843750
-554.38519287
-585.64880371
-574.00445557
-586.15130615
-563.35278320
-588.37365723
-608.71502686
-615.93902588
-577.54376221
-650.91009521
-670.08380127
-660.10137939
-628.75360107
-683.92901611
-660.23815918
-663.94140625
-662.60668945
-638.99755859
-621.70178223
-637.13159180
-644.79882812
-646.53222656
-663.82116699
-649.00921631
-618.62353516
-631.16271973
-688.97167969
-609.39538574
-579.68591309
-609.42163086
-571.69555664
-618.67456055
-608.04150391
-586.77624512
-563.56750488
-587.26861572
-631.08410645
-607.69921875
-589.49963379
-645.47436523
-565.47094727
-597.38635254
-601.40673828
-617.01696777
-640.38769531
-625.44897461
-687.19226074
-693.38598633
-677.67089844
-690.29003906
-714.43157959
-698.55200195
-711.70422363
-705.19793701
-724.14416504
-686.99792480
-700.59301758
-718.05822754
-707.42700195
-714.19952393
-705.99938965
-719.65051270
-714.08618164
-699.91394043
-686.69360352
-591.10974121
-603.80493164
-576.46093750
-584.34790039
-612.11035156
-655.91259766
-616.91491699
-591.68920898
-596.45495605
-598.37811279
-590.10302734
-576.38897705
-623.79748535
-647.19311523
-624.78662109
-570.14337158
-653.56127930
-617.20971680
-588.63146973
-552.34008789
-541.24304199
-574.56713867
-567.47753906
-583.80377197
-571.78430176
-550.36096191
-585.52368164
-564.32141113
-570.60021973
-586.20550537
-545.25793457
-609.05877686
-566.01013184
-577.47015381
-637.09509277
-599.08117676
-613.76928711
-619.20410156
-751.95080566
-777.80786133
-742.54101562
-729.61767578
-743.47131348
-748.49963379
-730.39807129
-706.39001465
-704.93994141
-713.95568848
-714.31463623
-698.25219727
-695.40667725
-668.82672119
-715.07678223
-669.59271240
-675.46032715
-667.13916016
-695.97131348
-538.35656738
-507.50003052
-542.46478271
-602.53625488
-614.58886719
-610.13696289
-654.11212158
-651.48937988
-596.84875488
-615.01068115
-645.53674316
-610.88818359
-641.58575439
-676.17114258
-659.71972656
-669.50781250
-683.71759033
-642.06726074
-616.13745117
-701.82092285
-686.42687988
-680.67974854
-682.69006348
-667.84899902
-706.13653564
-715.34606934
-732.27050781
-728.38842773
-695.87713623
-722.51690674
-719.08728027
-702.94848633
-686.06158447
-735.36608887
-704.74023438
-683.74938965
-667.72601318
-697.37634277
-694.34576416
-693.06811523
-712.08447266
-732.70764160
-700.89483643
-731.52526855
-720.29138184
-716.13122559
-696.79083252
-714.29443359
-737.86590576
-716.75836182
-745.58093262
-729.32489014
-720.21301270
-747.46911621
-702.74768066
-708.65509033
-622.93218994
-615.55200195
-618.70300293
-635.40454102
-661.52215576
-675.62774658
-718.75164795
-642.24011230
-692.17761230
-721.27862549
-681.77984619
-671.16485596
-703.57128906
-667.50366211
-633.11920166
-680.93560791
-681.55682373
-708.97619629
-705.74792480
-686.76885986
-675.16955566
-688.52215576
-710.66748047
-703.37255859
-695.00500488
-748.39123535
-734.80651855
-740.06201172
-761.59570312
-724.46093750
-719.40301514
-770.33843994
-714.61413574
-737.92211914
-741.45806885
-726.20916748
-726.51770020
-673.51220703
-656.85076904
-642.14404297
-666.59106445
-656.87432861
-590.66442871
-619.67944336
-616.92407227
-582.45617676
-591.83306885
-593.03967285
-585.52545166
-595.82812500
-642.74157715
-652.00524902
-622.86328125
-663.32220459
-632.03112793
-639.44238281
-637.69970703
-730.02764893
-690.04290771
-591.32238770
-637.64923096
-714.68310547
-622.17224121
-656.64398193
-654.02734375
-662.80902100
-633.62109375
-628.53320312
-636.08862305
-689.48852539
-595.85437012
-601.64440918
-664.89880371
-601.01660156
-611.64147949
-574.47198486
-606.06835938
-590.91735840
-582.49871826
-590.69287109
-560.15136719
-586.96166992
-597.96185303
-574.85375977
-581.11083984
-548.37622070
-618.97924805
-573.51037598
-650.34893799
-625.17517090
-610.09326172
-640.53027344
-640.08813477
-638.25488281
-658.89489746
-734.62164307
-757.04187012
-755.86401367
-730.72753906
-671.15277100
-642.42413330
-683.81201172
-714.12182617
-676.80065918
-653.74023438
-670.46508789
-690.71911621
-660.03979492
-672.59057617
-639.95062256
-674.96636963
-667.47961426
-624.19470215
-610.59039307
-646.45111084
-632.24993896
-596.12145996
-677.98559570
-578.06335449
-649.66680908
-648.58984375
-653.45593262
-562.24816895
-621.40930176
-638.37695312
-618.17651367
-594.09375000
-653.26867676
-612.00769043
-637.51342773
-636.20697021
-645.88403320
-707.21069336
-694.54766846
-700.38464355
-720.82678223
-712.46386719
-666.97192383
-651.14428711
-634.22436523
-626.09838867
-611.14794922
-691.61828613
-672.27404785
-702.77532959
-707.57080078
-683.43762207
-649.35815430
-676.84423828
-684.74926758
-662.92657471
-598.08032227
-613.22985840
-597.16510010
-583.57177734
-591.67547607
-610.13922119
-679.71972656
-621.18334961
-680.47570801
-643.58685303
-653.36676025
-684.31689453
-639.59338379
-631.34411621
-670.88940430
-667.46417236
-640.54003906
-621.51635742
-650.35906982
-593.41516113
-615.98394775
-661.61157227
-613.72509766
-670.06494141
-631.96453857
-669.75921631
-657.16479492
-669.99432373
-698.52111816
-704.58044434
-699.47631836
-672.02270508
-635.21063232
-715.85339355
-692.32635498
-669.81811523
-696.72930908
-691.81335449
-747.65002441
-755.46917725
-718.26000977
-760.64416504
-683.49731445
-702.97717285
-722.19732666
-677.71875000
-720.33917236
-714.97418213
-701.24969482
-652.48828125
-674.01019287
-718.91912842
-731.81719971
-737.82849121
-737.50311279
-728.97454834
-708.82653809
-749.05004883
-707.76239014
-746.02215576
-714.21673584
-713.37304688
-688.53369141
-689.24841309
-627.60522461
-723.10021973
-661.93182373
-666.75964355
-673.94659424
-656.00134277
-665.56042480
-685.74682617
-616.57055664
-647.87658691
-626.51196289
-516.64904785
-501.69784546
-503.14392090
-499.44219971
-570.13525391
-555.41137695
-551.39831543
-538.81524658
-568.40844727
-560.59997559
-521.91162109
-530.46673584
-556.32568359
-539.66943359
-571.18554688
-642.64465332
-576.43127441
-621.67395020
-576.31152344
-689.46258545
-700.64489746
-699.00476074
-729.18994141
-668.85961914
-731.76202393
-689.67773438
-699.02215576
-731.96966553
-745.98840332
-737.56042480
-716.41571045
-693.71539307
-684.83032227
-679.69946289
-672.80261230
-640.27557373
-674.65405273
-683.32226562
-704.40844727
-724.39477539
-698.82604980
-750.89562988
-687.90075684
-729.72363281
-735.39300537
-697.02612305
-716.49719238
-742.76031494
-682.91772461
-737.64868164
-729.91882324
-677.07031250
-690.21295166
-698.77996826
-673.57080078
-692.02185059
-660.70709229
-502.28207397
-636.10461426
-598.55871582
-615.40209961
-625.50006104
-626.57928467
-633.14062500
-565.28369141
-664.85729980
-611.42749023
-648.15155029
-592.89404297
-611.22912598
-564.98925781
-614.49353027
-626.03186035
-595.73236084
-563.89355469
-548.48059082
-471.40551758
-463.80099487
-472.39849854
-479.47463989
-523.00506592
-538.86004639
-558.93286133
-580.66662598
-576.16430664
-589.68505859
-570.03485107
-519.76794434
-566.14074707
-561.55944824
-576.07934570
-546.87475586
-601.84350586
-560.50091553
-564.14318848
-694.76593018
-680.51586914
-640.56341553
-657.70428467
-614.94030762
-687.54821777
-655.96374512
-661.09497070
-627.66479492
-631.15075684
-644.74121094
-593.26068115
-585.40362549
-594.20098877
-632.89819336
-618.00585938
-647.56402588
-642.74267578
-649.53259277
-728.96777344
-779.68322754
-756.20947266
-724.82019043
-732.85766602
-746.18243408
-731.16430664
-753.18273926
-681.50360107
-701.36633301
-731.12634277
-756.50286865
-753.73815918
-737.64196777
-754.12567139
-728.82250977
-755.65759277
-758.88415527
-799.20581055
-795.89544678
-832.88452148
-780.11114502
-805.12792969
-806.41271973
-755.04162598
-728.00378418
-784.66479492
-772.61993408
-749.68310547
-690.64086914
-763.90148926
-727.32604980
-688.61047363
-676.53979492
-703.05621338
-735.51470947
-696.86352539
-552.84973145
-631.84460449
-663.39257812
-607.71990967
-678.90026855
-688.69952393
-655.77337646
-621.26245117
-624.90631104
-628.40759277
-664.21655273
-643.15045166
-655.81567383
-634.44305420
-643.02722168
-630.25219727
-648.69525146
-597.72949219
-624.65936279
-613.89855957
-616.80145264
-600.45294189
-652.46466064
-675.81555176
-636.01245117
-608.69702148
-609.38293457
-639.50390625
-680.31390381
-658.79382324
-658.28100586
-642.74578857
-642.63891602
-656.02557373
-683.02612305
-648.89379883
-703.61975098
-670.99835205
-671.71752930
-615.41259766
-595.46173096
-656.63446045
-621.27819824
-645.96093750
-591.58935547
-547.05474854
-611.57641602
-563.22119141
-545.58532715
-559.66406250
-605.46759033
-614.77209473
-597.47082520
-596.06945801
-586.22296143
-642.24011230
-681.16174316
-751.55688477
-761.00280762
-760.11804199
-771.86914062
-761.09533691
-751.23101807
-787.89624023
-742.56408691
-752.23620605
-781.08343506
-727.84625244
-756.08453369
-719.77880859
-706.28015137
-726.77258301
-712.70397949
-746.21185303
-747.97460938
-760.09088135
-791.10931396
-768.56341553
-723.18176270
-702.70104980
-680.65917969
-707.81347656
-661.34802246
-664.81958008
-629.34985352
-660.43377686
-605.00720215
-666.78222656
-658.59906006
-638.96398926
-661.17395020
-687.81500244
-709.25665283
-689.58361816
-812.88464355
-782.98474121
-804.09777832
-827.63061523
-766.52368164
-789.30676270
-804.13415527
-767.21044922
-774.32543945
-739.87219238
-756.09625244
-751.73901367
-719.92169189
-735.26184082
-721.54254150
-772.28265381
-714.18688965
-740.35400391
-696.80841064
-816.59002686
-686.95178223
-773.13336182
-744.32067871
-725.83886719
-784.75128174
-707.60656738
-681.01049805
-717.12121582
-751.26586914
-737.42315674
-758.42779541
-731.23883057
-723.01562500
-719.63372803
-785.25366211
-753.96899414
-749.18975830
-700.78601074
-570.68164062
-517.59960938
-600.56030273
-636.59411621
-622.93768311
-664.50628662
-681.89007568
-656.78723145
-619.01062012
-675.56457520
-650.29626465
-654.28503418
-678.16577148
-706.40002441
-668.51098633
-680.95007324
-662.87683105
-722.04278564
-702.56744385
-737.05450439
-687.93090820
-667.93774414
-646.30529785
-648.65606689
-678.79602051
-684.49841309
-668.94873047
-664.67907715
-689.17443848
-672.19470215
-674.48150635
-646.96325684
-658.73382568
-698.87341309
-705.79699707
-649.07183838
-688.96496582
-708.18011475
-658.72625732
-697.27062988
-667.26464844
-612.32592773
-644.64733887
-672.83227539
-677.72381592
-659.41436768
-679.17431641
-637.35156250
-631.36944580
-640.07098389
-656.33306885
-614.44689941
-628.27191162
-629.36975098
-639.67968750
-605.52960205
-601.72814941
-562.01306152
-583.34033203
-655.15252686
-629.11419678
-658.61108398
-632.84844971
-693.48272705
-709.21765137
-638.08703613
-677.82116699
-670.99920654
-637.85839844
-673.22021484
-663.79968262
-681.43542480
-699.52526855
-708.70922852
-643.63702393
-706.67370605
-748.79302979
-729.29876709
-725.25646973
-682.93237305
-665.23785400
-654.34375000
-659.54455566
-677.32336426
-661.20306396
-654.66174316
-643.07067871
-634.76306152
-650.07110596
-644.64575195
-662.94091797
-638.41552734
-678.33996582
-648.68841553
-575.19128418
-601.93371582
-541.05541992
-636.78588867
-593.90942383
-610.36981201
-666.78845215
-651.75354004
-616.76281738
-547.00366211
-592.57104492
-632.01452637
-564.91119385
-579.53295898
-611.73608398
-568.05139160
-604.80505371
-685.85620117
-638.84155273
-726.40521240
-748.11175537
-775.79681396
-722.57373047
-732.46820068
-702.82086182
-663.99188232
-634.84838867
-654.70581055
-620.69799805
-645.10528564
-626.75537109
-607.80236816
-661.74426270
-599.94677734
-653.16345215
-633.61816406
-617.35089111
-647.90771484
-596.20373535
-627.36004639
-583.22937012
-572.13452148
-584.72833252
-606.90856934
-529.68890381
-570.64050293
-565.51708984
-615.89770508
-535.31384277
-606.65002441
-541.28723145
-575.66632080
-610.63244629
-569.91259766
-610.71496582
-611.71032715
-583.96032715
-532.03247070
-564.93322754
-598.11071777
-597.99981689
-591.56713867
-577.10229492
-587.46008301
-572.21319580
-595.81164551
-588.46630859
-586.63397217
-588.77270508
-575.12207031
-552.19531250
-623.96203613
-591.86676025
-550.94531250
-605.03399658
-515.13195801
-462.18957520
-464.91375732
-491.82449341
-514.14538574
-471.67620850
-475.58160400
-491.46844482
-476.35119629
-515.97180176
-534.87890625
-529.20520020
-522.27862549
-522.11517334
-548.23779297
-528.75012207
-531.04296875
-552.11901855
-507.22570801
-527.77624512
-663.44567871
-696.83471680
-699.47912598
-714.18334961
-717.23779297
-745.91418457
-689.75219727
-700.07080078
-735.83221436
-719.08361816
-692.75671387
-713.95385742
-690.38061523
-657.29833984
-666.66186523
-612.10650635
-619.99645996
-707.12463379
-609.73168945
-600.11608887
-540.33728027
-566.80584717
-603.79016113
-652.89587402
-626.50463867
-642.43957520
-685.96246338
-610.35778809
-678.00048828
-689.31884766
-698.33093262
-708.14416504
-614.12377930
-597.54968262
-605.36499023
-680.19976807
-692.02612305
-602.45239258
-594.25598145
-665.57702637
-659.46313477
-691.25988770
-780.08502197
-696.72515869
-679.29467773
-634.51953125
-664.83508301
-635.68957520
-672.23168945
-639.59436035
-693.55523682
-648.14312744
-617.10821533
-627.07153320
-609.06396484
-679.69128418
-469.59655762
-554.54779053
-575.28930664
-541.75616455
-568.71246338
-593.00317383
-593.21813965
-633.75036621
-588.89904785
-643.11975098
-583.00714111
-641.64685059
-583.16430664
-663.04553223
-668.37792969
-698.63964844
-669.86865234
-706.53381348
-702.97436523
-840.65698242
-795.48626709
-837.10656738
-763.10864258
-734.34387207
-758.84112549
-688.71826172
-713.61547852
-692.64208984
-629.46002197
-662.19836426
-735.27978516
-702.96435547
-685.28851318
-632.36126709
-686.71191406
-679.08740234
-621.15850830
-647.52716064
-746.37792969
-655.06634521
-742.38208008
-769.94824219
-696.98815918
-722.96435547
-640.20623779
-643.55065918
-675.30517578
-696.85937500
-657.44592285
-694.18353271
-659.22955322
-620.41113281
-604.66784668
-503.66363525
-619.91796875
-646.36914062
-590.28875732
-465.07302856
-433.37033081
-499.68145752
-492.85937500
-574.41125488
-554.91033936
-570.27392578
-580.21240234
-542.38525391
-566.47088623
-649.12768555
-499.66473389
-579.41918945
-544.88476562
-604.67114258
-563.14874268
-509.22192383
-574.61096191
-493.60430908
-547.89678955
-561.54687500
-494.53936768
-516.87872314
-504.78405762
-505.78826904
-553.00207520
-551.61773682
-617.95068359
-637.22985840
-489.05801392
-531.83514404
-555.04809570
-605.12902832
-569.64672852
-561.74743652
-561.45648193
-531.56683350
-600.27563477
-603.66259766
-573.13867188
-525.84472656
-528.52862549
-633.03295898
-616.46197510
-637.50445557
-683.15277100
-561.16052246
-639.42352295
-635.14990234
-707.28326416
-655.27685547
-683.53222656
-644.14068604
-648.64123535
-679.33630371
-657.16430664
-725.73077393
-725.60363770
-696.80389404
-651.06750488
-628.60870361
-647.15563965
-590.81005859
-660.69238281
-604.24829102
-778.65148926
-696.44787598
-673.68383789
-681.92730713
-748.43792725
-728.73187256
-710.64465332
-744.42108154
-701.75158691
-691.18731689
-677.54870605
-743.86071777
-790.69738770
-764.86248779
-824.59460449
-846.24084473
-853.95031738
-841.53753662
-733.83422852
-746.62304688
-761.02349854
-692.22296143
-728.38720703
-684.80621338
-691.81048584
-717.31420898
-765.29748535
-666.60540771
-618.32275391
-547.82489014
-555.13415527
-597.70202637
-598.05883789
-545.86322021
-550.69647217
-588.74060059
-613.84570312
-576.43151855
-675.56414795
-572.03619385
-605.69366455
-634.22900391
-611.56970215
-574.45129395
-563.68707275
-557.94189453
-559.56909180
-617.34094238
-479.66171265
-421.82678223
-548.90777588
-559.51245117
-495.96075439
-527.71435547
-577.52246094
-542.50115967
-514.17272949
-596.98822021
-572.56982422
-544.79907227
-614.99096680
-618.27514648
-626.99572754
-519.11340332
-567.33666992
-541.64111328
-576.04577637
-453.05010986
-495.74536133
-506.92163086
-525.92834473
-535.91003418
-581.01110840
-593.21520996
-506.62948608
-559.02349854
-581.04541016
-601.58886719
-541.45196533
-508.59786987
-600.10424805
-522.15325928
-606.92614746
-602.90112305
-542.25177002
-559.74597168
-599.31011963
-729.21789551
-647.92626953
-631.68151855
-571.67199707
-651.71862793
-627.14831543
-597.11975098
-574.56726074
-562.76580811
-547.47583008
-556.58166504
-649.73535156
-578.05480957
-511.92639160
-509.06512451
-542.82147217
-527.54248047
-666.22570801
-555.54858398
-644.34844971
-655.10711670
-676.25244141
-646.54125977
-574.28088379
-655.44464111
-636.67456055
-682.91412354
-728.34533691
-726.95086670
-705.31927490
-628.31646729
-682.60058594
-612.21893311
-663.91717529
-630.73333740
-703.12896729
-722.68688965
-710.23669434
-726.06610107
-802.84735107
-816.94458008
-799.72448730
-829.62908936
-795.47021484
-867.21630859
-788.11901855
-806.18908691
-868.05419922
-798.42352295
-807.59777832
-815.54809570
-809.44970703
-829.80969238
-739.48852539
-790.07666016
-557.94641113
-658.68878174
-618.11450195
-628.27294922
-565.24829102
-559.12762451
-656.03295898
-558.34936523
-605.26898193
-574.40728760
-548.87292480
-507.86215210
-508.66958618
-481.36358643
-507.77584839
-552.96264648
-513.68847656
-543.24328613
-523.69006348
-605.27111816
-642.33734131
-600.08416748
-510.85693359
-527.25726318
-564.04754639
-558.83276367
-636.73791504
-660.53027344
-596.00628662
-680.27832031
-678.97619629
-644.17639160
-580.67333984
-597.01654053
-668.57702637
-595.56536865
-649.43737793
-662.43872070
-651.18103027
-591.13476562
-646.32336426
-640.24304199
-666.69067383
-642.06854248
-602.05090332
-602.03344727
-601.00805664
-587.73388672
-653.89929199
-642.65539551
-649.57739258
-682.32043457
-619.29278564
-694.27807617
-676.39147949
-659.51354980
-750.34539795
-736.79156494
-728.10656738
-738.43389893
-872.71392822
-742.78344727
-732.36163330
-660.16656494
-661.52581787
-676.00085449
-728.42297363
-630.59155273
-665.05957031
-693.91381836
-755.77844238
-662.12469482
-651.87042236
-704.54223633
-615.50158691
-435.11437988
-513.79327393
-557.87774658
-604.10522461
-673.27941895
-659.14440918
-662.39489746
-726.89599609
-656.30120850
-572.89880371
-647.63800049
-544.41918945
-559.64630127
-529.30212402
-608.87048340
-520.54217529
-544.14880371
-528.82446289
-550.62670898
-555.64233398
-474.85562134
-427.94854736
-510.95025635
-494.80566406
-506.97610474
-556.48468018
-445.64709473
-473.55386353
-581.53771973
-497.38757324
-559.93615723
-557.63854980
-513.90222168
-531.52917480
-560.12945557
-565.61578369
-580.35021973
-672.75341797
-790.56036377
-742.32189941
-706.53015137
-792.54565430
-807.29980469
-841.78753662
-789.23315430
-819.04833984
-736.83691406
-789.70819092
-743.67492676
-754.80108643
-728.82293701
-613.76367188
-623.61773682
-741.54443359
-661.39245605
-761.79357910
-762.54034424
-615.03613281
-536.69653320
-653.14996338
-587.19421387
-580.72644043
-601.14355469
-585.95263672
-607.42822266
-640.55072021
-565.84118652
-603.09033203
-661.09008789
-631.97143555
-582.69195557
-545.04400635
-553.88189697
-594.80163574
-612.66369629
-609.94714355
-564.64221191
-550.39459229
-642.99572754
-658.39770508
-652.80981445
-631.33361816
-619.03906250
-624.64636230
-646.30914307
-627.41839600
-704.05761719
-620.78771973
-592.62176514
-555.91979980
-560.43273926
-565.15185547
-605.40435791
-649.99145508
-647.82641602
-493.63763428
-471.96105957
-450.84173584
-447.17324829
-499.98883057
-461.60366821
-341.62435913
-475.81387329
-417.94427490
-398.37219238
-447.54403687
-467.80364990
-418.58111572
-379.48999023
-425.58740234
-531.90765381
-434.80648804
-392.78320312
-740.33697510
-724.91113281
-805.03552246
-677.49945068
-688.59429932
-657.45367432
-657.29986572
-672.39294434
-656.50872803
-743.45880127
-762.81329346
-706.10449219
-701.78332520
-689.18646240
-706.38574219
-694.80529785
-736.20898438
-637.16180420
-653.53021240
-516.14782715
-622.63269043
-688.92846680
-637.14184570
-531.70080566
-569.64575195
-536.85925293
-563.04467773
-567.73571777
-602.28271484
-497.10037231
-561.62963867
-565.94097900
-636.10528564
-610.03216553
-608.98785400
-567.07537842
-460.99276733
-498.71218872
-334.45397949
-289.64495850
-281.36230469
-319.94058228
-445.78640747
-435.22573853
-365.68496704
-389.56414795
-371.60296631
-312.84729004
-340.90728760
-397.16424561
-428.87832642
-386.60406494
-390.93115234
-438.68273926
-543.92211914
-577.82202148
-426.71878052
-797.35247803
-738.50598145
-756.39599609
-707.84265137
-611.35571289
-605.65124512
-612.83190918
-588.52014160
-515.91394043
-471.04449463
-607.72839355
-629.73840332
-622.95684814
-655.64086914
-707.51379395
-663.29064941
-646.73461914
-567.28253174
-551.68377686
-465.21197510
-511.11157227
-384.46032715
-369.02813721
-370.11145020
-354.88952637
-523.81024170
-380.94598389
-479.89965820
-412.98974609
-477.06964111
-478.99414062
-461.06127930
-407.02178955
-520.19464111
-475.82247925
-504.40200806
-524.14172363
-573.28503418
-659.38562012
-715.92797852
-631.26116943
-656.02600098
-696.36560059
-684.81555176
-678.49865723
-601.64172363
-666.93383789
-588.87005615
-651.59173584
-583.52514648
-689.52178955
-627.61828613
-558.14556885
-589.35406494
-562.10766602
-561.29791260
-421.10751343
-481.26889038
-407.99966431
-489.58709717
-548.49536133
-484.24908447
-499.06530762
-553.35974121
-522.18200684
-641.92413330
-546.81518555
-545.04406738
-533.67480469
-598.58807373
-484.69146729
-487.90209961
-620.54650879
-525.66546631
-516.79681396
-648.17218018
-662.91955566
-688.92626953
-643.52453613
-517.23803711
-608.11590576
-587.06848145
-653.55322266
-660.72949219
-561.81958008
-603.09484863
-585.99377441
-626.85656738
-634.19104004
-542.47607422
-509.20602417
-614.20312500
-603.47381592
-646.06286621
-497.87582397
-463.07855225
-414.54547119
-478.77566528
-556.27575684
-558.27941895
-465.45193481
-501.21487427
-487.16748047
-571.98571777
-542.07696533
-413.59878540
-574.19738770
-512.08001709
-502.42932129
-517.88220215
-506.15054321
-436.63827515
-522.59918213
-454.73239136
-533.52642822
-571.19091797
-712.77551270
-610.95092773
-560.96057129
-559.00018311
-567.30139160
-607.51513672
-623.17431641
-587.01220703
-508.79428101
-531.36651611
-594.81445312
-592.89617920
-648.44006348
-570.63989258
-576.61413574
-597.84613037
-678.83361816
-607.91204834
-734.03625488
-637.93603516
-761.09008789
-731.07232666
-622.18725586
-746.08203125
-537.02807617
-619.57879639
-543.75659180
-611.66558838
-650.97674561
-667.45507812
-664.73016357
-562.47692871
-607.88360596
-547.88507080
-430.60794067
-262.00897217
-303.00604248
-366.04406738
-354.41226196
-341.26422119
-478.59197998
-413.78594971
-470.82400513
-361.79574585
-358.39819336
-403.12884521
-362.53094482
-448.43490601
-297.03182983
-476.11911011
-369.09185791
-438.25616455
-489.81677246
-466.88052368
-762.47943115
-713.56768799
-840.34777832
-614.07275391
-740.60339355
-579.29016113
-614.20080566
-628.23962402
-535.88476562
-595.14477539
-637.00775146
-546.43896484
-645.65692139
-598.60119629
-629.00347900
-634.31823730
-658.34204102
-638.92810059
-862.52532959
-752.10217285
-887.01867676
-780.38287354
-909.38635254
-827.25073242
-947.89843750
-928.60522461
-941.83465576
-794.58422852
-753.64001465
-694.20111084
-698.75769043
-716.60461426
-798.08923340
-780.87292480
-792.91149902
-788.35913086
-848.12512207
-781.77661133
-723.73718262
-678.77899170
-654.78979492
-737.26025391
-611.78259277
-577.09210205
-623.39733887
-658.59704590
-726.73156738
-586.74719238
-504.16009521
-512.29895020
-766.55914307
-633.75982666
-684.52856445
-719.47326660
-736.81628418
-685.93035889
-989.44293213
-840.88525391
-702.51409912
-675.01635742
-607.39422607
-766.49133301
-795.01684570
-796.74829102
-744.09020996
-741.50854492
-620.15887451
-727.78454590
-718.71191406
-803.89666748
-777.29772949
-780.16870117
-718.03356934
-808.16467285
-693.49682617
-871.11962891
-913.46862793
-730.11462402
-836.06042480
-868.56494141
-715.73999023
-660.67749023
-807.55993652
-897.08319092
-833.82684326
-716.75292969
-729.39270020
-828.49908447
-792.04949951
-531.39013672
-470.83520508
-651.98065186
-636.41943359
-616.25683594
-393.13043213
-390.73156738
-533.51428223
-646.50634766
-588.50689697
-633.41955566
-600.96771240
-512.44287109
-583.02648926
-626.09704590
-636.97735596
-597.32067871
-787.52648926
-649.34960938
-683.27832031
-586.95971680
-607.64654541
-685.80651855
-658.48468018
-561.12683105
-496.59185791
-387.47546387
-343.94796753
-513.71545410
-468.61801147
-553.26452637
-602.50915527
-588.61975098
-804.98706055
-739.23382568
-743.36193848
-672.67443848
-783.86535645
-738.35150146
-765.28228760
-781.01928711
-856.67535400
-917.95324707
-859.52032471
-837.10455322
-745.85095215
-893.56072998
-751.17108154
-864.66247559
-857.65655518
-697.40539551
-830.27435303
-745.88854980
-669.71557617
-903.94799805
-824.61499023
-757.59814453
-943.85400391
-876.16992188
-940.19262695
-762.63806152
-742.56408691
-700.52172852
-850.05041504
-868.48913574
-929.19049072
-972.70483398
-938.38787842
-992.48870850
-1058.83837891
-986.66833496
-1049.78320312
-1099.10083008
-979.22161865
-1078.59960938
-970.44567871
-980.34039307
-955.18133545
-1060.65405273
-983.70812988
-818.65692139
-795.44274902
-977.92474365
-974.15301514
-1023.31884766
-924.54144287
-830.25939941
-781.92498779
-879.53265381
-858.10571289
-786.70935059
-874.25567627
-810.33410645
-720.10687256
-810.94732666
-878.89099121
-784.12121582
-750.57385254
-739.97961426
-949.01586914
-872.14172363
-901.88342285
-829.21313477
-949.32897949
-950.67456055
-875.04675293
-765.39599609
-821.37896729
-855.21130371
-919.15277100
-976.79357910
-845.48718262
-987.91564941
-938.20471191
-925.01226807
-881.90722656
-863.40307617
-721.73712158
-440.25756836
-567.04699707
-544.74255371
-502.64752197
-546.27770996
-484.40954590
-536.87365723
-578.02294922
-608.19055176
-558.97998047
-558.94348145
-559.26440430
-545.42858887
-621.84875488
-754.90942383
-692.67022705
-694.63037109
-769.01159668
-651.29382324
-638.37615967
-698.15881348
-606.04882812
-812.82397461
-641.63867188
-623.60681152
-627.34973145
-649.73468018
-564.98986816
-579.35632324
-601.51306152
-695.79711914
-602.04217529
-933.84924316
-747.17620850
-791.71936035
-775.82025146
-787.75024414
-1110.35144043
-873.96771240
-696.23315430
-906.84936523
-883.70434570
-853.46020508
-870.32849121
-849.99365234
-759.94958496
-949.11279297
-825.67456055
-960.43566895
-789.40905762
-742.27630615
-768.95727539
-890.55102539
-1009.57092285
-951.11651611
-982.37951660
-1026.08691406
-803.55957031
-799.79797363
-1051.24902344
-802.93359375
-968.19580078
-890.45141602
-1052.08544922
-891.86968994
-950.84844971
-1011.32116699
-914.51849365
-939.04296875
-1019.60333252
-990.86724854
-727.57061768
-810.96105957
-913.88854980
-746.48211670
-516.16271973
-438.64920044
-504.40908813
-771.58563232
-600.63061523
-796.26782227
-649.35839844
-810.87548828
-699.70886230
-742.64739990
-695.67639160
-781.41650391
-777.82495117
-867.61401367
-753.45025635
-920.68670654
-808.66094971
-991.80371094
-854.74542236
-1298.39672852
-1085.08776855
-1158.39318848
-911.23010254
-897.03186035
-803.69787598
-1077.23950195
-1071.90625000
-847.66320801
-1090.97875977
-938.05084229
-946.57104492
-1075.76464844
-1038.51757812
-945.40722656
-1007.02709961
-887.05322266
-1052.61926270
-870.12731934
-882.29614258
-829.98059082
-708.25372314
-606.65832520
-665.90905762
-559.28210449
-820.45312500
-823.63427734
-749.79199219
-677.97113037
-712.61303711
-813.03857422
-825.73974609
-987.03442383
-862.30676270
-851.48828125
-951.05725098
-779.54064941
-746.74084473
-1077.75317383
-1055.24560547
-1045.12304688
-1158.55969238
-1031.50195312
-1182.46789551
-1063.56713867
-1143.32397461
-1157.71325684
-1120.49584961
-1127.08984375
-1104.66394043
-1202.76098633
-1169.83862305
-1080.63940430
-1080.28222656
-1073.26000977
-1146.20495605
-1033.65429688
-816.90380859
-907.33776855
-916.12322998
-955.92053223
-906.46368408
-1020.05517578
-788.84167480
-856.06872559
-917.69543457
-977.85784912
-1044.42797852
-822.23010254
-1054.53601074
-917.75671387
-937.62994385
-1003.28271484
-1008.57495117
-899.69085693
-607.36193848
-740.53576660
-641.24957275
-560.59899902
-499.74768066
-709.74792480
-664.19000244
-850.47827148
-786.85131836
-857.30041504
-856.61499023
-786.03198242
-866.19366455
-939.42956543
-906.94091797
-768.76031494
-959.10192871
-983.20452881
-873.65893555
-838.57391357
-823.20068359
-867.60119629
-1014.56085205
-874.78686523
-906.20471191
-912.93347168
-1159.16918945
-1029.66296387
-1116.19165039
-963.51342773
-1069.56103516
-920.53039551
-1045.76037598
-989.95129395
-1131.91394043
-976.71258545
-977.02423096
-1021.76550293
-878.92236328
-1144.59692383
-1163.60400391
-1214.08679199
-1183.46850586
-1247.34521484
-1277.25073242
-1281.29760742
-1315.83178711
-1333.38256836
-1198.06848145
-1140.17749023
-1144.27136230
-1229.85131836
-1181.25549316
-1215.66467285
-1142.00000000
-1194.75524902
-1038.87866211
-950.94543457
-873.76367188
-932.45288086
-1036.91528320
-1054.08630371
-1114.41186523
-1068.15368652
-1209.04016113
-1196.88378906
-1229.03674316
-1101.06848145
-893.96862793
-1118.35217285
-1106.09912109
-1039.18017578
-1127.59887695
-926.24639893
-985.73303223
-1074.37890625
-927.09960938
-1220.13647461
-1154.00000000
-1185.88049316
-1397.42260742
-1302.44128418
-1273.89428711
-1245.67382812
-1212.94396973
-930.44000244
-1122.67114258
-1060.65368652
-942.39880371
-996.15942383
-1109.41284180
-1040.84631348
-1069.35400391
-1132.95532227
-1168.30065918
-1472.40747070
-1236.60229492
-1421.66674805
-1450.32080078
-1356.39306641
-1418.68798828
-1259.88037109
-1299.16772461
-1178.10327148
-1176.88330078
-1307.93481445
-1067.82922363
-1086.19140625
-1040.22729492
-1218.43444824
-1142.98779297
-1001.85754395
-1032.37304688
-997.84515381
-999.67687988
-1214.21520996
-1055.10351562
-1269.27746582
-1118.57226562
-1007.49645996
-1120.57910156
-776.94494629
-968.82989502
-880.66796875
-469.23815918
-887.58532715
-912.50610352
-865.67407227
-900.46099854
-1011.68029785
-905.69482422
-779.80224609
-951.03625488
-933.17321777
-860.82965088
-1036.07031250
-1146.17993164
-1118.77734375
-1095.26562500
-1401.15600586
-1297.84863281
-1020.21862793
-1269.81591797
-1047.11962891
-1326.73266602
-999.89929199
-845.51263428
-1259.18786621
-939.75207520
-1095.60156250
-1045.94921875
-747.80493164
-850.95050049
-968.87530518
-1014.06347656
-1084.05322266
-1105.64306641
-1186.21972656
-1185.73022461
-1240.17272949
-1109.07690430
-1190.99609375
-1110.89233398
-1144.11767578
-1205.32189941
-989.83911133
-1023.58288574
-1187.55798340
-1271.94543457
-1100.20751953
-968.92529297
-1156.51782227
-849.91033936
-1259.97412109
-1181.17480469
-1089.63720703
-1059.35107422
-1200.15466309
-1320.23217773
-1020.69055176
-1067.06835938
-1172.16333008
-1201.11437988
-1097.47363281
-1150.77429199
-1188.55187988
-998.50830078
-1185.33105469
-1174.06005859
-1269.70019531
-1410.97229004
-1185.59558105
-1060.11560059
-978.71661377
-771.68505859
-873.36578369
-1192.61694336
-1079.62133789
-1037.35791016
-908.28027344
-1216.16821289
-891.44201660
-1124.09594727
-954.41052246
-1153.25000000
-1032.46142578
-973.58251953
-984.65527344
-856.98974609
-1178.54296875
-1171.55883789
-1149.94921875
-1325.54711914
-1261.53686523
-1171.06347656
-1086.50268555
-1181.85961914
-1374.48950195
-1046.25256348
-1112.91308594
-1233.52026367
-1175.70996094
-1314.13317871
-1229.19995117
-1287.92309570
-1256.59729004
-1272.69543457
-1357.20983887
-1233.14172363
-1141.17700195
-1016.81738281
-1102.58789062
-1084.73803711
-1132.01318359
-1178.92163086
-1190.55383301
-1313.41809082
-1210.50329590
-1132.30981445
-1087.85839844
-835.00805664
-925.41790771
-944.05603027
-950.19335938
-880.06256104
-504.68945312
-410.74606323
-390.55081177
-291.90649414
-511.99713135
-538.29754639
-490.49951172
-633.09948730
-607.69848633
-589.05126953
-948.20111084
-695.45532227
-768.33233643
-744.86096191
-883.36096191
-843.48901367
-963.26501465
-829.37261963
-1026.29333496
-1194.47399902
-1331.18701172
-1289.67822266
-1517.88293457
-1337.54614258
-1151.41162109
-1115.80786133
-1105.12524414
-1185.61108398
-1101.59301758
-1219.66394043
-1125.04370117
-1057.23425293
-886.05529785
-1061.86572266
-1087.85693359
-1019.65203857
-894.48400879
-976.43212891
-503.88342285
-621.47338867
-890.39233398
-905.61499023
-1119.98437500
-822.93109131
-1188.41479492
-895.42315674
-1319.44201660
-1202.73925781
-1279.12353516
-1141.27392578
-1266.31323242
-1309.24023438
-1267.38623047
-1514.36743164
-1499.39746094
-1384.14379883
-1492.08764648
-1667.43896484
-1748.65234375
-1680.95874023
-1603.11584473
-1272.65722656
-1291.54370117
-1426.93872070
-1465.89855957
-1325.40795898
-1237.86828613
-1394.86035156
-1468.58117676
-1588.34545898
-1557.01416016
-1657.72216797
-1674.15722656
-1643.20776367
-1620.09875488
-1616.75122070
-1503.35302734
-1492.08935547
-1508.73767090
-1429.10278320
-1126.03674316
-1518.39013672
-1426.82397461
-1563.82177734
-1292.93920898
-1401.66406250
-1388.55590820
-1613.77941895
-1255.78405762
-1291.55566406
-1382.69458008
-1240.43164062
-1327.89562988
-1257.44360352
-1143.62023926
-1249.28918457
-1082.27148438
-1289.13574219
-1384.66076660
-1234.75561523
-1152.46057129
-1138.37792969
-1306.53332520
-1100.08459473
-1111.51892090
-1184.27294922
-1286.78417969
-1281.75048828
-1349.97790527
-1555.91992188
-1333.95751953
-1338.33068848
-1190.25341797
-1840.95434570
-1771.51953125
-1630.68469238
-1779.66870117
-1912.60131836
-1667.42846680
-1762.69750977
-1589.25463867
-1548.35827637
-1544.29174805
-1736.26000977
-1705.47167969
-1496.13134766
-1653.49462891
-1473.41748047
-1672.16040039
-1358.27172852
-1432.01977539
-1406.49829102
-837.79827881
-904.93627930
-1152.62316895
-1307.05627441
-1123.60620117
-1202.11584473
-1292.04492188
-1237.03369141
-1241.80834961
-1318.17724609
-1580.10253906
-1384.30419922
-1325.86938477
-1193.96752930
-1414.32666016
-1549.40380859
-1211.26318359
-1221.31713867
-1060.93066406
-856.74829102
-953.04614258
-781.83715820
-632.40234375
-1072.57592773
-1057.89184570
-1091.95910645
-1119.12292480
-1516.91064453
-1193.48413086
-1532.21606445
-1645.45996094
-1433.20849609
-1441.23327637
-1578.40209961
-1548.55883789
-1277.12341309
-1345.26562500
-1306.40942383
-1434.29455566
-1441.63867188
-1606.83129883
-1357.35791016
-1354.64843750
-1436.63330078
-1317.94812012
-1152.32006836
-1276.27380371
-1334.54272461
-1275.68164062
-1079.33789062
-1482.60290527
-1397.72021484
-1334.06298828
-1448.46020508
-1615.86035156
-1721.82373047
-1594.35668945
-2129.06640625
-2246.02539062
-2128.22900391
-2123.69702148
-2186.50952148
-1961.51074219
-1838.38134766
-1855.77124023
-1756.31958008
-1994.11694336
-1771.63000488
-1857.43627930
-1749.04980469
-1832.73669434
-1435.14916992
-1852.03295898
-1563.44409180
-1690.49829102
-1793.23571777
-1725.37207031
-1688.07238770
-1355.12451172
-1411.08422852
-1224.54565430
-1216.46118164
-966.11975098
-1356.27026367
-1356.06787109
-1288.08911133
-1441.95190430
-1488.88891602
-1201.68041992
-1324.68872070
-1175.33923340
-1223.76513672
-1152.74804688
-1124.14501953
-1349.41821289
-936.32812500
-762.66204834
-914.77539062
-1107.50634766
-1260.76489258
-1580.18603516
-1382.83764648
-1432.07165527
-1336.54235840
-1567.42797852
-1461.51904297
-1340.70007324
-1165.74084473
-1383.87353516
-1399.99536133
-1481.19531250
-1420.99340820
-1286.04736328
-876.54742432
-1079.72485352
-1219.69250488
-1347.08398438
-1669.16906738
-1471.44824219
-1263.02294922
-1437.07287598
-1260.76879883
-1350.14062500
-1456.80822754
-1152.88269043
-1103.68774414
-1512.33691406
-1024.13476562
-1201.38208008
-987.77148438
-1263.64965820
-1318.55322266
-1640.67553711
-1662.72485352
-1499.31811523
-1349.41088867
-1694.67675781
-1693.13061523
-1777.50561523
-1574.89990234
-1870.84472656
-1689.74023438
-1984.66552734
-1594.67724609
-1635.22583008
-1819.40783691
-1581.43786621
-1701.53186035
-1541.73986816
-1706.37304688
-1827.14697266
-1690.52246094
-1325.21655273
-1638.85644531
-1950.94702148
-1296.00000000
-1348.62145996
-1656.21362305
-1571.24462891
-2091.11596680
-1778.09716797
-1477.79638672
-1677.59863281
-1500.72009277
-1462.97192383
-1423.56347656
-1276.75866699
-1452.78759766
-1450.46679688
-1354.21289062
-1252.65405273
-1097.50549316
-1411.84594727
-1546.69860840
-1473.91308594
-1643.54052734
-1337.21655273
-1487.03735352
-1222.31713867
-1556.16625977
-1272.93457031
-1753.58898926
-1436.61047363
-1539.89941406
-1187.03735352
-1485.65991211
-1393.27661133
-1386.61694336
-1469.13049316
-1398.54248047
-1412.60253906
-1421.24755859
-1106.65942383
-1619.98510742
-1400.12548828
-1478.50659180
-1638.91870117
-1431.92358398
-1206.35131836
-1286.67407227
-1712.24633789
-1456.65417480
-1421.27136230
-1540.57458496
-1402.04321289
-1482.08862305
-1774.86206055
-1531.61914062
-1910.18505859
-1430.15710449
-1310.28906250
-1652.39233398
-1899.61132812
-2091.02294922
-2029.22680664
-1754.75585938
-1684.60107422
-1490.55151367
-1603.45141602
-1572.47619629
-1476.05627441
-1531.67797852
-1489.39501953
-1330.01916504
-1260.53979492
-1408.10083008
-1728.74926758
-1363.87866211
-1518.59130859
-1203.86486816
-1362.81860352
-1447.40722656
-1859.47668457
-1342.14221191
-1521.46777344
-1317.63208008
-1586.68505859
-1423.64941406
-1138.59204102
-1511.95532227
-1571.04138184
-1510.22863770
-1280.30114746
-1347.43872070
-1519.64746094
-2043.87695312
-1911.13525391
-1677.20227051
-1698.89990234
-1954.93652344
-1550.54980469
-1447.72070312
-2130.45727539
-1654.27319336
-1469.09582520
-1960.88964844
-1731.52026367
-1636.65625000
-1775.21911621
-1977.18371582
-1885.32592773
-1771.84448242
-1699.97253418
-1533.60644531
-1965.63781738
-1594.36865234
-1830.74975586
-1647.81420898
-1399.85278320
-1292.29150391
-1271.05981445
-1247.15112305
-1054.78906250
-1298.21801758
-1340.08251953
-1529.72436523
-1489.18481445
-1817.68432617
-1984.96606445
-1737.92382812
-1642.50061035
-1649.67651367
-1773.37390137
-1799.06494141
-1686.79760742
-1510.96020508
-1705.15771484
-1919.64636230
-2005.98474121
-1945.42028809
-2019.82299805
-1627.00341797
-1982.31347656
-2114.64599609
-2171.14794922
-2350.52929688
-2192.82641602
-2456.29443359
-1778.00610352
-2167.59960938
-2123.43530273
-1928.75585938
-1125.15820312
-1056.94799805
-1024.53015137
-1246.70312500
-1362.94335938
-1649.73095703
-1276.61767578
-1682.40966797
-1398.26245117
-1035.16931152
-1695.85668945
-1242.75756836
-1154.20349121
-1380.98266602
-1432.74060059
-1743.98632812
-1841.12817383
-1779.49914551
-1620.91040039
-1599.19274902
-1325.95263672
-1399.05908203
-1427.91040039
-2229.66455078
-1828.14624023
-2019.57202148
-2013.79467773
-2107.39624023
-2074.79223633
-2078.29736328
-2311.86230469
-1741.09887695
-1825.01757812
-1808.84802246
-2439.63867188
-2546.73730469
-2104.00952148
-2567.19287109
-2541.64648438
-2690.87158203
-2463.56738281
-2571.01757812
-2291.94628906
-2193.48486328
-2283.73535156
-2425.28369141
-2030.98315430
-1877.57910156
-1967.68627930
-1832.68920898
-1546.06054688
-2035.78613281
-1885.68957520
-2131.45800781
-2229.29174805
-1948.25061035
-2443.65625000
-2007.48986816
-1942.94665527
-1972.13623047
-1912.07275391
-2015.90234375
-1768.74243164
-1677.29565430
-1679.98315430
-2237.20068359
-1396.04101562
-1510.32104492
-1941.85156250
-1740.20654297
-1738.57958984
-2019.31054688
-1904.41162109
-1869.61132812
-1304.72412109
-2179.23876953
-2066.20898438
-1867.50292969
-2222.68261719
-2762.38330078
-2690.00146484
-2730.75927734
-2317.93457031
-2301.70532227
-2266.36523438
-2512.39331055
-2313.20776367
-2650.02148438
-2219.84277344
-2375.07519531
-2352.46337891
-2374.03564453
-2257.16772461
-2241.91552734
-1579.45947266
-2175.68164062
-2145.37866211
-2291.15673828
-2158.37988281
-2558.43066406
-2099.59350586
-2045.20471191
-1751.14038086
-1977.48437500
-2224.62353516
-1951.18017578
-1864.35546875
-2034.38647461
-1967.38818359
-2301.35864258
-2622.50415039
-2436.93847656
-2379.04833984
-3165.74853516
-3274.96264648
-3069.74682617
-2660.18408203
-2808.33496094
-2564.13378906
-2298.85351562
-3265.16992188
-2702.19482422
-3211.69799805
-2348.29565430
-2496.71118164
-2916.66918945
-2577.50903320
-2461.41748047
-2592.93823242
-2506.44653320
-2363.90136719
-2637.77734375
-2149.93750000
-2280.05810547
-2644.86914062
-2696.95092773
-2264.52416992
-2575.18969727
-2380.56250000
-2194.99462891
-2926.76367188
-2694.83349609
-2401.28320312
-2019.44653320
-1896.68017578
-2388.52880859
-1823.04577637
-2353.32421875
-2320.47265625
-2317.41210938
-2964.28735352
-2354.96533203
-2540.65087891
-3139.42553711
-2645.84643555
-2724.73461914
-2451.54345703
-2244.63281250
-2838.84252930
-2982.78906250
-2949.38134766
-3189.86254883
-2586.39282227
-2846.32397461
-3011.08300781
-2338.52734375
-2062.23901367
-2311.86425781
-2072.70971680
-1547.83508301
-1646.15942383
-1694.48388672
-1795.58251953
-1655.55163574
-2002.46765137
-2674.14916992
-2198.59375000
-2232.87402344
-1775.90222168
-2289.31201172
-2337.81884766
-2686.20751953
-2577.71826172
-2462.89355469
-2940.83300781
-2247.73583984
-2748.18115234
-2281.18017578
-2240.37744141
-2356.61645508
-2641.36279297
-3024.29492188
-2476.44287109
-2724.16162109
-2367.92626953
-2199.67553711
-2524.23168945
-2507.94482422
-2717.64306641
-2418.30639648
-2650.97265625
-2552.28564453
-3097.75048828
-2543.19726562
-3019.63525391
-3002.79687500
-2776.09814453
-3517.45532227
-3358.93261719
-2948.35668945
-3375.80541992
-3140.25390625
-3053.16748047
-2825.88720703
-2857.12817383
-2874.65429688
-2896.15039062
-2674.87597656
-2973.47656250
-2549.53002930
-3139.61328125
-2602.22631836
-3480.53027344
-2735.80981445
-2772.21142578
-2855.90673828
-2770.54052734
-2671.92187500
-2335.26635742
-2250.01440430
-2797.26684570
-2992.85668945
-2168.20703125
-2514.55761719
-3108.15869141
-2952.67724609
-3155.01416016
-2907.60205078
-3141.63256836
-3260.15478516
-2938.00146484
-2790.98876953
-3104.15478516
-3316.68603516
-2979.35278320
-3801.61718750
-3909.61230469
-3254.79736328
-3277.92919922
-2802.11425781
-3263.26147461
-3205.48217773
-3547.38330078
-3623.18115234
-3554.25000000
-3766.21411133
-3763.76074219
-3862.58203125
-3104.46582031
-3237.95703125
-2906.76562500
-3649.43115234
-3396.95263672
-3314.36962891
-2611.59204102
-2674.77514648
-3336.15405273
-3224.56103516
-2955.13232422
-3046.96215820
-3312.67578125
-2927.86718750
-3040.10473633
-3394.00585938
-2955.48754883
-2744.59082031
-3041.29541016
-2731.44677734
-2334.63623047
-2448.96728516
-2956.46362305
-2484.29345703
-2364.45458984
-2454.89550781
-2015.28039551
-1810.37829590
-2513.25878906
-2564.91357422
-2303.61376953
-1912.31164551
-2071.50878906
-2136.45532227
-2104.99487305
-2224.08642578
-2446.35839844
-2022.65625000
-1832.99291992
-2169.90502930
-1536.17810059
-1374.60180664
-1611.31542969
-532.07714844
-685.72058105
-1524.02221680
-1361.18920898
-2033.97119141
-1896.43872070
-1900.48193359
-2814.87255859
-2653.35302734
-2073.57885742
-2110.58764648
-2908.78613281
-2663.97460938
-2670.41870117
-2286.04077148
-2778.49438477
-2537.76171875
-2959.09033203
-2843.76269531
-3482.75366211
-3839.28515625
-3621.92285156
-3884.93212891
-3863.15478516
-4090.85717773
-3939.42382812
-4431.82031250
-4622.05371094
-4200.13671875
-4523.36132812
-4046.25976562
-4051.10156250
-3847.17041016
-3418.13842773
-3765.98706055
-4127.97216797
-3713.56518555
-3775.10107422
-4668.30957031
-3764.14453125
-4398.09472656
-4009.06762695
-4044.09790039
-4220.37451172
-3816.96728516
-3394.40991211
-3600.86914062
-3883.80517578
-4049.96142578
-3616.16064453
-3556.69750977
-3837.84741211
-3660.75244141
-3234.35205078
-3166.06713867
-3449.63940430
-3759.07641602
-2612.04028320
-2560.13476562
-2153.88671875
-3134.78637695
-2879.28125000
-2639.25292969
-2204.48828125
-3636.43969727
-3945.74121094
-3053.54541016
-2884.16259766
-3240.72900391
-3365.95507812
-2926.49511719
-2637.19189453
-3168.75512695
-3151.26806641
-2705.32275391
-3383.49707031
-3766.75878906
-4101.38378906
-3157.58447266
-3534.69702148
-3306.45068359
-3734.62963867
-2644.46777344
-3445.09863281
-3925.66430664
-3559.28125000
-3668.27172852
-3379.81201172
-4009.85205078
-3714.13037109
-3507.45532227
-3452.11743164
-3022.17578125
-3275.47924805
-3314.04589844
-2473.47558594
-2217.24633789
-2492.44433594
-2949.59667969
-2367.77099609
-2264.15209961
-3122.34545898
-3225.50854492
-3136.72167969
-3026.05078125
-2889.77148438
-2708.33105469
-2759.01367188
-3468.41577148
-3234.99707031
-3352.90576172
-2979.94970703
-2934.39306641
-2262.45361328
-2576.38769531
-3042.03564453
-2977.82080078
-2305.83129883
-3394.33032227
-3452.76318359
-3252.09716797
-3871.20434570
-3692.70507812
-3494.74804688
-3599.37500000
-3556.93359375
-3482.15673828
-3176.85986328
-3855.29101562
-4017.50512695
-3965.48828125
-4076.13769531
-5005.83496094
-4098.72900391
-3331.37109375
-3406.46630859
-3485.83984375
-4409.32226562
-3571.28198242
-3351.19238281
-4386.74414062
-3870.85498047
-3952.74584961
-3641.85205078
-4046.76538086
-3330.15087891
-2964.15039062
-4094.33349609
-3745.37084961
-4255.29589844
-4300.33447266
-3334.20556641
-2555.41894531
-2930.00048828
-3556.89062500
-3959.13183594
-3681.25317383
-3351.37060547
-3683.35839844
-3394.01025391
-3382.68481445
-4019.99731445
-3443.66748047
-3535.57177734
-3411.79687500
-3279.35644531
-3511.28955078
-3665.98925781
-3485.01953125
-3609.83398438
-3995.40527344
-3938.40551758
-3340.62207031
-3670.22705078
-2712.11645508
-2967.85449219
-3337.94628906
-3478.22094727
-3633.89648438
-3353.85107422
-3048.16601562
-3424.67285156
-3325.88281250
-3257.02172852
-2848.31567383
-2549.70410156
-3219.23657227
-3398.94921875
-3451.16479492
-3675.17382812
-3744.53125000
-4081.49462891
-4082.55468750
-4231.62890625
-3956.20605469
-4117.79736328
-4185.69531250
-4144.27832031
-4159.47851562
-4034.40673828
-4225.23828125
-4064.32128906
-3955.59619141
-4109.57568359
-4411.25683594
-4298.01367188
-4463.33691406
-4541.07031250
-3696.21459961
-4503.41113281
-4257.70312500
-4015.34667969
-3699.42187500
-3495.93530273
-3454.45898438
-3430.94580078
-3257.84228516
-3087.34594727
-3571.45874023
-3675.89282227
-3901.53173828
-3094.63989258
-3467.33251953
-3339.73315430
-3570.13549805
-3742.99072266
-3800.30908203
-4362.81542969
-4590.15625000
-4109.65917969
-4579.09277344
-3809.88671875
-4221.22216797
-4826.42089844
-4598.08349609
-4737.95898438
-4806.14257812
-4362.08593750
-4118.95996094
-3961.38818359
-3949.20043945
-3841.81103516
-4470.23535156
-4095.92529297
-3150.69384766
-2054.61181641
-1428.17065430
-1480.80529785
-2405.57739258
-1765.78540039
-1897.54492188
-2254.09667969
-2807.71191406
-2879.70190430
-2849.54614258
-2626.74511719
-2388.30078125
-3062.71875000
-2843.06054688
-2773.49707031
-3269.08618164
-3227.80810547
-2711.75170898
-2340.25878906
-2859.39746094
-3243.43603516
-2915.30859375
-3026.69995117
-2406.89990234
-2780.99755859
-2698.38427734
-3199.19433594
-3243.04760742
-4059.18798828
-2817.89697266
-3245.66162109
-3403.65283203
-3477.95898438
-3765.64892578
-3726.31079102
-3338.22949219
-3436.94140625
-3521.58862305
-3508.41406250
-3989.48046875
-4287.03320312
-3692.27490234
-3772.41162109
-4331.73339844
-4648.77050781
-4558.29589844
-4158.22070312
-4221.46044922
-3678.68261719
-3814.14697266
-3692.69604492
-4144.73632812
-3927.54150391
-4787.91308594
-4254.61083984
-3577.17968750
-4485.39257812
-6344.73876953
-6256.53662109
-5948.55957031
-5167.87158203
-5509.78222656
-4730.29492188
-5732.46191406
-5538.51611328
-5026.29101562
-5865.93212891
-5837.55859375
-5825.48535156
-5424.94677734
-5537.31054688
-5697.54394531
-5919.86230469
-5702.04687500
-5627.44531250
-5648.86425781
-3305.19140625
-4746.93554688
-4950.28076172
-4901.79443359
-4928.87988281
-4573.11132812
-4625.60498047
-4387.11767578
-4191.28027344
-4654.44189453
-5135.81445312
-4984.39013672
-4746.23828125
-4343.01074219
-4792.54638672
-4354.72705078
-4272.34716797
-4606.74316406
-3510.80957031
-3517.17480469
-2945.26513672
-3381.11108398
-3408.82470703
-3496.16430664
-2930.42114258
-2713.11328125
-2357.87719727
-2384.00781250
-2911.66894531
-3035.90576172
-2688.49365234
-3170.52587891
-2854.47949219
-2878.88476562
-2648.92333984
-2607.62255859
-2835.69140625
-5600.79199219
-5867.36767578
-5894.48535156
-4129.35546875
-3826.74804688
-3961.64062500
-3546.02246094
-3054.93408203
-4625.86914062
-4393.65576172
-3611.36669922
-3848.95654297
-4227.07373047
-4218.52343750
-3136.26806641
-3378.64257812
-3535.95996094
-3749.03076172
-3463.15478516
-4174.57324219
-3974.46386719
-4404.74755859
-4343.24902344
-5109.95800781
-4746.11230469
-4859.33886719
-4638.84033203
-4997.36035156
-4588.62304688
-4362.12304688
-4780.88378906
-5038.22363281
-4804.81250000
-4763.67529297
-4548.16015625
-4838.39648438
-4843.83984375
-5500.94726562
-6889.45898438
-6739.43847656
-6509.23046875
-6593.74218750
-6463.31494141
-6037.01562500
-5073.13378906
-5877.30078125
-5413.46484375
-4898.20898438
-5727.79736328
-5203.79345703
-5556.65332031
-4621.38818359
-5460.42773438
-5536.93457031
-4447.45117188
-4940.39355469
-4670.14843750
-5340.15722656
-5337.35253906
-4089.47290039
-3604.00439453
-3486.71484375
-3604.00561523
-4227.13281250
-3413.76660156
-4034.71899414
-4740.63427734
-5012.77880859
-3860.62670898
-5040.19775391
-3845.46386719
-4282.43847656
-4153.77246094
-4144.45800781
-3996.27148438
-4765.08789062
-4467.08154297
-4596.89746094
-4741.41064453
-4237.83447266
-3925.07861328
-3817.94018555
-3664.53125000
-3224.04003906
-3292.79248047
-3878.70410156
-3591.17602539
-3642.02172852
-3880.61572266
-4398.47900391
-3830.65893555
-4434.29589844
-4669.68652344
-3913.10839844
-3795.28369141
-5637.82421875
-6058.44531250
-6142.04931641
-5364.49218750
-5230.31152344
-4657.86523438
-4909.47753906
-5476.49511719
-5406.30761719
-5753.42675781
-5380.37060547
-4848.65380859
-5070.50878906
-4300.00488281
-4345.37500000
-4940.30468750
-3701.33007812
-5513.77001953
-3327.73583984
-3010.32421875
-2411.11010742
-3659.31884766
-3046.36474609
-2985.17675781
-2828.22656250
-2989.67480469
-2744.02587891
-3717.62500000
-4193.69921875
-3059.50610352
-3907.12255859
-3555.27978516
-3455.57055664
-4269.82177734
-4406.74414062
-4102.74267578
-3496.75781250
-3296.70336914
-2360.99780273
-1522.40283203
-2306.54296875
-1839.70996094
-3078.36328125
-3804.27954102
-2818.79785156
-2811.15234375
-2365.88037109
-2951.48437500
-3419.22753906
-3276.19189453
-3172.29492188
-3056.55761719
-3298.43603516
-3779.89550781
-3617.83325195
-3561.63232422
-5647.96386719
-5081.49902344
-5074.79345703
-4996.64160156
-5165.98437500
-3724.87280273
-4275.02148438
-4298.13085938
-4531.54492188
-4861.38281250
-3876.53540039
-4906.01855469
-4850.91796875
-4938.66699219
-3763.90917969
-5198.02246094
-5124.62890625
-4878.40478516
-5154.21972656
-5523.97460938
-4615.49755859
-5595.31005859
-4425.79980469
-3035.24169922
-3337.66796875
-3172.02148438
-3767.09936523
-3790.43432617
-3904.33032227
-3311.09350586
-4224.83593750
-3569.90258789
-3163.37890625
-4077.99536133
-5315.30566406
-4611.59667969
-3310.42285156
-4076.47143555
-4820.69384766
-4746.27343750
-4247.46582031
-6231.42480469
-5860.34570312
-6512.69042969
-6059.75830078
-5602.18847656
-6156.97265625
-6231.77636719
-6576.76757812
-6491.80371094
-6070.13232422
-6509.50781250
-6361.28320312
-6581.22119141
-7048.84277344
-6430.13232422
-7260.30859375
-7872.61572266
-9076.68066406
-7606.11425781
-7363.27587891
-6566.67773438
-5987.88281250
-5787.80126953
-6229.29980469
-6712.26855469
-5703.64746094
-5702.96289062
-6158.36865234
-6684.27050781
-5476.93652344
-7180.04296875
-4458.10839844
-5583.39013672
-5329.93554688
-1063.53332520
-3070.14404297
-2994.13623047
-3203.59692383
-2539.39453125
-2164.12792969
-3268.44970703
-2873.05615234
-4140.64697266
-2528.78051758
-3915.66113281
-4766.71728516
-3580.30810547
-5277.36425781
-4590.63720703
-5140.40234375
-4564.62597656
-4822.59179688
-5293.45214844
-8286.55566406
-7433.55126953
-8470.50195312
-9128.30273438
-8709.32910156
-8561.43359375
-8268.76464844
-8806.94140625
-8661.54296875
-8948.65820312
-8279.64062500
-8742.30273438
-7734.58740234
-7677.79199219
-7765.07226562
-8688.23730469
-8323.39941406
-7931.81738281
-7957.71875000
-6615.94042969
-6168.59033203
-7594.63085938
-6799.29150391
-8287.37695312
-6901.17333984
-5606.75195312
-7327.84472656
-5945.05712891
-7549.11376953
-8018.49218750
-8184.52636719
-8082.44335938
-7623.80664062
-7142.34716797
-7148.18164062
-7626.27685547
-6939.45361328
-7465.73974609
-3667.83251953
-4349.89746094
-2574.23193359
-3226.54614258
-4495.30468750
-3595.53222656
-5136.62109375
-4904.69189453
-4493.35937500
-4323.15966797
-5156.37744141
-4405.99218750
-5022.05126953
-6223.06933594
-4535.55859375
-5026.38183594
-5374.25488281
-4937.58496094
-4296.80615234
-4738.73339844
-5171.69726562
-6901.29589844
-6621.06445312
-5371.22851562
-7863.94677734
-9293.67773438
-8650.35742188
-8943.44628906
-8532.95117188
-6536.39746094
-8034.89160156
-7628.46191406
-8612.87304688
-8250.20312500
-5581.96679688
-6898.28271484
-5938.99169922
-6523.53808594
-4617.99902344
-5524.58300781
-3799.19873047
-5157.83007812
-3229.52124023
-3845.39599609
-5034.05126953
-5332.18896484
-5010.82519531
-6290.50146484
-5342.24267578
-4937.92724609
-6363.95654297
-5340.44140625
-4521.83789062
-5383.14501953
-4825.67675781
-5214.45703125
-5821.68212891
-5340.00927734
-7413.85449219
-5694.23046875
-6055.18164062
-5816.44531250
-7181.54638672
-7352.15820312
-7311.30419922
-6796.06054688
-6674.62353516
-6921.88867188
-7110.28906250
-5158.06347656
-6084.33544922
-5272.47167969
-6152.14746094
-5531.95458984
-6268.86718750
-4290.69921875
-6162.30078125
-5430.30957031
-5039.39160156
-4560.90332031
-5648.37060547
-5681.53027344
-6769.28808594
-5274.89013672
-6103.80712891
-6778.18847656
-4738.09716797
-5816.68164062
-5663.02148438
-6385.62060547
-6518.95605469
-6120.82275391
-6546.34912109
-5786.57226562
-6969.14453125
-6806.44677734
-7035.84375000
-7584.08691406
-8259.13476562
-8554.13183594
-8102.75781250
