-4.90454865
-5.68160463
-6.37518374
-7.75386715
-6.51251786
-6.75605895
-7.24784301
-7.35603698
-7.33838538
-8.26898090
-9.10425057
-9.49911047
-9.62944164
-10.17811013
-10.98903746
-10.98917682
-12.18427586
-12.90874127
-13.67101484
-13.62182050
-14.19035299
-15.27427826
-14.71979329
-15.65016784
-15.72923566
-16.60747247
-16.68423707
-16.20394176
-16.55166100
-17.26403224
-18.70713413
-18.80650694
-20.18788847
-21.09022180
-21.75665191
-21.56656358
-22.14267790
-22.35497041
-23.42997974
-23.68031805
-24.41936444
-24.58669665
-25.53428386
-26.15618379
-26.44951708
-27.89724626
-28.53125863
-29.02029739
-29.71078774
-30.08383921
-30.71759978
-30.94032356
-31.67984579
-31.89985821
-32.72370587
-33.75947430
-34.75562268
-35.08264905
-36.20482553
-36.60914849
-37.09877823
-37.46015710
-38.12799498
-38.92347910
-39.47568654
-39.90415979
-40.72501956
-40.87836514
-41.52256434
-41.89784798
-42.39747976
-43.17829653
-43.09699752
-44.11309878
-45.00639711
-45.56804066
-46.17220189
-47.03087676
-47.73469728
-47.61910335
-48.56690641
-49.32430492
-49.88235126
-50.76771156
-51.63982635
-52.23376227
-53.11195138
-53.76900674
-54.60512261
-55.44554885
-56.31866238
-56.96585681
-57.08433132
-58.04665985
-58.88179459
-59.40606667
-60.23788257
-60.89509023
-61.35813558
-61.86653604
-62.79220650
-63.43973699
-64.11158509
-64.75735966
-65.09813117
-65.76367692
-66.33285238
-67.21734606
-67.84712528
-67.89107161
-68.38999060
-68.86330313
-69.19729608
-69.86759608
-70.59555234
-71.11338380
-71.78631730
-72.67137373
-73.01896963
-73.08191071
-73.67231638
-74.53814385
-75.07749543
-75.73298068
-76.36748231
-76.87604039
-77.69569230
-78.35395766
-79.07408699
-79.68835896
-80.38642302
-80.95405949
-81.74014363
-82.36421239
-82.93589919
-83.41375284
-84.04395601
-84.82986053
-85.63234322
-86.28041448
-86.97897015
-87.70234079
-88.49061521
-89.07594586
-89.75516474
-90.44577591
-91.26118927
-92.05985797
-92.75292969
-93.51353679
-94.22373276
-94.94441555
-95.68941723
-96.35926175
-97.10090461
-97.55599429
-98.32066744
-99.03485485
-99.45288576
-100.22820836
-100.88547844
-101.45424351
-102.05191537
-102.46251298
-103.03180330
-103.81455093
-104.55234058
-104.92570396
-105.60243975
-106.26536866
-106.74392683
-107.32958062
-108.08312583
-108.73108533
-109.40431336
-110.06743631
-110.72000123
-111.41553275
-112.08751470
-112.71765773
-113.34252483
-113.78622110
-114.51538337
-115.22741036
-115.86621317
-116.55205471
-117.16390935
-117.58986924
-118.23673681
-118.85880119
-119.52488270
-120.10875742
-120.65885198
-121.28802341
-121.72209724
-122.40713556
-122.97614293
-123.46728455
-124.08500925
-124.59040040
-125.38259903
-125.96020954
-126.38119109
-126.90580047
-127.33825617
-127.54391984
-128.19941660
-128.76803575
-129.36671879
-130.12449283
-130.68597774
-131.28436193
-131.89204988
-132.56273673
-132.53352765
-133.07245414
-133.52349147
-134.12893506
-134.70718618
-135.08180865
-135.74779200
-136.36307303
-136.85148878
-137.44678815
-138.05340458
-138.48974222
-139.11859417
-139.75062337
-140.39218383
-141.11001949
-141.56815471
-142.20188033
-142.81111555
-143.50790376
-144.15679526
-144.45430999
-145.10421274
-145.79543321
-146.50359262
-146.88042460
-147.43314533
-148.09971149
-148.53006701
-148.85310818
-149.26279487
-149.85675747
-150.13857041
-150.55684832
-151.19180209
-151.78453000
-152.04236001
-152.71316350
-153.29428273
-153.67157797
-154.31693891
-154.71448550
-155.33510222
-155.85990288
-156.19590344
-156.41999908
-157.03809398
-157.60279634
-158.24486165
-158.84197556
-159.44790486
-160.13946083
-160.72475725
-161.42786257
-162.05750553
-162.65408877
-162.97409145
-163.58670311
-164.18337843
-164.70541680
-165.26637316
-165.87152020
-166.46309255
-167.04537786
-167.63195437
-168.16195099
-168.75542461
-169.35372858
-169.74218241
-169.97823804
-170.37539563
-170.93977407
-171.44192386
-172.02854493
-172.19167249
-172.79238200
-173.15576196
-173.77484531
-174.39528589
-175.00198481
-175.49965296
-175.84864068
-176.20990661
-176.55332509
-177.09545258
-177.65674930
-178.26432666
-178.53748683
-179.04514761
-179.64848130
-180.14874681
-180.76406744
-181.37788518
-181.84044581
-182.49879621
-183.16586051
-183.76976767
-184.42183453
-185.01530698
-185.67250355
-186.13579657
-186.73761028
-187.30996331
-187.89854444
-188.41349169
-188.63538831
-188.78239629
-189.12623049
-189.67963688
-190.25530038
-190.92470969
-191.53049214
-192.10032307
-192.68739331
-193.29821891
-193.88372953
-194.51002491
-195.08117991
-195.64764040
-196.21642640
-196.78209477
-197.35260103
-197.95168970
-198.48969447
-199.04747737
-199.18919600
-199.55447891
-200.10965941
-200.74166908
-201.36488017
-201.90421092
-202.49592461
-203.01785413
-203.44529832
-203.75954215
-204.16322225
-204.59973599
-205.14369586
-205.34628255
-205.86222626
-206.46319093
-206.71009941
-207.03917707
-207.44067632
-207.98674570
-208.56146421
-209.15378351
-209.67275734
-210.22983572
-210.75140073
-211.05944944
-211.64801445
-212.03895733
-212.33805029
-212.56435192
-212.91854052
-213.31145486
-213.83438744
-214.07020477
-214.21071533
-214.68758702
-215.26463547
-215.82401786
-216.30690982
-216.86449127
-217.39060623
-217.90643978
-218.41342381
-218.56096402
-218.68193080
-219.21601081
-219.75363754
-220.15798117
-220.74858135
-221.27181468
-221.48185419
-222.00539196
-222.26828776
-222.78470356
-222.92564030
-223.48413420
-223.63543048
-224.15982911
-224.66587640
-225.18648919
-225.75755968
-226.27504909
-226.76910813
-227.28392421
-227.69944614
-228.11060605
-228.61912013
-229.13043897
-229.63810994
-230.15161560
-230.63978817
-231.17990924
-231.68735173
-232.18652944
-232.69305319
-232.97555096
-233.47556725
-233.97636522
-234.26281981
-234.76355361
-235.22797934
-235.66873823
-235.88118713
-236.12415671
-236.34785485
-236.81811411
-237.35510965
-237.86199360
-238.36853614
-238.73499341
-239.25165017
-239.77012406
-240.29879289
-240.77966247
-241.18647276
-241.73824268
-242.29888540
-242.67570711
-242.79891719
-243.25303829
-243.78057884
-244.18329690
-244.65481949
-245.08443665
-245.62724189
-245.79527446
-246.05803309
-246.36470583
-246.90325426
-247.09603347
-247.58617325
-247.97209031
-248.43309178
-248.65287389
-248.84317671
-249.23093592
-249.43894980
-249.74634626
-250.11650321
-250.21950777
-250.69935590
-251.19900548
-251.48415849
-252.00302462
-252.47483315
-252.94098874
-253.43842498
-253.84482173
-254.30296301
-254.76227375
-254.92687295
-255.43540785
-255.89734309
-256.34572573
-256.80601465
-256.84458472
-257.22395468
-257.69690717
-258.17360443
-258.26606832
-258.49613598
-258.69369014
-258.83979552
-259.27219255
-259.71407396
-260.13468290
-260.35338120
-260.73095279
-260.86873297
-261.31527980
-261.49839149
-261.99521330
-262.14265059
-262.61545557
-263.09145817
-263.56135959
-264.01558459
-264.46299159
-264.93606778
-265.39972097
-265.85808687
-266.25377354
-266.67417794
-267.14077263
-267.25715403
-267.71925854
-268.21182126
-268.68637303
-268.78434725
-269.21950043
-269.71700142
-270.13949049
-270.61740585
-270.91067471
-271.38490606
-271.85068438
-272.19864556
-272.67758234
-272.81134606
-273.25822783
-273.57382257
-273.71096563
-273.75087924
-274.21481500
-274.34442350
-274.51344990
-274.97440627
-275.14693081
-275.62985803
-275.89679493
-276.08575395
-276.52329171
-277.00263365
-277.44612779
-277.51104052
-277.97047748
-278.24886859
-278.70333733
-278.86483312
-278.84168733
-279.25230206
-279.71218157
-279.94457902
-280.39554262
-280.84611687
-280.98064577
-281.22033844
-281.64388035
-281.79479848
-282.27599655
-282.67339035
-282.95328741
-283.33540329
-283.79877963
-284.23419119
-284.64055144
-285.07518205
-285.52077268
-285.94377089
-286.30607254
-286.71030635
-287.05888039
-287.37473595
-287.66813626
-287.82176188
-288.08982837
-288.43396655
-288.66858175
-289.01769280
-289.40386310
-289.91068481
-290.31044812
-290.70153810
-290.99445588
-291.41984560
-291.73203270
-292.07099323
-292.45188025
-292.82825020
-292.96616741
-293.25860702
-293.69772829
-294.08385561
-294.44975091
-294.82268547
-294.93585629
-295.08001101
-295.53723640
-295.82409265
-296.22111650
-296.59873069
-296.98895637
-297.19005560
-297.34218832
-297.66449767
-298.06507590
-298.08991028
-298.39992347
-298.78847150
-299.14864105
-299.27142117
-299.37192170
-299.59361345
-300.01736538
-300.44182068
-300.51927603
-300.93231233
-301.26973297
-301.68364235
-302.02922042
-302.12488715
-302.20398145
-302.22810236
-302.53921948
-302.71230151
-302.86938384
-303.20785742
-303.50889146
-303.89817392
-304.18228131
-304.61029384
-305.04283446
-305.46283073
-305.80307312
-305.89988133
-306.34629357
-306.72926795
-307.04244554
-307.45834128
-307.86005610
-307.84232363
-308.05177804
-308.31231831
-308.71416182
-308.96256568
-309.41283407
-309.69416969
-310.11496452
-310.45535753
-310.75448595
-311.00681030
-311.45563679
-311.73850026
-311.90307509
-312.30061754
-312.43983345
-312.85026160
-313.08085235
-313.46460914
-313.90405209
-314.32382767
-314.69671970
-314.97940598
-315.37683406
-315.38753569
-315.54326150
-315.53031402
-315.91557269
-316.11451945
-316.50134256
-316.61298210
-316.76076293
-317.08765291
-317.46536947
-317.72855365
-318.11841845
-318.22098229
-318.55125097
-318.83293797
-319.21505976
-319.60514204
-320.00634371
-320.43680887
-320.58454241
-320.78717817
-321.17632746
-321.56407514
-321.72298758
-322.11523133
-322.50366023
-322.75126537
-322.88882282
-323.27123336
-323.40344056
-323.56436779
-323.78328164
-324.18019047
-324.43171718
-324.82774971
-325.15282110
-325.29620133
-325.62437535
-325.95783451
-326.34853084
-326.45847078
-326.86329119
-327.25308176
-327.35974626
-327.74589741
-327.79794055
-328.13806093
-328.16953417
-328.25464929
-328.43249990
-328.80072101
-328.94117000
-329.28070511
-329.67902571
-330.06598876
-330.05262273
-330.42825112
-330.82942195
-331.23273564
-331.57327430
-331.90959378
-332.19825654
-332.45520285
-332.58540858
-332.98937110
-333.36341025
-333.67233748
-333.77651259
-334.09974545
-334.40538349
-334.40612929
-334.74920235
-334.87255444
-335.26191366
-335.30762785
-335.58419805
-335.81024702
-336.17396060
-336.44625326
-336.57891722
-336.89693425
-337.21691564
-337.26802541
-337.63046904
-337.89971557
-338.22834967
-338.58122020
-338.99691938
-339.34759790
-339.46658864
-339.48672035
-339.88343999
-340.24041545
-340.60994680
-340.70592471
-340.88392198
-341.29725221
-341.61439891
-341.99119326
-342.36212946
-342.41677149
-342.80536864
-343.11561226
-343.25349212
-343.37671077
-343.74333866
-344.10806123
-344.48652792
-344.86510463
-344.92833670
-344.98288420
-345.35365893
-345.63091739
-346.02390598
-346.38981534
-346.58788238
-346.87981846
-347.24933005
-347.59050614
-347.95890156
-348.32664550
-348.44363180
-348.78221391
-349.10229218
-349.40388172
-349.39198314
-349.53395563
-349.81799884
-350.18493400
-350.41504878
-350.78531994
-350.93065470
-350.98908555
-350.96428227
-351.34213924
-351.71965022
-351.83330925
-352.15021289
-352.53139262
-352.63074578
-353.00412327
-353.36573027
-353.50444818
-353.85636235
-354.20506043
-354.55987256
-354.93009862
-354.95117436
-355.30578846
-355.47011673
-355.82043709
-355.90015639
-356.18134299
-356.28220407
-356.54858260
-356.50584139
-356.86155076
-357.16720469
-357.40970312
-357.66462913
-358.01201888
-358.35667415
-358.64485502
-358.90906880
-359.25414984
-359.54194625
-359.65044363
-359.99450239
-360.34899354
-360.70059861
-361.08462607
-361.30807448
-361.40455503
-361.67139112
-362.02739577
-362.23967605
-362.30526904
-362.63229162
-362.90489000
-363.02602359
-363.26531409
-363.54349611
-363.90185829
-363.92562171
-364.27545429
-364.64744851
-364.63769565
-364.71046247
-365.05954397
-365.32330305
-365.66874750
-366.02060501
-366.36952232
-366.72098882
-366.92756463
-367.28670195
-367.35361566
-367.65918242
-368.01332731
-368.30541829
-368.58240004
-368.85626372
-369.15985551
-369.16308235
-369.50684502
-369.86713347
-370.11086586
-370.47266863
-370.58840087
-370.68860133
-371.03680732
-371.32631745
-371.63095256
-371.91018681
-371.99149394
-372.09225194
-372.46512410
-372.54789015
-372.72290702
-372.91545314
-373.25980589
-373.29395791
-373.63890422
-373.95735464
-374.31883602
-374.56087001
-374.89801938
-375.27479210
-375.61389178
-375.67721400
-376.02152833
-376.36839928
-376.51071227
-376.85369031
-376.89496370
-377.20161317
-377.54162403
-377.71428167
-377.77360871
-377.99059793
-378.32806507
-378.32934687
-378.67182603
-379.03820183
-379.37065109
-379.65256692
-379.67488991
-380.01214211
-380.35643223
-380.52612633
-380.56211655
-380.89732138
-381.00086218
-381.01145891
-381.37288700
-381.70945853
-381.85103731
-381.95865228
-382.10380254
-382.43511476
-382.76573199
-383.03650871
-383.37479405
-383.67389656
-383.75788751
-384.10617462
-384.15656819
-384.44080744
-384.77150623
-384.96529990
-385.04775213
-385.07404377
-385.41743375
-385.74787886
-386.02787959
-386.37538192
-386.72219062
-386.89130433
-386.94916395
-387.22516923
-387.34460904
-387.42322663
-387.75441420
-387.79373036
-387.82777552
-388.12446096
-388.44059780
-388.65744152
-388.97810238
-389.30902916
-389.33328090
-389.52927005
-389.64079060
-389.66087028
-389.96626408
-390.27835907
-390.27227884
-390.34685748
-390.65792822
-390.95875286
-391.08116036
-391.12296987
-391.44224409
-391.76519687
-392.07872115
-392.30615083
-392.41741455
-392.49905412
-392.78651515
-393.11920072
-393.30856387
-393.30173784
-393.39000449
-393.43930771
-393.73352733
-393.95667903
-393.98591118
-394.28052221
-394.59822595
-394.57891759
-394.75022911
-394.95756837
-394.99660827
-395.32063796
-395.30021877
-395.38295796
-395.43405305
-395.62031290
-395.83718969
-396.14431552
-396.46271469
-396.70173356
-396.73846950
-397.03954182
-397.12747654
-397.09305819
-397.40248889
-397.71020774
-398.01118698
-398.30965213
-398.42359505
-398.64504156
-398.95446386
-399.14261150
-399.33258785
-399.64510868
-399.95064759
-400.25183125
-400.55489145
-400.86806573
-401.11599878
-401.17010915
-401.20344678
-401.23882033
-401.28759188
-401.43869788
-401.55756018
-401.74284371
-402.03980769
-402.10193453
-402.30434534
-402.59389129
-402.75746591
-402.72325125
-402.89152117
-403.13636171
-403.44712232
-403.41518048
-403.63306868
-403.87729432
-404.18506209
-404.47954945
-404.51003033
-404.77626364
-404.98187663
-404.95469766
-405.06076504
-405.35550064
-405.59796064
-405.87746407
-406.04186762
-406.32603669
-406.60169015
-406.91262753
-406.87917815
-406.95595959
-407.15640295
-407.42925839
-407.70144326
-407.86323286
-407.97133237
-407.97634868
-408.24378458
-408.50363198
-408.68433393
-408.75817508
-408.94675680
-409.20729947
-409.32732810
-409.37818114
-409.64021739
-409.90381786
-409.96533470
-410.26723629
-410.53250902
-410.71984737
-410.72024615
-410.76284354
-410.85662685
-410.97870950
-411.24626961
-411.42740327
-411.69266272
-411.87991231
-411.91893601
-412.13996664
-412.40874926
-412.52300616
-412.72383585
-412.98911442
-413.20198029
-413.47068218
-413.51465020
-413.50679843
-413.77936205
-414.05367208
-414.33644190
-414.46216182
-414.63480749
-414.90392870
-415.11096738
-415.38215181
-415.41248315
-415.61409215
-415.67273772
-415.95584051
-416.24332587
-416.52917730
-416.72760025
-416.94634226
-417.21245393
-417.47129735
-417.63780054
-417.79052143
-418.05987047
-418.10226150
-418.38711698
-418.63233526
-418.68449372
-418.94096319
-419.22584739
-419.41271957
-419.67425665
-419.67788223
-419.77668556
-419.97703161
-420.03435777
-420.29309355
-420.55845152
-420.67975625
-420.78137879
-420.98419554
-421.26542213
-421.30915613
-421.46099232
-421.72015322
-421.97777149
-421.97616265
-421.98974363
-422.17681644
-422.20546954
-422.41138190
-422.67136309
-422.92716156
-423.18461723
-423.22797770
-423.49457071
-423.74246924
-423.99088461
-424.16257598
-424.30610916
-424.38535127
-424.56122125
-424.81736030
-424.83661900
-425.10143886
-425.35363500
-425.39252221
-425.64788122
-425.84353889
-426.12122028
-426.37408568
-426.44099768
-426.70848831
-426.95750734
-427.09244519
-427.34195682
-427.60470131
-427.73756995
-427.98152422
-428.22769946
-428.49255554
-428.66079055
-428.88367953
-429.07110689
-429.08843397
-429.32713874
-429.51601438
-429.77375584
-430.03061302
-430.26951026
-430.50657538
-430.74196438
-430.90003198
-431.06615462
-431.31420385
-431.55167610
-431.80475654
-431.81213111
-432.05276766
-432.28706262
-432.52316228
-432.60991563
-432.62634447
-432.84937921
-432.94825185
-433.17931962
-433.22667708
-433.47973670
-433.72727955
-433.90564692
-433.91063372
-434.03486714
-434.19329069
-434.43075218
-434.60509711
-434.61503125
-434.63573010
-434.87687981
-435.12342460
-435.21466341
-435.36983914
-435.40183529
-435.63271295
-435.79028400
-435.83411396
-436.06141193
-436.23764745
-436.46513601
-436.51106553
-436.60400285
-436.81717024
-437.06721151
-437.31125200
-437.39035651
-437.56694901
-437.78183827
-437.89720849
-438.07754543
-438.19356307
-438.27890418
-438.50554315
-438.63754926
-438.86249873
-439.08810761
-439.21066628
-439.43171718
-439.65595208
-439.67688236
-439.91991796
-440.14908079
-440.32556499
-440.55201388
-440.75850048
-440.99231050
-441.15772377
-441.37615434
-441.46095360
-441.50043367
-441.70968144
-441.92632936
-442.14045324
-442.19660558
-442.36899046
-442.40276992
-442.62252451
-442.78370933
-442.80510998
-443.02586083
-443.18270808
-443.39960640
-443.62820992
-443.84500392
-444.06302040
-444.18686383
-444.35136352
-444.58080860
-444.79756601
-444.89529035
-444.94172200
-445.16195139
-445.37866956
-445.44280394
-445.49580179
-445.55628495
-445.77596307
-445.99353479
-446.20135629
-446.42926843
-446.45909043
-446.54723622
-446.77507294
-446.80779430
-447.01994798
-447.22833385
-447.45656031
-447.67055571
-447.89395987
-447.88659158
-448.03279073
-448.13532077
-448.33918824
-448.55236695
-448.76403444
-448.89889286
-449.02894535
-449.21544317
-449.24083954
-449.26233494
-449.39700152
-449.58350463
-449.80660242
-449.98856339
-450.19633524
-450.38094432
-450.58322282
-450.77717255
-450.82951943
-451.04309142
-451.23702381
-451.43307036
-451.46092488
-451.49774324
-451.65024689
-451.86229212
-451.91684346
-452.12964420
-452.34343158
-452.40751944
-452.40831169
-452.60926288
-452.82926599
-453.03307403
-453.24971778
-453.44870017
-453.64453137
-453.84224474
-454.04487381
-454.24657792
-454.33865046
-454.54335273
-454.54913660
-454.57262730
-454.72231401
-454.75870259
-454.77443089
-454.97647750
-455.02560301
-455.06361062
-455.26596347
-455.46811626
-455.60281336
-455.68171803
-455.75911262
-455.87927019
-456.07605783
-456.27256349
-456.47053913
-456.66850183
-456.81079933
-457.02040096
-457.13298549
-457.20153601
-457.22994925
-457.44197542
-457.49279708
-457.50523757
-457.63432471
-457.84520118
-458.02792573
-458.09771414
-458.29617678
-458.33649351
-458.54330658
-458.65491989
-458.68308288
-458.78590556
-458.99665290
-459.18583280
-459.27102734
-459.28437657
-459.42815701
-459.62984265
-459.67527636
-459.88782186
-460.09270879
-460.30009585
-460.33380601
-460.35958413
-460.56619075
-460.59557518
-460.66930543
-460.68314138
-460.69550615
-460.79350768
-460.94527122
-461.07559481
-461.27392232
-461.42264658
-461.46332570
-461.53630442
-461.72324614
-461.85583599
-461.88423010
-461.89576830
-461.98582259
-462.07443065
-462.14555918
-462.15787989
-462.30384639
-462.37371104
-462.56056856
-462.76695109
-462.79233541
-462.98184937
-463.17277465
-463.35824065
-463.54766103
-463.61967581
-463.82173627
-464.01003965
-464.14918911
-464.18963189
-464.21701164
-464.32753197
-464.51297408
-464.54435275
-464.57097745
-464.75568786
-464.95087976
-465.13595486
-465.13778472
-465.19143252
-465.28552798
-465.35128733
-465.49495930
-465.54606449
-465.55856441
-465.73507317
-465.73736486
-465.81410768
-466.01215139
-466.19434426
-466.25016963
-466.38124341
-466.41175756
-466.61140978
-466.81084211
-466.98672016
-467.09062227
-467.14137507
-467.32045070
-467.49680369
-467.69388156
-467.70830812
-467.90353012
-468.03626961
-468.11434270
-468.31247767
-468.35154402
-468.49324481
-468.69135909
-468.87295053
-468.90506749
-468.90296570
-468.92137082
-469.03285485
-469.20934288
-469.24850824
-469.43656904
-469.56789211
-469.73924570
-469.82998096
-470.00659636
-470.19443559
-470.24395487
-470.43384712
-470.61057846
-470.78572491
-470.86361836
-470.90018679
-471.07690279
-471.20981213
-471.24203155
-471.42177202
-471.45644990
-471.48247249
-471.54528510
-471.61737222
-471.70267742
-471.87290328
-472.04258915
-472.06785969
-472.11195974
-472.23004650
-472.27502376
-472.44627092
-472.62376159
-472.61777652
-472.79016742
-472.83637653
-473.00720822
-473.10149781
-473.11142092
-473.14613529
-473.17368495
-473.16395277
-473.34701067
-473.35743111
-473.52129720
-473.69608092
-473.79373669
-473.84107021
-474.01031363
-474.00265903
-474.17435091
-474.34399347
-474.36797142
-474.53668234
-474.59304215
-474.61403923
-474.63948487
-474.64084548
-474.77369457
-474.94528203
-475.11541781
-475.11317038
-475.20395636
-475.31042761
-475.40083826
-475.49125875
-475.66376901
-475.75390905
-475.92287162
-475.93002970
-476.10213918
-476.11784204
-476.21153849
-476.38949804
-476.55839899
-476.58094742
-476.75046315
-476.80657565
-476.88067760
-476.99349775
-477.15927392
-477.20453741
-477.37283131
-477.53970422
-477.64832221
-477.81413218
-477.98264405
-478.02280196
-478.18876128
-478.36986890
-478.36975258
-478.55289985
-478.71461907
-478.89635012
-479.08120471
-479.26217962
-479.36425142
-479.48671262
-479.49054698
-479.57668516
-479.74272124
-479.79848075
-479.96500678
-480.14013478
-480.20725360
-480.21989637
-480.21393658
-480.37881804
-480.50607296
-480.67301494
-480.73864422
-480.76860543
-480.85696160
-480.88861712
-480.97019954
-481.14177731
-481.30813788
-481.40958625
-481.46909668
-481.47813218
-481.49378650
-481.53183033
-481.53653811
-481.60051344
-481.67945096
-481.84509943
-481.84228019
-481.93508181
-482.10048594
-482.20127420
-482.22755523
-482.30207604
-482.37209928
-482.41350525
-482.57498515
-482.73806804
-482.74218506
-482.77818659
-482.90254281
-482.91652961
-483.02270711
-483.09507144
-483.25718005
-483.43275799
-483.60666110
-483.78447210
-483.88742694
-483.91594865
-484.08262967
-484.25939855
-484.32832718
-484.48907135
-484.58228758
-484.74418413
-484.73822055
-484.90188593
-485.06467073
-485.24219678
-485.25935606
-485.44548906
-485.56372909
-485.64368033
-485.80316794
-485.98175310
-486.10295381
-486.13997628
-486.30448309
-486.46678440
-486.62960991
-486.81002901
-486.97494921
-486.98865274
-487.08754363
-487.21110372
-487.37033848
-487.48528460
-487.49604368
-487.58386809
-487.66141855
-487.75151928
-487.81137268
-487.93194068
-487.98830501
-488.15088414
-488.31194027
-488.41971705
-488.48111359
-488.55086406
-488.71476828
-488.78089515
-488.94080950
-489.10219472
-489.27118463
-489.44827694
-489.61961594
-489.73325747
-489.89376852
-489.92881682
-490.09027365
-490.25709778
-490.36147820
-490.47202026
-490.47177703
-490.51595048
-490.52247634
-490.57836196
-490.73928188
-490.85894025
-490.89921805
-490.94141387
-491.03540623
-491.06531116
-491.18565329
-491.28250605
-491.45553268
-491.62674377
-491.78925809
-491.80954115
-491.84730889
-491.96265269
-492.12554485
-492.28566011
-492.44640190
-492.48686891
-492.64753315
-492.72739941
-492.88994022
-492.98152971
-493.15085121
-493.25564757
-493.41795045
-493.45640926
-493.61586564
-493.79324515
-493.95228206
-493.98990622
-494.03115638
-494.19916590
-494.37076421
-494.47367874
-494.55847665
-494.62893937
-494.80256767
-494.89494059
-495.00218224
-495.04205774
-495.06000631
-495.22035504
-495.29315097
-495.31925782
-495.37541018
-495.50406753
-495.65888497
-495.68041443
-495.74689386
-495.84913416
-495.94540517
-496.05654240
-496.08553581
-496.23704288
-496.40445159
-496.42511060
-496.57630732
-496.64931902
-496.66574846
-496.75507941
-496.90547654
-496.92322338
-497.08748929
-497.16978857
-497.31862811
-497.47825876
-497.64399398
-497.65895543
-497.66972999
-497.74985701
-497.90200219
-497.91821587
-497.96114644
-498.12229813
-498.15172401
-498.20627490
-498.22800470
-498.25642303
-498.30205582
-498.45165710
-498.60068832
-498.75845375
-498.77703959
-498.80319184
-498.87071457
-498.89677116
-499.05081555
-499.21164982
-499.26656732
-499.32144579
-499.47122393
-499.61977378
-499.63771245
-499.65316708
-499.67879881
-499.69124951
-499.79285452
-499.82037174
-499.92756267
-500.03844125
-500.19010806
-500.21108707
-500.23945879
-500.38693362
-500.53658029
-500.55666935
-500.58477412
-500.73333310
-500.87997528
-501.03926828
-501.19414120
-501.20360242
-501.35147297
-501.51364346
-501.55770521
-501.60894497
-501.67680615
-501.78186224
-501.89083326
-501.92022610
-501.96006446
-502.01573116
-502.04422733
-502.20286838
-502.30623041
-502.33867662
-502.49636087
-502.63612991
-502.66493922
-502.69159677
-502.85036995
-502.99527901
-503.15019813
-503.15027295
-503.18511349
-503.33256391
-503.33160053
-503.42888331
-503.49540188
-503.63878531
-503.73168229
-503.80616108
-503.95354055
-503.94976229
-504.09299300
-504.18258737
-504.32392167
-504.46834600
-504.49737793
-504.56245106
-504.59111381
-504.73507978
-504.87885196
-504.96651752
-505.03440689
-505.12387894
-505.26690130
-505.31939100
-505.46207827
-505.61421659
-505.76917125
-505.91162740
-506.06535756
-506.21942492
-506.24407243
-506.39860043
-506.45741909
-506.55933610
-506.59454318
-506.73395296
-506.87538527
-507.02378945
-507.03381215
-507.10450621
-507.20333336
-507.28387715
-507.42326532
-507.56652556
-507.59436824
-507.74064725
-507.88463177
-507.89693086
-507.97105462
-508.10107908
-508.15125388
-508.22661789
-508.26552429
-508.39966549
-508.38801078
-508.53428303
-508.55682783
-508.70497365
-508.77851957
-508.81849732
-508.96321701
-508.98368982
-509.12984807
-509.17704858
-509.27447272
-509.41153094
-509.54547887
-509.67865044
-509.76906330
-509.91313690
-509.93892375
-510.07369243
-510.20828595
-510.22948639
-510.35919332
-510.49391045
-510.55155066
-510.58414424
-510.72545884
-510.78156757
-510.81230055
-510.94112234
-511.08003710
-511.21046922
-511.30840950
-511.44350476
-511.45405892
-511.54961259
-511.55493210
-511.67978964
-511.80878855
-511.94566050
-511.95085173
-512.08687618
-512.22154543
-512.27172653
-512.39897719
-512.53517366
-512.65530056
-512.79013254
-512.91799961
-513.01450124
-513.14661846
-513.19942709
-513.32728620
-513.39030525
-513.51575880
-513.54573844
-513.67129664
-513.71379636
-513.75655578
-513.79608797
-513.92177408
-513.94076310
-513.96059177
-513.96559832
-513.96758032
-514.06046183
-514.09291736
-514.10181977
-514.24028616
-514.35970045
-514.48478295
-514.54080435
-514.59881230
-514.72424070
-514.76459055
-514.88826634
-514.92374530
-515.04137016
-515.12629111
-515.13835328
-515.26595225
-515.26192127
-515.38311095
-515.47858763
-515.55732878
-515.56671615
-515.61451450
-515.69179509
-515.81315495
-515.93848375
-516.05839981
-516.19280593
-516.28175574
-516.39750520
-516.45491224
-516.54844712
-516.67776501
-516.78887278
-516.88148435
-516.92930611
-517.04778301
-517.17734163
-517.22551376
-517.34548035
-517.47791569
-517.49280350
-517.62510509
-517.71040113
-517.82930000
-517.89613572
-518.01343497
-518.04705019
-518.17765654
-518.22429227
-518.31049291
-518.42909745
-518.54861101
-518.62444354
-518.75179862
-518.87149399
-518.98854354
-519.01740675
-519.02704270
-519.11609571
-519.15797032
-519.18327061
-519.24580729
-519.30621248
-519.43208068
-519.49662084
-519.58280078
-519.71225203
-519.73158023
-519.85069571
-519.96746351
-519.99821710
-520.01546806
-520.13234327
-520.26231026
-520.37958133
-520.46870650
-520.49849545
-520.56708290
-520.65755991
-520.70441209
-520.83121729
-520.94843518
-521.02743460
-521.14402993
-521.21477877
-521.29597698
-521.35756501
-521.47293401
-521.51612402
-521.54195480
-521.62578344
-521.70772844
-521.83262859
-521.88316819
-522.00192712
-522.13156676
-522.22627639
-522.26265195
-522.37920433
-522.42553136
-522.54411564
-522.67546489
-522.75426614
-522.86970894
-522.94181748
-523.06424660
-523.19131696
-523.32099602
-523.41215174
-523.53064946
-523.61648472
-523.73525732
-523.74269311
-523.85821865
-523.93636317
-524.05322518
-524.16853949
-524.19067032
-524.21410236
-524.32993065
-524.44560036
-524.56342304
-524.59070393
-524.66198238
-524.70101551
-524.76635250
-524.88611070
-524.97594147
-524.99507826
-525.03877526
-525.16618183
-525.19093327
-525.27724314
-525.34185819
-525.41054051
-525.53060101
-525.60481215
-525.63907205
-525.69623973
-525.78371756
-525.87244633
-526.00120240
-526.12767732
-526.20679373
-526.29257888
-526.40576648
-526.53251886
-526.59273956
-526.65015494
-526.76300252
-526.87782161
-526.99437681
-527.10919792
-527.14609779
-527.18735147
-527.30276866
-527.34218950
-527.41300121
-527.52333760
-527.61272047
-527.68489850
-527.76735387
-527.81737211
-527.88951899
-528.01062457
-528.12427833
-528.18875907
-528.18703634
-528.19074253
-528.30768287
-528.42119112
-528.54786654
-528.66080199
-528.78032085
-528.90544508
-528.98369310
-529.01851878
-529.08509679
-529.19816797
-529.23346065
-529.35720323
-529.41633027
-529.49538938
-529.55529486
-529.62391094
-529.73778846
-529.80539926
-529.92342734
-530.03607688
-530.14869201
-530.18596260
-530.26498655
-530.38455215
-530.50476875
-530.61634723
-530.68000018
-530.76702954
-530.84920126
-530.95771471
-530.99594246
-531.11075997
-531.13490083
-531.25801141
-531.33709040
-531.45150411
-531.50069890
-531.56497472
-531.68777743
-531.79709739
-531.90510075
-531.96811493
-532.04300995
-532.15991906
-532.22267504
-532.29522818
-532.38217376
-532.48819898
-532.51337208
-532.57073484
-532.68091291
-532.79816690
-532.83635650
-532.92397014
-532.92690653
-532.98654613
-533.09436508
-533.10875809
-533.13883569
-533.24549426
-533.35980593
-533.47615848
-533.50395524
-533.56603683
-533.67153308
-533.78612992
-533.82325703
-533.86505686
-533.93940054
-534.05023137
-534.12252163
-534.13762691
-534.16581881
-534.22126669
-534.25786352
-534.25981603
-534.30822486
-534.33726329
-534.40263811
-534.48282456
-534.53365874
-534.63917017
-534.74282444
-534.80222740
-534.91014410
-534.93289707
-534.95697396
-535.05939158
-535.09309937
-535.11582354
-535.22215033
-535.28659780
-535.36873444
-535.43241126
-535.53641402
-535.61696422
-535.71978444
-535.75044091
-535.85757623
-535.96067430
-536.07083481
-536.12746539
-536.23544446
-536.34697696
-536.45299570
-536.55168275
-536.66361696
-536.76505003
-536.78846235
-536.87225199
-536.92188704
-537.00055572
-537.10625523
-537.21694591
-537.26939453
-537.29275947
-537.39403612
-537.44486157
-537.47794218
-537.54733414
-537.64715917
-537.72908904
-537.75809641
-537.76247729
-537.80224875
-537.90391648
-538.00382538
-538.06250109
-538.16274795
-538.27188509
-538.28653270
-538.32829713
-538.40860321
-538.44532864
-538.47021154
-538.57069078
-538.66879136
-538.73222913
-538.77200131
-538.88308952
-538.90315869
-539.01301668
-539.12193904
-539.19179687
-539.24802071
-539.35484410
-539.45759313
-539.55731825
-539.65706445
-539.73509734
-539.79382730
-539.81464257
-539.91039742
-539.91762921
-540.01745449
-540.11436039
-540.21475878
-540.24859059
-540.34654944
-540.35416764
-540.46049786
-540.46370185
-540.57119720
-540.65167483
-540.66554432
-540.66122114
-540.76247394
-540.86074649
-540.88205761
-540.98954581
-541.00563504
-541.04185650
-541.14631281
-541.18834626
-541.23863817
-541.26725053
-541.34698386
-541.39003627
-541.49072603
-541.57012407
-541.62702137
-541.70428375
-541.77391272
-541.88240603
-541.99038861
-542.08725755
-542.13523886
-542.23263122
-542.33330040
-542.43055943
-542.47973019
-542.56967856
-542.67218643
-542.74585307
-542.77288376
-542.87491293
-542.97628046
-543.04150353
-543.10381662
-543.12103089
-543.14196977
-543.22167215
-543.26617529
-543.37212325
-543.46723650
-543.46603372
-543.54633499
-543.58217608
-543.60899185
-543.66623328
-543.77137851
-543.81870684
-543.91342749
-544.00999053
-544.09096022
-544.17227109
-544.23229430
-544.32776254
-544.42987526
-544.52478268
-544.62052670
-544.64404644
-544.66955599
-544.69331715
-544.78786855
-544.79387242
-544.89230735
-544.95689528
-544.98462955
-545.00792670
-545.00224841
-545.10750346
-545.20796652
-545.28757846
-545.39170903
-545.45821069
-545.48243681
-545.50277917
-545.59716535
-545.69238536
-545.70061843
-545.80104588
-545.89718860
-546.00217410
-546.10763443
-546.13929536
-546.23697522
-546.22042038
-546.31766811
-546.41000990
-546.42488185
-546.49907021
-546.57982452
-546.67324681
-546.75624187
-546.75156799
-546.77079165
-546.86800292
-546.88818829
-546.90353301
-547.00975496
-547.08650150
-547.18012895
-547.18039398
-547.27873180
-547.37191604
-547.35972402
-547.45199793
-547.53278034
-547.53364610
-547.60937131
-547.65733214
-547.74121816
-547.80869451
-547.84434184
-547.87348872
-547.96565404
-548.04751909
-548.14108389
-548.15073501
-548.21023206
-548.29040469
-548.28175005
-548.36897370
-548.35950265
-548.37630336
-548.37719479
-548.47051739
-548.45875864
-548.45664519
-548.54244770
-548.53358420
-548.61584446
-548.71340331
-548.78953877
-548.81406252
-548.80166507
-548.89496833
-548.94345264
-549.01123818
-549.09392850
-549.13418367
-549.22107358
-549.32368190
-549.41692890
-549.47267131
-549.56575619
-549.63818642
-549.62856956
-549.72490842
-549.76302723
-549.84664947
-549.90183374
-549.99466498
-550.08512756
-550.16714964
-550.25930302
-550.28949309
-550.30624539
-550.30661640
-550.40428655
-550.41793807
-550.41706776
-550.50951358
-550.60080989
-550.60692771
-550.66615285
-550.76748501
-550.86093910
-550.94907207
-550.98328462
-551.05577237
-551.15913919
-551.25650046
-551.27004110
-551.33807146
-551.42959369
-551.43078689
-551.46070346
-551.46808132
-551.56374790
-551.61759340
-551.67731407
-551.73330908
-551.75192279
-551.84478708
-551.93660859
-552.03761379
-552.14147781
-552.15785989
-552.22473404
-552.31697958
-552.40516515
-552.50787741
-552.59554832
-552.68760077
-552.74601231
-552.84709259
-552.93808127
-553.02576942
-553.05115374
-553.07060949
-553.17198881
-553.27036213
-553.36961902
-553.45953484
-553.52876020
-553.56598113
-553.66474592
-553.69456219
-553.77809333
-553.87805957
-553.96180401
-553.96587280
-554.05849692
-554.08865078
-554.11010144
-554.20003532
-554.29613912
-554.38886321
-554.45855660
-554.55884190
-554.65008961
-554.74365814
-554.76674376
-554.86144794
-554.95265103
-555.04748231
-555.13703315
-555.22703729
-555.28956596
-555.31408087
-555.41063242
-555.44696282
-555.50098234
-555.49941914
-555.58912374
-555.68377677
-555.77105209
-555.85992604
-555.94886682
-555.94165791
-556.03971532
-556.11958114
-556.21041428
-556.30035278
-556.39833941
-556.38312268
-556.47762714
-556.56783613
-556.66584324
-556.75796774
-556.85340900
-556.94827361
-557.02997625
-557.05040469
-557.09333300
-557.18774101
-557.18018740
-557.26435851
-557.35692779
-557.44608368
-557.53367633
-557.63046318
-557.70667876
-557.78894625
-557.88180114
-557.97596588
-557.99436108
-558.09321822
-558.19095160
-558.27448257
-558.25825323
-558.35677638
-558.44411751
-558.43553634
-558.40743743
-558.49689398
-558.56849122
-558.66918749
-558.76085684
-558.83037920
-558.90813412
-558.89727661
-558.93278318
-559.01707058
-559.11114338
-559.19273310
-559.27920205
-559.36313890
-559.39322303
-559.47473367
-559.50831079
-559.59117287
-559.69241559
-559.68917817
-559.77110368
-559.85487245
-559.86846250
-559.95309271
-559.99007751
-560.02971665
-560.06742027
-560.11205409
-560.21058149
-560.24796969
-560.34866553
-560.43259141
-560.52013610
-560.56128170
-560.64563760
-560.71808106
-560.77405982
-560.85440411
-560.88597478
-560.96629592
-560.99883814
-561.07759078
-561.16448885
-561.26694421
-561.30676202
-561.39328496
-561.47345207
-561.50551083
-561.58919632
-561.69216327
-561.77689417
-561.80570541
-561.85110503
-561.95318703
-562.03776463
-562.12577840
-562.19777660
-562.27936346
-562.36566300
-562.45615529
-562.53756249
-562.61339404
-562.65826446
-562.73039557
-562.81168636
-562.84514198
-562.92163487
-562.99480128
-563.00023556
-563.03915233
-563.08444934
-563.15968004
-563.26202911
-563.33232413
-563.43278623
-563.51223486
-563.58147326
-563.66412234
-563.73911029
-563.83489031
-563.91579884
-563.99741408
-564.05029284
-564.14992877
-564.22769784
-564.29700941
-564.34882707
-564.37900775
-564.46676910
-564.55068328
-564.62753145
-564.64649447
-564.69080526
-564.76459130
-564.83418666
-564.87033823
-564.94200024
-564.94067680
-564.95965108
-565.02898913
-565.10604082
-565.17565861
-565.25920952
-565.33168296
-565.39947835
-565.47415352
-565.54358291
-565.61354876
-565.70223843
-565.79776426
-565.82542355
-565.89851830
-565.91153436
-565.98000972
-566.05973695
-566.15648639
-566.25431443
-566.33030902
-566.35743741
-566.39268288
-566.43415668
-566.49570893
-566.50688533
-566.53169720
-566.59729998
-566.66955786
-566.74411232
-566.80512928
-566.87683276
-566.94217953
-567.02309422
-567.10318210
-567.17314145
-567.24126515
-567.34655828
-567.41452618
-567.48634018
-567.58627675
-567.58416465
-567.66347195
-567.72550777
-567.75269522
-567.84641078
-567.92582605
-568.01272161
-568.07004895
-568.13529656
-568.20799227
-568.28689933
-568.34699446
-568.44720051
-568.47411506
-568.53323905
-568.60047200
-568.62370885
-568.68351614
-568.75283789
-568.81390697
-568.87666993
-568.94410273
-569.01118177
-569.10187111
-569.20189430
-569.21722031
-569.27528973
-569.28841059
-569.37994098
-569.43953861
-569.54453610
-569.57026090
-569.60222478
-569.70188816
-569.80173579
-569.86880086
-569.96797502
-570.04409401
-570.14606569
-570.25434949
-570.32754569
-570.32762819
-570.35990523
-570.42734317
-570.52001290
-570.57301034
-570.63749508
-570.73687148
-570.73464610
-570.81117393
-570.86324168
-570.92730061
-570.97807798
-571.07028846
-571.11047376
-571.18614990
-571.18504276
-571.18668537
-571.27332350
-571.32685070
-571.41241287
-571.48662289
-571.54298185
-571.60623783
-571.70352629
-571.80262473
-571.83246778
-571.89617283
-571.95516914
-572.00643273
-572.05867318
-572.11121044
-572.16346644
-572.16785203
-572.16126693
-572.21407628
-572.26667729
-572.31925606
-572.37367580
-572.43555920
-572.43285007
-572.52027670
-572.57469002
-572.63545494
-572.67125249
-572.73259032
-572.78520503
-572.84005103
-572.92787980
-572.98067816
-573.03136455
-573.02997662
-573.05899415
-573.13545964
-573.19492386
-573.24043341
-573.27440544
-573.33445757
-573.40473254
-573.45373095
-573.51410156
-573.57186517
-573.63264094
-573.69282249
-573.69738397
-573.69202026
-573.78275906
-573.83321985
-573.84308549
-573.89615703
-573.93100213
-574.01500974
-574.04071648
-574.11418136
-574.12953309
-574.18113835
-574.22816582
-574.28283164
-574.33383737
-574.42099481
-574.48026905
-574.51935013
-574.56028223
-574.61512127
-574.69973296
-574.73922344
-574.78766767
-574.83971249
-574.88810332
-574.94598439
-575.02989064
-575.05604844
-575.10559779
-575.19045253
-575.24945567
-575.32842872
-575.37162439
-575.42870480
-575.50076675
-575.54943864
-575.63395714
-575.68336954
-575.73144912
-575.75832587
-575.81599994
-575.87528991
-575.92957726
-576.02705419
-576.11707602
-576.11431229
-576.16038336
-576.24491915
-576.30144355
-576.35881813
-576.38256346
-576.42443314
-576.47401402
-576.52190670
-576.57049817
-576.61481159
-576.63629649
-576.69287052
-576.79188676
-576.86445405
-576.91120362
-577.00283558
-577.05582769
-577.10766325
-577.09446417
-577.18187941
-577.22626442
-577.33194145
-577.43603547
-577.52358025
-577.61684593
-577.65083730
-577.69458983
-577.72438701
-577.77655737
-577.82219189
-577.87998318
-577.92556732
-578.00832165
-578.05445412
-578.15816708
-578.20352771
-578.29281781
-578.27643109
-578.33048636
-578.37614514
-578.47581965
-578.56938096
-578.67411456
-578.72875911
-578.78038178
-578.84732522
-578.89133789
-578.93787201
-579.00315807
-579.04847060
-579.10790258
-579.16354943
-579.21846634
-579.27394734
-579.31993836
-579.37647460
-579.43049646
-579.49478110
-579.55075024
-579.65523445
-579.63430986
-579.68033918
-579.72549160
-579.82394051
-579.92428797
-580.00883140
-580.05499626
-580.10114275
-580.14403204
-580.19973299
-580.26773964
-580.32245523
-580.37029495
-580.44609405
-580.48986733
-580.55912384
-580.59735784
-580.64229611
-580.68776057
-580.78795860
-580.84734917
-580.91946121
-580.97444676
-581.02983945
-581.12160184
-581.17385190
-581.20243369
-581.27293425
-581.34262554
-581.41670548
-581.46291710
-581.50938529
-581.55498714
-581.60989712
-581.65695165
-581.69011686
-581.68917805
-581.75041453
-581.84650535
-581.89981080
-581.98343238
-582.08019928
-582.13447245
-582.20369628
-582.24907267
-582.29869424
-582.35064475
-582.40495171
-582.45316471
-582.52928290
-582.60066585
-582.64846197
-582.69357174
-582.73754945
-582.75398334
-582.80841740
-582.86206478
-582.93966609
-582.99194138
-583.04371621
-583.08506643
-583.12351023
-583.20555491
-583.24837780
-583.28772603
-583.33448329
-583.40825565
-583.45596070
-583.50551929
-583.55002244
-583.63008703
-583.67363780
-583.71846849
-583.76929905
-583.85089963
-583.90013335
-583.95329516
-584.00687909
-584.04825094
-584.10030193
-584.14067498
-584.18852209
-584.27584046
-584.31947977
-584.37174594
-584.44734804
-584.48838320
-584.54028478
-584.57833478
-584.66408453
-584.70614525
-584.74529931
-584.75891909
-584.84204429
-584.92611286
-584.97198465
-585.02304542
-585.10443394
-585.15493228
-585.24149977
-585.24745812
-585.29054047
-585.37149720
-585.41843629
-585.48225069
-585.52421031
-585.60137850
-585.64299766
-585.68905824
-585.73008918
-585.77612527
-585.81251515
-585.85502620
-585.89265191
-585.97642994
-586.01713399
-586.09828811
-586.17891126
-586.25646196
-586.29923949
-586.34023191
-586.38843784
-586.42646113
-586.47192411
-586.51875856
-586.59605782
-586.63730423
-586.64020749
-586.68742495
-586.76678216
-586.81276212
-586.88077353
-586.92123694
-586.96295542
-587.04342249
-587.08157816
-587.12226599
-587.19577418
-587.25801479
-587.28286068
-587.32194274
-587.35657809
-587.44267196
-587.47114428
-587.54205275
-587.55277861
-587.62777657
-587.66698271
-587.70910640
-587.74869450
-587.78776767
-587.82674031
-587.86622084
-587.90736030
-587.94573374
-587.98575511
-588.02686763
-588.07544645
-588.11681702
-588.16037116
-588.23391706
-588.32500182
-588.39838986
-588.48435935
-588.53769634
-588.57638727
-588.65490611
-588.67846632
-588.72764731
-588.75364985
-588.84746313
-588.88579186
-588.97694713
-589.02586371
-589.08685752
-589.13785399
-589.15618621
-589.20521124
-589.24765011
-589.29633692
-589.34551790
-589.42511229
-589.51783492
-589.59999213
-589.60553724
-589.64561879
-589.70876442
-589.79108723
-589.83132457
-589.82864859
-589.84561634
-589.93668810
-589.98079580
-590.01764788
-590.05778221
-590.05267309
-590.10128412
-590.14782640
-590.18598651
-590.25826619
-590.30112043
-590.34151821
-590.38836373
-590.45939326
-590.50554769
-590.54446970
-590.62395714
-590.69437779
-590.78171414
-590.84626511
-590.88759181
-590.95772369
-590.99996271
-591.03980919
-591.02892609
-591.10587079
-591.14532540
-591.20807219
-591.29459235
-591.33430699
-591.40548046
-591.44431907
-591.50673727
-591.54719624
-591.58703329
-591.67267067
-591.73926332
-591.75281031
-591.81934988
-591.85653269
-591.89514931
-591.93288411
-591.97068485
-592.01416775
-592.05128582
-592.08894486
-592.18207487
-592.25177247
-592.29815701
-592.32590164
-592.39984545
-592.47565396
-592.51461435
-592.56008741
-592.63718538
-592.65501767
-592.70112767
-592.73399092
-592.74887874
-592.76815405
-592.76408086
-592.81188251
-592.81411761
-592.83885756
-592.86431561
-592.83532860
-592.91908949
-592.96706439
-593.00639452
-593.09543516
-593.11850398
-593.16758187
-593.14843987
-593.24480983
-593.29867864
-593.31112368
-593.38250628
-593.42972810
-593.40854101
-593.45390230
-593.49241435
-593.53827238
-593.57534957
-593.67033729
-593.71045965
-593.70099863
-593.74430628
-593.78487991
-593.87505802
-593.91847207
-594.00540269
-594.04093787
-594.08059958
-594.15559579
-594.16305053
-594.20151280
-594.24527657
-594.28762441
-594.27557378
-594.30618040
-594.29744651
-594.33929097
-594.37857550
-594.41835549
-594.47754069
-594.51768120
-594.55370315
-594.60242962
-594.67761457
-594.71821006
-594.75900339
-594.83421545
-594.85946280
-594.90780168
-594.98337462
-595.08064555
-595.17015274
-595.26414818
-595.32449944
-595.37444594
-595.42396344
-595.47432094
-595.55699103
-595.63027123
-595.64788017
-595.68994285
-595.76714204
-595.81591249
-595.85588755
-595.89541298
-595.93606774
-595.93046607
-596.02061369
-596.09712372
-596.18660022
-596.23550189
-596.25218615
-596.29353293
-596.33581844
-596.37638922
-596.41800824
-596.49539973
-596.53578498
-596.58241401
-596.63667518
-596.70674809
-596.76321883
-596.80373034
-596.84449348
-596.82833100
-596.91892219
-596.94089584
-596.98443417
-596.98729032
-597.02639316
-597.06962003
-597.11328510
-597.14861336
-597.20189652
-597.21594449
-597.30785193
-597.35540296
-597.39592462
-597.45593589
-597.52809210
-597.57267976
-597.61898888
-597.66135134
-597.75170475
-597.80094192
-597.85704377
-597.90400635
-597.95115033
-598.00141969
-598.07034253
-598.07956422
-598.12917582
-598.15497609
-598.20064788
-598.22353928
-598.22351206
-598.26630002
-598.30962621
-598.38091178
-598.42662780
-598.48758710
-598.53026338
-598.53694085
-598.57689820
-598.62769363
-598.67601257
-598.72682789
-598.79770002
-598.84021394
-598.90694507
-598.94019111
-598.98429405
-599.07834505
-599.12134937
-599.16996000
-599.20551550
-599.25048841
-599.29309426
-599.38391570
-599.38948827
-599.43596151
-599.52722192
-599.53201026
-599.58551160
-599.62743026
-599.71562234
-599.75693460
-599.75374433
-599.84242604
-599.85804950
-599.86886360
-599.91148996
-599.90646909
-599.95257532
-599.99770664
-600.03917571
-600.08033248
-600.10307576
-600.10351152
-600.18483884
-600.27049184
-600.31435542
-600.36575098
-600.40711956
-600.41595320
-600.50563879
-600.52582109
-600.56494362
-600.56342811
-600.65537271
-600.74068246
-600.77781956
-600.82661022
-600.84199994
-600.87851257
-600.88492376
-600.92533131
-600.96621020
-601.01409876
-601.05434289
-601.05775681
-601.13512835
-601.17680740
-601.25817100
-601.30032949
-601.31683928
-601.31113401
-601.35092165
-601.37383462
-601.42437988
-601.43682512
-601.48541643
-601.55601877
-601.60554440
-601.61170449
-601.63580386
-601.68506040
-601.73235392
-601.77050505
-601.81771378
-601.83846402
-601.91420866
-601.93971371
-601.97863926
-602.02724254
-602.07509801
-602.12412138
-602.21746261
-602.26652108
-602.36052995
-602.39966310
-602.43960476
-602.42653500
-602.46561081
-602.53050626
-602.61724599
-602.66542474
-602.71136468
-602.72752379
-602.76689075
-602.83613342
-602.87529111
-602.91441470
-602.95452871
-602.99893191
-603.07974705
-603.09135917
-603.18357837
-603.17359598
-603.26274733
-603.31030884
-603.29100100
-603.33064619
-603.31517899
-603.39537200
-603.40274386
-603.43492888
-603.47682178
-603.55608460
-603.63152112
-603.67084515
-603.73750601
-603.78179121
-603.82952811
-603.90489739
-603.95364876
-604.04428790
-604.11604249
-604.19736886
-604.26626629
-604.30722165
-604.34674002
-604.43122632
-604.48286306
-604.52892068
-604.57230065
-604.61039355
-604.65065003
-604.73856923
-604.76161097
-604.80927237
-604.85126775
-604.93421953
-604.98200496
-605.01826386
-605.03548157
-605.07297178
-605.05742779
-605.11842217
-605.12577521
-605.16592922
-605.23497732
-605.30051333
-605.34803646
-605.42587496
-605.46923380
-605.51684425
-605.58467478
-605.65548139
-605.69386044
-605.73346248
-605.81384412
-605.85949205
-605.90000226
-605.95783056
-606.01365321
-606.04264207
-606.02461480
-606.03104247
-606.06901376
-606.04953758
-606.09812966
-606.13564240
-606.13647304
-606.18372934
-606.26708731
-606.34806270
-606.34552938
-606.37443164
-606.41440266
-606.47076387
-606.51501328
-606.55463164
-606.59958013
-606.64653441
-606.65533688
-606.67378049
-606.71960925
-606.78068579
-606.80893429
-606.81889310
-606.85845468
-606.86257857
-606.91064467
-606.92591812
-606.96917313
-607.01462550
-607.03051784
-607.09412669
-607.14274405
-607.18833254
-607.27310225
-607.31278360
-607.34485890
-607.34870803
-607.39282037
-607.43881161
-607.52244647
-607.59835592
-607.63977262
-607.67880364
-607.71825587
-607.77080662
-607.85050002
-607.88894209
-607.92788308
-608.00265128
-608.07149199
-608.14288790
-608.17659633
-608.20165935
-608.18518691
-608.22472347
-608.23960755
-608.25613185
-608.29779532
-608.37153111
-608.40840409
-608.42886944
-608.49805760
-608.52544056
-608.54609260
-608.58470902
-608.64041655
-608.65631260
-608.66282217
-608.69758090
-608.76939503
-608.81780425
-608.82951498
-608.90426776
-608.94497084
-609.01014726
-609.08178154
-609.12628777
-609.17089727
-609.20652105
-609.28164230
-609.32159791
-609.32718483
-609.40907230
-609.47848146
-609.52331028
-609.56460861
-609.63950007
-609.65296734
-609.73558744
-609.77744728
-609.85160402
-609.91978115
-609.96368863
-609.96006819
-610.02763649
-610.07248609
-610.10891798
-610.14787682
-610.21228840
-610.21331225
-610.21051025
-610.24657699
-610.30789755
-610.34535100
-610.37855012
-610.45271880
-610.51866026
-610.54534840
-610.57286453
-610.64581826
-610.72667512
-610.77255941
-610.80850235
-610.84487079
-610.92528623
-610.99605159
-611.03149135
-611.06606009
-611.09657956
-611.11259334
-611.15106491
-611.22683577
-611.26932254
-611.31227146
-611.35467702
-611.39142270
-611.45893007
-611.52898162
-611.59821314
-611.64128218
-611.70096282
-611.76672751
-611.81972287
-611.85999828
-611.89339662
-611.92820005
-611.98807252
-612.04557200
-612.07399079
-612.13681215
-612.15424354
-612.19153015
-612.17881879
-612.20835233
-612.24557179
-612.27891644
-612.31769430
-612.35097518
-612.38420815
-612.46537438
-612.54085238
-612.57737815
-612.63091200
-612.69558644
-612.73112209
-612.76967508
-612.80718366
-612.84719237
-612.91737265
-612.95849830
-612.99521360
-613.03041350
-613.05993088
-613.09730564
-613.12163702
-613.15928008
-613.21530343
-613.29000549
-613.36312103
-613.39580544
-613.43078069
-613.45109408
-613.52962775
-613.61010235
-613.68624075
-613.72706662
-613.75530761
-613.78416725
-613.84219698
-613.83007576
-613.89539640
-613.92843317
-613.96166599
-614.02946804
-614.06056013
-614.10294535
-614.17947078
-614.21926716
-614.26025675
-614.29179832
-614.32452455
-614.36514703
-614.39950586
-614.41799272
-614.49146069
-614.55422075
-614.58393715
-614.64682966
-614.68714152
-614.75913098
-614.83832096
-614.91018804
-614.89770568
-614.97040584
-615.00330345
-615.07287606
-615.13684299
-615.17792602
-615.20730344
-615.22091445
-615.29771232
-615.32518867
-615.35660804
-615.37679944
-615.41690608
-615.44929574
-615.47256423
-615.50730750
-615.55595904
-615.58974344
-615.66650757
-615.70140491
-615.73591114
-615.73728699
-615.77373730
-615.76242579
-615.79755318
-615.79054535
-615.83005344
-615.82070685
-615.85528852
-615.88761232
-615.94363148
-615.97577850
-616.01747675
-616.05274267
-616.11384119
-616.15588454
-616.23807472
-616.29479489
-616.29326422
-616.33564934
-616.37837248
-616.45031546
-616.48776151
-616.56377458
-616.60548894
-616.59985252
-616.63407887
-616.66812645
-616.70534009
-616.72631855
-616.76045836
-616.83485351
-616.90385670
-616.93797507
-616.95029941
-616.99222312
-617.06639566
-617.14799702
-617.18261499
-617.24153676
-617.27655647
-617.35363605
-617.38933756
-617.42348945
-617.49347430
-617.49864890
-617.53374915
-617.55347216
-617.54184816
-617.61208269
-617.64779561
-617.68951497
-617.76592875
-617.78159370
-617.86395855
-617.90804091
-617.89606995
-617.93073439
-617.99661264
-618.06740180
-618.10986153
-618.18068950
-618.26593703
-618.30762382
-618.34530750
-618.34252136
-618.40488996
-618.47775700
-618.55539948
-618.60022837
-618.63889437
-618.68297445
-618.71919527
-618.75965995
-618.79781695
-618.82565015
-618.86195347
-618.89793610
-618.94182913
-618.97634169
-619.05906045
-619.05771647
-619.08894688
-619.11518048
-619.19968687
-619.24009978
-619.31505415
-619.33540965
-619.37183611
-619.38426737
-619.42977852
-619.44511978
-619.49144153
-619.52862866
-619.53374030
-619.55001960
-619.59541489
-619.58426313
-619.63167946
-619.67463923
-619.73926438
-619.77633250
-619.81273152
-619.84954861
-619.85206788
-619.89529450
-619.95597468
-620.00913155
-620.09696577
-620.10886311
-620.09825786
-620.13854428
-620.17623005
-620.26112249
-620.27807569
-620.31645856
-620.39048623
-620.46214221
-620.49942700
-620.54151839
-620.62066231
-620.66895209
-620.70991561
-620.76396197
-620.78880673
-620.81854179
-620.87398495
-620.91234537
-620.96094886
-621.00071834
-621.06969254
-621.14481161
-621.17509112
-621.20727314
-621.20578442
-621.25101350
-621.28983788
-621.30575532
-621.33489607
-621.35191402
-621.42369307
-621.47156551
-621.51929767
-621.60989747
-621.61165522
-621.65168262
-621.72296980
-621.77316330
-621.84491789
-621.92691595
-622.00280331
-622.04403058
-622.05446282
-622.14445650
-622.18466675
-622.22603962
-622.26783366
-622.34676223
-622.38741487
-622.43580275
-622.47627425
-622.55718266
-622.64343250
-622.63345205
-622.68036985
-622.72536602
-622.80413982
-622.84440104
-622.94266185
-622.98469997
-623.03623013
-623.08794767
-623.13863199
-623.19030029
-623.23422993
-623.31587540
-623.34958220
-623.44663627
-623.53537811
-623.58465577
-623.62622039
-623.72066523
-623.81230702
-623.90244334
-623.95343375
-624.01653193
-624.06461533
-624.11196175
-624.13984417
-624.24040021
-624.24520352
-624.32939682
-624.37021460
-624.46833346
-624.50977585
-624.55415874
-624.60433410
-624.69929218
-624.74379184
-624.77745109
-624.81405866
-624.86452857
-624.96616699
-625.00907880
-625.09263838
-625.10035672
-625.18339027
-625.22538238
-625.32409037
-625.36609274
-625.40847249
-625.49534545
-625.53716452
-625.56842286
-625.66226567
-625.72065769
-625.76037050
-625.81234966
-625.89366761
-625.98946774
-626.03938093
-626.08156509
-626.12557275
-626.12935512
-626.23049110
-626.32903171
-626.42103168
-626.43047126
-626.48129181
-626.48315450
-626.50532819
-626.55209206
-626.60069393
-626.65159224
-626.69323889
-626.76789019
-626.77559257
-626.82618474
-626.86954668
-626.96379875
-627.00398261
-627.07784027
-627.11362748
-627.18980762
-627.22080348
-627.31834430
-627.36839708
-627.47486965
-627.47162723
-627.54911648
-627.59086787
-627.63293774
-627.67341668
-627.71456467
-627.76361883
-627.80374829
-627.83715646
-627.87846479
-627.91120440
-628.00474518
-628.10122025
-628.15129547
-628.17008000
-628.27183781
-628.32178714
-628.36472395
-628.40633234
-628.44782197
-628.49504112
-628.50749097
-628.59718819
-628.63895024
-628.64990474
-628.69110947
-628.73245685
-628.81815189
-628.85837513
-628.89966239
-628.94065297
-629.02147879
-629.08910570
-629.12991966
-629.17053148
-629.25640560
-629.30309848
-629.36205760
-629.46962092
-629.47910272
-629.55866090
-629.63147828
-629.67370503
-629.71467569
-629.77062336
-629.81412260
-629.85591186
-629.96050246
-630.03145981
-630.07275679
-630.07711940
-630.18785724
-630.25423759
-630.35318427
-630.38098022
-630.43343884
-630.53250375
-630.57973117
-630.63268527
-630.67277130
-630.77985095
-630.83091825
-630.85416623
-630.88681993
-630.93140430
-630.95598427
-631.00530016
-631.04929055
-631.07979489
-631.13085771
-631.15835824
-631.20425800
-631.27697038
-631.32909633
-631.43294691
-631.47296666
-631.57989261
-631.62749757
-631.73691782
-631.83796566
-631.88123907
-631.98271268
-632.03521685
-632.09082883
-632.17676938
-632.26609498
-632.37693542
-632.48300287
-632.50162477
-632.60635883
-632.64876440
-632.65860103
-632.76504615
-632.81736367
-632.90039375
-632.94546893
-633.03273182
-633.06191508
-633.10695034
-633.15747809
-633.24236544
-633.28588851
-633.32917299
-633.42924519
-633.50754567
-633.55928024
-633.61102893
-633.70737431
-633.81294023
-633.85767236
-633.93883989
-633.98231885
-634.09162445
-634.17728696
-634.27430969
-634.35859443
-634.36861605
-634.41318737
-634.46515315
-634.48255987
-634.52848609
-634.58159323
-634.57573667
-634.62018004
-634.72758634
-634.78158378
-634.90115099
-635.00179727
-635.05056091
-635.07561009
-635.19008962
-635.26440888
-635.32432550
-635.37693058
-635.43062523
-635.48165022
-635.49470319
-635.51547196
-635.56658862
-635.61862549
-635.66113784
-635.67980868
-635.70823143
-635.76044045
-635.81723761
-635.86904004
-635.90100609
-635.94749233
-635.99552207
-636.00491714
-636.04978661
-636.07553069
-636.19368037
-636.23081430
-636.27145710
-636.32078706
-636.43996946
-636.53970494
-636.59098282
-636.70568182
-636.75132290
-636.86126372
-636.90412023
-637.00896924
-637.01375608
-637.11072833
-637.22281182
-637.28016695
-637.32295883
-637.36585871
-637.41271946
-637.45452302
-637.49752872
-637.50998880
-637.58401980
-637.62373908
-637.65672916
-637.74984689
-637.86767405
-637.91435640
-637.95644934
-637.99848302
-638.07964005
-638.08231083
-638.17334943
-638.27478190
-638.32352506
-638.35249249
-638.40662752
-638.43664018
-638.49799891
-638.56872560
-638.61266305
-638.65499472
-638.69733388
-638.71965418
-638.77197725
-638.81462546
-638.93241106
-638.95203406
-638.99656225
-639.03830042
-639.14562811
-639.17826270
-639.21817520
-639.23497264
-639.27756958
-639.27691146
-639.28546833
-639.37689969
-639.40045645
-639.43140580
-639.51905436
-639.60090053
-639.65044418
-639.77367845
-639.89849537
-639.95097798
-640.05889614
-640.11009939
-640.16010630
-640.20477541
-640.26909336
-640.29059834
-640.33757122
-640.44693343
-640.53658015
-640.58806578
-640.64123802
-640.75956404
-640.87369047
-640.97295832
-641.01580349
-641.14903162
-641.18569754
-641.20936600
-641.23687002
-641.28610093
-641.40609632
-641.45429710
-641.49808710
-641.61758393
-641.70103815
-641.74652072
-641.79923346
-641.83124036
-641.86638897
-641.92175068
-641.97199518
-642.02709600
-642.10474317
-642.15326973
-642.20614263
-642.33006026
-642.37243002
-642.46206471
-642.52728976
-642.55357855
-642.60627598
-642.62561147
-642.69880571
-642.79860201
-642.84543537
-642.86504836
-642.91688795
-642.95057897
-643.04811527
-643.06282041
-643.10879829
-643.20645657
-643.33518671
-643.38500820
-643.40434761
-643.44884774
-643.49939177
-643.57749784
-643.63008445
-643.67775384
-643.79939014
-643.84770118
-643.89926247
-643.94436811
-643.98913896
-644.03433032
-644.08069823
-644.13413251
-644.26473016
-644.31505722
-644.44004975
-644.49427417
-644.54691082
-644.65282002
-644.72753510
-644.80122543
-644.81582534
-644.83722923
-644.88913597
-644.93770776
-644.98229638
-645.04276286
-645.09722334
-645.19278007
-645.33566964
-645.43572937
-645.47277689
-645.51256023
-645.55584356
-645.60247858
-645.69619982
-645.73985108
-645.80159240
-645.92297070
-645.98432504
-646.02774747
-646.14819961
-646.29502617
-646.33780189
-646.38109653
-646.39815908
-646.51580252
-646.64268158
-646.69123661
-646.74161895
-646.78475200
-646.80335847
-646.84244579
-646.88686276
-646.94108041
-646.98801651
-647.07943317
-647.12334490
-647.22352586
-647.27762131
-647.28907246
-647.40345516
-647.54660205
-647.57919541
-647.62524226
-647.67749090
-647.76874661
-647.81166542
-647.91194694
-647.95757663
-648.04405180
-648.09376649
-648.22627859
-648.36364628
-648.41383051
-648.48773180
-648.60046385
-648.64918599
-648.70357307
-648.73239883
-648.77659092
-648.90192778
-649.02567782
-649.08051094
-649.12390832
-649.15765174
-649.17759837
-649.20809937
-649.24993309
-649.29907460
-649.40999413
-649.52083153
-649.57137019
-649.68216241
-649.82075184
-649.84450260
-649.88438490
-649.93003285
-649.97148224
-650.01307807
-650.15584282
-650.18948413
-650.24299583
-650.29605147
-650.34590933
-650.39206804
-650.44482934
-650.53470310
-650.65461478
-650.70596562
-650.75835689
-650.81094417
-650.86487741
-650.97957991
-651.02316471
-651.06619027
-651.21298508
-651.21432077
-651.25791094
-651.40617410
-651.46024918
-651.60853873
-651.65767895
-651.80453717
-651.85213407
-651.90332433
-652.03594225
-652.17386729
-652.22168299
-652.26877193
-652.40192428
-652.44508871
-652.49806106
-652.51436627
-652.53069442
-652.57751599
-652.57849455
-652.62553218
-652.67319883
-652.72612785
-652.78808383
-652.82600846
-652.85632351
-652.89964169
-652.94397510
-652.99489633
-653.11377650
-653.16104780
-653.21875708
-653.26935251
-653.32214517
-653.37108514
-653.39960323
-653.44338417
-653.54338858
-653.58891228
-653.62829981
-653.74725408
-653.79330904
-653.89388551
-653.96644378
-654.05134706
-654.10207021
-654.15444913
-654.16022216
-654.20080195
-654.24116795
-654.28601355
-654.38564964
-654.42801358
-654.47321787
-654.51662667
-654.58105427
-654.67662326
-654.68669970
-654.74999957
-654.79222093
-654.83483428
-654.83247158
-654.98672229
-655.02963940
-655.08150161
-655.12953964
-655.17307052
-655.18457402
-655.22967282
-655.37904053
-655.46019869
-655.57523315
-655.66551458
-655.71024428
-655.75582473
-655.79969981
-655.93808427
-655.94506778
-656.01194202
-656.13929262
-656.30085383
-656.34490224
-656.39087047
-656.40873267
-656.56151202
-656.61099093
-656.68679757
-656.74015216
-656.78572029
-656.87557999
-656.93146298
-656.97402246
-657.03472866
-657.05280345
-657.14607673
-657.24831056
-657.41307324
-657.45191886
-657.49665987
-657.54542279
-657.60037719
-657.65481475
-657.66130942
-657.71925804
-657.75721121
-657.81270329
-657.85806803
-658.01228086
-658.07207570
-658.13657708
-658.21016019
-658.22685048
-658.28065444
-658.33440383
-658.38129534
-658.42943999
-658.47829920
-658.58363003
-658.63688333
-658.65510693
-658.71079870
-658.72370117
-658.77796366
-658.89513737
-658.94146644
-659.02705010
-659.06479564
-659.11724645
-659.16382665
-659.21777609
-659.26231453
-659.41804216
-659.55467689
-659.62977001
-659.74608080
-659.79362317
-659.83939193
-659.88703250
-659.90538820
-659.95613390
-659.97992339
-660.02517218
-660.08373817
-660.18153649
-660.22850461
-660.27596105
-660.35941877
-660.41350258
-660.54122282
-660.58806638
-660.63442793
-660.74173111
-660.79344583
-660.84165436
-660.89603744
-660.97992555
-661.02486058
-661.14191929
-661.27867464
-661.32517083
-661.42666751
-661.47625719
-661.54724596
-661.61187366
-661.66733830
-661.73371458
-661.77669193
-661.82307804
-661.92064951
-662.08926766
-662.21120698
-662.33916923
-662.50307311
-662.55942800
-662.60752059
-662.66000711
-662.68222544
-662.70335682
-662.75805100
-662.80598693
-662.89632451
-663.05126617
-663.10067446
-663.15541277
-663.20280947
-663.23047873
-663.27672667
-663.32395958
-663.38389653
-663.52004817
-663.68499247
-663.73049166
-663.77609649
-663.92357968
-663.97140162
-664.01379218
-664.05551808
-664.09055571
-664.14272304
-664.19094472
-664.24195909
-664.28812072
-664.43191855
-664.48707400
-664.65147501
-664.70967900
-664.76061658
-664.86226693
-664.91920342
-664.96489717
-665.01946364
-665.07891250
-665.12244996
-665.17801836
-665.33327192
-665.37903441
-665.40315989
-665.42356008
-665.55840936
-665.59479976
-665.65326752
-665.70112523
-665.74969678
-665.79726149
-665.80945207
-665.88548729
-665.93880617
-666.03984055
-666.08606733
-666.13153686
-666.20396776
-666.35430576
-666.40250383
-666.45883247
-666.51410840
-666.69056394
-666.76661434
-666.81566826
-666.86243095
-666.90802831
-666.95947011
-666.98509580
-667.04027274
-667.09085332
-667.26236519
-667.31689273
-667.37153171
-667.44845068
-667.48475923
-667.65203108
-667.77917522
-667.82903578
-667.97219015
-668.02116307
-668.11811474
-668.25773578
-668.28211979
-668.41504163
-668.46367291
-668.50754863
-668.55665569
-668.62058174
-668.79315853
-668.84524908
-668.89051016
-669.04530471
-669.07791068
-669.13536459
-669.17894130
-669.26452318
-669.32164408
-669.50402255
-669.55864052
-669.74255466
-669.78969437
-669.84671795
-669.94438788
-670.13158031
-670.22717910
-670.28398642
-670.46519545
-670.51909616
-670.56573997
-670.71853608
-670.76476151
-670.82055569
-670.84429923
-670.92721199
-671.10000656
-671.14537614
-671.27769593
-671.45811991
-671.60024481
-671.77878990
-671.82376573
-671.86964912
-671.89773704
-671.94876701
-672.07883984
-672.18835390
-672.30158503
-672.34858373
-672.39787740
-672.41773108
-672.46922824
-672.51810223
-672.61432368
-672.69233101
-672.83905683
-672.88961417
-672.93530182
-673.08135217
-673.12500267
-673.26681575
-673.33689946
-673.42722484
-673.47293112
-673.50025635
-673.54575379
-673.59181992
-673.61653653
-673.64599952
-673.72286437
-673.76958524
-673.82011550
-673.87137410
-674.03396661
-674.08020459
-674.13117827
-674.15586185
-674.33266160
-674.39747885
-674.58781722
-674.63202595
-674.67541038
-674.85911034
-674.94145983
-674.98669784
-675.15335398
-675.19666977
-675.31510472
-675.36662671
-675.50902098
-675.55563048
-675.60134847
-675.75526880
-675.84498400
-676.00729308
-676.05864074
-676.20515297
-676.28445470
-676.32970525
-676.39120539
-676.43593767
-676.48668695
-676.63116420
-676.79356679
-676.90583160
-676.95091993
-677.12061575
-677.29493162
-677.44290532
-677.49561330
-677.58945190
-677.60823632
-677.65941583
-677.70506505
-677.72973375
-677.78191920
-677.82772082
-677.90296569
-677.94737135
-677.99234858
-678.02775274
-678.05870083
-678.10656548
-678.15940684
-678.36372272
-678.41157706
-678.59706788
-678.71867692
-678.77002378
-678.82229099
-678.85040707
-679.05421113
-679.23268687
-679.35033607
-679.47383389
-679.65990933
-679.74896290
-679.76441521
-679.96288991
-680.01337666
-680.05389608
-680.10177649
-680.14423209
-680.18724171
-680.23670980
-680.33889049
-680.38072994
-680.42291297
-680.58100962
-680.59535528
-680.66142596
-680.70433481
-680.71165266
-680.78069828
-680.82406966
-680.97760290
-681.13267094
-681.14360332
-681.31460939
-681.34281999
-681.41384215
-681.44265785
-681.49727669
-681.55358480
-681.58744716
-681.77381493
-681.81958427
-681.85020169
-681.86767350
-681.95147088
-682.13371576
-682.19093449
-682.23735722
-682.28607283
-682.33180684
-682.37823472
-682.50959000
-682.66715530
-682.82983561
-682.87637112
-682.93428054
-682.99009599
-683.04791041
-683.10781080
-683.12397677
-683.17334270
-683.22027610
-683.29101506
-683.33764588
-683.48439447
-683.66484338
-683.71542684
-683.76337061
-683.94968180
-683.99671263
-684.02051356
-684.07888688
-684.09380435
-684.14736113
-684.34604771
-684.39607392
-684.47698344
-684.53436814
-684.74347180
-684.88617292
-684.94680468
-684.96693353
-685.03080201
-685.08801301
-685.13724421
-685.30888431
-685.31171146
-685.36468364
-685.44841887
-685.49865500
-685.54887119
-685.64685750
-685.70654833
-685.87391461
-685.93387986
-686.01074194
-686.09039054
-686.14237407
-686.24244128
-686.27794843
-686.33130886
-686.38289118
-686.42557962
-686.45198173
-686.50548248
-686.71057732
-686.85661746
-687.06331836
-687.11701435
-687.32080795
-687.37141511
-687.42394670
-687.62597598
-687.72499886
-687.77941028
-687.83930957
-687.88961573
-687.94134094
-687.99252168
-688.11053017
-688.16262983
-688.22319090
-688.37120176
-688.42671627
-688.64023279
-688.69159030
-688.74319560
-688.80251452
-688.99965348
-689.06046115
-689.12136381
-689.17920668
-689.38990619
-689.40100593
-689.59064936
-689.64570121
-689.70126801
-689.75217857
-689.81228674
-689.87220225
-689.92136199
-690.04846014
-690.26258048
-690.28090885
-690.33978782
-690.55189478
-690.67588187
-690.72576232
-690.77986428
-690.91113102
-690.96756215
-691.01095591
-691.08027373
-691.13392201
-691.28690076
-691.33886593
-691.39772758
-691.49679895
-691.55051517
-691.60198387
-691.65831074
-691.77816226
-691.94251033
-691.99007086
-692.03984728
-692.23792813
-692.28898623
-692.34032624
-692.39326756
-692.57973810
-692.67631272
-692.80539049
-692.94447337
-692.99416496
-693.05036136
-693.09512324
-693.14806060
-693.19760240
-693.24940216
-693.29906482
-693.42733897
-693.49524560
-693.55128929
-693.60880162
-693.66997742
-693.72062616
-693.89851112
-693.94788270
-693.99854597
-694.18441412
-694.25088584
-694.28258331
-694.33629528
-694.38594846
-694.58207654
-694.63319844
-694.68203888
-694.73757377
-694.73339866
-694.84685476
-694.89985388
-694.96099012
-694.97343456
-695.02828678
-695.02051882
-695.07298426
-695.12306878
-695.17472183
-695.33518191
-695.38675994
-695.44888931
-695.64347626
-695.80499766
-695.85684609
-695.91732868
-695.97481931
-696.03297372
-696.24609561
-696.30745489
-696.35465032
-696.40753771
-696.46373359
-696.52397060
-696.53671445
-696.59461309
-696.64401558
-696.72151963
-696.78263823
-696.99664201
-697.05513483
-697.13365933
-697.16035673
-697.14999338
-697.20002371
-697.18806711
-697.28978197
-697.37807852
-697.46392740
-697.51449719
-697.56449792
-697.69973896
-697.89527086
-698.06984684
-698.13404038
-698.18394685
-698.34036617
-698.39509746
-698.58319168
-698.61642252
-698.67558985
-698.73043658
-698.78004617
-698.83506005
-698.83908974
-698.89883406
-699.08709289
-699.13732774
-699.18957883
-699.28028553
-699.32866426
-699.45548360
-699.52749746
-699.58770909
-699.62892771
-699.64129627
-699.69616811
-699.75656191
-699.88291987
-699.97203855
-700.02396748
-700.00702093
-700.06006196
-700.26420110
-700.42885323
-700.48280334
-700.53497670
-700.59015606
-700.79166371
-700.86781145
-700.92605810
-700.91983481
-700.97294770
-700.98665356
-701.04775129
-701.13817573
-701.35519303
-701.51120815
-701.56942214
-701.79127958
-701.96194194
-701.99701674
-702.12657533
-702.18065544
-702.33514568
-702.38761385
-702.44249661
-702.49881339
-702.65084132
-702.70144824
-702.72800453
-702.82456151
-702.98942533
-703.00117658
-703.05480726
-703.10999871
-703.09915005
-703.20257237
-703.28011091
-703.49201158
-703.48606301
-703.59313892
-703.78993528
-703.80136403
-704.02813843
-704.14712996
-704.20581085
-704.42071453
-704.56770523
-704.62366602
-704.69137560
-704.91111733
-705.14019094
-705.28633513
-705.34245853
-705.45019945
-705.67538579
-705.86389019
-705.88028023
-705.93574331
-705.99818050
-706.22135431
-706.28429084
-706.33977031
-706.53200940
-706.58650760
-706.64446269
-706.77419889
-706.82830790
-706.88169325
-706.94366587
-707.00228067
-707.17711734
-707.23533413
-707.28758805
-707.34706848
-707.56225111
-707.61866825
-707.83405605
-707.88635141
-707.93736288
-708.12610345
-708.19550134
-708.24291489
-708.40402532
-708.40343638
-708.61198032
-708.67212615
-708.73321890
-708.81367115
-708.80949980
-709.00548835
-709.06303305
-709.12054183
-709.26262562
-709.28559686
-709.46211704
-709.51031287
-709.69224338
-709.88300375
-709.93485672
-710.10922080
