-6.83053446
-5.18303979
-5.96148404
-7.86290604
-6.55782099
-6.64371204
-8.01863916
-8.41855657
-8.72585222
-8.21606863
-8.04153020
-8.54427610
-9.88773524
-11.41401224
-12.00286269
-12.65521730
-13.15389994
-13.64978802
-14.30299108
-15.10832835
-15.11033550
-15.18941490
-16.03524922
-16.53635861
-16.96564164
-16.73502853
-17.04964579
-17.46967967
-18.62003192
-18.61788169
-18.20123473
-18.50635622
-19.17159512
-20.67492281
-21.39401570
-21.19675359
-22.10725112
-22.68490970
-23.87893861
-24.75579422
-25.54791779
-26.46154048
-26.81489322
-26.96168508
-27.54874859
-27.40311745
-28.10461408
-28.27727261
-28.85088090
-28.52416312
-29.31968710
-29.35577505
-30.06125564
-30.96454827
-31.17319692
-31.12967459
-32.89553909
-33.13925291
-34.07855033
-35.51407002
-37.05348645
-38.14502767
-38.39686520
-37.98722399
-38.28912671
-38.39719455
-38.57325711
-40.11119540
-41.17564713
-42.21122764
-42.81488231
-43.34256395
-44.22473929
-44.65734719
-45.44905050
-46.51385910
-47.31959871
-48.37197857
-49.40605589
-50.40939179
-50.69571865
-51.82717226
-52.89039263
-53.56820815
-54.64890146
-55.63883964
-56.41822850
-57.21138616
-57.93051825
-58.49733378
-58.79680273
-59.26191305
-60.29574003
-61.17916424
-62.47839171
-63.74217328
-64.26432675
-64.86500355
-65.51800961
-66.70979851
-67.25478492
-68.23085621
-69.38004859
-69.99129809
-70.68033433
-71.76409927
-72.42068425
-73.38587034
-73.99359187
-74.68117329
-75.12582734
-75.89392328
-76.59048158
-77.38130837
-78.16663095
-78.92115817
-78.84893486
-79.67151280
-80.40510316
-80.71398602
-81.46177806
-81.35543167
-82.15994902
-82.74767581
-83.63683063
-84.30201255
-85.27888819
-86.20346624
-86.67415820
-86.94727326
-87.03978834
-87.22344017
-87.45842244
-87.68662991
-87.76425262
-88.12086263
-88.48435117
-88.92318427
-89.09107642
-89.16653383
-89.41633303
-89.91228217
-90.34520279
-90.51548852
-90.67904732
-91.33496632
-91.31865521
-91.44174421
-91.89770242
-92.48703847
-93.00610018
-93.47416828
-94.40411048
-94.92924629
-95.24640247
-96.07766098
-96.22296323
-96.39698560
-97.10388913
-98.10070038
-98.28852655
-99.10345431
-99.33007813
-99.61569856
-100.55598098
-101.11323364
-101.62951030
-101.99064191
-102.65179940
-102.96317031
-103.37023051
-103.81871858
-104.33148458
-104.78234811
-105.13878810
-105.77879351
-106.26795425
-106.84897914
-107.36782334
-107.97071762
-108.35320337
-108.79406546
-109.09591125
-109.76584899
-110.12851051
-110.70554212
-111.03390266
-111.62525128
-111.99133785
-112.29829865
-112.56058514
-112.84037026
-113.49264107
-114.17148268
-114.50878194
-115.10154319
-115.81668277
-116.41359965
-117.08803685
-117.32988854
-117.62648231
-118.27554201
-118.66051750
-118.95230507
-119.15845769
-119.68366582
-119.73528883
-119.97737327
-120.47232866
-120.92642285
-121.63731638
-121.85088147
-122.46037500
-122.90093032
-123.13105980
-123.63846009
-123.87808031
-124.25872803
-124.78817568
-125.41239846
-125.43980401
-126.06637903
-126.32145568
-126.35703612
-126.82289876
-127.30006220
-127.98106539
-128.43248628
-129.04038795
-129.64993658
-129.85356933
-130.05951257
-130.29921431
-130.84438520
-131.13169770
-131.51511409
-131.95149205
-131.88781540
-132.46655063
-132.73086332
-133.38376880
-134.10242128
-134.66459336
-134.76282464
-135.14761882
-135.75836709
-136.14866113
-136.47540019
-136.96366993
-137.66536237
-137.85370615
-138.48626188
-139.04339310
-139.69980543
-140.40320423
-140.82154262
-141.39965714
-141.66903988
-142.09861632
-142.50705860
-143.19391957
-143.90079236
-144.31451526
-144.91966068
-145.35679696
-146.05902714
-146.56456805
-146.52937772
-146.83793992
-146.93804892
-146.93435185
-146.91052712
-147.60353804
-147.54987486
-148.21162076
-148.86028456
-149.21028964
-149.53730439
-149.48713225
-150.08984119
-150.63134891
-150.99518428
-151.58291896
-151.79446793
-152.44728763
-152.48634803
-153.01446687
-153.18568537
-153.53787100
-154.11908743
-154.29241886
-155.02405031
-155.21718173
-155.84165000
-156.40566044
-156.47166252
-156.69047002
-157.30090225
-157.19874484
-157.11368502
-157.74096003
-158.17689133
-158.55074139
-159.17759627
-159.24819299
-159.44072177
-159.85490917
-159.92383573
-159.81768263
-160.31820479
-160.89614571
-160.77348047
-160.68881014
-161.37782698
-161.35766745
-161.39688209
-161.26105579
-161.47322308
-162.17275728
-162.84012513
-162.72099043
-163.17718790
-163.72343761
-163.59600837
-164.12167225
-164.04442575
-163.90297053
-163.93442722
-164.45678785
-164.49074966
-165.00053189
-165.66870908
-166.33606342
-166.71429736
-166.60644531
-166.89140147
-167.50128255
-167.63788077
-168.24336643
-168.38665229
-168.52503278
-169.18769457
-169.25604853
-169.38573496
-169.95777504
-170.60915631
-170.45300942
-170.86408731
-171.46456811
-171.30874749
-171.60780393
-172.25895997
-172.09121741
-172.22135540
-172.87923560
-172.94668504
-173.27967841
-173.88112545
-174.32097226
-174.91301195
-174.75000025
-175.20242386
-175.70408626
-176.17345336
-176.55903705
-177.11846474
-177.41917540
-177.64029868
-177.50437129
-177.37760719
-177.88125018
-177.99778785
-178.42057432
-178.49210288
-178.61511943
-179.19284614
-179.81556386
-179.85744242
-179.67860690
-180.24302384
-180.07526003
-179.90225659
-180.08423740
-180.63221260
-180.58762346
-180.88749066
-180.77857128
-180.69347040
-180.57519135
-180.39965159
-180.20880096
-180.55843711
-181.12489657
-181.67500003
-181.99697111
-182.13452349
-182.20034452
-182.73437408
-183.03092394
-182.97263268
-182.77839807
-183.15466421
-183.62095697
-184.24515192
-184.16320871
-184.43312007
-184.25189520
-184.66059707
-185.29113811
-185.09661221
-184.90548350
-185.37865055
-185.17477112
-185.57391525
-186.07740653
-186.55408520
-187.13637616
-187.67169896
-188.28911252
-188.84636330
-189.39989537
-189.55140283
-189.93164115
-189.79377824
-190.14723768
-190.13055920
-189.95425831
-190.46439000
-190.24709969
-190.84550646
-191.45338904
-191.32507745
-191.21022164
-191.81257250
-192.34641205
-192.21939101
-192.75475788
-192.69632630
-192.54182127
-193.06042822
-193.66663492
-194.14627774
-194.65781799
-194.48232988
-195.00534109
-195.33673701
-195.19858225
-195.77709450
-195.78757560
-195.61117771
-195.38964793
-195.95755170
-196.16620173
-195.94958486
-196.53821770
-196.38937358
-196.30616957
-196.07970425
-195.86069274
-195.65279531
-196.15445221
-196.68811369
-197.02227246
-196.95932421
-196.89033282
-196.76334813
-197.13227955
-197.64242759
-198.23386424
-198.08215681
-198.63984565
-199.03773309
-199.44364118
-199.95196499
-200.50990605
-201.11357961
-200.93759862
-200.94878732
-201.32442138
-201.69033092
-201.48025722
-201.27350085
-201.03928412
-201.04476339
-201.62758138
-202.05954837
-202.07529755
-202.54521902
-202.94814031
-202.94254733
-202.82155194
-203.37860042
-203.88030248
-204.21655029
-204.65008227
-204.44668444
-204.96238036
-204.99403109
-204.99547912
-205.01087335
-205.03438037
-205.02369350
-205.58040539
-205.97796389
-206.00085395
-205.90392873
-206.29617532
-206.59971216
-206.98497048
-207.46330447
-208.02662088
-207.81261215
-207.60295254
-207.39224994
-207.21314354
-207.03895044
-207.55725501
-207.86361490
-208.22924465
-208.79754992
-209.26358139
-209.04255651
-208.82911875
-208.66741250
-209.17057443
-209.01924502
-208.81196211
-208.74048839
-209.25661134
-209.33422980
-209.77756900
-209.71273037
-210.22053360
-210.79408711
-211.28879647
-211.09791334
-210.88737309
-211.21465684
-211.72558401
-211.80784799
-212.07125516
-212.36393338
-212.92001247
-213.45615769
-213.87558767
-214.25978927
-214.82343729
-215.35070355
-215.31403839
-215.72773965
-215.98894139
-215.99848308
-216.52951872
-217.02165729
-217.40697346
-217.39509577
-217.27394468
-217.81647172
-217.65959976
-217.53474895
-217.39079600
-217.87959157
-217.81693852
-217.85337583
-218.16950281
-218.71866252
-218.80336962
-219.27277350
-219.57663868
-220.06677934
-220.55858426
-220.55371539
-220.33975328
-220.71033280
-221.18873775
-220.97922703
-221.33827436
-221.65728539
-222.13126044
-222.13572134
-222.66042517
-223.15715990
-223.62062095
-224.10928396
-224.55617398
-224.89757294
-225.40449499
-225.70163160
-225.51416547
-225.95798368
-226.34499774
-226.60356828
-226.42592443
-226.86570623
-227.32253122
-227.83390984
-228.17611537
-228.45302999
-228.45731868
-228.28731931
-228.59909365
-229.04116302
-229.49974505
-229.46413376
-229.78407058
-230.22879864
-230.20561972
-230.18279876
-230.69271332
-230.66452917
-231.02244306
-230.82296889
-230.67831104
-230.65851236
-230.88175886
-230.81602633
-231.09463438
-231.45497641
-231.95833036
-232.29295547
-232.35341185
-232.41294273
-232.65799275
-233.03821501
-232.86077886
-232.67994501
-232.52030837
-232.49739922
-232.36402079
-232.86558890
-233.17800496
-233.51944142
-234.04371909
-234.46223964
-234.75648947
-234.67445903
-234.66218949
-234.87378888
-234.88462549
-235.27777947
-235.61027342
-235.49700679
-235.70362172
-236.18371903
-236.10835880
-235.99692194
-236.46658025
-236.84709442
-236.84347324
-237.08166571
-237.46211396
-237.55521998
-237.80945578
-238.18818661
-238.14049281
-238.46382782
-238.69566467
-239.07946489
-238.95264412
-238.91869790
-239.27543630
-239.51188435
-239.40243476
-239.29479786
-239.75902181
-239.72656650
-240.19917369
-240.55864790
-240.54061667
-240.86852477
-241.13370198
-241.51115201
-241.93006352
-241.87302278
-242.34348921
-242.27426634
-242.75303597
-243.09245092
-243.02371221
-242.91174026
-243.35840360
-243.29150114
-243.17944467
-243.08372282
-242.97885313
-243.17084180
-243.60395072
-243.60772662
-244.05718473
-244.53025540
-244.46747441
-244.44815645
-244.35077507
-244.76609766
-245.10206992
-245.03484727
-244.98342317
-244.90018563
-244.83191790
-244.80131063
-245.22303851
-245.59544671
-245.52444976
-245.49927479
-245.40953035
-245.34176702
-245.64035208
-245.61072653
-246.00666124
-245.98577456
-245.94021839
-245.86868223
-245.82765948
-245.74345361
-246.23412532
-246.57354708
-246.49416875
-246.85721147
-247.33650395
-247.68622503
-247.61512652
-247.58440132
-247.52280857
-247.91281810
-247.85781653
-248.34677796
-248.80866544
-248.77000579
-249.26476056
-249.56205801
-250.07250514
-250.03854874
-249.96738251
-250.32299303
-250.31063941
-250.82385896
-251.17054236
-251.14763603
-251.14365532
-251.07399837
-250.99974020
-250.93705594
-250.86503666
-251.33980389
-251.74959742
-251.74444387
-252.13603269
-252.62381931
-252.55394930
-252.88181068
-252.88240532
-253.06958543
-253.35292719
-253.77068812
-254.09721359
-254.57214649
-254.87558603
-254.82022047
-255.18406427
-255.17005743
-255.48754814
-255.42162306
-255.35007529
-255.68880270
-256.03024929
-256.38610126
-256.33004730
-256.28741702
-256.23753614
-256.60852409
-256.97035996
-257.39871272
-257.40343537
-257.39467076
-257.39565655
-257.32537200
-257.76817586
-257.77983269
-257.69862807
-258.15045597
-258.07858758
-258.41453549
-258.37067912
-258.84368608
-259.29309563
-259.27794642
-259.52695475
-259.50062868
-259.49522312
-259.87136743
-259.82498180
-259.82579895
-259.82598799
-259.85879908
-260.20634327
-260.62915092
-260.86573712
-261.31114269
-261.68193189
-261.61086513
-261.58912275
-261.97462847
-262.45906501
-262.66307044
-262.97535771
-263.43785628
-263.89058581
-263.85549892
-263.80177583
-263.77985692
-264.18984879
-264.59261141
-264.54975755
-264.57170098
-264.91346186
-265.24557186
-265.16763155
-265.48040222
-265.92492053
-266.41368768
-266.64602136
-267.03153868
-267.48536275
-267.94957162
-268.29678089
-268.24988058
-268.57472363
-269.05744498
-269.39531704
-269.35294365
-269.26734933
-269.75159894
-270.16796251
-270.40358164
-270.66944707
-271.12996337
-271.58185605
-271.92091580
-272.35231750
-272.75951737
-273.04066896
-273.28340297
-273.47875925
-273.79847246
-274.04084161
-274.36672973
-274.71097431
-275.17679674
-275.35271706
-275.34133609
-275.68116862
-275.70543498
-276.06951306
-276.37010557
-276.27335236
-276.24960877
-276.19422308
-276.65008163
-276.62235228
-276.84496700
-277.09902928
-277.40258661
-277.60109189
-277.91470032
-278.34292683
-278.44609305
-278.69495670
-278.65633495
-278.96232235
-279.41584677
-279.61795076
-279.91454862
-279.91209460
-280.16281415
-280.07814318
-280.29271222
-280.58302487
-280.86542889
-281.28394312
-281.24934742
-281.59588950
-281.92692065
-282.36592264
-282.31907268
-282.72828618
-282.74687237
-283.18807764
-283.59949133
-283.57972823
-283.59725679
-283.48724649
-283.41208208
-283.73705297
-284.18750021
-284.36574739
-284.52839811
-284.87843921
-284.77226824
-284.68822598
-285.12317716
-285.04552863
-284.93790770
-284.83800840
-284.89566640
-285.12378121
-285.55219647
-285.94735939
-286.29234989
-286.26235904
-286.55400443
-286.59679391
-286.88732541
-286.79921371
-287.07635758
-287.32607108
-287.58607822
-288.00981840
-288.44358782
-288.85108304
-289.19140087
-289.43537987
-289.43139734
-289.41999213
-289.67055933
-289.57605168
-289.96138461
-290.38867480
-290.78348675
-291.20194203
-291.18506997
-291.10201082
-291.40713464
-291.84097453
-292.01152780
-292.28275361
-292.25910020
-292.70594515
-292.67553756
-293.09608571
-293.07157024
-293.03139823
-293.35690725
-293.65231491
-293.96748452
-293.89699508
-294.33076733
-294.30863111
-294.29749788
-294.26681764
-294.64928323
-295.07680621
-295.06935665
-295.51530914
-295.48671335
-295.47780561
-295.42104007
-295.37391037
-295.83244372
-296.09288126
-296.52014943
-296.86317164
-296.77136756
-296.68367374
-296.61667479
-296.98985141
-297.45094145
-297.87736245
-298.16439990
-298.58592214
-298.89212654
-299.07015778
-299.50464907
-299.45179260
-299.79328987
-299.72513543
-299.67143366
-299.90797227
-300.10942684
-300.16060897
-300.53186936
-300.93232505
-301.37870721
-301.79301238
-301.72724937
-302.15047636
-302.08060408
-302.35761442
-302.33316995
-302.72785656
-302.65047261
-303.10297917
-303.07993267
-303.47502936
-303.91947368
-303.85496062
-304.00241370
-303.99993342
-304.24383119
-304.69518783
-305.13495474
-305.54021042
-305.81998365
-306.26324776
-306.20570859
-306.54804772
-306.54581049
-306.56199613
-306.47785201
-306.42952220
-306.39489322
-306.72971477
-306.97561874
-307.30752048
-307.68363967
-308.11924176
-308.11621550
-308.55109506
-308.52799492
-308.54185343
-308.51732940
-308.84301055
-308.83538113
-309.26031470
-309.26043146
-309.27759065
-309.23473647
-309.58574806
-309.62194752
-310.07209236
-310.26326924
-310.64715419
-310.59515235
-310.55429697
-310.51236265
-310.86299131
-310.80958498
-311.23650187
-311.43976847
-311.79456652
-312.20715149
-312.40964357
-312.35607057
-312.28516449
-312.66712565
-312.67472820
-312.61463029
-312.56836972
-312.57570831
-312.83544592
-312.79082501
-312.79112117
-313.16015848
-313.57071821
-313.57057954
-313.96866828
-314.33271497
-314.75058075
-315.06614188
-315.18683546
-315.16318998
-315.14370085
-315.37082500
-315.38188006
-315.35572332
-315.34365735
-315.75302424
-316.03524150
-316.24502731
-316.55385261
-316.85725665
-317.29406148
-317.60188501
-317.84636776
-317.85653316
-318.19246695
-318.56611820
-318.52700590
-318.87989603
-319.16562811
-319.50805542
-319.80975378
-319.78360140
-319.72577943
-320.00022569
-319.93153828
-320.32578311
-320.63077170
-320.99254455
-320.93483623
-320.87723580
-320.82441428
-321.13939273
-321.49627921
-321.44357128
-321.41189877
-321.76141806
-322.15110177
-322.51024777
-322.45770400
-322.68885701
-322.97179348
-323.26871872
-323.25417748
-323.71599140
-323.70293414
-324.14620749
-324.11298501
-324.07336713
-324.03578480
-324.48667540
-324.82183204
-325.26178613
-325.22740143
-325.22722469
-325.49310309
-325.77717618
-326.16995806
-326.15320183
-326.10101897
-326.10164744
-326.51112036
-326.50386943
-326.85280392
-326.94265384
-327.18020883
-327.57426467
-327.92290177
-328.12642990
-328.40688971
-328.73019631
-329.13785964
-329.42528888
-329.66230111
-329.92834323
-330.32991057
-330.59132848
-330.61665035
-331.09245011
-331.56658264
-331.91161850
-331.93499286
-332.23551308
-332.52632303
-332.65339640
-332.93139724
-333.38839611
-333.46965359
-333.74669403
-334.16546395
-334.39934685
-334.34804071
-334.79082871
-335.01204299
-335.27555353
-335.71966569
-335.76326583
-335.79737576
-336.11404301
-336.54025791
-336.50902774
-336.82314473
-336.87706858
-337.12660004
-337.14017936
-337.10092491
-337.33600980
-337.29824354
-337.31010137
-337.75576736
-337.73520889
-337.71225565
-338.12088131
-338.08327254
-338.52014761
-338.90245017
-339.34717418
-339.79324404
-339.76388727
-339.75757766
-340.15955467
-340.55578234
-340.57650040
-340.85237541
-341.26604462
-341.24192670
-341.69837762
-342.16627126
-342.42084704
-342.39550795
-342.85211985
-343.08657668
-343.46616280
-343.86877731
-344.33604519
-344.56186373
-345.02790427
-345.41011840
-345.37805752
-345.36750396
-345.70595706
-345.70869275
-346.06836174
-346.14905648
-346.61150754
-346.94433929
-346.93764088
-347.23984812
-347.51812495
-347.77889758
-348.05312882
-348.48475500
-348.87079500
-348.85967895
-349.22930021
-349.47589009
-349.46659563
-349.45621503
-349.44804771
-349.61813323
-349.94607164
-349.93627320
-350.09055101
-350.45783380
-350.43378332
-350.47202896
-350.45383562
-350.43710636
-350.42341801
-350.40912109
-350.38456340
-350.40324322
-350.36470728
-350.32931175
-350.29521637
-350.26873375
-350.23817343
-350.46637425
-350.44817729
-350.42196851
-350.73036953
-351.00332374
-351.45746637
-351.72615844
-352.14072588
-352.15962037
-352.13685026
-352.41048245
-352.39662413
-352.35324320
-352.33882989
-352.77223393
-352.77837804
-352.75173510
-352.75760679
-353.12035538
-353.35165758
-353.75608378
-354.18293525
-354.46693880
-354.42382997
-354.41233259
-354.72799483
-355.00905735
-354.99158239
-355.22444357
-355.21241325
-355.66149961
-355.65583215
-355.67529312
-355.65717382
-356.02407429
-356.38578987
-356.58759478
-356.86610059
-357.24087736
-357.24338470
-357.52576743
-357.82929922
-358.24484063
-358.25998850
-358.21870743
-358.55047606
-358.51693622
-358.80382258
-358.80901328
-358.81310495
-358.93153962
-358.89792183
-358.87336273
-359.29066108
-359.26708796
-359.55514395
-359.56271387
-359.83023862
-360.13660755
-360.15416092
-360.53966669
-360.92585000
-361.19026242
-361.60387860
-361.97033518
-362.37735891
-362.77746035
-363.13589960
-363.49960054
-363.49284590
-363.93489086
-364.37657040
-364.66344842
-364.85992050
-364.82159264
-365.15230852
-365.14717948
-365.14204503
-365.50087399
-365.81225155
-366.07800725
-366.07849205
-366.07813762
-366.08747236
-366.04853233
-366.41676772
-366.74242519
-367.09609594
-367.09863577
-367.08979409
-367.51861766
-367.49338930
-367.46353745
-367.46418813
-367.76116722
-368.01278217
-368.43588532
-368.73262546
-368.73367806
-369.15816635
-369.13647658
-369.46398411
-369.44599684
-369.86155401
-370.12106859
-370.11109222
-370.09858096
-370.09482423
-370.08381691
-370.08591379
-370.47591210
-370.72618910
-371.00050286
-370.99260141
-370.97748519
-371.14047696
-371.46097682
-371.79946339
-372.20830473
-372.23018825
-372.58481656
-372.83662988
-373.22450519
-373.22578489
-373.21817389
-373.57823764
-373.56717551
-373.95436591
-373.94385584
-374.21184888
-374.21842103
-374.22066108
-374.51522863
-374.77511493
-375.07686586
-375.24964632
-375.47424826
-375.73612155
-376.04374674
-376.05831302
-376.04299174
-376.41262599
-376.77536020
-376.78107247
-376.77571660
-377.16484194
-377.17055317
-377.39343331
-377.80099290
-378.15568067
-378.16778070
-378.55094534
-378.69553268
-378.87138842
-379.10905103
-379.32320565
-379.28340111
-379.66792153
-379.95760181
-379.94576708
-379.92401364
-379.90635651
-380.21065875
-380.60029164
-380.84370023
-381.14909659
-381.41121628
-381.74144211
-381.75072513
-382.01980014
-382.33748720
-382.42676566
-382.71150207
-383.02220390
-383.00805773
-383.36553376
-383.38559179
-383.41479020
-383.67024110
-383.66102107
-383.65056232
-383.91530374
-384.08224120
-384.23174194
-384.58980415
-384.58910043
-384.60720408
-384.87989628
-385.18668650
-385.19075280
-385.16556873
-385.46367915
-385.43230403
-385.63664726
-385.66125472
-385.68446008
-385.64827316
-385.62480498
-385.90943910
-385.92020245
-385.93495316
-386.12915661
-386.41604259
-386.60710465
-386.89797496
-387.23651359
-387.22451318
-387.21016372
-387.44600803
-387.77115631
-387.78358687
-388.15442196
-388.15905050
-388.47379353
-388.62627346
-388.60777073
-388.91279303
-389.12548564
-389.41885471
-389.42720496
-389.62230053
-389.95743244
-390.27757830
-390.28416807
-390.63408752
-390.93626398
-391.24896487
-391.44154117
-391.66510177
-392.03213472
-392.02674530
-392.15029521
-392.13676269
-392.13915736
-392.39823098
-392.75150322
-392.74701040
-392.73749767
-392.75178438
-392.74093182
-392.73803755
-393.06355596
-393.38650645
-393.39043221
-393.74411718
-393.99130707
-393.99918292
-394.14654805
-394.45101652
-394.43861987
-394.42353761
-394.75770180
-395.07300191
-395.36003791
-395.67015251
-395.65642223
-395.80352003
-395.80559940
-395.78709338
-395.79723626
-395.97172179
-396.33904298
-396.32633451
-396.56658029
-396.75802554
-397.10043132
-397.47020246
-397.79407084
-398.10675228
-398.09671651
-398.27898379
-398.27966117
-398.62118709
-398.99144217
-399.34286273
-399.60546038
-399.93315721
-400.12094199
-400.13772126
-400.39881592
-400.40805710
-400.70127037
-400.68381692
-400.89911166
-401.16080690
-401.14028251
-401.40708111
-401.38685923
-401.69245448
-402.05663765
-402.07492046
-402.43738415
-402.42145225
-402.65209517
-402.63901485
-402.95892749
-403.19081525
-403.45943765
-403.70210057
-403.69890925
-403.92005678
-403.93477198
-403.90885356
-404.10121566
-404.11255087
-404.12165667
-404.44665641
-404.65563260
-404.66732482
-404.99108564
-405.35071492
-405.35722588
-405.64365864
-405.90338332
-406.17376135
-406.51490352
-406.49323220
-406.46547962
-406.44338436
-406.42370596
-406.40870347
-406.41006225
-406.77750750
-406.81677826
-407.01461411
-407.23626276
-407.22346279
-407.58142668
-407.81506684
-407.89479064
-408.11442285
-408.46468007
-408.69916993
-408.73163960
-409.00152528
-409.35093132
-409.54848472
-409.77134992
-409.90371267
-409.96289956
-409.96295637
-410.31762570
-410.32229083
-410.31225359
-410.31796458
-410.62824669
-410.62730891
-410.63080233
-410.64333304
-410.65245844
-410.66489708
-411.02508453
-411.00183296
-410.97547591
-411.22094457
-411.47946675
-411.45765634
-411.70645680
-411.89264607
-411.89913293
-412.21471437
-412.20901814
-412.39797682
-412.69091965
-412.94715789
-413.17091547
-413.18607588
-413.19041500
-413.17925898
-413.52349761
-413.52321898
-413.51264185
-413.50759101
-413.49387092
-413.76715155
-414.12285482
-414.46283563
-414.45523953
-414.45524691
-414.82850104
-415.18362418
-415.15697351
-415.16922361
-415.18421422
-415.39681081
-415.40987089
-415.38560124
-415.37198064
-415.73858027
-415.72793645
-415.73805960
-416.03762329
-416.37680062
-416.71690448
-416.71079540
-416.91912369
-417.19193245
-417.39377297
-417.37455206
-417.71974229
-417.96962912
-418.19579417
-418.52924469
-418.68142781
-418.68751243
-419.04747212
-419.37057312
-419.55677584
-419.55845564
-419.55392571
-419.90799920
-419.91257690
-420.06585448
-420.40385711
-420.70265068
-420.92036019
-421.20042977
-421.20686608
-421.39088390
-421.63609289
-421.88689615
-422.14555376
-422.32907195
-422.68450550
-422.94486843
-423.30044284
-423.28076224
-423.26585273
-423.61640536
-423.59386326
-423.94997470
-424.25892601
-424.25895169
-424.25264131
-424.22742861
-424.21252816
-424.20453109
-424.19963060
-424.37924971
-424.69910643
-425.04520884
-425.30064233
-425.28761049
-425.26252751
-425.46122286
-425.78441886
-426.11039200
-426.43139888
-426.44298295
-426.44156503
-426.69669949
-426.96203209
-426.94342656
-426.92728055
-427.17845965
-427.35621524
-427.34866038
-427.68851535
-427.67714432
-428.00283531
-428.23056908
-428.20596098
-428.19336938
-428.52094847
-428.51076761
-428.67707987
-428.67337691
-428.67174133
-428.97695195
-428.97010117
-429.24371190
-429.22454470
-429.53445765
-429.85659359
-429.85810416
-429.82666547
-430.10462417
-430.07936528
-430.09041263
-430.06006450
-430.28738409
-430.57489895
-430.55422015
-430.75551377
-430.72474067
-430.97884037
-431.30754493
-431.29271578
-431.26677438
-431.25827495
-431.24824711
-431.58027937
-431.87320600
-431.87355836
-431.88429394
-432.17702425
-432.15187867
-432.41089718
-432.41680968
-432.40235288
-432.66402475
-432.67629112
-432.66728496
-432.98123406
-432.95167434
-433.20235248
-433.51876541
-433.77288439
-433.75955981
-433.73298226
-434.08577891
-434.36535710
-434.60120176
-434.58549591
-434.54667227
-434.54854753
-434.83083877
-435.07661532
-435.32150749
-435.28724706
-435.28496964
-435.64988402
-435.93962576
-436.30032242
-436.56875314
-436.53792407
-436.89363650
-437.22895606
-437.52867519
-437.82782259
-437.83863972
-438.06627077
-438.38447893
-438.37557353
-438.66794146
-438.62900447
-438.82239904
-438.80626386
-439.01390230
-439.14688582
-439.35496110
-439.34723577
-439.34591468
-439.34776864
-439.33987052
-439.31543065
-439.58828717
-439.87253403
-440.20665438
-440.54780919
-440.52513696
-440.71021205
-440.69333169
-440.65742684
-440.64414063
-440.99538461
-440.96961439
-441.24481918
-441.22790603
-441.57364538
-441.57487779
-441.55388923
-441.83001014
-441.82451445
-442.17736059
-442.44586218
-442.80078290
-443.15687661
-443.37421059
-443.35811179
-443.71194940
-443.92983685
-444.23663260
-444.49790464
-444.75835205
-444.76037169
-445.01957312
-445.01700333
-445.00147706
-445.35485165
-445.68347226
-446.02736172
-446.01625920
-446.27889336
-446.27527982
-446.26812470
-446.53377582
-446.69691080
-446.67376810
-447.03195599
-447.22802935
-447.44149457
-447.69785486
-447.66799855
-448.02541228
-448.31167202
-448.57248911
-448.55955815
-448.84442390
-449.12169548
-449.43915066
-449.42539841
-449.70907094
-449.95497195
-450.15048863
-450.47851556
-450.83477191
-450.85873586
-451.10815602
-451.08486127
-451.40506061
-451.36215045
-451.34868581
-451.64135536
-451.62454707
-451.96544435
-452.32946145
-452.51562379
-452.84456129
-453.13170499
-453.41441596
-453.72825263
-454.08992505
-454.45740948
-454.75474989
-454.90612721
-455.01828683
-454.97324709
-454.95182244
-454.90914414
-455.27867473
-455.45815746
-455.41513776
-455.42945203
-455.41182254
-455.39799663
-455.35567749
-455.55883123
-455.93392258
-456.25288029
-456.21717522
-456.54161964
-456.87237770
-457.19238759
-457.15006094
-457.35137150
-457.72021253
-458.09453019
-458.45643122
-458.78602410
-458.73818385
-458.70906352
-458.90383412
-458.87809142
-459.19570757
-459.46877233
-459.61432869
-459.56329854
-459.81872174
-459.89919306
-460.18907394
-460.56446414
-460.78581017
-460.76519422
-461.04398503
-461.35932684
-461.33025671
-461.65508072
-461.94463913
-462.31492838
-462.69003131
-462.85312645
-463.03111927
-463.40822745
-463.74113164
-463.70373748
-464.02925261
-464.29689993
-464.25433862
-464.21691371
-464.46900132
-464.77921616
-464.76342966
-464.72695562
-464.88800048
-465.08597366
-465.02870665
-465.31166407
-465.61842663
-465.92432500
-465.90804668
-465.86175275
-466.22474755
-466.16939906
-466.14418012
-466.33507884
-466.69800550
-466.83318814
-466.82150375
-466.77223215
-466.73233280
-467.11112691
-467.32148533
-467.28227343
-467.57411069
-467.55098367
-467.52971498
-467.79254804
-467.74213398
-467.70979665
-468.06952648
-468.05504187
-468.03546574
-467.98316133
-468.25625705
-468.55025043
-468.49032906
-468.42330268
-468.70981820
-468.98467815
-468.93505779
-468.87600545
-469.20613646
-469.39630182
-469.56253018
-469.96056257
-470.07410121
-470.28724455
-470.25657671
-470.61195202
-470.73827458
-470.70077759
-471.02289660
-471.38931286
-471.36123254
-471.72144530
-471.71168914
-472.01312228
-472.20832882
-472.16740475
-472.42780840
-472.81029587
-472.99631632
-473.32615876
-473.25246980
-473.17539041
-473.45765293
-473.69945951
-473.64252249
-473.85918122
-474.04466673
-473.97694241
-473.89720681
-473.83411832
-473.81193697
-473.75894840
-473.72683964
-474.02177368
-474.21727597
-474.59106518
-474.82340245
-474.74403698
-474.96533365
-475.25989469
-475.51485452
-475.43712439
-475.39405218
-475.35892711
-475.75696313
-475.66900952
-475.59884465
-475.99192997
-475.90173969
-476.20376235
-476.14386488
-476.05285742
-475.99493494
-476.38162038
-476.73824488
-477.07690439
-477.00023761
-477.22838512
-477.52075894
-477.90400013
-477.86033635
-477.77702874
-477.69751449
-478.03728140
-477.94113904
-478.21909954
-478.19307596
-478.16248257
-478.07108435
-478.00150451
-478.37271382
-478.59800405
-478.86141657
-478.80674315
-479.19640023
-479.48604173
-479.88840714
-480.18230275
-480.56427384
-480.91799994
-481.19906572
-481.18736526
-481.38314881
-481.36972576
-481.35254338
-481.54848437
-481.83368318
-481.74170195
-481.68063060
-481.63908745
-481.98450838
-481.88527417
-481.78696660
-481.76458158
-482.06726621
-482.42594952
-482.38724671
-482.36276388
-482.71358958
-483.03878948
-483.00014705
-482.97139231
-483.35435193
-483.47453066
-483.85926677
-483.79176222
-483.70049730
-483.67350237
-483.64351988
-483.54038204
-483.90779218
-484.15527621
-484.06527835
-484.40172552
-484.66288839
-484.60874022
-484.57964949
-484.91722016
-485.27608904
-485.42220305
-485.68278090
-486.01038845
-486.40641337
-486.33949123
-486.24133288
-486.40022498
-486.70611214
-487.06077934
-487.33280191
-487.26713320
-487.57319398
-487.46421593
-487.82366226
-487.71501539
-487.65608286
-487.81689634
-488.03295724
-487.98837897
-488.40326353
-488.80214806
-489.20212029
-489.25623648
-489.25630485
-489.59993257
-489.57159856
-489.51189900
-489.48335009
-489.45102006
-489.78855473
-490.07296711
-490.32076061
-490.73159185
-490.90133670
-491.24183574
-491.33532018
-491.58847025
-491.54810026
-491.51966622
-491.89958031
-491.87089984
-491.82277813
-491.79848529
-491.76679138
-491.73577436
-491.92837268
-492.23515040
-492.60462881
-493.01444425
-492.93034622
-492.85415806
-493.17703499
-493.37110187
-493.67141750
-494.04082885
-494.24122811
-494.18763243
-494.08923883
-494.43789465
-494.83635451
-495.14396368
-495.53527405
-495.75461411
-496.08143081
-496.29913487
-496.54719224
-496.73249819
-496.95671331
-496.91194169
-496.87648097
-496.76781319
-497.18410315
-497.42892939
-497.60637566
-497.98764634
-497.89166954
-498.15631993
-498.06617776
-498.44699453
-498.35103952
-498.24375516
-498.58840525
-499.02431753
-498.99076201
-499.32663439
-499.27702424
-499.68156287
-500.06852715
-500.37459400
-500.28701262
-500.21462292
-500.11955439
-500.38705679
-500.31092583
-500.23794212
-500.62171175
-500.54146956
-500.83000236
-500.72810636
-501.12252805
-501.54753070
-501.45504487
-501.85007186
-502.12125082
-502.38860720
-502.39201978
-502.39419658
-502.49760675
-502.68176863
-502.62930507
-503.02344362
-503.41704583
-503.77045802
-503.96186949
-503.97302201
-504.25084297
-504.24981320
-504.24533369
-504.17791604
-504.46158294
-504.42025245
-504.72276733
-505.14189143
-505.53283834
-505.47173616
-505.86297104
-506.26047821
-506.43927926
-506.36529203
-506.29718533
-506.54895444
-506.48888088
-506.77645432
-506.68986005
-507.04558941
-506.94901911
-506.89041529
-506.83449272
-506.79528537
-506.69335600
-506.58027858
-506.97417245
-506.88298449
-507.27563618
-507.68130903
-508.05218095
-508.40753254
-508.66963940
-508.88431020
-509.27511284
-509.22168887
-509.10667049
-509.27156663
-509.19431869
-509.35272203
-509.27685301
-509.22335853
-509.14293050
-509.08281896
-509.34796482
-509.72169308
-509.66124377
-510.04507884
-509.99523219
-509.94163834
-509.88583791
-509.83944434
-509.77747484
-509.99893731
-510.43360721
-510.70775716
-511.07870888
-511.35504443
-511.30337527
-511.58065228
-512.01015001
-512.44391041
-512.83121714
-512.75380219
-513.13004850
-513.00988924
-512.93820768
-512.86641394
-512.75211719
-512.67976121
-512.58048572
-512.85584977
-513.26766055
-513.16365175
-513.10851151
-513.00707745
-513.29977013
-513.20303659
-513.56827772
-513.47846175
-513.83312287
-514.11742683
-514.42532156
-514.63888506
-515.10237812
-515.26347588
-515.64667502
-515.53180566
-515.72910978
-515.97059821
-516.33999692
-516.71680542
-516.94482710
-516.88196047
-517.34802390
-517.54993724
-517.50120523
-517.84376153
-518.30080257
-518.57181021
-519.01686451
-519.32864048
-519.60399533
-519.92799066
-520.32556824
-520.75573935
-521.10419566
-521.53823577
-521.41668012
-521.80999806
-522.07564988
-522.26647091
-522.69848728
-522.61374630
-522.50946641
-522.97517588
-523.35049488
-523.26378198
-523.20924193
-523.57502029
-523.49950598
-523.66870788
-523.53917989
-523.76928865
-523.98869116
-524.23723372
-524.59472021
-524.96415802
-525.22539488
-525.57872543
-525.52999267
-525.42740069
-525.33568234
-525.77576307
-525.94324891
-526.07651246
-526.24459761
-526.60524348
-526.88794403
-526.76920455
-526.64254198
-526.85659815
-527.06108145
-527.45559654
-527.73541947
-527.67721111
-527.89667024
-527.85670974
-528.18710488
-528.55850533
-528.47445451
-528.93610082
-528.82799835
-529.03918233
-528.98825689
-528.87057368
-529.08519490
-529.40139884
-529.56802608
-529.48570538
-529.77784431
-530.03799262
-529.97344138
-530.23101769
-530.11497283
-530.07069466
-530.00943684
-530.17341876
-530.51122267
-530.84982475
-531.23483324
-531.50381843
-531.76064440
-531.95191940
-532.32373763
-532.58535130
-532.45849942
-532.34094838
-532.22377640
-532.65056727
-533.08083194
-533.44692820
-533.89819610
-534.15640817
-534.54228961
-534.84103216
-534.74164329
-534.67896032
-534.56893683
-534.95461057
-534.87851309
-535.33943787
-535.21315348
-535.49816511
-535.67368078
-535.84367532
-536.29214443
-536.21982861
-536.57627327
-536.49576977
-536.82906605
-537.14803803
-537.60215769
-538.07126189
-538.52092247
-538.39725998
-538.79995716
-539.14762082
-539.49836178
-539.78932965
-539.66894071
-540.12152979
-540.53147007
-540.83151662
-540.74447694
-540.66347979
-541.09021015
-541.42849973
-541.58553306
-542.00082604
-541.96735782
-542.40904961
-542.87647871
-543.29462794
-543.65781787
-544.09020838
-544.04232966
-544.27053765
-544.18213274
-544.11937277
-544.38581149
-544.33354980
-544.23208759
-544.13614667
-544.51050831
-544.69393197
-544.84606277
-545.05180581
-544.97660664
-545.41764812
-545.31782728
-545.19388559
-545.07198821
-545.49644798
-545.70932565
-546.11395132
-546.04380142
-546.52617882
-546.78154159
-546.65997255
-547.07957592
-547.40586523
-547.30675151
-547.30289354
-547.60710405
-547.49502355
-547.38140618
-547.68525888
-548.13253840
-548.61208681
-548.97339101
-549.13929403
-549.04547682
-549.46407705
-549.37028700
-549.82711354
-550.32264924
-550.28755145
-550.21688859
-550.14057978
-550.04054417
-550.39854956
-550.79307740
-550.68024206
-550.58100288
-550.83560969
-551.28945322
-551.78481345
-551.68171330
-551.87239665
-552.22373224
-552.65632345
-552.57065415
-552.50519558
-552.39873532
-552.66691831
-553.15150471
-553.02045534
-553.50603617
-553.84887510
-553.99960229
-554.16521282
-554.11000984
-554.52788924
-554.96948801
-555.45657689
-555.36355870
-555.75520012
-555.71725286
-555.66456742
-555.97801868
-556.46807881
-556.94019302
-557.16511339
-557.09712169
-557.00700604
-556.93078133
-556.87688160
-556.80455558
-557.24261640
-557.16918872
-557.59995293
-557.54114170
-557.50393950
-557.46379186
-557.76086633
-558.22811819
-558.45464945
-558.85003483
-558.79254068
-558.73234088
-558.96966199
-559.38309889
-559.33919229
-559.29479145
-559.24763743
-559.50391581
-559.84683895
-560.18443244
-560.33534816
-560.82284366
-560.78172684
-561.25376115
-561.58263210
-561.53545920
-561.49692098
-561.89644969
-561.85454499
-561.80956730
-561.76626612
-562.26801164
-562.66274306
-563.17782414
-563.68244681
-563.65215700
-563.94184516
-563.91640899
-564.19863929
-564.15655991
-564.11344567
-564.07464427
-564.02930803
-564.31244300
-564.55080945
-564.52156147
-564.46364527
-564.83186607
-564.79137736
-564.74843471
-564.89574845
-565.24559900
-565.19350471
-565.11202705
-565.44201304
-565.41671264
-565.94389561
-565.88366649
-565.83239207
-565.77686917
-565.73777458
-565.69742033
-565.87781755
-566.17882087
-566.63838299
-566.98844065
-566.93177559
-566.90831126
-566.85078022
-567.31328064
-567.26585064
-567.21223110
-567.15744499
-567.61848004
-568.11969479
-568.07972688
-568.53368720
-569.05665369
-569.02964883
-568.98429871
-569.43582431
-569.80896613
-569.77882065
-569.73593468
-570.22523840
-570.59039809
-570.53161410
-570.49135567
-570.46098615
-570.71830159
-571.10192386
-571.04526370
-571.02613044
-570.95773081
-571.47284053
-571.43127164
-571.91260977
-572.24018228
-572.78381934
-573.34193765
-573.84477709
-573.80341531
-574.28714067
-574.24451404
-574.66620715
-575.22402480
-575.42424985
-575.82461502
-575.79080490
-575.72270408
-576.28610386
-576.21373789
-576.75721690
-577.03456466
-577.00386392
-576.98581396
-576.91422490
-577.38346820
-577.31751870
-577.82253218
-578.30788262
-578.77845944
-578.71035102
-578.67628783
-579.22876300
-579.78826237
-580.00875735
-579.96625999
-580.37694772
-580.67883479
-581.22381881
-581.16841715
-581.65499101
-581.59274100
-582.15029017
-582.59762004
-582.86486461
-583.28001632
-583.51446368
-583.98843206
-583.95539334
-583.91806517
-584.25794330
-584.78514745
-584.74898335
-584.73336297
-585.27413871
-585.25940206
-585.58546130
-585.56866059
-585.52375100
-585.48282707
-585.95902689
-585.93057758
-586.50206159
-586.89069481
-586.87433968
-586.85293684
-587.15716563
-587.12253579
-587.48246332
-588.03903779
-588.00477788
-588.32054896
-588.28740938
-588.25476997
-588.80892177
-589.15486535
-589.68050653
-590.16141653
-590.52565584
-590.49748561
-590.45028947
-590.98394911
-591.23316256
-591.20764027
-591.48144521
-591.43966272
-591.68580718
-591.70157540
-592.20934641
-592.53415956
-593.00744684
-593.52561538
-593.46566336
-593.95389769
-594.37143491
-594.92449522
-595.43011003
-595.38527655
-595.34962118
-595.92336242
-595.96044514
-595.91861646
-595.87886126
-595.86233091
-596.33539821
-596.76559547
-596.74606530
-596.72469381
-597.06151819
-597.04939112
-597.38608042
-597.89397680
-598.24491811
-598.79387311
-599.34067490
-599.74732777
-600.10398049
-600.67448125
-600.66075125
-601.17948179
-601.16477248
-601.55335675
-601.89032138
-602.47866107
-603.06762470
-603.07377112
-603.06608595
-603.64253014
-603.63553359
-603.94584035
-604.29203787
-604.74909413
-605.17082949
-605.16261424
-605.15927485
-605.62453430
-605.62922341
-606.05733505
-606.64398748
-606.64151498
-606.63857571
-607.11752859
-607.10989416
-607.11260386
-607.58939101
-608.01577975
-608.32567873
-608.32123082
-608.76648293
-608.76537168
-609.22929738
-609.74564803
-610.09048252
-610.09155974
-610.65098978
-610.97318321
-611.37276941
-611.37323657
-611.80102589
-612.32564793
-612.67485825
-613.15538498
-613.43614949
-613.44825281
-613.45697973
-614.02349609
-614.03086630
-614.03341228
-614.03960348
-614.30157615
-614.31214333
-614.60237240
-615.19724676
-615.20671021
-615.21696368
-615.66146590
-615.68490767
-616.26152262
-616.26901385
-616.27219470
-616.28817899
-616.72890963
-616.74943004
-616.75769810
-617.11749293
-617.64502882
-617.66414107
-617.69277537
-617.70137334
-618.21519329
-618.52822627
-618.55003776
-618.58411860
-619.06536389
-619.08402890
-619.63373263
-619.65274912
-620.09823543
-620.45970940
-620.82116702
-620.85404048
-621.14841872
-621.45932200
-622.05113018
-622.52151566
-622.53916122
-622.83684872
-623.42510963
-623.43152932
-623.79011131
-624.01912024
-624.48843003
-624.87873602
-625.39686567
-625.66299954
-626.05912690
-626.41849928
-626.99356864
-627.51656691
-627.53279152
-627.56195800
-627.95360339
-628.25519127
-628.80270877
-628.82327977
-629.38924472
-629.39656774
-629.39930992
-629.40448087
-629.85332324
-630.26509416
-630.86152592
-630.88643320
-630.90506247
-630.92664261
-630.94222783
-631.37983047
-631.39879831
-631.42281802
-631.43538208
-631.83019777
-632.10777710
-632.50945609
-632.52744334
-633.08215204
-633.53328069
-634.15365831
-634.18048322
-634.45049268
-634.86415326
-634.88302289
-635.27199110
-635.28961077
-635.67390734
-635.68944108
-635.70855902
-636.16262910
-636.71021743
-636.72839611
-637.11248306
-637.13251150
-637.74300425
-637.75721461
-637.78377367
-638.34658283
-638.36814728
-638.38667395
-638.41788677
-638.43666580
-638.47074310
-638.48954259
-638.51718514
-638.92797720
-639.43074478
-639.45512934
-640.07426833
-640.69638181
-640.96685386
-641.00269140
-641.03769078
-641.66162429
-642.01329354
-642.04126365
-642.06572378
-642.08492418
-642.52538735
-642.55337642
-643.17243137
-643.77577098
-643.81078387
-643.83328658
-643.85637982
-644.29446425
-644.62084801
-645.24280149
-645.64402119
-645.66717363
-646.05629432
-646.07606519
-646.09499854
-646.11474056
-646.57705311
-646.94718411
-647.52744652
-647.86425502
-648.41931315
-648.45017069
-648.48635965
-648.50748749
-648.93124997
-649.47010937
-649.50731923
-649.53102081
-649.89843935
-649.94089205
-649.96680378
-649.98966515
-650.59259614
-650.62548630
-650.99488664
-651.03614584
-651.19374405
-651.71842128
-652.14750193
-652.75827546
-653.34019162
-653.87473013
-653.90366870
-653.94383996
-653.96669537
-654.01242337
-654.04671943
-654.07394149
-654.11746662
-654.72936242
-654.75683309
-654.78729907
-655.17059167
-655.76495603
-656.07223573
-656.45646194
-656.89898510
-656.92857504
-657.49676550
-657.94179099
-658.54230549
-658.58522231
-658.98853233
-659.29450281
-659.32999579
-659.36569994
-659.95367565
-659.99158159
-660.02414178
-660.05929419
-660.09248084
-660.13054494
-660.16521083
-660.20008825
-660.23731696
-660.54929944
-661.09721326
-661.70015492
-662.17693633
-662.66767063
-663.22902968
-663.27019022
-663.82137952
-663.85944562
-663.89934639
-663.93938590
-663.98175693
-664.44060844
-665.03900560
-665.07845680
-665.42932082
-665.49303227
-665.93766129
-665.98177851
-666.02248093
-666.43732908
-666.47895873
-667.08845885
-667.15361343
-667.75746412
-668.34667466
-668.84454019
-669.39390675
-669.50117518
-669.53054390
-669.59587594
-669.84864569
-670.28020273
-670.31945497
-670.72929527
-671.31997338
-671.36775329
-671.89493036
-672.44195576
-672.48658774
-672.55898550
-672.84245581
-672.92545835
-672.96791861
-673.41245214
-673.45742086
-673.77184824
-673.85208914
-674.37431909
-674.81893198
-675.06645038
-675.11688335
-675.16428615
-675.52316854
-675.99179258
-676.40131161
-676.45827200
-676.55756947
-676.60834065
-677.13925713
-677.20335954
-677.29211613
-677.34295863
-677.44017630
-677.48681854
-677.56115705
-677.99822104
-678.10010423
-678.60568999
-679.07379490
-679.48799966
-680.06916703
-680.46909947
-680.81633039
-681.30484823
-681.77807922
-682.06845893
-682.42326195
-682.71390821
-682.79137084
-683.39287139
-683.71290339
-683.80988114
-684.38701237
-684.48213187
-684.79819901
-685.04765496
-685.64669685
-686.22165100
-686.31832196
-686.70871425
-687.22014152
-687.30015449
-687.36959528
-687.46385211
-687.75029752
-688.28899235
-688.38469264
-688.45322389
-688.54509440
-689.10034107
-689.47334226
-689.57778540
-690.01064461
-690.29323574
-690.75324237
-690.84910412
-691.35589032
-691.45150590
-691.55447658
-692.09730876
-692.61921379
-692.71541736
-692.81812519
-693.36878675
-693.60295350
-693.68411864
-694.08526789
-694.39288517
-694.87295050
-694.95406548
-695.04730142
-695.56048956
-696.07456520
-696.16873614
-696.73350597
-696.82230015
-696.92725054
-697.03752499
-697.62116949
-697.72531249
-698.05545702
-698.14110192
-698.60457030
-699.18921470
-699.65792213
-699.74612953
-700.14826595
-700.25936533
-700.81240393
-701.32695808
-701.84872505
-702.42960508
-702.97008652
-703.47981013
-703.78489909
-704.06971739
-704.41934662
-704.92763831
-705.34413088
-705.43504740
-705.54269271
-706.09382557
-706.62580106
-706.71655249
-706.81035775
-707.19070345
-707.29083455
-707.39675628
-707.49337298
-707.59094648
-707.94096656
-708.48259745
-708.57574147
-708.81608044
-708.90399867
-709.20804303
-709.30368495
-709.83421950
-710.42877833
-710.53437729
-710.63284005
-711.15669565
-711.53061783
-711.87334065
-711.96673846
-712.55089933
-712.65656773
-713.06180722
-713.33091905
-713.42210272
-713.94607622
-714.05438871
-714.14997713
-714.54718578
-715.12297724
-715.43331741
-715.82693126
-715.92328617
-716.46975116
-716.89744928
-717.45732906
-717.55043701
-717.64585852
-717.73951535
-717.84395376
-718.28400834
-718.80284401
-719.18463896
-719.72893634
-719.82131311
-719.91492404
-720.28737065
-720.64333370
-721.02268905
-721.11403378
-721.63400180
-721.89494743
-722.44246274
-722.53387307
-722.95706465
-723.05894852
-723.14901279
-723.24097663
-723.46361358
-723.93606804
-724.03590072
-724.41411610
-724.70040519
-725.21716709
-725.32209467
-725.41581007
-725.76003651
-725.85942581
-726.43002397
-726.99248173
-727.06542904
-727.44233707
-727.83579029
-728.21249893
-728.53325762
-728.86354171
-729.31571259
-729.83036392
-729.90516295
-730.34805879
-730.44776128
-730.77899289
-730.86565951
-730.94557663
-731.04414905
-731.37841588
-731.95715161
-732.32304984
-732.72469979
-733.16246000
-733.24948163
-733.83466240
-733.91661467
-734.01772839
-734.30889143
-734.40452226
-734.48945219
-735.07186325
-735.57042469
-736.00729746
-736.23529038
-736.31050526
-736.38181133
-736.46670528
-737.05513872
-737.13683400
-737.21821146
-737.77859082
-738.15103165
-738.23087732
-738.30648534
-738.59036620
-738.81529324
-739.04866700
-739.47176260
-739.75889170
-740.27396342
-740.80541777
-741.38174483
-741.59987683
-741.67555834
-741.74924514
-742.01163547
-742.08761685
-742.35479037
-742.65045344
-743.21884559
-743.42224482
-743.80170532
-743.87201663
-744.35502349
-744.88834871
-744.96261712
-745.03783080
-745.60573010
-745.90214648
-746.14172697
-746.21430684
-746.29032391
-746.36482783
-746.78350547
-746.85673451
-747.34923734
-747.83316310
-748.37443601
-748.92278690
-749.46120347
-750.01796852
-750.21453403
-750.29020132
-750.64575254
-750.71821064
-751.27008201
-751.34836522
-751.41391814
-751.48832103
-752.06255643
-752.61977479
-752.68117313
-753.07282017
-753.14620862
-753.63676085
-753.70736898
-753.77743765
-753.83569609
-753.89176372
-753.96903344
-754.00154739
-754.05306751
-754.10865497
-754.58984714
-754.94562521
-755.01340663
-755.07189427
-755.12706551
-755.63556353
-755.69062544
-756.16174523
-756.65090936
-756.72032451
-756.96141631
-757.48237972
-757.82820292
-757.88150156
-757.94025137
-758.01045923
-758.35562930
-758.92841535
-759.38855416
-759.43982267
-760.01423599
-760.07309655
-760.59858970
-761.16398912
-761.62268580
-761.94894682
-762.50961644
-762.81147534
-762.98468940
-763.05031563
-763.10056355
-763.28592849
-763.75527682
-764.30180740
-764.37940102
-764.85689047
-765.15526572
-765.64044847
-765.69640592
-766.25772179
-766.83706686
-766.89460950
-766.98363348
-767.40936120
-767.99391359
-768.58669363
-768.64461245
-769.11033102
-769.16756319
-769.49653705
-769.55832029
-770.01719333
-770.52133308
-770.99094043
-771.05131756
-771.53106083
-771.60377725
-771.67195162
-771.73681974
-772.08474300
-772.16065484
-772.64972043
-773.15540260
-773.21757459
-773.28793888
-773.63201604
-773.68961939
-773.76107988
-774.13156519
-774.17922886
-774.25126925
-774.75145287
-774.82406999
-774.87550455
-775.48219516
-775.76301549
-776.02905390
-776.10204821
-776.42032279
-776.64686062
-776.84988620
-777.42611839
-777.73624046
-778.15342567
-778.40989779
-778.88294067
-779.00851180
-779.61582636
-780.20448582
-780.77493081
-780.84040216
-780.90573661
-780.96145399
-781.02331629
-781.34354714
-781.40372286
-782.01412930
-782.57263838
-782.81792744
-783.39305132
-783.45169292
-783.88556457
-783.94565518
-784.50100454
-784.56249465
-784.94110263
-785.00249020
-785.52748647
-785.58566676
-785.89801161
-786.51408722
-786.71715176
-786.77332428
-786.83317962
-787.38014522
-787.57511799
-788.16965834
-788.38756014
-788.88108442
-789.25242655
-789.31693087
-789.69750627
-789.75852537
-790.34421429
-790.40037040
-790.71519669
-791.26338363
-791.64956162
-791.83342298
-791.89561522
-792.38143313
-792.44218804
-792.87157431
-793.04242028
-793.58202590
-793.64136477
-793.70755641
-794.27016815
-794.33534925
-794.39572741
-794.44391737
-794.50445959
-794.89089667
-795.43489757
-795.49357523
-795.54418640
-796.16548049
-796.36762282
-796.89934068
-797.15951374
-797.61961351
-798.19621443
-798.48246063
-798.53919170
-798.91914759
-799.37668688
-799.56166989
-799.78315633
-800.14157526
-800.18729652
-800.63391752
-801.11315795
-801.15893876
-801.69057010
-801.73480146
-801.78360982
-802.29695077
-802.88561365
-803.31247326
-803.36863610
-803.42001232
-803.79400964
-804.41552931
-804.98305451
-805.03328285
-805.08618543
-805.44266399
-805.98308524
-806.03792759
-806.39430939
-806.68333229
-807.26608320
-807.31929293
-807.38104492
-807.76518063
-807.97233122
-808.37279199
-808.43825134
-808.50945129
-809.06586890
-809.41993962
-809.77694365
-810.27357611
-810.32633105
-810.37874076
-810.84094465
-810.91691882
-811.47820867
-811.84853157
-811.92574470
-812.24569854
-812.82334700
-812.86479902
-813.16145085
-813.22496591
-813.80988481
-813.85539364
-813.94041862
-814.56139408
-814.60996480
-814.69173069
-814.73959614
-815.29800204
-815.34288432
-815.88200335
-816.22227624
-816.27725890
-816.35287979
-816.96903616
-817.40035292
-817.46941935
-817.52992896
-817.61744863
-817.83010922
-818.20178880
-818.57252552
-818.94924661
-819.03128432
-819.09916536
-819.14646170
-819.69230279
-819.86878285
-820.43959582
-820.62515286
-820.83339866
-820.92512788
-821.27929902
-821.58641072
-821.68513394
-821.96818290
-822.53743991
-823.15533243
-823.22870267
-823.32240050
-823.96956983
-824.35792229
-824.62494452
-825.14628343
-825.74705235
-826.07454654
-826.17351938
-826.66542910
-827.30574436
-827.41612857
-827.93940786
-828.40187834
-828.50377451
-828.86647907
-829.15711400
-829.23969968
-829.57367959
-830.14996704
-830.78313085
-831.31604557
-831.74111481
-832.25951253
-832.36607984
-832.91332456
-833.00353074
-833.27476012
-833.47061307
-834.11976062
-834.20196244
-834.83059012
-835.09845093
-835.21210469
-835.29505886
-835.38144125
-835.67140978
-835.84158275
-836.49267063
-837.06747311
-837.17303431
-837.52086727
-837.97703831
-838.61565803
-839.24095023
-839.83902041
-839.94377228
-840.02615862
-840.11264013
-840.21073995
-840.82839236
-841.25542018
-841.72091080
-841.81179463
-841.91673326
-842.25066781
-842.83172068
-843.13555292
-843.53995665
-844.19985761
-844.74503475
-844.86412514
-844.96499376
-845.04579398
-845.71115758
-846.38122217
-846.49488684
-846.95082846
-847.05712315
-847.39244782
-847.51395326
-847.63671446
-847.73169114
-847.82442253
-847.98326482
-848.55873999
-848.65162634
-848.75092567
-849.18662696
-849.57413448
-849.67522789
-849.78220251
-849.90832573
-850.19662667
-850.81501143
-850.91960270
-851.59344478
-852.06526647
-852.44646479
-852.80618504
-852.90181287
-853.00353186
-853.69683820
-853.82139111
-854.21922518
-854.34521665
-855.04939308
-855.18695180
-855.30883138
-855.93811978
-856.56133881
-857.17868975
-857.30661170
-857.68774941
-858.36237187
-859.05690544
-859.20202091
-859.30086361
-859.71773599
-859.82188606
-859.95345207
-860.60030454
-861.15656420
-861.24825026
-861.37634370
-861.47610933
-862.05488538
-862.59151259
-862.90592648
-863.04094967
-863.14138622
-863.23937224
-863.37201168
-863.48266728
-864.10687262
-864.21040462
-864.30739297
-864.59781977
-865.24578880
-865.85482196
-866.44133024
-867.02808234
-867.72017153
-868.19216113
-868.87436678
-869.01759103
-869.38635009
-869.47861785
-869.94145331
-870.28059295
-870.88547578
-871.02759491
-871.61948402
-871.71905069
-871.81617774
-871.91339791
-872.24721323
-872.35013958
-872.59684925
-872.72929300
-873.06973653
-873.69956947
-873.97159819
-874.59611424
-874.89290685
-874.99823715
-875.10068229
-875.21887100
-875.54283225
-876.17761574
-876.33368022
-876.80780119
-876.94057927
-877.38137172
-877.49318275
-878.02846004
-878.49270234
-878.61436281
-879.22255503
-879.36380201
-879.48281610
-880.02682368
-880.18215073
-880.31048895
-880.44353244
-881.02155509
-881.26573947
-881.40796069
-881.99422615
-882.58236841
-883.20196499
-883.33642884
-883.65373174
-883.76481594
-883.90177016
-884.45099279
-884.88120383
-885.05560136
-885.22074202
-885.34414835
-885.48169529
-886.08198688
-886.20203454
-886.64050404
-886.76118715
-887.37018542
-887.49538678
-887.65647783
-888.10254223
-888.27251536
-888.93835134
-889.59001913
-890.18829197
-890.68986908
-891.34203950
-891.50745747
-892.12941956
-892.44507512
-892.85271427
-893.39573314
-893.75305302
-893.90242558
-894.03046052
-894.16049302
-894.48660916
-894.62141548
-894.74815617
-894.94561279
-895.07360513
-895.21653042
-895.71702588
-895.84353740
-895.96647048
-896.09556404
-896.70478079
-896.82254928
-896.97207320
-897.11361253
-897.26339955
-897.58009991
-897.69689726
-897.81720862
-898.08892210
-898.21604089
-898.57759757
-898.72240275
-898.87593188
-899.31130298
-899.78907871
-900.30649542
-900.43939107
-901.08990531
-901.21959719
-901.36435388
-901.78904043
-902.37305201
-902.49933346
-902.80613145
-902.94930269
-903.22702256
-903.35204906
-903.56389078
-904.20085777
-904.69951718
-905.13592286
-905.26539303
-905.67254434
-906.05087393
-906.58630018
-906.71496049
-907.23520458
-907.55798368
-907.90132094
-908.48293909
-908.61763800
-909.03518530
-909.70199402
-909.83017813
-909.97746051
-910.53773346
-910.66416078
-910.79257561
-911.11959397
-911.78301633
-912.45833178
-912.58901515
-912.99813736
-913.21632959
-913.67418116
-914.33645151
-914.46350735
-914.88787685
-915.03358543
-915.17978224
-915.80217059
-915.93952061
-916.21350010
-916.56411471
-917.18149565
-917.58717788
-918.26375812
-918.44033848
-919.05879642
-919.43149357
-919.55842441
-919.72556729
-920.36055981
-920.96058112
-921.61381989
-922.10393936
-922.25868451
-922.67149167
-923.31188878
-923.70579258
-923.83208051
-923.95948253
-924.09650734
-924.48893486
-925.11963033
-925.25702214
-925.39000954
-925.52857819
-926.17627041
-926.30787268
-926.47374924
-926.80245770
-927.36945358
-927.92625188
-928.60618467
-929.20154481
-929.53802785
-929.69930490
-930.19632263
-930.59713083
-930.75549039
-931.46032765
-932.16683380
-932.86966291
-933.02329587
-933.46018197
-933.94313863
-934.32695840
-934.99541802
-935.49526488
-935.63000430
-936.05510308
-936.18671023
-936.32950697
-936.73759064
-936.87424738
-937.27846515
-937.94670422
-938.63460348
-939.18727747
-939.54063612
-940.20750485
-940.34964807
-940.75142904
-941.34028066
-941.48597338
-941.63091693
-942.14560392
-942.28859254
-942.43015430
-942.57775274
-942.94584546
-943.09317755
-943.78780791
-944.41810040
-944.57394750
-945.21521479
-945.93145354
-946.06624311
-946.21617160
-946.89704687
-947.31406503
-947.85973041
-948.00348400
-948.14333453
-948.82395939
-949.35026978
-949.48351451
-950.13559279
-950.29460104
-950.44430320
-950.60428075
-951.27172954
-951.40606405
-951.56588474
-951.70552258
-951.86852626
-952.23077040
-952.95332500
-953.38141376
-953.51081468
-953.67650764
-953.81684654
-954.26122737
-954.38775677
-954.51487145
-954.96363448
-955.69976723
-956.35901392
-956.80845702
-957.19876557
-957.69156002
-958.27534636
-958.71728829
-958.84414185
-959.55623467
-960.30216278
-960.42916251
-960.99508795
-961.57099033
-961.70834912
-962.08160382
-962.21715224
-962.39458077
-962.55156759
-962.69389088
-962.85587926
-963.29915291
-963.44590008
-964.06903046
-964.19905997
-964.89046496
-965.02243221
-965.17258908
-965.32777606
-966.06538448
-966.71692773
-966.85363351
-967.39514438
-968.10117819
-968.27441835
-968.42562739
-968.94477504
-969.10165750
-969.84711443
-970.39461138
-970.54705853
-971.06825032
-971.44443847
-971.81392464
-972.31200199
-972.73383889
-973.48861801
-974.19442860
-974.72711840
-974.86640156
-975.30869133
-975.79185539
-975.93544726
-976.08268535
-976.49121951
-976.63965725
-977.07128416
-977.21602199
-977.94760641
-978.09598499
-978.25110421
-978.92647816
-979.10070407
-979.87305006
-980.02358027
-980.20553167
-980.95171996
-981.12716626
-981.77190248
-982.46449874
-983.16721576
-983.77381516
-984.49934747
-984.65303180
-985.32319862
-985.47760760
-986.05415362
-986.67382114
-987.12502470
-987.82243033
-987.98849543
-988.34560534
-988.53189318
-989.28931894
-990.06024340
-990.22234849
-990.98870019
-991.50913089
-992.05220094
-992.82943748
-993.02264961
-993.43430632
-993.58253339
-993.77164939
-994.36432411
-994.76561887
-995.53819780
-995.71087836
-996.13539145
-996.84330110
-997.45536967
-998.03809265
-998.18197187
-998.67574113
-999.36457067
-999.53876091
-999.69707580
-1000.09388663
-1000.65835933
-1001.38799233
-1002.15967005
-1002.30691833
-1003.05486969
-1003.64435606
-1004.21942595
-1004.59830574
-1005.28310210
-1005.98056658
-1006.47991588
-1006.95052459
-1007.10950118
-1007.25859144
-1007.59785060
-1007.88808719
-1008.04201050
-1008.70280886
-1009.17069320
-1009.33660077
-1009.82810454
-1010.59585115
-1010.75306147
-1011.13260511
-1011.91667515
-1012.31155739
-1013.06492656
-1013.79187303
-1013.95128697
-1014.11156451
-1014.26528146
-1014.42587524
-1014.58671210
-1015.11697469
-1015.27391060
-1015.43345067
-1015.58987340
-1015.74287949
-1015.89573387
-1016.23751001
-1016.38681929
-1016.96557748
-1017.11411801
-1017.81695272
-1017.96561132
-1018.11958066
-1018.26946907
-1018.90314516
-1019.05183626
-1019.49018027
-1019.63322682
-1020.34613203
-1020.49342401
-1021.03179147
-1021.16052500
-1021.29729141
-1022.00411105
-1022.74823977
-1023.29046845
-1023.82369157
-1023.96700524
-1024.10585609
-1024.59560777
-1024.73150961
-1024.86733755
-1025.00410546
-1025.70592275
-1026.22375449
-1026.95849507
-1027.64355474
-1028.34872445
-1029.00590315
-1029.15669179
-1029.76444915
-1030.29263296
-1030.69543748
-1030.84446630
-1031.60501462
-1031.73959481
-1032.37624412
-1032.52382269
-1032.98952973
-1033.46795344
-1033.84772981
-1034.26867651
-1034.70007463
-1034.82704214
-1034.97690675
-1035.22194713
-1035.74953377
-1035.90097526
-1036.35604855
-1037.12272131
-1037.49466604
-1038.04904153
-1038.35233986
-1038.48072678
-1038.59933654
-1038.72433083
-1038.84877125
-1038.97093479
-1039.72783663
-1040.37869534
-1040.50752645
-1040.64679649
-1040.78027136
-1040.90000802
-1041.01705255
-1041.13545098
-1041.25778616
-1041.92335127
-1042.45221568
-1043.21051822
-1043.32836952
-1044.00068835
-1044.11907030
-1044.24880304
-1044.73638406
-1045.30651486
-1045.68197151
-1045.79148533
-1045.90493483
-1046.03262679
-1046.45210063
-1046.56907695
-1046.68510689
-1047.14414693
-1047.27139793
-1047.81425986
-1047.92930446
-1048.05169489
-1048.65981698
-1048.78376151
-1049.15496007
-1049.68273337
-1049.80136287
-1050.36080387
-1050.48207567
-1050.59837522
-1050.71588493
-1051.16717440
-1051.43268917
-1051.54061250
-1051.64548310
-1052.06885905
-1052.18740569
-1052.41068441
-1053.09582264
-1053.20580986
-1053.94228227
-1054.05097374
-1054.16031499
-1054.57021806
-1054.70004584
-1055.18074912
-1055.53804022
-1055.64690524
-1056.32496422
-1056.69984904
-1057.37115625
-1057.47640069
-1057.94044955
-1058.04616748
-1058.15153006
-1058.28578666
-1058.39169870
-1059.06178203
-1059.61969202
-1060.20955614
-1060.33921303
-1060.44406672
-1060.54808789
-1061.27412701
-1062.02423870
-1062.48954500
-1062.59523921
-1062.70060717
-1062.83594400
-1063.54040968
-1063.66309087
-1064.02241799
-1064.63188199
-1065.35736432
-1065.59631338
-1065.72197017
-1066.44427735
-1066.54036178
-1066.96588031
-1067.70101138
-1068.08191091
-1068.81493691
-1068.93748800
-1069.68820640
-1069.79005446
-1070.13051597
-1070.23297664
-1070.96404143
-1071.06302427
-1071.15972978
-1071.44985119
-1071.56733695
-1071.98870281
-1072.10039803
-1072.46366118
-1072.58123562
-1072.93953946
-1073.05153708
-1073.15934285
-1073.61448171
-1074.32405657
-1074.43489403
-1075.18351585
-1075.92681278
-1076.67270498
-1076.78040374
-1077.49776423
-1077.59460051
-1077.99412126
-1078.10620902
-1078.62502201
-1079.20172124
-1079.71011689
-1080.43467848
-1080.53029284
-1081.11764429
-1081.61898808
-1081.72152100
-1081.82207054
-1081.92172006
-1082.01918840
-1082.43852763
-1083.05895335
-1083.61948975
-1084.29843413
-1084.41846548
-1084.70481651
-1084.99523469
-1085.09916270
-1085.86189514
-1085.96214679
-1086.72342910
-1087.49622306
-1088.01257776
-1088.72090043
-1088.81211610
-1089.30771708
-1089.92786605
-1090.45140365
-1090.54790418
-1090.63513071
-1090.74561046
-1090.84964359
-1091.55442981
-1091.67114537
-1092.11235155
-1092.87299703
-1093.63181384
-1094.09961907
-1094.74639886
-1094.96889989
-1095.06932515
-1095.72269723
-1095.83846190
-1095.93032519
-1096.40030554
-1096.51078119
-1096.61210663
-1096.70183148
-1096.79179803
-1097.03275241
-1097.12156388
-1097.82540475
-1097.91956344
-1098.47278812
-1099.22541123
-1099.99683008
-1100.54912418
-1101.13811299
-1101.53695823
-1101.63208118
-1101.72488384
-1101.83003290
-1102.60379317
-1102.71518415
-1102.80842254
-1103.37107370
-1103.91320701
-1104.68333552
-1105.45817788
-1105.56901596
-1105.69460405
-1106.41484951
-1106.51127859
-1106.60781897
-1107.40048273
-1107.49425132
-1107.81065794
-1107.90926636
-1108.02598435
-1108.11846249
-1108.81968661
-1109.46992732
-1110.00968008
-1110.40621708
-1110.99878488
-1111.66650237
-1112.16045736
-1112.26807122
-1112.80972589
-1112.89431128
-1113.00737161
-1113.78346653
-1113.87130634
-1114.61708758
-1114.70462711
-1114.79186546
-1115.59015570
-1115.70351149
-1115.81713366
-1116.37942557
-1116.92198660
-1117.52290019
-1117.61653423
-1118.23005185
-1118.33566161
-1118.76281409
-1118.86835634
-1119.38625592
-1119.47587974
-1120.13241427
-1120.21801283
-1120.30318285
-1120.39288792
-1120.48969501
-1121.16232044
-1121.26274949
-1121.49096253
-1121.58967880
-1121.68798903
-1121.77868537
-1122.49692394
-1122.58186986
-1123.39100273
-1123.47833208
-1124.14898575
-1124.84875884
-1125.21070556
-1125.30018696
-1126.00454531
-1126.41906656
-1126.50841530
-1126.60030505
-1127.02821420
-1127.11678130
-1127.20154536
-1127.29350323
-1127.38340996
-1127.67930871
-1127.76363817
-1128.44234789
-1128.53082968
-1128.61842543
-1129.17634668
-1129.94438334
-1130.03829996
-1130.12523943
-1130.22058859
-1130.54236139
-1130.63891695
-1131.20103742
-1131.28487283
-1131.71728779
-1132.24563382
-1132.99547306
-1133.07767770
-1133.85397502
-1134.39653588
-1134.47740766
-1134.56251189
-1135.29246507
-1135.92390468
-1136.42347488
-1136.95254582
-1137.04737616
-1137.65956808
-1137.74609363
-1138.43888464
-1139.11209315
-1139.51511329
-1139.60950484
-1140.36635226
-1140.45700159
-1141.27944908
-1141.36879124
-1142.17134569
-1142.25033218
-1142.33974938
-1142.58600067
-1143.26545285
-1143.33944658
-1143.41945484
-1143.50973722
-1143.58223747
-1143.93141010
-1144.43675400
-1145.18002566
-1145.26068255
-1145.34836909
-1146.00262084
-1146.08789745
-1146.81646089
-1147.24260781
-1147.85644029
-1148.67666395
-1148.74767325
-1149.46625992
-1150.28615247
-1150.37077596
-1150.83977820
-1151.18614719
-1151.27590539
-1151.34689082
-1151.41919788
-1151.69032810
-1151.75113047
-1151.84174987
-1151.92648833
-1151.99036900
-1152.05301886
-1152.14314154
-1152.21398448
-1152.29845524
-1153.01993034
-1153.60784691
-1154.44420980
-1155.15229587
-1155.76235795
-1156.22620266
-1156.97541459
-1157.03473177
-1157.76738979
-1157.82659825
-1158.65411291
-1158.73098081
-1158.80882996
-1159.59468726
-1160.42627559
-1160.50498300
-1160.57702008
-1160.63883186
-1160.70877926
-1160.78280746
-1161.51394280
-1161.57771814
-1161.64015018
-1161.70359195
-1162.50418882
-1163.00599078
-1163.85317987
-1164.70057424
-1165.39398745
-1166.23585492
-1167.08379897
-1167.82428151
-1168.66361007
-1168.72781992
-1168.79039672
-1169.05433316
-1169.11385655
-1169.78048221
-1170.16660502
-1170.23005670
-1170.28268819
-1170.78961592
-1171.58782402
-1171.64927448
-1171.70694179
-1172.54472043
-1172.60473184
-1173.23921471
-1173.29783594
-1174.13332419
-1174.59393022
-1174.64835688
-1174.70944862
-1175.23057332
-1175.28637104
-1175.34633440
-1175.73692309
-1176.49241853
-1176.55147070
-1176.60398534
-1177.23917700
-1177.29444313
-1177.81096425
-1178.31171733
-1178.36369822
-1179.18251888
-1179.95039993
-1180.31233602
-1180.36142287
-1181.19135070
-1181.69707398
-1182.23928699
-1182.28316120
-1182.33942565
-1182.89517052
-1182.93694422
-1182.98599109
-1183.03232405
-1183.07693952
-1183.64121496
-1184.04033596
-1184.66051419
-1184.72131985
-1184.76878308
-1184.83494425
-1185.33895959
-1186.17672984
-1187.01707037
-1187.64090563
-1188.45134303
-1189.00460240
-1189.70733683
-1190.03711946
-1190.88064696
-1191.65775864
-1191.69476265
-1192.40557911
-1193.20655042
-1193.24110001
-1193.27884301
-1193.31527598
-1193.35110439
-1193.38733860
-1193.42439588
-1193.85795185
-1194.34043374
-1195.10813392
-1195.15151730
-1195.79666395
-1196.59167266
-1197.26927119
-1197.29731367
-1197.35396275
-1197.76812042
-1198.56439884
-1199.08099657
-1199.90037707
-1199.95901422
-1200.23637484
-1200.71016839
-1200.74048104
-1201.36993961
-1202.18671563
-1202.67071624
-1203.43467411
-1203.46795108
-1204.29501505
-1204.93546959
-1204.96796383
-1205.02711356
-1205.08706547
-1205.77834656
-1206.55743101
-1206.60833421
-1206.64961805
-1207.43557450
-1208.16808148
-1208.96605394
-1209.61229147
-1210.29143690
-1210.68145852
-1210.72962217
-1210.80256927
-1211.10750966
-1211.84909406
-1211.90132991
-1212.68487803
-1212.72908678
-1213.47116869
-1214.21196922
-1214.86542527
-1214.90797051
-1215.63755879
-1215.80976079
-1216.29431112
-1217.01510421
-1217.06049407
-1217.56442839
-1218.14346067
-1218.18673902
-1218.23100409
-1218.72449793
-1218.76738758
-1219.28068686
-1219.74381641
-1219.79281477
-1220.58715613
-1220.63368125
-1220.69521158
-1221.03847300
-1221.74592550
-1222.37169190
-1222.44129826
-1223.24056509
-1223.69877303
-1223.75445080
-1224.43388887
-1225.23059690
-1225.32636902
-1226.16203709
-1226.86681556
-1227.60020471
-1227.65834486
-1227.71415097
-1227.80940599
-1228.34276909
-1228.74466134
-1228.80745708
-1229.59121457
-1229.66902794
-1230.50381600
-1231.34260858
-1231.82735718
-1232.22031384
-1232.30970204
-1233.11809001
-1233.94689998
-1234.55814924
-1234.61163851
-1235.33176955
-1235.38670584
-1235.44683280
-1236.27820408
-1237.05188905
-1237.87323029
-1237.94366322
-1238.01967283
-1238.09229088
-1238.15117397
-1238.67370071
-1238.75045577
-1238.81408251
-1238.88741098
-1239.20200049
-1239.82665523
-1240.66094707
-1241.28721842
-1241.98640944
-1242.05976208
-1242.58351954
-1242.87967925
-1243.71999075
-1243.78237559
-1243.84155419
-1244.08512105
-1244.15850551
-1244.24061711
-1244.31555670
-1244.77753441
-1244.85149443
-1244.92280438
-1245.37620584
-1246.21363596
-1246.48361330
-1246.55098291
-1247.19815536
-1247.79738022
-1247.86226843
-1248.32660476
-1249.16870577
-1249.23820663
-1249.77459769
-1249.83376092
-1249.90018112
-1250.54247358
-1250.60170779
-1251.36816502
-1252.10396404
-1252.19204746
-1252.82343610
-1253.62542856
-1253.69080785
-1253.77567180
-1254.52272296
-1255.26002666
-1255.33329653
-1256.16558233
-1256.24879416
-1256.33683403
-1256.87141059
-1256.96222125
-1257.56239936
-1257.62811928
-1257.68795598
-1258.11317966
-1258.73315346
-1259.56249042
-1260.15820498
-1260.21307982
-1260.67649586
-1260.75863362
-1260.81460800
-1260.89863369
-1261.75907508
-1261.84894363
-1262.25992135
-1262.31904278
-1262.88186475
-1262.94192398
-1263.80412251
-1263.87262011
-1264.52045588
-1264.57725145
-1265.03263400
-1265.64032600
-1265.73094340
-1266.30186265
-1266.84705145
-1267.33722124
-1267.90227366
-1268.67552282
-1269.56030661
-1269.61795140
-1270.29027461
-1271.18335824
-1271.86359658
-1271.95438938
-1272.01613355
-1272.29700197
-1273.11262507
-1273.82522465
-1273.90191289
-1274.68225952
-1274.98795460
-1275.39432546
-1276.17048595
-1276.24128743
-1276.32938282
-1277.21100952
-1277.85226375
-1278.52922732
-1278.95053285
-1279.44076188
-1279.53839575
-1280.39145089
-1280.44922517
-1281.24063019
-1281.88845446
-1282.72167597
-1282.77318655
-1282.82149379
-1283.61882646
-1283.68864926
-1283.76419654
-1284.38610814
-1285.14321874
-1285.19968172
-1285.70415116
-1286.26030146
-1286.35133190
-1287.16091951
-1288.03104654
-1288.08108299
-1288.12692295
-1288.32318678
-1288.83279963
-1289.70979357
-1290.41280283
-1291.21234021
-1291.54670769
-1291.99735297
-1292.07819935
-1292.91682717
-1292.97178931
-1293.72561992
-1293.79186372
-1294.22436523
-1294.30411108
-1294.94519988
-1295.00926054
-1295.07200310
-1295.32716121
-1295.39765988
-1295.45682854
-1296.00607852
-1296.06378256
-1296.89361820
-1296.96558860
-1297.03424064
-1297.08545672
-1297.78669574
-1298.52611701
-1299.14005073
-1299.57990828
-1300.37665106
-1300.43296660
-1300.50628183
-1300.57437360
-1300.63899909
-1300.70800973
-1300.77338101
-1300.84194897
-1300.91299568
-1301.70107769
-1302.27643762
-1303.06080537
-1303.13767923
-1303.21780580
-1303.27033973
-1303.89974632
-1304.22850458
-1304.89092915
-1304.97358939
-1305.72855216
-1306.23041777
-1306.29177811
-1306.35202056
-1306.95290375
-1307.44292413
-1307.51567566
-1308.16812483
-1308.57151682
-1309.09358258
-1309.88388279
-1310.75183533
-1311.63583467
-1312.42748222
-1312.48758647
-1312.55607407
-1312.99889567
-1313.06675359
-1313.13722249
-1313.59448867
-1314.14303928
-1314.40863011
-1314.47706349
-1315.27920649
-1316.15874589
-1316.76456743
-1317.32523115
-1318.08119361
-1318.85449971
-1318.96399891
-1319.40752249
-1319.49662618
-1319.60100579
-1320.30155034
-1321.18977347
-1321.26494298
-1321.34146300
-1321.45251564
-1322.26294025
-1323.15715921
-1323.68311582
-1323.77077522
-1324.65154947
-1325.12079102
-1325.71846664
-1326.30583533
-1326.38485876
-1326.73380758
-1326.83816362
-1326.91834675
-1327.72257356
-1328.53488728
-1329.16537318
-1329.25600121
-1329.68982884
-1329.77746808
-1329.84275996
-1330.58314898
-1331.16097829
-1331.97887714
-1332.04671418
-1332.11062134
-1332.21613539
-1332.75736200
-1333.31265439
-1334.14353513
-1334.23239002
-1334.68484041
-1335.18404049
-1335.28920315
-1335.36041056
-1335.98163045
-1336.06421912
-1336.75501034
-1337.65195881
-1338.42305946
-1338.51862246
-1339.01776711
-1339.11396769
-1339.17278233
-1340.05848848
-1340.15414000
-1341.01734832
-1341.12178413
-1341.77108573
-1342.65709228
-1343.39340278
-1343.49429611
-1343.56375326
-1343.79050310
-1343.86584184
-1344.29686248
-1344.63573572
-1344.73902201
-1344.82223853
-1344.90294125
-1345.00462572
-1345.82037798
-1345.88705975
-1346.78594312
-1347.40578045
-1348.10755996
-1348.34065555
-1348.41110837
-1348.83393898
-1349.63288133
-1350.22390335
-1350.32495993
-1350.75038985
-1351.27805003
-1351.37191058
-1351.45772000
-1351.55183821
-1352.43083431
-1352.51041744
-1352.59881170
-1353.29776463
-1353.38262424
-1353.46331007
-1353.75760786
-1354.16961459
-1354.26030651
-1354.80589281
-1355.60666624
-1356.38207699
-1357.25054419
-1357.74151486
-1357.82406982
-1358.11068666
-1358.50540663
-1358.59188628
-1359.08018874
-1359.16432376
-1359.99523142
-1360.92817882
-1361.22389239
-1362.12302627
-1362.61764321
-1362.73973983
-1363.09901768
-1363.84899720
-1363.95528724
-1364.56169760
-1365.01934103
-1365.42729535
-1366.29176504
-1366.71769808
-1366.81939050
-1367.04512972
-1367.58019632
-1367.99106583
-1368.29108497
-1368.75612974
-1368.86155990
-1368.92573235
-1369.52567048
-1369.58802151
-1369.68910788
-1370.12710146
-1370.19326540
-1371.02907461
-1371.52762178
-1372.37657374
-1372.69639438
