-7.22659349
-7.96586871
-6.20729566
-7.12056774
-8.25325809
-9.49309584
-9.55763432
-9.90546510
-10.16600521
-10.26019857
-9.86950564
-9.60173609
-10.22431552
-11.15782140
-11.80369442
-11.72066154
-12.01244861
-13.44348580
-14.31887909
-15.57100440
-16.00245023
-16.32407016
-16.25557399
-16.29177027
-16.84759381
-18.10708924
-18.24871103
-17.88128493
-18.46959667
-18.66878046
-20.24456929
-20.80753011
-21.24539087
-21.79345979
-22.38600263
-23.08477651
-23.52510974
-23.76476996
-24.04066140
-24.79375501
-25.41964708
-26.15074199
-27.30062161
-27.39300429
-28.07273853
-28.32599023
-28.38589689
-28.75803845
-29.13409401
-29.87968682
-30.29812548
-31.42578507
-31.90616306
-33.04347625
-33.28719247
-33.65638699
-34.57382531
-35.23138764
-36.01785906
-36.62219283
-37.42691722
-38.10140678
-38.09196812
-38.76546300
-39.53451902
-40.82195040
-41.44719036
-41.98262720
-42.63943515
-43.85752967
-44.87771048
-45.31877380
-46.60237007
-47.85203315
-48.94014761
-50.07646852
-50.61073066
-51.78387549
-52.78890103
-53.51815586
-54.43256444
-54.98891040
-55.89709767
-56.49793507
-57.26670784
-58.55445969
-59.18586310
-60.45407434
-61.27627375
-61.91489733
-62.63054783
-63.23290452
-63.85168146
-64.53902712
-65.65410205
-66.39731201
-67.12419899
-67.84064780
-68.61657515
-69.34790695
-69.88103531
-70.42413959
-71.02135520
-71.79759481
-72.42196365
-73.03185920
-73.67321378
-74.31416561
-75.14666020
-75.84008692
-76.55232816
-77.22637354
-78.02674204
-78.75797259
-79.24684594
-80.12548999
-80.98599674
-81.19649848
-81.71313214
-82.20478408
-83.03116343
-83.41579894
-84.00454892
-84.57221265
-85.40821723
-85.90867815
-86.79053894
-87.30540341
-87.75289320
-88.26847869
-88.32509660
-89.03156934
-89.57866967
-90.09148174
-90.69874330
-91.24668767
-91.99792018
-92.87933068
-93.74202454
-94.20482096
-94.72552463
-95.48376169
-95.91909497
-96.49935770
-96.97166090
-97.08474784
-97.32245870
-97.55840054
-97.63147382
-98.05280609
-98.49613144
-99.16675738
-99.60194547
-99.69262180
-99.71530998
-100.33822788
-100.81868788
-101.47243027
-101.99394073
-102.43965798
-102.81922439
-103.43190144
-103.81840852
-103.98826553
-104.36736062
-104.98988967
-105.61236627
-106.21728688
-106.65979185
-107.25421322
-107.86191037
-107.99779200
-108.26795589
-108.90622966
-109.58417376
-110.20446760
-111.15641569
-111.63311691
-112.26138152
-113.04020098
-113.37669069
-114.05703786
-114.69249646
-115.19027727
-115.62897042
-116.36636131
-116.67742700
-117.08828890
-117.25073856
-118.02764314
-118.30766848
-118.58116063
-119.37762886
-119.83272041
-120.24500020
-120.80055291
-121.59438537
-122.38661417
-122.77708312
-123.56791542
-124.35587649
-125.00954392
-125.76397457
-126.41304084
-126.48004017
-127.24782822
-127.34433286
-128.10274454
-128.56070560
-129.32835112
-129.80180547
-130.53509845
-130.94231841
-131.15558959
-131.29113294
-131.85957661
-132.06489725
-132.75045049
-133.47140475
-134.15598061
-134.41032120
-134.85692700
-135.22359135
-135.69451026
-135.97214356
-136.76522193
-137.08338115
-137.74913440
-138.08476364
-138.90311658
-139.61040989
-140.17989382
-140.75861493
-141.50452958
-142.10652849
-142.66652751
-143.11089328
-143.77271213
-144.41861920
-145.14301987
-145.79277539
-146.01132795
-146.29718150
-146.76373973
-147.41015507
-147.80994552
-148.51590491
-149.05704345
-149.29912301
-149.59045099
-150.30754077
-150.99039126
-151.55861721
-152.06445102
-152.65083277
-153.36551660
-154.10156315
-154.66829788
-155.09910218
-155.54026495
-156.01932985
-156.42934138
-156.73425867
-157.15954850
-157.65135089
-157.90555131
-158.28265541
-158.77537138
-159.09694323
-159.55534510
-160.03737018
-160.36371798
-160.83062269
-161.19202891
-161.71185952
-162.23668864
-162.74617566
-163.24748016
-163.79089011
-164.27270284
-164.62425753
-164.99840070
-165.41922110
-165.92224094
-166.40331512
-166.73587159
-167.02151144
-167.58480798
-168.16453003
-168.74635078
-169.24063472
-169.55997180
-169.85701364
-170.20300423
-170.48293685
-170.78023282
-171.13890923
-171.49866163
-172.03720460
-172.55384216
-172.95425101
-173.52366648
-174.01696082
-174.58561747
-174.92628694
-175.39880261
-175.99237727
-176.32663469
-176.62191308
-177.01998764
-177.45776436
-178.03893544
-178.60383855
-178.85412063
-179.14518733
-179.46342082
-179.92094782
-180.40924437
-180.73618290
-181.08221874
-181.68704186
-182.23915517
-182.84271354
-183.37069099
-183.72580106
-184.08240486
-184.38355015
-184.68939898
-185.04484331
-185.52926543
-185.75834808
-186.06216256
-186.60545784
-186.93957657
-187.22983954
-187.56576783
-188.04570682
-188.56742010
-188.85966460
-189.21637878
-189.56865131
-190.04332211
-190.52973551
-190.99232181
-191.57208429
-191.91725176
-192.39469087
-192.86723030
-193.33057620
-193.78990173
-194.16950002
-194.62346450
-194.96635485
-195.61440678
-195.94644543
-196.41783339
-196.86785769
-197.20284122
-197.55696136
-197.88260659
-198.28147766
-198.60343208
-198.96961391
-199.47677554
-199.81065891
-200.14143864
-200.47084823
-200.83509080
-201.30244905
-201.68486559
-202.13546769
-202.47190972
-202.84278334
-203.38268700
-203.91343571
-204.24619991
-204.65634091
-204.98353254
-205.49184867
-205.97886594
-206.51632723
-207.03482974
-207.57835297
-207.96116416
-208.43079430
-208.85926582
-209.27301641
-209.67670213
-210.17504138
-210.71583909
-211.05515549
-211.36997223
-211.83045358
-212.23245309
-212.68365772
-213.03711801
-213.37144966
-213.80917588
-214.21211858
-214.69205750
-215.14350012
-215.60248820
-216.06415795
-216.46229901
-216.87804490
-217.14398201
-217.43156932
-217.77920861
-218.13486128
-218.53689501
-218.84405258
-219.17763349
-219.54748646
-220.03211164
-220.49035814
-220.90701419
-221.24128273
-221.64236939
-221.96355706
-222.32619963
-222.69059583
-223.02251199
-223.39002230
-223.72438208
-224.09975722
-224.53240250
-224.86658966
-225.24217852
-225.66050717
-226.02152100
-226.35719579
-226.68922763
-227.06596949
-227.42113428
-227.83473967
-228.15642506
-228.52159876
-228.75962321
-229.02598965
-229.31482301
-229.63865271
-229.95727387
-230.28137283
-230.64859792
-231.10282106
-231.23751119
-231.70222053
-232.09825584
-232.48320031
-232.75189379
-233.05395115
-233.40941755
-233.75727026
-234.07937615
-234.41499124
-234.66205450
-235.07143691
-235.23935290
-235.59082357
-235.95368712
-236.38604227
-236.81791529
-237.16428647
-237.63122276
-238.03789542
-238.37639759
-238.73612836
-239.17319326
-239.42147346
-239.66486479
-240.04960001
-240.37032945
-240.76652104
-241.10349779
-241.45023521
-241.84344431
-242.19742314
-242.60033778
-242.80872844
-243.14414660
-243.40987017
-243.75290120
-244.07032861
-244.51726154
-244.76220496
-245.15208473
-245.45293657
-245.77301313
-246.09679184
-246.40889301
-246.74383464
-247.07426378
-247.34213319
-247.74059144
-248.13623497
-248.40072976
-248.83066502
-249.14580110
-249.53365991
-249.75990253
-250.08831245
-250.26119041
-250.58176236
-250.87909814
-251.06084208
-251.29330523
-251.61260649
-251.94551387
-252.38564164
-252.63345157
-252.93319063
-253.20567846
-253.58479859
-254.00011417
-254.21187857
-254.65275343
-254.93796154
-255.23604104
-255.49924077
-255.88027174
-256.29244210
-256.64297415
-256.99096382
-257.27157523
-257.64491682
-257.92086015
-258.29524002
-258.52886454
-258.88600260
-259.18826674
-259.52955199
-259.93941257
-260.29493779
-260.59118990
-260.85676190
-261.21098407
-261.44650070
-261.84366520
-262.16568033
-262.41726967
-262.72309004
-263.08344418
-263.21533574
-263.43581525
-263.71221554
-263.99290433
-264.41177061
-264.66497775
-265.02772647
-265.31801941
-265.67231582
-266.05829117
-266.42098878
-266.83222559
-267.12289495
-267.50565744
-267.80793217
-268.11649949
-268.50100359
-268.84271415
-269.23341318
-269.58481242
-269.96857378
-270.30458529
-270.68133318
-270.92748862
-271.19730696
-271.58131844
-271.93176184
-272.29008495
-272.57463173
-272.86972825
-273.11719735
-273.49043476
-273.86496709
-274.09145986
-274.43637825
-274.83227228
-275.14174435
-275.51230316
-275.88991406
-276.19621927
-276.56894062
-276.78246584
-276.99311696
-277.14444465
-277.38105402
-277.74975259
-278.11483376
-278.36200737
-278.65246370
-278.90272842
-279.23579646
-279.63519827
-279.94294331
-280.15490579
-280.47565239
-280.79100751
-281.16789177
-281.44335841
-281.71901273
-282.07372555
-282.35253729
-282.62110103
-282.87759753
-283.10913741
-283.47293106
-283.70575940
-283.99668260
-284.36210392
-284.58775547
-284.83856705
-285.19084489
-285.54762129
-285.90606660
-286.18492171
-286.54134380
-286.74004623
-287.09954366
-287.37516863
-287.73793558
-287.96202720
-288.30462965
-288.65992879
-288.91519727
-289.27691221
-289.47180546
-289.85732031
-290.20599652
-290.50980573
-290.84994521
-291.21830614
-291.53038490
-291.83891402
-292.19777750
-292.42920253
-292.74342454
-293.06219224
-293.39950633
-293.74801827
-294.04547038
-294.43358505
-294.63623768
-294.94984507
-295.25587111
-295.64683896
-296.03287021
-296.37744687
-296.67935778
-297.04321421
-297.35587612
-297.66012545
-297.99333642
-298.32991154
-298.64970619
-298.98169969
-299.24739268
-299.48928471
-299.83910818
-300.02938917
-300.38794693
-300.72080851
-300.99276402
-301.26089969
-301.60178365
-301.94891939
-302.18294616
-302.55061413
-302.91070548
-303.26265897
-303.62979976
-303.97568757
-304.18527639
-304.39858837
-304.65581258
-305.01874596
-305.37415935
-305.56229016
-305.89984221
-306.27861615
-306.63717109
-306.87738171
-307.23529428
-307.53247262
-307.77189496
-308.08367600
-308.43628267
-308.68234852
-309.01956221
-309.37035403
-309.65483687
-310.00378934
-310.36285555
-310.62232901
-310.87645246
-311.11295928
-311.42598796
-311.75910014
-311.99356044
-312.28685508
-312.58323563
-312.91499337
-313.25388172
-313.58905224
-313.81670978
-314.06174821
-314.33086740
-314.66598688
-314.98531846
-315.23724653
-315.46646698
-315.70050156
-315.93489834
-316.21581706
-316.48660018
-316.72632168
-316.98940942
-317.20664051
-317.43866485
-317.76408132
-318.08531318
-318.33758207
-318.53174685
-318.75460149
-319.07109754
-319.37916233
-319.63249784
-319.95750528
-320.19747774
-320.41931575
-320.69270055
-320.91187953
-321.20189102
-321.53729884
-321.80440744
-322.09176640
-322.41073468
-322.65975659
-322.93624110
-323.09683496
-323.33102013
-323.48194848
-323.68953577
-323.84515676
-323.98797673
-324.30997596
-324.47686710
-324.65324936
-324.81178885
-325.04929472
-325.24401876
-325.46818352
-325.70498280
-325.95851633
-326.13647125
-326.47182150
-326.68543674
-326.99712249
-327.23970094
-327.47072738
-327.74769558
-327.98028805
-328.27646950
-328.48619020
-328.74379919
-328.98989553
-329.24576084
-329.41757158
-329.64239121
-329.87528948
-330.12230424
-330.40071359
-330.61926814
-330.84007661
-331.08748141
-331.31453725
-331.59394406
-331.81570262
-332.05534079
-332.29804562
-332.52473678
-332.83466126
-332.96448592
-333.17747416
-333.50695704
-333.66972739
-333.91807643
-334.08413995
-334.28429650
-334.50076785
-334.74219680
-334.95695010
-335.24444511
-335.46231460
-335.75593534
-336.01782974
-336.28472652
-336.52487967
-336.77027081
-337.07055912
-337.37584722
-337.60133156
-337.91555125
-338.13408426
-338.34111813
-338.50430764
-338.72303006
-338.90073104
-339.19408874
-339.41190702
-339.71847911
-339.93687811
-340.10042900
-340.37194453
-340.62879897
-340.89156540
-341.10727833
-341.32946281
-341.48718590
-341.75751894
-342.01704829
-342.28667797
-342.53485063
-342.76327959
-342.98200676
-343.20290628
-343.42327748
-343.58855073
-343.81502843
-344.11574825
-344.40193039
-344.63117475
-344.82486933
-345.08406078
-345.34024709
-345.63627544
-345.92815746
-346.15246567
-346.38405117
-346.65087280
-346.89378235
-347.13465080
-347.31990444
-347.59365114
-347.74604012
-348.02261443
-348.28882121
-348.52011306
-348.74349961
-348.96455671
-349.19471524
-349.44718528
-349.59296774
-349.73348870
-349.89641634
-350.16301406
-350.30981947
-350.54216480
-350.79540806
-350.97921231
-351.21023758
-351.44643949
-351.65217900
-351.89427111
-352.03679277
-352.24097293
-352.37642187
-352.62600100
-352.86005654
-353.11520340
-353.35478514
-353.59417210
-353.83696590
-354.07484059
-354.32360676
-354.57306441
-354.81215832
-355.05131413
-355.29215026
-355.52949007
-355.72319722
-355.96097906
-356.20164125
-356.61889624
-356.84118152
-357.06446404
-357.47364110
-357.74109763
-357.93482959
-358.06316820
-358.29845017
-358.49601270
-358.65032781
-358.81801972
-359.03103102
-359.30415481
-359.49885850
-359.66459058
-359.82861980
-360.06798713
-360.43297805
-360.61637428
-360.79907808
-361.06556769
-361.20521075
-361.48780917
-361.82394510
-362.07140801
-362.24082395
-362.58713724
-362.72436235
-362.96001508
-363.21525956
-363.48254742
-363.69894566
-363.80388701
-363.99562860
-364.17513323
-364.33503140
-364.58666561
-364.79307061
-364.97490634
-365.20780024
-365.36828792
-365.56324905
-365.81619915
-366.03994017
-366.29515793
-366.52545606
-366.75738230
-366.99824152
-367.14804352
-367.38524841
-367.62492635
-367.84094715
-367.95866071
-368.12910743
-368.36235639
-368.60830552
-368.78957153
-369.02201556
-369.22047496
-369.37476224
-369.59923886
-369.82101796
-370.05072941
-370.28577894
-370.49137058
-370.68614620
-370.92744099
-371.10842799
-371.28807565
-371.52258458
-371.69654910
-371.86298512
-372.07866490
-372.33036203
-372.58031440
-372.77968164
-372.91235053
-373.06815582
-373.30708373
-373.49470712
-373.70398918
-373.93261618
-374.08981709
-374.32363030
-374.57167596
-374.80113833
-374.94341758
-375.16600833
-375.35498267
-375.58102822
-375.72577675
-375.94697247
-376.11382031
-376.30661789
-376.53255289
-376.78138635
-376.94429178
-377.10597937
-377.25441392
-377.41653619
-377.59890561
-377.84619853
-378.00627059
-378.22292630
-378.44145592
-378.61381946
-378.83056030
-378.95225958
-379.11504798
-379.27098377
-379.48818703
-379.71406498
-379.87785300
-380.10210022
-380.32535105
-380.57313585
-380.79333322
-380.94106781
-381.10754148
-381.27753127
-381.48288879
-381.68965667
-381.83125833
-382.05489397
-382.23921382
-382.38334739
-382.56110952
-382.73329318
-382.94735021
-383.15456310
-383.29736313
-383.51784256
-383.73305154
-383.88141022
-384.03647621
-384.22313845
-384.41719675
-384.57222291
-384.70381374
-384.90809863
-385.08464387
-385.30866273
-385.47938187
-385.69888329
-385.89346548
-386.05480865
-386.29620684
-386.46113348
-386.67790817
-386.85980535
-387.05039134
-387.22272103
-387.39289388
-387.63156428
-387.78838967
-388.02190008
-388.25878340
-388.48090611
-388.66060994
-388.82555418
-388.97216893
-389.14827358
-389.30347546
-389.52645454
-389.75258261
-389.97205937
-390.18246277
-390.37003104
-390.54261237
-390.76267268
-390.89894324
-391.06368185
-391.29165907
-391.48599422
-391.67413529
-391.86024848
-392.03551921
-392.24538627
-392.43365263
-392.61350561
-392.77196087
-392.92763629
-393.14852089
-393.32295889
-393.46204965
-393.66711149
-393.87876972
-394.05967286
-394.22225061
-394.43166477
-394.63217677
-394.75879341
-394.92288546
-395.10073603
-395.28946356
-395.47818084
-395.57192869
-395.69842569
-395.92102530
-396.15921012
-396.35722965
-396.54037130
-396.66452487
-396.84242542
-396.99333971
-397.20222662
-397.38023418
-397.60873903
-397.79567895
-397.97089645
-398.15529107
-398.32125417
-398.53108945
-398.75762038
-398.93361821
-399.15758522
-399.37757613
-399.53362222
-399.71487294
-399.89519190
-400.10675176
-400.27441235
-400.48592030
-400.69798834
-400.91677884
-401.04914948
-401.19863749
-401.34116054
-401.47646442
-401.59178317
-401.80076333
-401.98559198
-402.12126690
-402.34649866
-402.48899904
-402.66412255
-402.86819818
-403.07522112
-403.25172525
-403.41870530
-403.61374086
-403.74516433
-403.94585455
-404.12963824
-404.25571891
-404.39244692
-404.51955269
-404.73615603
-404.89855531
-405.07899522
-405.25151302
-405.46175682
-405.68801015
-405.85950496
-405.99446591
-406.19630755
-406.40188283
-406.55815249
-406.76485848
-406.86454286
-407.01846153
-407.12530278
-407.32752583
-407.44306878
-407.53988111
-407.75864404
-407.89058822
-408.10804591
-408.30994929
-408.47817154
-408.70697688
-408.90816862
-409.11349667
-409.26911160
-409.47759762
-409.60404214
-409.81251815
-410.02184517
-410.22733458
-410.38468171
-410.59431804
-410.69488342
-410.84276757
-411.04480671
-411.21862803
-411.38500037
-411.49328619
-411.68720525
-411.80279197
-411.97104603
-412.17668243
-412.40409632
-412.53374564
-412.76265108
-412.96877249
-413.08563124
-413.29015684
-413.45500908
-413.67764086
-413.87020459
-414.06015742
-414.14388000
-414.30609368
-414.50845144
-414.71451268
-414.88337059
-415.10922841
-415.24845777
-415.46251586
-415.59809465
-415.78272220
-415.97732465
-416.07222046
-416.21564761
-416.41941485
-416.64174649
-416.80532140
-416.95954624
-417.17149742
-417.25532406
-417.43257055
-417.61855205
-417.80926210
-417.91520594
-418.07643865
-418.27852538
-418.48515448
-418.67734952
-418.86906413
-419.01194739
-419.21486602
-419.41630051
-419.54875444
-419.73927281
-419.92399254
-420.12774293
-420.28448226
-420.41664482
-420.58196977
-420.78047296
-420.94209414
-421.14245885
-421.26143812
-421.44719310
-421.62651117
-421.82437166
-422.01917094
-422.23103274
-422.39724652
-422.59416017
-422.81008684
-422.99768383
-423.20741005
-423.40216706
-423.59280879
-423.77055170
-423.89610266
-423.93630522
-424.13056393
-424.32620414
-424.51976352
-424.71432797
-424.93093177
-425.14747807
-425.34136948
-425.49510175
-425.59656689
-425.74033195
-425.92297202
-426.12094835
-426.26581399
-426.48122884
-426.67428210
-426.84304880
-426.98558750
-427.14566998
-427.31198009
-427.49744262
-427.69887213
-427.90863487
-427.99399683
-428.18502516
-428.37757428
-428.57164670
-428.68016394
-428.83564776
-428.94045559
-429.05381495
-429.16246263
-429.26259597
-429.40053909
-429.59849274
-429.68784225
-429.86944609
-429.95443664
-430.13189902
-430.33532486
-430.51676461
-430.68565761
-430.87264822
-431.05114328
-431.15129836
-431.32559081
-431.52584187
-431.59612440
-431.68612034
-431.87428532
-432.01697089
-432.15603373
-432.33333338
-432.51791132
-432.71696570
-432.87356115
-433.07110304
-433.17911463
-433.38193278
-433.56035123
-433.74738595
-433.85803246
-433.93808323
-434.13362622
-434.23058409
-434.36078615
-434.55972456
-434.63314689
-434.82328121
-434.90814055
-435.08906659
-435.14938434
-435.34000092
-435.40638062
-435.51384718
-435.58758359
-435.74559731
-435.92666001
-436.11737778
-436.30831091
-436.49299588
-436.58529769
-436.71148931
-436.86843867
-436.92732924
-437.04855508
-437.22172840
-437.40793564
-437.59245940
-437.77709644
-437.95928391
-438.06054193
-438.25510896
-438.45213997
-438.63305600
-438.82643365
-439.00659298
-439.11615510
-439.18634147
-439.38826645
-439.58496959
-439.76639654
-439.87867515
-440.01654430
-440.07796263
-440.16334953
-440.31379782
-440.40951760
-440.60824221
-440.75347299
-440.95145744
-441.13777680
-441.27574488
-441.47085918
-441.66229550
-441.83754336
-441.92706024
-442.10215024
-442.28028031
-442.36793491
-442.45736288
-442.64705578
-442.81823708
-442.87844137
-443.04372688
-443.22632949
-443.29233496
-443.48220183
-443.66039798
-443.84069294
-444.00332288
-444.14717147
-444.28827496
-444.40022369
-444.58506965
-444.67035582
-444.75794073
-444.85688199
-445.04441961
-445.23001023
-445.41490148
-445.51248187
-445.70102818
-445.88724143
-445.99491535
-446.16473142
-446.33535566
-446.51998202
-446.66602151
-446.78744437
-446.96888809
-447.13549489
-447.20702472
-447.33826060
-447.49867215
-447.68196403
-447.84973459
-448.03149864
-448.20998266
-448.37865832
-448.46666766
-448.63362037
-448.82673128
-448.98043097
-449.04181873
-449.13274144
-449.30026343
-449.46635966
-449.63302116
-449.80454071
-449.94142113
-450.00160857
-450.14165029
-450.19226385
-450.38568046
-450.55384784
-450.71859903
-450.78129868
-450.77728188
-450.91070619
-451.04054304
-451.20825442
-451.37635120
-451.54305698
-451.53732985
-451.59399386
-451.76028306
-451.92808855
-452.12012135
-452.19580409
-452.25916754
-452.33572756
-452.50851717
-452.68657722
-452.81185696
-452.97540506
-453.13957481
-453.20399513
-453.38067040
-453.55395980
-453.59054269
-453.67196454
-453.86216733
-454.02588823
-454.09894908
-454.25390441
-454.41773032
-454.41997929
-454.57361788
-454.67616804
-454.84851205
-455.01203721
-455.19354832
-455.24300551
-455.37286134
-455.53954252
-455.61052813
-455.77395894
-455.95825308
-456.09878160
-456.26226840
-456.45418084
-456.46722556
-456.62743442
-456.78933287
-456.86326304
-457.02404542
-457.16890505
-457.33478679
-457.34785628
-457.50733855
-457.55137334
-457.63921889
-457.81984701
-457.96866507
-458.02468998
-458.21240625
-458.38238515
-458.54511528
-458.59335589
-458.75865935
-458.92345395
-458.96761854
-458.98997294
-459.15209416
-459.33530331
-459.49747517
-459.49227167
-459.65633510
-459.83720220
-459.94548865
-460.14663696
-460.29825538
-460.50199676
-460.67314102
-460.81824677
-460.98033367
-461.11391385
-461.12421180
-461.31754867
-461.48140802
-461.63349778
-461.78407402
-461.98601816
-462.05808580
-462.13332956
-462.31095679
-462.33795275
-462.50383264
-462.67010207
-462.73673679
-462.93201075
-462.96748593
-463.00192124
-463.04586810
-463.18426574
-463.35822881
-463.54417606
-463.63786604
-463.67491254
-463.83271913
-463.90288344
-464.01896570
-464.19193927
-464.37334345
-464.52228331
-464.69422382
-464.69555299
-464.76857634
-464.79815117
-464.96555985
-465.16183043
-465.30039448
-465.34427817
-465.39613194
-465.55259019
-465.72328660
-465.88979739
-465.94873965
-466.11249158
-466.31093291
-466.36466517
-466.45160583
-466.61107116
-466.72431805
-466.87993187
-467.06513179
-467.17042926
-467.32166570
-467.47473540
-467.54518843
-467.72861455
-467.88784597
-468.04488054
-468.19505825
-468.27410173
-468.34695395
-468.51052016
-468.66760201
-468.72828003
-468.77074458
-468.92548364
-469.08393300
-469.20095613
-469.30879641
-469.46722032
-469.62075112
-469.77383935
-469.82082177
-469.97511925
-470.13839974
-470.33333755
-470.48938863
-470.64312036
-470.79682615
-470.96268078
-470.97065028
-471.05409697
-471.22349213
-471.31443673
-471.47372186
-471.67257121
-471.86476196
-471.89296004
-472.04404206
-472.19109136
-472.33257174
-472.47705795
-472.66398189
-472.71308684
-472.81501205
-472.96526492
-473.16098172
-473.31558019
-473.46510452
-473.62003212
-473.78387950
-473.83283458
-473.97259134
-473.94930738
-474.11137286
-474.16435196
-474.31298480
-474.42064126
-474.57808037
-474.72803622
-474.84885020
-475.01081501
-475.12636271
-475.15316354
-475.29897734
-475.44581114
-475.61143818
-475.80539763
-475.95222827
-476.09892067
-476.24491455
-476.32439980
-476.33643460
-476.48630379
-476.64637273
-476.69718465
-476.80230611
-476.91433287
-477.10768727
-477.30366233
-477.40773638
-477.43194876
-477.58856426
-477.59602343
-477.78460390
-477.75056392
-477.87562577
-478.06298326
-478.20717966
-478.35475743
-478.50152638
-478.64742157
-478.65748785
-478.81538196
-478.97085627
-478.98154385
-479.12751875
-479.28611922
-479.39581588
-479.36699772
-479.51464099
-479.67339440
-479.81792047
-479.83714605
-479.98187321
-480.02178805
-480.16769919
-480.32419028
-480.46811123
-480.62347259
-480.76997774
-480.94235018
-481.04836720
-481.20575600
-481.36217690
-481.51389154
-481.53291797
-481.73581745
-481.87775752
-482.03590609
-482.04999255
-482.21054805
-482.23881411
-482.38141944
-482.53076417
-482.67636846
-482.85119293
-482.94471604
-482.97672906
-483.13552838
-483.27534546
-483.40938102
-483.40456239
-483.55727993
-483.71119242
-483.85164984
-484.00644158
-484.16001801
-484.22331826
-484.36204027
-484.50278718
-484.53014374
-484.60964874
-484.75287884
-484.79377246
-484.86958414
-485.05701123
-485.19731920
-485.29409677
-485.43291297
-485.51434046
-485.65298034
-485.79334362
-485.88884238
-486.02525531
-486.16224102
-486.29902184
-486.43807894
-486.62613790
-486.66086137
-486.79676251
-486.89563560
-487.04568469
-487.18395675
-487.31998606
-487.45834447
-487.48805197
-487.66967325
-487.80561808
-487.81864499
-488.02017544
-488.15321668
-488.28857411
-488.43661233
-488.57221867
-488.58041731
-488.65888243
-488.80026707
-488.87812562
-489.01730971
-489.15153116
-489.27778016
-489.34443898
-489.53359419
-489.60207781
-489.73522475
-489.78588587
-489.84574549
-490.00910601
-490.11348315
-490.30970298
-490.44370046
-490.59698067
-490.72772787
-490.91052917
-491.04251650
-491.05764378
-491.20629720
-491.35750077
-491.49423275
-491.68265295
-491.77330668
-491.91901732
-492.04619791
-492.17710982
-492.19230507
-492.32389127
-492.39971814
-492.45309226
-492.59275437
-492.62961482
-492.76465516
-492.72891497
-492.77328609
-492.78852445
-492.93710279
-493.06342373
-493.20122727
-493.27104447
-493.41349466
-493.44169564
-493.56859941
-493.69512253
-493.82175790
-493.99162350
-494.01172836
-494.20278970
-494.20769151
-494.33495009
-494.52509028
-494.65113649
-494.73253229
-494.84963770
-494.94730634
-495.04133559
-495.16489766
-495.23844024
-495.26377976
-495.34706814
-495.35647475
-495.40101735
-495.53811890
-495.66267236
-495.80096540
-495.85839852
-495.92991763
-495.99475719
-496.11651671
-496.25195246
-496.37525520
-496.51080242
-496.64000115
-496.83159493
-496.96772303
-496.97128103
-497.14189615
-497.27050238
-497.40830985
-497.49056297
-497.58786313
-497.76465166
-497.90421175
-498.02965703
-498.02920922
-498.04692584
-498.16283902
-498.14180520
-498.29550901
-498.27371809
-498.33831394
-498.53738207
-498.66806964
-498.79364349
-498.99061343
-499.12512489
-499.30131760
-499.44136202
-499.56580095
-499.70316393
-499.82805992
-499.84490309
-499.98137727
-500.16051802
-500.23094923
-500.36731957
-500.49959628
-500.61640433
-500.81682388
-500.82463299
-500.96393700
-501.13465405
-501.30969647
-501.36132072
-501.48155660
-501.60420170
-501.65439648
-501.77400420
-501.77641768
-501.89860309
-502.03575273
-502.21507261
-502.25779878
-502.28684386
-502.42219675
-502.56087010
-502.57366629
-502.59721351
-502.79216385
-502.74267442
-502.87446695
-502.97990535
-503.00277846
-503.13761926
-503.33286577
-503.47376612
-503.59611869
-503.65604437
-503.79723357
-503.83345268
-503.94394145
-503.97880650
-504.00767515
-504.20240638
-504.39584995
-504.51114498
-504.53725650
-504.65972814
-504.79324577
-504.78197463
-504.85770364
-504.89654552
-505.03059819
-505.16720321
-505.26064237
-505.38007982
-505.39662881
-505.39950691
-505.38923940
-505.52580460
-505.65512829
-505.79469769
-505.92453220
-505.93037759
-505.93103872
-506.06827641
-506.19838211
-506.33332800
-506.46916292
-506.59557560
-506.78596650
-506.91231199
-507.04642677
-507.17388114
-507.29955973
-507.42213463
-507.54370761
-507.65346463
-507.72770709
-507.85808325
-508.02511006
-508.14814066
-508.26659278
-508.38707599
-508.58602859
-508.75569653
-508.87904213
-509.00938332
-509.13967374
-509.25757829
-509.38470731
-509.46415484
-509.52322007
-509.64239491
-509.82618289
-509.95406015
-510.01326554
-510.12920766
-510.24984451
-510.36860131
-510.49026139
-510.61468891
-510.73178580
-510.90934288
-511.04060784
-511.00214914
-510.94120901
-511.13263285
-511.32174798
-511.43984676
-511.60110150
-511.59007551
-511.69552622
-511.89312483
-512.01432077
-512.13071929
-512.16917217
-512.26488538
-512.44816511
-512.42465742
-512.35400505
-512.55036587
-512.66439971
-512.81190028
-512.92910358
-512.89244465
-513.00563420
-513.11959751
-513.06996537
-513.19323028
-513.28160139
-513.41124812
-513.53063893
-513.58366169
-513.69745029
-513.82494482
-513.94044922
-513.97530408
-514.17200580
-514.28598720
-514.37564640
-514.40123587
-514.51002053
-514.57175689
-514.67151554
-514.82980113
-514.94161817
-515.05143284
-515.17530994
-515.28982719
-515.43698834
-515.59554589
-515.70943115
-515.80394166
-515.93789029
-516.06135528
-516.17382215
-516.28560904
-516.35744609
-516.37776079
-516.40433037
-516.51881864
-516.59118127
-516.71395820
-516.82521580
-516.94159426
-517.10918905
-517.17964949
-517.18250158
-517.28754568
-517.46002292
-517.62238020
-517.63337367
-517.76607096
-517.87863086
-517.98857718
-518.10169393
-518.22808350
-518.34221666
-518.30988945
-518.31598078
-518.43838090
-518.45734200
-518.41687814
-518.52956579
-518.63661319
-518.70468959
-518.69666137
-518.81103143
-518.98780466
-519.07970419
-519.19369971
-519.30809165
-519.33950596
-519.39520789
-519.58595526
-519.70245446
-519.75090524
-519.94506972
-519.94938024
-520.04871560
-520.14296644
-520.14160066
-520.14518540
-520.24443314
-520.35895220
-520.55005255
-520.71087421
-520.82064030
-520.93076172
-520.98747805
-520.98906389
-521.00082999
-521.11731484
-521.23518419
-521.36291091
-521.46801354
-521.65493271
-521.63455511
-521.73709556
-521.85366869
-521.96142035
-522.14121464
-522.13042255
-522.24261571
-522.35645485
-522.45822594
-522.60850943
-522.72213877
-522.85852432
-522.96295524
-523.01777403
-523.18448121
-523.23957030
-523.23924381
-523.17809126
-523.29368119
-523.40010329
-523.38909970
-523.49450836
-523.54457379
-523.61711668
-523.81405680
-523.92152571
-523.92838947
-524.04342607
-524.18690548
-524.29265746
-524.27151686
-524.30310482
-524.40131386
-524.48283828
-524.49801809
-524.55641568
-524.53248342
-524.63157187
-524.72962022
-524.88373698
-524.98319950
-525.09457424
-525.08318512
-525.27097135
-525.44953842
-525.53894300
-525.62741086
-525.63114753
-525.73038674
-525.83263125
-525.93948172
-526.04612606
-526.10636701
-526.28676581
-526.39041184
-526.56651128
-526.76257560
-526.96388197
-526.95651672
-527.05253827
-527.17680365
-527.35620523
-527.37894868
-527.47972906
-527.58283394
-527.57898291
-527.54701155
-527.58233491
-527.55115769
-527.59771122
-527.68070584
-527.70160919
-527.80359420
-527.90558646
-528.00933063
-528.00862166
-528.20872112
-528.17027118
-528.35069781
-528.41888136
-528.50605074
-528.62591247
-528.79967721
-528.89197493
-528.98477232
-529.07411450
-529.04171178
-529.21905190
-529.41018315
-529.49958407
-529.59183184
-529.58866995
-529.55999362
-529.62297964
-529.71356475
-529.80272387
-529.99954660
-530.08747088
-530.18641200
-530.31703665
-530.39630719
-530.49155330
-530.67207184
-530.77064427
-530.85402422
-530.98197299
-531.09170884
-531.07357994
-531.15267312
-531.28520966
-531.42135065
-531.40769775
-531.49770245
-531.48318228
-531.57048384
-531.66685672
-531.74740567
-531.92573329
-532.02386765
-532.11076817
-532.22288417
-532.31153942
-532.49153003
-532.57565579
-532.67196472
-532.75131807
-532.91952560
-533.12497720
-533.26360356
-533.35606079
-533.44054718
-533.52468422
-533.70343831
-533.65969462
-533.73841328
-533.89483955
-533.91238604
-533.99961508
-534.08313504
-534.16563179
-534.24888797
-534.33283318
-534.42526813
-534.52895418
-534.60593278
-534.69244082
-534.78552557
-534.87345246
-534.95605905
-535.15820019
-535.24101285
-535.32340234
-535.40472508
-535.48841717
-535.68782379
-535.77659527
-535.85745868
-535.93891533
-536.08915425
-536.17043602
-536.21658196
-536.30336165
-536.38436216
-536.43795978
-536.51604181
-536.49578653
-536.58719038
-536.67083381
-536.76090681
-536.84399728
-536.92451699
-536.93064825
-537.13851942
-537.21910809
-537.16505098
-537.12075467
-537.20871957
-537.41258242
-537.34875134
-537.43072359
-537.51788113
-537.62829017
-537.71916162
-537.92693837
-538.05992348
-538.21079771
-538.31623409
-538.30132183
-538.46367146
-538.47361397
-538.43284305
-538.52611404
-538.60677287
-538.59549759
-538.50724754
-538.44956706
-538.55850714
-538.64100209
-538.58804155
-538.73075142
-538.81589648
-538.90497267
-538.99032922
-539.07974524
-539.28389444
-539.42478873
-539.50533504
-539.58712458
-539.60160611
-539.69264156
-539.88315995
-539.96406069
-539.88520096
-539.96556703
-540.05846990
-540.14580658
-540.23062012
-540.31487327
-540.39616180
-540.39197506
-540.47290939
-540.60961494
-540.69751241
-540.69531193
-540.77627752
-540.89139172
-540.97705688
-540.95828166
-541.03898764
-541.12508213
-541.31582780
-541.34192084
-541.27128739
-541.35026129
-541.43739686
-541.49190042
-541.56980903
-541.76870840
-541.73429563
-541.84302831
-541.83817011
-541.91459522
-541.99753132
-542.05740775
-542.13646235
-542.21635367
-542.38166393
-542.46230869
-542.44214344
-542.53602560
-542.61419186
-542.72093990
-542.91880315
-543.02960123
-543.11914153
-543.19400158
-543.19728126
-543.27096766
-543.34857300
-543.42892131
-543.51988996
-543.71033726
-543.79044119
-543.88089001
-543.96377770
-543.90738187
-543.99437397
-544.11025288
-544.19638593
-544.28406344
-544.49195234
-544.64267503
-544.72220875
-544.80384888
-544.96847907
-545.10002990
-545.07821751
-545.15826707
-545.36085686
-545.43724602
-545.39365299
-545.59574334
-545.66970710
-545.74845731
-545.69096857
-545.76646660
-545.93131347
-545.94360506
-545.99437372
-546.11342056
-546.18511568
-546.25725500
-546.32986147
-546.28118821
-546.36010476
-546.47723206
-546.42317390
-546.49920193
-546.57131335
-546.64123775
-546.72137092
-546.80179095
-546.87272281
-546.99253881
-547.06679118
-547.17277735
-547.24210330
-547.39220150
-547.51742245
-547.63964979
-547.70874762
-547.62261818
-547.54694488
-547.59652487
-547.66548312
-547.79947466
-547.86608415
-547.83696321
-547.90491671
-547.97955237
-548.17543789
-548.24194016
-548.41444045
-548.58684986
-548.65311231
-548.74210766
-548.81168190
-548.92398917
-548.86190050
-548.85164357
-548.81763933
-548.88428458
-549.06233240
-549.13957414
-549.21575431
-549.18097057
-549.25667284
-549.20840400
-549.27083499
-549.44960055
-549.63953165
-549.76417028
-549.82801016
-550.00300265
-550.07932437
-550.14944325
-550.21956022
-550.25456547
-550.23532203
-550.29424545
-550.43939136
-550.52090128
-550.70130899
-550.71484170
-550.78525107
-550.85119877
-550.92589802
-550.99255688
-551.05948243
-551.13058921
-551.19595907
-551.28712205
-551.35242020
-551.37703078
-551.44296393
-551.49213251
-551.66432712
-551.73233721
-551.83080360
-551.89372463
-551.99715963
-552.06732654
-552.03324635
-552.20777410
-552.27965286
-552.39124862
-552.40110731
-552.46827924
-552.44997025
-552.38890416
-552.46189469
-552.44433017
-552.43895805
-552.50865917
-552.57459288
-552.60286967
-552.73695729
-552.80084359
-552.88372153
-552.94998494
-553.08531912
-553.19790886
-553.36877740
-553.52338711
-553.45533845
-553.47007634
-553.58396940
-553.65055129
-553.77469783
-553.86826436
-554.00489923
-553.97487646
-554.12995578
-554.22168108
-554.27725442
-554.33684403
-554.47941606
-554.54788354
-554.60493258
-554.66856835
-554.67377602
-554.79718691
-554.91026242
-554.96715233
-554.95195036
-555.02052328
-555.07989452
-555.07390256
-555.04861213
-555.22280135
-555.27799013
-555.40716066
-555.50045236
-555.64252903
-555.66839158
-555.82213190
-555.82471211
-555.88887251
-555.95281065
-556.01273815
-555.96354135
-555.96033826
-556.01557697
-556.14090419
-556.24663015
-556.30452149
-556.26908740
-556.33016633
-556.30781038
-556.36596928
-556.42397808
-556.40034913
-556.37253091
-556.39557279
-556.44859519
-556.50305408
-556.48588623
-556.54579703
-556.48812621
-556.48748647
-556.40579556
-556.55372505
-556.61967346
-556.69783357
-556.75367780
-556.78973049
-556.73580602
-556.71977216
-556.78583758
-556.84401905
-556.90503694
-556.98652832
-557.04988098
-557.11095019
-557.16770756
-557.22649532
-557.24042333
-557.33864892
-557.39349767
-557.32891841
-557.42284778
-557.38842396
-557.44853808
-557.44750359
-557.54139222
-557.61426136
-557.67860494
-557.73778828
-557.79316595
-557.91441254
-557.99195878
-558.04403126
-558.18162887
-558.16206040
-558.11986557
-558.16592943
-558.23027560
-558.28021285
-558.43585647
-558.45443169
-558.51653924
-558.49871721
-558.54446001
-558.60752149
-558.65952364
-558.71301042
-558.83971590
-558.88833539
-558.93275579
-559.05165956
-558.98897121
-559.03844025
-559.20731152
-559.25962189
-559.31666555
-559.46197246
-559.52616326
-559.62284740
-559.59384745
-559.64437386
-559.69710294
-559.75602030
-559.81380503
-559.87478115
-559.92370566
-560.00882738
-560.09333202
-560.14222258
-560.20100865
-560.24732197
-560.20548382
-560.17904606
-560.23666961
-560.29086016
-560.33945221
-560.39019092
-560.45199225
-560.60014320
-560.68589058
-560.72912025
-560.64952052
-560.76172445
-560.81391725
-560.98626850
-561.07369220
-561.24403620
-561.36603201
-561.53933758
-561.49993402
-561.45890954
-561.48189750
-561.53449266
-561.47730533
-561.53271385
-561.60516671
-561.66236009
-561.73207598
-561.70518444
-561.87530534
-561.92459814
-561.97820118
-561.93458641
-561.98742588
-562.10288827
-562.14107690
-562.18803402
-562.24160446
-562.28898547
-562.32973853
-562.38263016
-562.43318599
-562.55104014
-562.57737931
-562.62454486
-562.58212205
-562.62866999
-562.67271160
-562.72560908
-562.78891279
-562.84046781
-562.82410217
-562.87573175
-562.92051169
-562.97242739
-563.02064727
-563.12591392
-563.23098303
-563.28614378
-563.45236988
-563.50285651
-563.55123520
-563.69837128
-563.85390489
-563.89514804
-563.94118733
-564.04660305
-564.09863699
-564.20918179
-564.25152247
-564.29067364
-564.33421593
-564.38751249
-564.54585380
-564.58504229
-564.74284898
-564.65169464
-564.70471053
-564.75862791
-564.92066714
-564.96338034
-565.00688573
-565.05777293
-565.17736743
-565.34107686
-565.29509448
-565.25062293
-565.28113228
-565.31786734
-565.28933523
-565.27852631
-565.36013688
-565.33307959
-565.44292456
-565.48984389
-565.59633167
-565.54328584
-565.68845300
-565.73524225
-565.78536109
-565.76244759
-565.80168208
-565.84092135
-565.99450575
-565.88600054
-565.84011454
-565.95097045
-566.08920078
-566.23423127
-566.30243845
-566.28333522
-566.39434792
-566.53734124
-566.46566057
-566.46425229
-566.59351009
-566.63960393
-566.66415238
-566.70739658
-566.66613141
-566.79412280
-566.74884876
-566.85358385
-566.95446194
-567.08615646
-567.23837543
-567.18988532
-567.23485055
-567.32546433
-567.47146264
-567.51545685
-567.55169786
-567.59784977
-567.64610358
-567.54347832
-567.58548685
-567.71764084
-567.83455570
-567.87750661
-567.98401151
-568.08462439
-568.23968491
-568.28694390
-568.20742826
-568.34756404
-568.36862224
-568.43600491
-568.47510242
-568.52373861
-568.46814601
-568.51431731
-568.55170329
-568.67146278
-568.59661309
-568.63208892
-568.61815148
-568.58049409
-568.68436083
-568.67361666
-568.81352422
-568.85145064
-568.96928535
-569.01401281
-569.13253895
-569.17780041
-569.17986717
-569.21925654
-569.20425548
-569.24924687
-569.29688956
-569.37390104
-569.33876403
-569.29050523
-569.26765208
-569.31608281
-569.35337447
-569.30190568
-569.26857969
-569.35750862
-569.40755370
-569.48990416
-569.52456829
-569.56567493
-569.57725921
-569.61069719
-569.65649024
-569.62621737
-569.76335114
-569.89497440
-569.93995190
-569.98614196
-570.03565162
-570.12208041
-570.06307537
-570.10109860
-570.16656336
-570.31169790
-570.25809819
-570.40703652
-570.38041665
-570.42530080
-570.55844115
-570.52235603
-570.57194764
-570.50960451
-570.54742072
-570.60293693
-570.60476079
-570.64126128
-570.67830514
-570.71611882
-570.83886336
-570.87722012
-570.91339182
-570.95379724
-571.02009887
-571.05494607
-571.09743505
-571.02164083
-571.14985225
-571.18612851
-571.17556908
-571.14514684
-571.18603185
-571.24648841
-571.28248439
-571.41673899
-571.43106280
-571.35681456
-571.47897706
-571.61173704
-571.65184581
-571.69052208
-571.72828467
-571.77065140
-571.79859755
-571.86768058
-571.80287752
-571.82815952
-571.96283525
-571.99838055
-572.01401656
-572.05615169
-572.09299226
-572.12833204
-572.17165055
-572.18313065
-572.20174189
-572.23384881
-572.27817126
-572.36674140
-572.40578920
-572.44321775
-572.47651891
-572.51462226
-572.49561671
-572.53233181
-572.47633269
-572.59736053
-572.54742025
-572.67700504
-572.75723591
-572.79989409
-572.83647798
-572.86346343
-572.88990574
-572.92227204
-572.95882640
-573.05509444
-573.09000093
-573.04648816
-573.08288646
-573.12924888
-573.16427484
-573.20031062
-573.29385930
-573.39118654
-573.42490818
-573.45651389
-573.38937119
-573.42684286
-573.43418074
-573.47597104
-573.50992063
-573.54521274
-573.63271731
-573.71450373
-573.75148351
-573.78791333
-573.89609643
-573.92841020
-573.96382631
-574.05311917
-574.09033488
-574.13152827
-574.16862684
-574.24747955
-574.17875648
-574.22031381
-574.31827262
-574.36102783
-574.39707073
-574.36740220
-574.40075243
-574.46543371
-574.50219986
-574.58944535
-574.62072847
-574.65171860
-574.74764613
-574.78812343
-574.82014698
-574.91363479
-574.85677592
-574.88670304
-574.86997008
-574.92196772
-574.96384662
-575.06623663
-575.16382638
-575.07439227
-575.07910080
-575.16618248
-575.10478827
-575.13707773
-575.21026220
-575.24815661
-575.31800949
-575.35192318
-575.38532912
-575.36959926
-575.38941024
-575.31618891
-575.27787894
-575.29786223
-575.19580256
-575.23009689
-575.28355424
-575.38758941
-575.42079314
-575.45268626
-575.43879140
-575.47079304
-575.55549378
-575.58819709
-575.62123275
-575.58916212
-575.64105676
-575.67483067
-575.65543900
-575.77024836
-575.86585817
-575.84609260
-575.87600199
-575.75796081
-575.71325181
-575.70333105
-575.73060185
-575.75534618
-575.84952485
-575.88691671
-575.92518016
-575.96423769
-575.99935094
-575.97803023
-575.87645263
-575.93933762
-576.05714126
-576.03701887
-576.02549814
-576.05691671
-576.03009934
-576.07240506
-576.07109910
-576.19264266
-576.14870736
-576.18462314
-576.21739996
-576.26068777
-576.29373526
-576.33349972
-576.36454118
-576.49411830
-576.56862599
-576.59696753
-576.63488919
-576.77188476
-576.79660363
-576.82264679
-576.76604326
-576.89842722
-576.92436171
-577.00322973
-577.12842496
-577.15828062
-577.23531466
-577.27430151
-577.35475613
-577.47516936
-577.50897292
-577.54149147
-577.58017650
-577.60776000
-577.57266499
-577.60108140
-577.74003729
-577.87655521
-577.91167379
-577.94124241
-577.96921052
-577.99850381
-578.13076084
-578.13353423
-578.23031286
-578.37108475
-578.44475099
-578.56028630
-578.58751534
-578.73589658
-578.66978380
-578.69941153
-578.68472145
-578.62206111
-578.65124536
-578.66810604
-578.59367048
-578.73265103
-578.70820565
-578.72639404
-578.74432523
-578.71931405
-578.74820814
-578.68637324
-578.82552559
-578.75891779
-578.78704899
-578.81083813
-578.95840971
-578.99288254
-579.10293768
-579.04234976
-579.06130969
-579.04127222
-579.06691047
-579.09197040
-579.11434263
-579.13848074
-579.28624308
-579.30563844
-579.33600453
-579.36134784
-579.50491783
-579.53501339
-579.67711987
-579.69628162
-579.72507505
-579.81780757
-579.84199872
-579.85531534
-579.99952206
-580.02501937
-580.11369972
-580.13459029
-580.22477753
-580.31235188
-580.40096272
-580.48707641
-580.51151798
-580.60562884
-580.63154922
-580.75377887
-580.88505642
-580.90619532
-581.03199426
-581.18358999
-581.20970924
-581.23389995
-581.26073900
-581.36476602
-581.44304491
-581.46687370
-581.49333474
-581.51785181
-581.60329543
-581.62280997
-581.69053528
-581.80422855
-581.82272695
-581.88620174
-582.01516152
-582.04090549
-581.92454253
-581.91648639
-581.93446568
-581.92247034
-582.03440727
-582.05682417
-582.07764315
-582.09656969
-582.14684941
-582.16301421
-582.12352653
-582.07840795
-582.13877519
-582.16223659
-582.18523421
-582.15046491
-582.21708092
-582.23512943
-582.25361165
-582.27082813
-582.29105427
-582.35232667
-582.45218213
-582.44669979
-582.46372706
-582.45209355
-582.61206343
-582.65696896
-582.54999075
-582.60785372
-582.70245880
-582.72364265
-582.75098992
-582.71685019
-582.83597060
-582.86013638
-582.87631660
-582.88753309
-582.97287271
-582.99910473
-583.02519296
-582.97890613
-583.04550275
-582.98514264
-583.03822480
-582.92078141
-582.94148139
-582.88332125
-582.88583667
-583.00214258
-583.02041543
-583.09963890
-582.98170123
-583.00195956
-582.94647901
-582.96993013
-582.98933087
-583.01657671
-583.09698731
-583.11854591
-583.13961552
-583.26818933
-583.29086849
-583.37400498
-583.39364948
-583.32218498
-583.41146839
-583.48694536
-583.51245698
-583.66297530
-583.65941181
-583.71124828
-583.73517047
-583.85742431
-583.87677523
-583.79975870
-583.82338100
-583.96306413
-583.98248473
-584.00022679
-583.92010055
-583.93863953
-583.95688486
-584.10045699
-584.04562544
-583.91374231
-584.04559573
-584.17630014
-584.19580274
-584.13474049
-584.26056989
-584.27601119
-584.27826105
-584.29491407
-584.22944351
-584.25310356
-584.21565979
-584.16176776
-584.24208181
-584.14291963
-584.04060008
-584.13369416
-584.15708949
-584.17104528
-584.18649254
-584.34671596
-584.38995783
-584.37714615
-584.42390206
-584.41795172
-584.43890289
-584.45741382
-584.35886998
-584.37967308
-584.37601549
-584.50872316
-584.50753595
-584.59476476
-584.62680055
-584.64241463
-584.65607679
-584.77495772
-584.79961567
-584.82695451
-584.77965691
-584.79480273
-584.85996479
-584.81264553
-584.83799596
-584.89571867
-584.97184521
-585.05017359
-585.07025513
-585.15664818
-585.14516110
-585.26534366
-585.28670164
-585.30526689
-585.32340534
-585.32473462
-585.30058435
-585.29021657
-585.31541082
-585.23091614
-585.30114966
-585.31864793
-585.23662395
-585.31002108
-585.33284894
-585.34648251
-585.40825482
-585.43091989
-585.44898661
-585.47166221
-585.52343133
-585.54375685
-585.59529800
-585.54029525
-585.55812869
-585.54999368
-585.57294544
-585.59653548
-585.61194297
-585.63087784
-585.64978575
-585.66567562
-585.68469185
-585.83230283
-585.87271957
-585.95662985
-586.01644309
-586.03829302
-585.91288984
-585.85016047
-585.95193989
-585.91802336
-585.96348736
-585.98829657
-586.00609761
-586.14186125
-586.16023020
-586.12592275
-586.15043338
-586.16666065
-586.20683340
-586.15431618
-586.16639109
-586.11495082
-586.01169857
-586.03349454
-586.07134767
-586.18080372
-586.07788326
-585.96025976
-585.91341408
-585.99534709
-586.05260256
-586.07601870
-586.08941983
-586.17826942
-586.05750034
-586.07918220
-586.10726342
-586.12841398
-586.15596427
-586.10073564
-586.00190528
-586.02274332
-586.04660261
-586.07667556
-586.09876089
-586.12076175
-586.14933154
-586.17181941
-586.19791048
-586.25982965
-586.39262916
-586.41899338
-586.44209271
-586.38335008
-586.50200692
-586.52550130
-586.62468601
-586.73187121
-586.75747881
-586.78589408
-586.81880844
-586.82792584
-586.84763084
-586.83469459
-586.85857914
-586.88487539
-586.94659134
-586.96155992
-587.05488551
-587.18905204
-587.17990316
-587.20519555
-587.24379677
-587.27366147
-587.35552869
-587.37518523
-587.32265687
-587.34405954
-587.36808054
-587.38534052
-587.29118503
-587.30163551
-587.38277287
-587.47372370
-587.57648055
-587.59828783
-587.62643749
-587.65494053
-587.67819155
-587.75935956
-587.71193905
-587.72884940
-587.74750770
-587.86613812
-587.88618124
-587.90826562
-587.83964727
-587.85893447
-587.88161709
-587.90241215
-587.83057430
-587.84630334
-587.80058537
-587.82002383
-587.83488097
-587.85936760
-587.88613902
-587.90511526
-587.84685786
-587.87092817
-587.89547483
-587.92074719
-587.93888944
-587.87551020
-587.89937080
-587.85736860
-587.78165846
-587.84243928
-587.90303798
-587.85471047
-587.87589486
-587.89201389
-587.91507594
-587.93389634
-587.94991042
-587.96328419
-587.93391700
-588.01113471
-587.98945843
-588.00411027
-588.07620297
-588.09668482
-588.19198648
-588.06400846
-588.08269219
-588.09839719
-588.11983073
-588.14069084
-588.24985290
-588.26470578
-588.28188104
-588.30101272
-588.41429415
-588.46733351
-588.55431233
-588.57373642
-588.67202877
-588.76487349
-588.78367800
-588.83963552
-588.85687922
-588.86983511
-588.88879912
-588.90584838
-588.97416914
-588.98916770
-589.07330503
-589.14281607
-589.15369854
-589.16373055
-589.17472252
-589.18756891
-589.19393529
-589.29971758
-589.37917768
-589.39883819
-589.41489459
-589.50056759
-589.56933052
-589.65975063
-589.67345194
-589.74022107
-589.75911376
-589.85143696
-589.89613789
-589.83543322
-589.91881729
-590.01883970
-590.01975470
-589.97851333
-589.97080154
-589.98647449
-590.00671774
-590.02973822
-590.11701305
-590.13029441
-590.15298779
-590.16856948
-590.18212477
-590.27152792
-590.36742989
-590.38547291
-590.39854349
-590.41532761
-590.43281297
-590.45180727
-590.53613288
-590.52320704
-590.54317264
-590.62213638
-590.68182908
-590.69574107
-590.78777361
-590.80857913
-590.82964377
-590.73723996
-590.67885228
-590.69977720
-590.72179289
-590.70019330
-590.69825334
-590.71869064
-590.74038257
-590.79657057
-590.81952125
-590.90253691
-590.92194298
-590.99231776
-590.91156974
-590.92724387
-590.94695861
-590.90185085
-590.91836595
-590.93919146
-590.96103704
-590.93920428
-590.96252637
-591.03266715
-591.09743056
-591.11504999
-591.09626437
-591.15655732
-591.23373172
-591.31017376
-591.30784542
-591.32250924
-591.38613140
-591.45158333
-591.41311540
-591.42987837
-591.44859524
-591.46513337
-591.53327754
-591.55900524
-591.57515253
-591.59671250
-591.61819750
-591.67492644
-591.73977659
-591.74300082
-591.75794482
-591.77660257
-591.79365981
-591.81450845
-591.88068897
-591.94998781
-592.01985776
-592.03618702
-592.05496976
-592.09941367
-592.12332651
-592.10616176
-592.17718779
-592.20042554
-592.20460370
-592.22664884
-592.30428554
-592.30415910
-592.32071432
-592.37721742
-592.39399105
-592.41344802
-592.43398226
-592.44756486
-592.46091930
-592.47802837
-592.52837698
-592.54812426
-592.62072358
-592.63910626
-592.69962814
-592.71155791
-592.73186759
-592.68482607
-592.72156159
-592.78075536
-592.78497017
-592.80336857
-592.85258315
-592.86586953
-592.87799470
-592.89445229
-592.89193048
-592.90213128
-592.91956468
-592.93335643
-592.96332671
-592.98134707
-592.99279166
-593.03706915
-593.05045152
-593.06902686
-593.12454624
-593.16973699
-593.22928018
-593.19736919
-593.21484690
-593.22955464
-593.21031765
-593.16284517
-593.19153901
-593.23415311
-593.22786733
-593.15410293
-593.14950324
-593.15051635
-593.16887726
-593.18473517
-593.20334246
-593.21346542
-593.22963501
-593.24708368
-593.25880415
-593.28108051
-593.29288303
-593.31968766
-593.33482824
-593.38446122
-593.43350023
-593.44502914
-593.45637698
-593.46993001
-593.48223636
-593.52838450
-593.54095056
-593.53621142
-593.54965480
-593.54600917
-593.52478361
-593.57013767
-593.58277308
-593.59699037
-593.59840837
-593.62513205
-593.63722471
-593.61032738
-593.65346685
-593.69614998
-593.62053233
-593.65034786
-593.66171601
-593.67351392
-593.70059921
-593.71120421
-593.68553287
-593.69795717
-593.71244001
-593.75838385
-593.77586171
-593.78528417
-593.80513043
-593.84976601
-593.86618948
-593.90945360
-593.92816121
-593.94570638
-593.91997089
-593.93944305
-593.94195364
-593.95347160
-593.96662460
-593.97524565
-594.01068955
-594.04907728
-594.06191995
-594.07913287
-594.10032720
-594.12658798
-594.13970859
-594.15912238
-594.17143616
-594.18429400
-594.18120087
-594.19664386
-594.23677087
-594.27571615
-594.27161774
-594.32251286
-594.26037692
-594.31148754
-594.32381202
-594.36798436
-594.40775948
-594.42320538
-594.45438824
-594.47410371
-594.51626407
-594.52412137
-594.54120667
-594.55716280
-594.57129480
-594.60017284
-594.60322605
-594.61004941
-594.62387163
-594.63774681
-594.65218348
-594.67064360
-594.71096306
-594.74085308
-594.75671275
-594.76957293
-594.81516036
-594.84428827
-594.85707833
-594.88570385
-594.90401999
-594.95105028
-594.96344582
-594.98381097
-595.01317510
-594.99098677
-595.00128056
-595.05150297
-595.06310595
-595.07864929
-595.12280338
-595.17043979
-595.18273057
-595.21358345
-595.22564969
-595.24823515
-595.26264381
-595.24514979
-595.28015204
-595.29947868
-595.30862384
-595.31990329
-595.33600337
-595.34678312
-595.34741924
-595.34514606
-595.29697730
-595.29798013
-595.26730132
-595.31124825
-595.29748628
-595.31237242
-595.32676718
-595.33879770
-595.38088366
-595.39062181
-595.38196564
-595.39171850
-595.40059953
-595.44951919
-595.46044480
-595.46905240
-595.51352312
-595.52704981
-595.53949485
-595.53229123
-595.53624088
-595.54750235
-595.56023739
-595.58290925
-595.59241203
-595.60655659
-595.62594305
-595.63778849
-595.65154325
-595.66157216
-595.67364555
-595.68710402
-595.67962382
-595.70546911
-595.71690580
-595.72925729
-595.72602375
-595.73837336
-595.77836065
-595.80271851
-595.78308445
-595.81773285
-595.79183467
-595.80059139
-595.81515146
-595.83342854
-595.87384693
-595.84998853
-595.86255076
-595.90024231
-595.91112634
-595.90492957
-595.94356237
-595.95287178
-595.99081152
-596.00688716
-596.05182480
-596.06895741
-596.10710084
-596.08222050
-596.09170602
-596.12941641
-596.14784594
-596.16064464
-596.19655741
-596.23582878
-596.25485794
-596.28830131
-596.27930621
-596.29892200
-596.34365507
-596.36299925
-596.33212176
-596.36136038
-596.35040465
-596.38906438
-596.39532690
-596.43115370
-596.46382410
-596.43720058
-596.45843410
-596.48063617
-596.52345175
-596.53365400
-596.53687081
-596.54819226
-596.56866734
-596.60065655
-596.63623244
-596.64681396
-596.66163385
-596.69903695
-596.70795884
-596.72946207
-596.74228898
-596.75450193
-596.79236865
-596.78199746
-596.79561847
-596.82881698
-596.86551070
-596.87723838
-596.89071840
-596.93304260
-596.91320516
-596.93033343
-596.94322848
-596.95956600
-596.99747473
-597.00021405
-597.00757569
-597.02015200
-597.03607255
-597.04966713
-597.06323013
-597.10716560
-597.12533823
-597.16513203
-597.17455577
-597.21188656
-597.25083818
-597.23803832
-597.25184351
-597.26355408
-597.27791628
-597.29317284
-597.32946147
-597.36907938
-597.38364000
-597.41669559
-597.43597468
-597.42802698
-597.44632223
-597.48544792
-597.50322031
-597.54253740
-597.57886930
-597.59405216
-597.61314047
-597.59793895
-597.63602908
-597.67454976
-597.65381997
-597.68519499
-597.70483540
-597.69356874
-597.71524309
-597.73543870
-597.77309554
-597.78922091
-597.80365005
-597.81817517
-597.83255594
-597.85127844
-597.87014572
-597.89041059
-597.90354727
-597.91689703
-597.93806398
-597.94938948
-597.96773222
-597.96825934
-597.98395896
-598.02124054
-598.05621794
-598.06955025
-598.10085905
-598.13461432
-598.14379805
-598.15706164
-598.19128364
-598.20845536
-598.22138198
-598.25715821
-598.27636926
-598.28788933
-598.32613309
-598.34141279
-598.35081674
-598.38491186
-598.41945645
-598.41278159
-598.42647622
-598.44017564
-598.45304760
-598.41583461
-598.43382434
-598.47007041
-598.49809331
-598.51068491
-598.53029507
-598.56091141
-598.59806216
-598.61628731
-598.62749000
-598.63243222
-598.61378133
-598.63481013
-598.65419868
-598.66848988
-598.68362073
-598.72187232
-598.72109957
-598.72550853
-598.75355943
-598.79053743
-598.81944870
-598.85522022
-598.88425951
-598.91471547
-598.95269239
-598.96556743
-598.98359207
-598.99606866
-598.96247898
-598.97520655
-598.99453384
-599.01551915
-599.03211308
-599.04448054
-599.05983090
-599.09612226
-599.11050426
-599.12595097
-599.13987420
-599.16174827
-599.17807446
-599.20596929
-599.22037735
-599.23606249
-599.26831528
-599.28385041
-599.30379194
-599.31830959
-599.30541469
-599.31913825
-599.35038193
-599.38352138
-599.38691247
-599.39415467
-599.40891504
-599.40416172
-599.43710816
-599.45756655
-599.46066639
-599.49455381
-599.50766897
-599.52196777
-599.53643800
-599.56885515
-599.60071110
-599.61568483
-599.64864152
-599.66766732
-599.69871521
-599.69779955
-599.70546759
-599.72783999
-599.76133026
-599.72736804
-599.74357561
-599.75935478
-599.79516136
-599.81137459
-599.82880595
-599.85582971
-599.89126271
-599.89424218
-599.93051096
-599.92696419
-599.95834341
-599.97434123
-599.99207471
-600.02971551
-600.04766174
-600.08515903
-600.11978374
-600.13461399
-600.16919577
-600.19040478
-600.20564951
-600.21813490
-600.24800670
-600.27132245
-600.29468388
-600.31820853
-600.33902364
-600.37191891
-600.39443002
-600.42457850
-600.41857475
-600.43240691
-600.45177939
-600.44062434
-600.46027286
-600.48274989
-600.51284650
-600.54640488
-600.56674467
-600.58260943
-600.59856888
-600.58813446
-600.60292766
-600.60559114
-600.62928773
-600.62563155
-600.64585407
-600.67837118
-600.70783885
-600.72085830
-600.71719592
-600.74272846
-600.73664874
-600.76010922
-600.78181266
-600.80001640
-600.81260349
-600.81855395
-600.83313723
-600.85411632
-600.87515492
-600.90317270
-600.91803427
-600.93379980
-600.94908774
-600.96924961
-601.00196150
-601.03596570
-601.06633211
-601.08127243
-601.10895665
-601.10052600
-601.11766372
-601.12662994
-601.15675857
-601.17497452
-601.19315186
-601.18486841
-601.20096422
-601.23376746
-601.23048345
-601.26170047
-601.25284446
-601.25465047
-601.24819575
-601.24407545
-601.27205344
-601.28156924
-601.29693751
-601.28466115
-601.31696655
-601.33359634
-601.35130878
-601.36603014
-601.39639331
-601.41647552
-601.43115570
-601.44990886
-601.45071174
-601.46485073
-601.48546603
-601.48016482
-601.49654144
-601.50753503
-601.50346437
-601.52183825
-601.53444389
-601.54960718
-601.56391158
-601.57532392
-601.56961773
-601.60136798
-601.63165881
-601.64672021
-601.65950002
-601.69256175
-601.70637974
-601.73716302
-601.74868537
-601.76589580
-601.78385983
-601.77520830
-601.78838417
-601.81909780
-601.83509889
-601.86368354
-601.89381808
-601.89350282
-601.90782240
-601.93445743
-601.94085478
-601.95642219
-601.97164721
-601.99118064
-602.00545276
-602.01826228
-602.03649074
-602.05253980
-602.06293479
-602.09325553
-602.12026674
-602.13426336
-602.15145402
-602.15854665
-602.18211880
-602.19515575
-602.22226086
-602.24586669
-602.23298664
-602.26531096
-602.27686079
-602.29644013
-602.30780656
-602.32664784
-602.35841954
-602.36909857
-602.39043520
-602.40438646
-602.43612406
-602.46366896
-602.47625809
-602.49647670
-602.52265764
-602.53495206
-602.51169131
-602.53583690
-602.56637620
-602.58132734
-602.60119515
-602.61591958
-602.62975782
-602.65009237
-602.66438475
-602.69557377
-602.70992659
-602.72381821
-602.74836151
-602.76346748
-602.78158231
-602.80717056
-602.83358790
-602.85686531
-602.87084446
-602.87453517
-602.88885134
-602.91188296
-602.92329217
-602.94017298
-602.95956757
-602.98510038
-602.99822772
-603.00634534
-603.03725656
-603.02065676
-603.03240345
-603.02774963
-603.05714680
-603.07658119
-603.09885263
-603.10632606
-603.13164522
-603.14665032
-603.16709562
-603.18575052
-603.19717702
-603.21045300
-603.21867236
-603.24260966
-603.25105969
-603.26628248
-603.29103009
-603.32137210
-603.33631117
-603.35279410
-603.36958329
-603.39639162
-603.41047252
-603.42363482
-603.44262160
-603.45177792
-603.47161123
-603.49541647
-603.51517042
-603.54266734
-603.55702359
-603.57014631
-603.58977181
-603.59964778
-603.62628131
-603.63459869
-603.64891984
-603.67646658
-603.69196967
-603.70786390
-603.72325123
-603.74301690
-603.75799064
-603.77246474
-603.78854922
-603.80905864
-603.82472698
-603.85224012
-603.86904734
-603.89275717
-603.90943880
-603.92544937
-603.93536950
-603.95009942
-603.97368627
-603.99058090
-604.01643590
-604.03920176
-604.05826948
-604.06918847
-604.08674404
-604.11461695
-604.13383457
-604.15590188
-604.17161218
-604.18527964
-604.19940552
-604.21986617
-604.23454766
-604.24613167
-604.26521677
-604.27124025
-604.29795657
-604.31971252
-604.34122025
-604.36912788
-604.38492037
-604.39987349
-604.40461883
-604.42069765
-604.44393842
-604.46265546
-604.48291677
-604.50435286
-604.52027255
-604.52538733
-604.54258806
-604.56782642
-604.58278851
-604.59776389
-604.61552244
-604.63060245
-604.64596967
-604.64850075
-604.67758438
-604.70474745
-604.73061879
-604.75119448
-604.76893036
-604.78327544
-604.80245933
-604.81434892
-604.83154673
-604.84825610
-604.86559493
-604.85686234
-604.87329304
-604.88649373
-604.88928741
-604.88807409
-604.90940898
-604.91010674
-604.92310667
-604.94770121
-604.97734281
-605.00033113
-605.02012800
-605.02791025
-605.05443259
-605.07128451
-605.08514391
-605.10145684
-605.11768510
-605.13385164
-605.15405082
-605.17429682
-605.19386718
-605.21874558
-605.23322651
-605.25243589
-605.27410798
-605.27649363
-605.27536524
-605.29504837
-605.30779496
-605.32784603
-605.35680562
-605.37211088
-605.38010813
-605.40703948
-605.41334623
-605.43650957
-605.45409953
-605.47534774
-605.49567732
-605.51509554
-605.53584501
-605.55044861
-605.57079763
-605.59398158
-605.60351351
-605.62813534
-605.65619386
-605.65993100
-605.65652214
-605.67664222
-605.69153955
-605.69164966
-605.70768687
-605.73701477
-605.76486069
-605.77964862
-605.80680464
-605.82300564
-605.85192801
-605.87201159
-605.89164011
-605.90901442
-605.92591646
-605.94189328
-605.95843326
-605.97058749
-605.99971179
-606.01893332
-606.04418398
-606.06348293
-606.09395316
-606.10873183
-606.10723972
-606.12208042
-606.13699057
-606.16636675
-606.18073998
-606.18132470
-606.17419233
-606.19056900
-606.20546142
-606.22014035
-606.23515810
-606.25681914
-606.24942299
-606.26697285
-606.28396224
-606.31356822
-606.32747968
-606.34444510
-606.35917726
-606.37436285
-606.39412514
-606.37182009
-606.38645679
-606.41632113
-606.44384033
-606.46004944
-606.48369408
-606.50658620
-606.53196159
-606.56189983
-606.58981778
-606.60504852
-606.62377319
-606.64337876
-606.67323745
-606.69160017
-606.71920260
-606.73793977
-606.76854677
-606.79515279
-606.78963326
-606.81737912
-606.82803942
-606.84376647
-606.84078071
-606.85434141
-606.87257890
-606.88648750
-606.90308870
-606.91626862
-606.93621162
-606.95119595
-606.96359643
-606.96651664
-606.98224232
-606.99874783
-607.02674291
-607.04418870
-607.07359001
-607.08936607
-607.09514791
-607.12628810
-607.14024460
-607.15190880
-607.17983922
-607.20907788
-607.22380268
-607.24685132
-607.25759458
-607.27374318
-607.28204395
-607.29876997
-607.31431095
-607.34440832
-607.36121487
-607.37929710
-607.40720603
-607.42460531
-607.44987411
-607.47694324
-607.49481988
-607.51343267
-607.53135151
-607.55149282
-607.57020214
-607.57198748
-607.59376377
-607.60774625
-607.63448767
-607.65377732
-607.64474521
-607.67134414
-607.69039324
-607.71726366
-607.73334743
-607.73890043
-607.72898113
-607.73296405
-607.74889723
-607.76158262
-607.77705769
-607.78893626
-607.80467381
-607.83391597
-607.85538940
-607.87586475
-607.89005334
-607.90842809
-607.92891139
-607.92141690
-607.94252661
-607.93233842
-607.95353342
-607.96819535
-607.98335737
-607.99761092
-608.01418726
-608.03041150
-608.03863845
-608.04004577
-608.05591687
-608.07081686
-608.07497847
-608.06897325
-608.05241501
-608.07342408
-608.10056714
-608.11112789
-608.12478006
-608.15042646
-608.16123228
-608.17582990
-608.19355835
-608.21588328
-608.24336274
-608.24931490
-608.23862228
-608.26464875
-608.27791237
-608.29581095
-608.31162220
-608.30060236
-608.32423591
-608.35256531
-608.37195874
-608.37448069
-608.39213475
-608.40962624
-608.42451703
-608.44140676
-608.46326472
-608.47706740
-608.49396057
-608.49731716
-608.51374039
-608.53529507
-608.53906220
-608.54958773
-608.55420517
-608.57247695
-608.58399489
-608.60633468
-608.60230606
-608.61985834
-608.63514534
-608.63344544
-608.64745783
-608.66523726
-608.69231216
-608.71283606
-608.74069029
-608.75536434
-608.77247579
-608.78765068
-608.80655088
-608.82601731
-608.84039436
-608.85844983
-608.84889506
-608.86181162
-608.85347910
-608.87230246
-608.88876243
-608.90786887
-608.93263337
-608.93053229
-608.94482452
-608.96041376
-608.95399504
-608.97770000
-608.96227630
-608.98597465
-609.00250943
-608.99222366
-609.01628776
-609.03655938
-609.05886826
-609.07436697
-609.09021716
-609.08143200
-609.09668447
-609.11081256
-609.12687956
-609.13715129
-609.16180320
-609.17681738
-609.19811096
-609.20962600
-609.22876261
-609.24578127
-609.26278559
-609.27758854
-609.29643058
-609.31582348
-609.31584147
-609.33774825
-609.35328291
-609.36856480
-609.37870283
-609.38960582
-609.41605997
-609.43729366
-609.45182696
-609.47112678
-609.49040416
-609.49997224
-609.51570904
-609.52929748
-609.54593979
-609.56603931
-609.58008066
-609.60509117
-609.61452025
-609.64182691
-609.66708146
-609.68789360
-609.70871796
-609.72351636
-609.74159251
-609.73614289
-609.75071051
-609.77796214
-609.80547648
-609.81619565
-609.83122925
-609.85874812
-609.87989388
-609.89827391
-609.92419974
-609.93852432
-609.95780394
-609.97762412
-609.98124769
-609.99159387
-610.01062307
-610.02055865
-610.04789611
-610.06874120
-610.08680928
-610.10160735
-610.12830009
-610.14529772
-610.15673840
-610.17206660
-610.18867595
-610.20362953
-610.21008324
-610.22160862
-610.24250488
-610.26196936
-610.28446280
-610.29964380
-610.31314842
-610.33158866
-610.35716066
-610.37896596
-610.39951293
-610.41982539
-610.43513936
-610.45063879
-610.45716514
-610.47304014
-610.49099091
-610.50553880
-610.51866980
-610.53952402
-610.56072732
-610.57888960
-610.55579036
-610.57675347
-610.59532498
-610.62193964
-610.63751028
-610.64830354
-610.66670413
-610.68209736
-610.69726034
-610.71750161
-610.73848550
-610.75682081
-610.77558305
-610.79208300
-610.80221403
-610.82744908
-610.84868540
-610.86064885
-610.88167724
-610.90268142
-610.92389047
-610.94243549
-610.96922857
-610.96511385
-610.97673797
-610.97166331
-610.99160943
-611.00873953
-611.02748068
-611.04263333
-611.05704129
-611.07803650
-611.09726117
-611.11496390
-611.13515796
-611.14570285
-611.16590670
-611.18656845
-611.19226100
-611.20734699
-611.21619328
-611.22801243
-611.22668625
-611.22725518
-611.24257063
-611.25583014
-611.26242892
-611.26777575
-611.28403212
-611.31149940
-611.32890812
-611.33139529
-611.34935095
-611.35105352
-611.37669602
-611.39113831
-611.41099731
-611.41503348
-611.43547845
-611.45029077
-611.46564494
-611.48580461
-611.50087282
-611.52463018
-611.54266164
-611.55757229
-611.57305879
-611.58838058
-611.61437623
-611.63325242
-611.65570533
-611.65846292
-611.66580783
-611.68060285
-611.70504008
-611.72282099
-611.73830288
-611.75844543
-611.77270554
-611.79400455
-611.81273815
-611.82898073
-611.84431932
-611.87019186
-611.88449350
-611.90461851
-611.91195600
-611.93222305
-611.95154149
-611.94823792
-611.96795614
-611.97467174
-612.00067645
-612.01990051
-612.03650712
-612.05594063
-612.06103037
-612.07557967
-612.09089112
-612.08993954
-612.10409583
-612.12183026
-612.14279708
-612.16218360
-612.18167486
-612.18810054
-612.20272233
-612.21856112
-612.23404184
-612.24843352
-612.26370560
-612.29102951
-612.30959522
-612.32718741
-612.32239758
-612.33713687
-612.35157078
-612.37446417
-612.38858048
-612.37440231
-612.36240925
-612.36881942
-612.38307625
-612.40344994
-612.42914963
-612.44337149
-612.45785589
-612.47479159
-612.49368832
-612.51291755
-612.52739697
-612.54218023
-612.54796279
-612.57285097
-612.58982049
-612.59714833
-612.61425675
-612.63256246
-612.65274426
-612.66478870
-612.68489886
-612.70402279
-612.71914020
-612.73601236
-612.74948486
-612.77191053
-612.78615065
-612.78445253
-612.80452460
-612.78547549
-612.79784779
-612.81714173
-612.82868915
-612.83599330
-612.85400653
-612.84369273
-612.85949673
-612.87175407
-612.88464163
-612.89848241
-612.92130295
-612.94084513
-612.95730118
-612.98177146
-612.99420159
-613.00948640
-613.02311305
-613.04305867
-613.04417223
-613.04289568
-613.05801983
-613.07737461
-613.09796468
-613.11185859
-613.10591524
-613.11561563
-613.12644826
-613.13121240
-613.14413913
-613.13899972
-613.14960435
-613.16663504
-613.18208774
-613.19022055
-613.20384188
-613.21936447
-613.23429793
-613.24755347
-613.25691680
-613.27633114
-613.29094866
-613.30851042
-613.33071758
-613.34613837
-613.35906293
-613.36276193
-613.38011627
-613.39281970
-613.40053418
-613.41205124
-613.42578590
-613.44255315
-613.45191710
-613.46440210
-613.47619572
-613.49735319
-613.51487810
-613.51981001
-613.54167686
-613.54759362
-613.56090490
-613.57682205
-613.60047631
-613.61867688
-613.63429080
-613.64763863
-613.66277322
-613.67060078
-613.65788830
-613.67159454
-613.67276532
-613.68596277
-613.69756139
-613.70994062
-613.70853247
-613.72400069
-613.74221976
-613.75311329
-613.76575091
-613.77855760
-613.78844766
-613.81331448
-613.80943688
-613.82576047
-613.83033861
-613.85268945
-613.86464259
-613.89024562
-613.90893411
-613.91310630
-613.91709514
-613.93821937
-613.95410916
-613.96643333
-613.97432438
-613.98651834
-613.99960003
-614.00764612
-614.01615578
-614.02949153
-614.04215014
-614.06007062
-614.08044827
-614.09204466
-614.10667555
-614.11350135
-614.11813395
-614.13302204
-614.13129318
-614.14212696
-614.15278184
-614.17006904
-614.18786913
-614.20187380
-614.20876342
-614.22514354
-614.24058784
-614.25384978
-614.26608551
-614.27302053
-614.29048247
-614.30954644
-614.32067716
-614.32740401
-614.31729369
-614.33817583
-614.36254711
-614.38506448
-614.39304356
-614.40372180
-614.42423163
-614.43695274
-614.44986010
-614.46330138
-614.48464683
-614.50644270
-614.51832292
-614.50957251
-614.52589088
-614.52788692
-614.53840827
-614.54248641
-614.56233993
-614.55634968
-614.55376091
-614.56497303
-614.58736750
-614.60611614
-614.61554752
-614.63814120
-614.64728383
-614.65262371
-614.66501189
-614.66572774
-614.68004065
-614.69471940
-614.71159606
-614.72402377
-614.74632796
-614.76347114
-614.78555791
-614.79357754
-614.81086952
-614.81089132
-614.81798380
-614.81823088
-614.83483055
-614.85934000
-614.87246407
-614.87603326
-614.88824874
-614.90108444
-614.91272053
-614.93454216
-614.94896716
-614.96024606
-614.98301803
-614.98321265
-614.99776703
-615.00993448
-615.02681115
-615.02060349
-615.03280487
-615.04454685
-615.05637345
-615.08037487
-615.09728209
-615.12107062
-615.13811217
-615.13283489
-615.14030914
-615.13397917
-615.15725457
-615.16951424
-615.18275406
-615.19438776
-615.21269443
-615.22781465
-615.24144459
-615.26036580
-615.27933979
-615.28812703
-615.29832983
-615.31211726
-615.32498998
-615.33315494
-615.35782291
-615.38118367
-615.39428712
-615.41824837
-615.43577206
-615.44929272
-615.45621781
-615.47159055
-615.49345954
-615.51038805
-615.53523741
-615.55228069
-615.57108891
-615.57794046
-615.59176426
-615.61138056
-615.62870089
-615.63450771
-615.65848464
-615.68039488
-615.69516904
-615.71112518
-615.72538347
-615.75123654
-615.76520012
-615.76870842
-615.77313409
-615.79322914
-615.81246195
-615.83193483
-615.83218768
-615.85757616
-615.86485669
-615.87912692
-615.88652578
-615.89732411
-615.91772869
-615.93261811
-615.94841902
-615.96263236
-615.98159126
-616.00007641
-616.02182357
-616.04389477
-616.06040333
-616.06769413
-616.07084612
-616.07858172
-616.09410422
-616.10868311
-616.12395439
-616.11602104
-616.11557910
-616.14021537
-616.15608249
-616.16054715
-616.17573359
-616.19431423
-616.21042043
-616.22046440
-616.23851051
-616.24813231
-616.26929796
