-0.00088663
-5.63601685
-8.12904930
-12.50485229
-14.64290714
-4.44621038
-2.71163535
-11.12705040
-7.56237078
-10.30613899
-12.00767040
-16.24646378
-16.06371307
-18.02264404
-20.18860054
-20.34519768
-21.64095879
-23.09445000
-24.85286140
-20.64302826
-23.59579659
-26.89915466
-26.33219719
-30.20905685
-35.90387726
-27.42430878
-36.24913025
-27.49405098
-42.07915878
-39.91817856
-43.01628113
-41.11211395
-48.56366730
-47.48027420
-48.98193359
-51.79570007
-55.55725479
-54.26352692
-47.30548859
-32.53609467
-59.64382935
-62.75043106
-41.53916550
-67.28909302
-64.47830200
-38.64669037
-64.98796082
-69.83341217
-39.09172440
-62.93957901
-68.30142975
-14.55737972
-13.67315483
-4.53396130
-3.59535217
-4.03367662
-20.34482765
-21.03641319
-28.47025490
-4.77333927
-34.33754730
-3.58929706
-3.42758894
-48.10438538
-36.12018585
-2.86912823
-80.04754639
-9.57364750
-68.55896759
-26.50785446
-45.67074966
-91.61821747
-2.33987164
-37.09401321
-2.47738385
-12.20565605
-29.23819923
-2.36719871
-2.32761526
-2.04067492
-77.11965179
-3.81370258
-5.32386684
-0.03928310
-0.43629691
-2.37675500
-1.60568404
-0.97039229
-0.73186582
-1.69250846
-1.93812799
-0.21259323
-0.64656395
-0.21222952
-0.20216846
0.19888966
-0.04036636
-0.34257016
0.12106848
0.24158338
-0.41898775
0.14221579
0.38069659
0.52114046
1.01649499
1.32766891
1.63267267
1.08458781
-101.83586884
1.01503634
1.01098442
1.02235413
0.94923621
0.79273480
-77.85878754
0.98772740
1.14224172
-64.02837372
-32.98819351
-25.96740532
1.55098677
-109.72831726
2.49868393
2.22043991
2.43536377
1.89858270
2.14150524
2.03417850
2.27131486
2.17023230
2.17735362
2.36741638
2.22845340
2.45681667
2.15777135
2.09197664
2.67151451
2.32578850
2.31192875
2.81609559
2.58280492
2.71298027
2.72923946
3.14250398
2.78517199
1.79582751
2.36203909
2.08710098
2.24498391
2.32524276
2.29912186
2.37651443
2.54890513
2.47072387
2.61791587
2.36868930
2.91981173
3.39711428
7.80596304
6.36265182
8.26638889
3.33484578
-106.69155884
6.16243839
4.26509142
3.75801897
4.04789925
4.45138645
5.14694977
4.20118809
4.64193821
6.09699488
6.41947937
5.94091463
8.03382683
4.13168097
4.44097805
7.74655628
9.36283588
9.93151855
11.96292686
10.91517735
10.61678028
14.57801056
14.08120251
12.66185951
13.09055042
11.50223541
10.37145901
15.09195328
14.28797150
14.81541252
10.35131741
10.27539539
11.22374535
14.63191605
15.32179070
15.08464909
15.10837078
15.39579487
14.86305428
14.71269417
15.30419827
15.00184917
12.45537090
11.47815895
3.02644777
9.92590618
10.60984707
11.08425617
10.60035610
10.79703617
-1.41778719
10.84003448
11.20177078
10.92413998
10.46803474
10.54135418
10.74391365
11.06455612
11.97171688
10.96776962
10.76101971
11.29663467
11.29115677
10.78449631
11.37035751
10.88010979
11.59366894
11.67636585
10.95186329
11.14113522
10.84445000
11.00883102
11.02210617
11.09036636
11.70238209
12.04283142
12.21189976
12.08332825
11.83969879
12.03543663
12.54477692
12.24449348
12.37668705
11.37969685
11.42101955
11.66095829
11.75222492
11.50443554
11.30864429
12.15156651
11.66154194
12.17509747
11.92081261
11.92191410
12.08824825
11.58520508
11.14447784
11.30614090
11.34215736
12.21223736
12.13357639
11.99256134
11.91312408
11.97656345
11.96508884
11.85391331
11.41366291
12.28153992
11.87983418
12.67308903
12.54758167
12.57605076
12.45171642
12.78500271
12.53465462
11.79531002
12.03792477
11.89211655
11.83679295
11.86322975
11.99186039
12.05429077
12.43840313
12.90563679
12.85613155
12.41085052
13.28900433
13.47858524
13.65051270
13.75077724
11.98791599
14.65033531
12.56386089
10.33952999
2.89704680
11.86254597
13.20441437
12.61031914
14.38714790
13.95234394
14.23185349
14.63855267
14.18721485
14.35539150
14.26460648
14.52057457
13.84821510
13.84011936
13.96977520
13.70788002
13.66291904
14.05320072
14.90269279
14.67944813
15.07042885
15.06329346
15.13542747
14.83399868
14.78712368
14.92233849
14.77971745
14.57968998
15.05304432
14.30391788
14.33079433
15.00032616
17.12298012
16.12195015
14.45503330
14.51996422
14.72767067
14.71341038
15.03580379
14.65154457
14.77757835
14.67304039
14.42230511
17.86526299
14.62557697
-22.18781090
14.49665356
14.63065338
14.36112309
14.33859921
18.04541588
18.42554665
18.48933411
16.64743805
16.33943367
15.63317776
16.06352043
16.81948090
16.77715874
17.36373711
15.91433620
16.46668625
-27.20061493
-88.01428986
-68.54877472
16.46932220
16.34852600
17.93886757
18.10821533
18.41573524
18.62798882
18.37213707
18.64015579
19.07514191
18.55617523
18.68129921
18.27669525
18.36068153
19.30312729
19.66109276
24.56893158
25.64661026
26.54221535
25.30197144
26.68036652
27.66377068
28.37256241
25.35550117
27.46982384
29.58231354
28.72778130
26.85444069
25.77231026
27.86234665
31.80662918
30.75353432
31.47781181
30.15833855
-62.05343628
31.92680550
26.71660614
26.37203026
26.82875061
26.62177849
26.94138527
28.83769989
30.27046204
32.89388275
34.99249649
34.46538925
34.41322327
34.04063416
33.74290085
34.52109528
30.16350174
35.41254425
34.55912399
34.66807175
30.63861084
34.12200165
34.24379349
35.11648560
36.45932388
34.39955902
35.88940811
30.83663559
32.22301102
33.23088074
30.65133476
27.65204620
29.61450005
28.43787575
30.58449364
30.64760590
35.79535675
38.66738129
35.02740097
38.13971710
33.46555710
36.85060501
32.75817490
32.50825119
39.22613144
34.56630325
39.11666870
40.25011444
38.79003906
37.09673309
38.98343277
40.37703323
36.19784927
35.38055038
34.05388260
33.88258362
34.10419083
34.62102890
34.93050766
36.33827209
37.25145340
36.00911331
37.91171265
37.59896851
41.62073135
41.86149216
40.39476395
43.84999084
44.19128036
44.10826111
44.23472977
42.07731247
39.99615097
43.49628448
42.61907578
43.49970245
42.77010727
42.49774170
43.47386551
40.34421158
40.29258728
40.58890533
40.75152588
40.86573792
39.69897461
40.13010788
39.64208603
42.57754898
39.29093552
39.73316193
29.48628235
39.55395126
40.60000610
39.59358215
39.76128387
39.76675415
39.93827438
25.94372940
38.71527100
43.61484528
-82.02896881
-70.72096252
-21.58680534
39.54099274
39.61223984
44.16991425
39.40066147
39.03879547
38.96559906
39.04477692
39.48623276
38.10271835
39.12154770
22.63935661
34.06092834
39.06818771
38.76545715
39.18988419
-59.50851822
-10.22245979
-62.66324234
-77.08326721
-33.89247894
39.74363708
-3.67258406
43.80798721
43.57514191
42.25677490
42.01165771
42.24422073
40.81130981
45.23964310
48.33573151
48.54857254
45.41598129
46.64213943
48.10847092
47.44643402
46.22783279
45.16633606
47.76426697
-74.01055145
47.00842667
47.27335739
45.94256210
43.08647919
-41.20894241
-54.27890015
45.69502258
46.15428162
45.60657883
44.62541962
46.27551651
46.65407181
46.24240875
46.06238937
46.58617401
45.44007492
44.98384857
45.65932083
45.94147491
45.39728928
45.37234116
44.86063385
45.41810608
45.07541656
46.12578583
45.89133835
46.04427719
44.71753311
14.42015934
42.77873230
-75.53974152
39.22576904
39.90463638
45.76030350
44.24475479
45.21311569
45.53974533
43.96538162
45.90651321
-74.03339386
45.23843765
44.38308334
45.23014832
45.34948730
45.79550171
44.98134995
44.71645355
43.87355042
46.04170990
44.26129150
45.83631134
44.51057816
43.54426575
44.46996307
43.84756470
45.27275085
-5.24168634
37.52438736
-51.01568985
32.76017761
45.21628571
-72.81526184
41.86580276
33.97875595
-13.53906059
-63.24174118
35.83102417
-72.92446899
-8.08562565
40.42005157
41.11754608
41.26370239
40.31543732
-65.83586121
26.25091743
44.92853928
45.35797882
45.11885452
45.17775726
44.86844635
45.12783432
44.67146683
44.95433426
38.34632874
-69.61410522
44.61445999
43.15142441
43.94135284
44.10680771
44.59576797
44.13471222
9.56108189
-42.60778427
-63.64804459
45.09908676
47.25412369
44.79673386
44.06674957
44.87998581
44.49232483
43.89398575
44.33641434
44.00426483
-42.53507233
-66.09626007
-64.93632507
-70.82186890
-61.51491928
43.54539108
43.58467484
43.85015488
39.81554413
43.44425201
43.26731110
-45.44825745
12.08887005
43.13011932
43.31293869
43.47243500
44.64740753
45.22845078
44.64788818
44.35548401
43.74877167
44.71939850
44.70196533
43.11846161
43.94219589
44.27799225
44.70557404
45.06316757
38.56606293
42.76653290
45.06748199
44.93573761
44.36704254
44.14208603
16.90516663
43.62310028
42.83445740
-13.49904346
38.74925613
40.76916122
44.30211639
43.60198212
42.30970001
-22.62892914
-22.98281288
-28.40746689
-69.88314056
-48.48662949
-47.61169815
-13.97845554
4.66273546
-74.60956573
43.81592560
43.90454483
44.89187241
45.10358810
46.18503952
46.16227341
46.09936905
45.40287399
45.90300751
5.73105860
-56.95152664
44.76420212
45.25918579
45.23376465
45.25022888
45.08518219
44.91145325
44.56081772
44.45512772
43.97033310
44.49630737
44.31969070
44.36472702
43.95973969
43.82453537
44.34440994
44.60361099
44.30484390
44.19832230
44.27465439
44.45691681
44.29833603
44.12583160
44.07529068
43.95921326
43.89143753
-63.84589767
43.27596283
18.89932823
43.34752274
43.10488510
-52.51445007
43.23336029
43.66861725
42.90882492
42.83816528
42.69343185
42.84265518
42.87781906
42.90387726
42.89712143
42.23974991
42.68510437
42.46235275
42.11383057
42.02268219
41.92636108
42.47538757
42.31217957
42.01479340
41.77359390
41.68907166
-66.61257172
41.73889923
-51.98963547
41.96198654
41.24227142
-64.04626465
31.25503922
41.56903839
40.96107864
40.86224747
40.96786880
40.62059402
41.08904266
40.66368866
-63.32905579
41.36365891
41.10915756
40.73035431
40.29709625
41.06011581
40.25468063
40.42759323
39.97291183
40.25802994
40.14613724
39.51265335
41.25177383
-72.69554138
41.25186920
39.47552490
40.01090622
42.78781509
-68.48445892
43.63578033
40.36996841
39.77307129
40.36220932
40.42934418
40.61994553
39.27005005
40.71399307
40.55762482
39.74655533
39.81982422
40.08227539
-70.18737030
39.98679733
-68.55229950
-59.79764175
20.71135712
33.86355972
-70.35216522
34.75608444
6.86284637
-52.42924118
-71.21035767
-8.08311081
30.24000168
-73.43427277
25.86754227
41.52756882
37.80799484
39.34370041
38.79154968
43.62111664
42.42161942
4.67535400
7.27811241
5.44093323
-60.21354675
-60.02232361
-64.94142151
41.72993851
42.98783493
41.24697495
41.79098129
41.45282745
-73.97309113
41.06969070
15.73760891
42.23813248
41.82454681
37.66595840
38.29293823
39.60153198
40.29328156
41.63147736
41.66258240
38.31421661
17.19051933
38.40606308
37.58408356
37.86781693
37.89163589
37.95016479
-3.26792336
39.09444046
38.48154068
38.23371124
39.23561859
39.70561981
40.61287689
39.72895050
39.94388580
39.55163574
39.68007278
37.40093613
40.36162567
38.78264999
39.71461868
36.95222473
34.37634659
40.20583344
39.51496506
39.36502838
36.30724335
36.45721436
36.40553284
36.51503754
40.31570053
39.46926117
-11.82150555
-66.33213806
26.22617149
-49.56717300
-70.44613647
38.56322479
-26.63558197
38.45651627
38.98680115
38.25954056
38.39610672
35.36827087
36.20023346
35.98035049
35.99051666
38.47389221
38.92013550
39.60762405
12.57556725
28.72766304
-68.52316284
38.97906876
29.43347549
37.46989822
24.43136406
37.72109604
36.82817459
36.89295578
37.43611526
35.01464844
36.75492477
37.83788681
-70.31493378
38.10359955
38.74982071
37.24875259
35.73504257
37.04156876
37.15491486
34.14415359
37.11410141
35.29274750
37.40856934
38.14038849
35.40468216
-18.91526413
36.01580048
37.56380081
37.80752182
37.29618835
-68.88533020
35.20351791
29.88339806
13.57537460
38.00729370
-69.28297424
35.45639801
-60.70650101
-73.67121124
-70.92012787
-68.08357239
-53.40780258
35.59827805
34.98576355
33.65634155
40.38658142
-71.08555603
6.88124847
0.09231676
-47.07865906
13.89690304
-69.50391388
39.10609436
39.18812180
33.80250931
35.46506500
40.48385239
40.25829315
33.85704803
-73.73329926
34.91131210
34.81330109
35.01300049
34.08678436
34.30373764
34.02109146
33.05230713
33.03011322
33.13540649
40.10627747
39.83651352
40.10357285
32.35727692
33.06657410
32.92169571
33.90207672
33.51111603
32.35838318
33.13265228
34.46794128
37.71396255
36.11720657
33.59859085
34.55830383
37.68789673
-69.21066284
-67.79993439
33.89219666
33.01627350
33.33697128
38.38221741
34.16324234
41.74957275
40.83339310
33.72326279
39.34528732
18.10146523
-48.01428604
9.07774544
-68.94589996
31.19460106
-76.92019653
-75.94979095
40.67515182
40.52580261
40.40343857
9.70011520
6.82751799
40.24522781
-73.05081177
-64.14234924
38.63334656
32.84835434
39.91579056
39.74998856
40.15387726
40.42266846
39.86348343
40.83734512
39.92770767
30.89471817
36.27956390
40.42880630
-75.27758789
39.45739746
39.46452332
40.77243805
-32.91352463
-69.03437805
-75.24262238
37.88266754
38.82347107
36.90308762
39.38673782
39.66971207
38.92264938
39.98476410
40.19940186
39.72719193
39.07263565
35.66823578
35.98780441
39.99471664
39.31607056
-74.72937775
38.98321152
38.82819748
38.85882187
38.74594116
38.68902588
38.47425461
38.47858810
39.11622620
38.66363907
38.25437927
38.87652206
38.04895782
38.86685181
37.92196274
38.65344238
37.06933594
37.64756012
38.26239395
38.09817505
-73.97222900
-1.52568078
-52.04686737
14.74684238
41.55206299
40.50347137
38.98486710
39.01811981
40.33745956
41.85637665
42.75003815
42.87386322
-77.14090729
39.82993317
40.43827438
40.99740601
40.80565262
39.95508957
41.92558289
38.66182327
39.24665833
-75.95872498
38.89389801
38.64474869
41.08258438
42.80925369
44.17311859
37.96039963
44.23237991
41.96627808
40.85572433
5.13978720
39.33900452
38.86590195
38.49939728
39.68986893
39.25571442
39.23929977
40.85494614
41.35099792
44.28147888
31.50359154
-65.22937012
-77.96347809
37.84692001
38.61500549
44.13939285
43.87549591
43.75083923
44.21867752
43.30220795
38.30325317
38.29859543
41.62675858
42.36322021
43.20045090
40.45536804
40.47478104
39.70612717
35.49235916
21.76276207
-10.14736557
40.59202576
43.15319061
-49.34700775
36.86236954
42.99644089
42.84754944
43.34369659
42.63674164
41.56452560
42.84417725
42.29201508
41.83712006
40.98249054
17.77906609
25.98691559
36.92368317
37.85464859
38.43555832
38.22268677
37.68896484
38.26721191
38.27585602
38.13507462
38.65035629
38.13277435
38.72684097
38.15559769
38.88163376
41.01405716
33.49123383
40.98617554
18.88642311
29.14381409
17.52898216
-74.83131409
-74.03709412
38.10625458
-68.84422302
40.77299500
-63.51139832
36.77166748
36.94333649
40.20867538
36.16503143
-74.24971771
40.20464706
-75.31323242
39.22726059
39.56549835
36.76940918
39.12324524
39.05851746
39.46442413
-75.56405640
38.96765900
38.91016006
36.53808212
36.25724411
36.34220123
36.11138916
-73.30023193
38.22560883
35.83317566
35.95673752
35.93536377
36.31312561
36.73734665
36.70754623
35.93380356
-61.08293152
36.81647491
37.63275528
28.05173492
-38.40779495
29.58392906
37.25096893
37.40136719
38.82296371
34.61355209
34.83193970
34.78513336
34.80258560
36.06376648
37.08563614
-77.82682800
-58.54865646
34.41117096
34.69371033
16.10814857
13.02793026
35.20019913
34.29293060
34.25075912
34.16742325
34.58454895
33.49282455
-74.59636688
33.36414719
36.38405609
34.71858597
36.56301498
33.07150269
32.50340652
33.44660950
33.15330124
32.32570648
36.53372192
35.09661484
35.97640228
34.74999619
36.01269913
35.49845123
35.10521698
31.82430840
32.91167450
35.45251846
33.64465714
35.58693695
-6.40925074
-77.44992065
23.34398460
-71.56975555
-24.76523018
36.20771408
34.99032974
35.05163193
34.74684143
30.74432182
20.63741493
31.77535820
23.93314362
34.24389648
34.33226013
34.76039886
34.76183319
32.88357544
34.80111694
34.61417389
-75.87532043
32.36629105
31.43385124
-76.83042908
33.31654739
31.86595154
30.41433334
31.00916672
14.58244610
33.39851761
35.32650375
-78.37654114
-72.06011963
29.78409767
-77.69046783
35.40648651
35.90611267
32.79829407
32.93714142
33.02741241
33.52856445
33.62779236
33.14333725
32.69868469
35.12836838
32.26136017
31.95314980
32.02597809
32.18301010
35.05230713
36.27995300
-69.34336090
-60.46306229
-82.46038055
-64.15904236
-81.50411224
4.11968136
36.60290909
35.83415222
30.63595390
38.77353668
36.31100082
36.23218918
37.43825150
39.49097443
39.28527832
41.08777237
39.85304642
39.56849670
31.36795235
30.55130196
32.97066498
41.84265137
41.27688217
40.38059616
41.41783142
42.26849747
-77.56007385
-78.49394226
22.58132172
-79.42327118
-69.05284882
43.20706940
-52.06670761
42.21703339
41.62308884
42.00580978
41.26647568
41.57629013
-15.64561272
-53.97085190
-78.14533234
-75.55837250
-79.22405243
0.90722209
9.16127586
34.65176392
-66.24351501
16.91938782
-76.55835724
-72.50730133
39.48506165
39.03417206
39.17838287
39.36410141
-64.94340515
-12.83682728
15.29852009
-81.67872620
-41.09284592
-41.02394867
-67.41276550
-48.99577332
4.85549307
40.63789368
40.46106720
39.70423889
39.37342072
39.38792038
39.28784561
40.92723083
40.17877960
40.85359955
-28.53681564
40.85644150
40.69212723
40.03897858
39.35463333
38.79415894
-6.09190989
-70.88929749
38.77819824
-66.13698578
39.19610977
-77.93972015
38.44190979
38.62498093
27.51131630
-80.53274536
38.15296173
38.49770737
38.33166504
37.81918716
37.49276352
37.57611084
37.57516479
37.42352295
30.08489227
38.19779968
32.53713608
-28.01946449
33.82680893
36.71138382
36.93161392
36.68406677
36.67872620
36.81215286
36.31579971
36.56424332
36.35897827
36.61371231
36.65623856
23.04342079
-80.77066803
36.78183365
35.82440567
-81.48940277
-41.27215195
-77.50608063
16.92017937
35.36143112
38.00160599
35.91921616
-16.57468033
35.30309296
35.17591476
35.89347076
37.74846268
35.73885727
32.72470093
31.75739670
30.97814941
-58.85178375
-72.66285706
32.11064911
33.44755936
33.31994629
-82.99214172
-83.58054352
35.49445343
33.26908112
35.03351593
34.55428314
33.97798157
34.26454163
33.60710526
33.97104263
23.64503860
33.72626114
33.58751678
33.59936905
33.28467941
33.21996689
33.57630539
33.49216461
33.25065994
35.45794296
32.97188568
32.84679031
32.63485718
32.32347488
34.10935593
30.65652084
35.93474197
33.60296631
33.62359619
33.61655045
33.70563889
33.77374649
33.65319443
33.68732071
33.42253113
33.53956985
33.50933075
33.59017563
33.56602859
33.49633408
11.89027214
-80.10417938
33.17303085
33.13602829
33.01517868
32.80381775
32.52171326
32.52021790
32.57777023
32.44820404
32.57223892
32.38296509
32.24163437
31.60217667
31.78460312
32.30519485
31.48139572
31.54681206
31.50651932
31.27709579
31.10911179
31.63395500
31.03625488
31.21678543
31.68134499
31.19724083
-57.20317841
-26.73698997
-79.57304382
-76.32881165
-79.88266754
22.29032326
28.58485794
29.81603622
33.20823669
32.53982544
32.64746094
33.12673569
-53.38727570
8.46702862
29.93975258
32.07363129
-9.98726940
32.40093994
32.38970184
31.76820755
32.00312424
31.92106247
32.18629837
32.10090256
32.45404434
32.39906311
32.40794373
32.10580826
-17.28068924
-15.02337456
-85.20755005
-80.28588104
-53.85823441
29.95259285
29.08935547
31.97965240
29.04199600
31.33851624
31.78668976
32.36784363
-59.40332413
31.71487236
31.37222290
31.09263229
-19.01981544
31.37100983
31.49946213
15.74141598
31.33631897
31.99320412
32.47705078
32.28166962
32.13187790
32.40212631
32.11029434
31.54158974
31.47871399
31.95463181
-62.00660706
-78.02808380
-75.65982819
-21.93218613
-78.53014374
29.35077667
-38.81091690
-75.13478088
28.42566681
23.54948997
-19.40582657
27.35283279
27.92655373
27.78488731
27.92871284
30.62361145
-74.08287811
0.04460517
24.19095612
-14.94635773
26.38185310
31.18419647
30.71027946
27.24810028
30.97227669
-74.62813568
-74.45944977
-31.28389740
26.76314354
-69.83586884
28.44855881
30.94322205
-79.90792847
-82.79666138
28.60391045
27.75760078
28.19174194
30.53310204
-60.96220779
-37.35799026
30.19391441
30.78536415
30.87122345
31.03784943
29.38700867
30.51484489
30.23186111
30.97220612
28.58642197
30.07166862
29.51407242
29.77609062
29.66239929
29.35184288
29.74459457
30.34892845
29.09058952
29.38011551
29.74937057
30.15282249
28.82699394
29.56026459
29.35384369
29.32954979
29.07020760
28.94933510
28.90232086
28.82698822
28.70458794
28.90691376
28.57270622
28.25429153
29.12153435
29.24482536
29.18914604
19.55910492
24.38783455
-83.10244751
29.22710037
30.21552086
29.36926270
28.79188347
29.07062721
28.97673988
28.42661095
29.08473015
28.89955521
29.59050369
29.72162437
30.42769051
30.25314522
30.30562401
30.04402542
29.89015770
29.53074455
29.69998932
30.05256653
29.83773994
29.97020149
29.76102448
29.90017128
28.34398079
29.66105652
29.54563713
27.78228569
-74.01334381
-79.01000977
29.30557632
27.46829987
27.68202400
28.94501305
28.84466171
29.04627800
29.09442520
29.19888496
29.03438187
29.31062698
28.75456810
28.82293129
28.66857529
28.62108231
27.52125740
28.42114639
28.24504280
28.59459114
28.51534081
28.45271683
28.66969109
28.55989838
28.35607529
28.30454254
28.49033356
-30.25680161
28.92142677
28.21145821
28.66226196
27.95624924
27.42712212
27.83475876
24.91506958
28.06862640
-87.53659058
-72.40243530
27.80391121
27.87455177
27.66334915
27.90230179
23.12827301
24.93489456
16.31882286
25.40193748
-44.17695999
-73.29653931
-83.07563782
-85.76244354
-5.72740793
-10.28322124
-53.00699234
25.28469467
-83.85781860
25.61305046
27.40875626
24.76283073
24.89224052
25.29093361
24.58004379
27.21764183
25.16847801
27.00194740
27.24321938
25.23902702
25.71183586
26.74408913
23.93839264
-87.98037720
7.26194715
-63.52286530
-21.70388794
-87.12171936
-84.08155060
-10.96259975
26.89261055
23.38670731
25.36841011
25.30014610
25.22039795
25.29041290
25.10404205
25.46602058
25.27882576
25.14177895
-84.00130463
-88.27457428
11.39703369
13.89371777
-2.93112850
25.85248184
25.04977226
26.82095718
25.98692894
26.87282562
26.58798409
24.18390083
27.84808159
27.97886086
28.72464752
12.60928249
-37.43331909
-86.72000885
-75.42704010
20.41642189
32.70053101
31.15145111
32.60896683
30.79249001
-83.06818390
-86.09742737
25.52793694
29.42896461
32.24573517
31.77572441
-71.72533417
6.76564407
8.34353638
-69.12517548
10.56936455
31.11996651
31.37814140
32.32559967
30.08992958
31.95072746
29.18906975
30.74091530
31.60188103
6.40141916
-31.54356575
-86.63192749
31.36217117
30.98217010
-73.37906647
10.28658867
-59.08264923
-85.68841553
-82.61891174
30.97454071
31.91655922
-53.07844925
31.26706886
-18.23183060
30.90661240
-73.43282318
31.50097847
32.19086456
30.81900406
31.85131836
31.45203972
31.41503716
31.12258148
30.93836594
31.03351784
30.73223686
30.61620331
30.85717583
30.56722450
30.59626198
30.57015800
30.56821442
26.03943443
23.76613235
23.62466431
23.40165710
31.17138863
-88.56463623
-10.30918312
-12.85110283
-87.40682220
30.09864616
30.60317802
30.92476654
30.37098312
9.28985977
-81.54674530
30.71441841
-78.72882843
30.31009674
30.40607071
30.26921654
-75.84896088
27.42816353
1.15374148
22.05457687
-85.45181274
29.77286148
29.31056786
30.60021782
25.57244873
10.86258602
-58.08681107
-86.39311981
-76.07783508
9.97901821
-82.49481964
28.97652817
29.06439781
29.59556580
28.83797646
28.19397736
28.38864517
14.96818161
29.39331436
29.51409721
29.59123802
28.56404114
29.35961723
29.76793671
29.57373238
29.81899834
29.64579201
29.56115913
29.05872536
29.29076195
29.31171799
29.20237160
29.41823578
28.98545456
28.86471558
29.10848999
29.00357628
29.22036934
29.03858376
28.82831955
28.37537575
29.02529335
28.87758636
28.32972527
28.70394135
28.29568100
28.64034843
28.37889290
28.34782982
27.94392014
28.30668449
28.19570351
28.35369110
28.12138176
27.92220306
28.00559616
28.03201485
27.75056839
27.89363670
27.73385811
27.82695389
27.71690369
27.77224731
27.50945663
27.71291924
27.13283348
25.23250771
27.43353081
27.54645920
27.44119644
27.10003853
27.32878494
27.13765907
27.22460175
27.15523338
27.12318420
27.15716553
27.02807808
27.15978050
26.91566086
27.10912132
27.25541306
26.64861488
26.89587021
26.65029144
26.79618073
27.11522293
26.73641586
26.48121071
26.64018250
26.79419708
26.56848145
26.34858513
26.46972466
26.10023499
26.46594429
26.31697083
26.06624222
25.95961952
26.11918640
26.04853439
26.08077049
26.22265053
26.01377296
25.90148544
25.84841919
25.83418083
25.92824364
25.62981796
25.76829720
25.68140984
25.89641762
25.51242828
25.51377296
25.39861679
25.19702148
25.21577644
25.11257935
25.30882072
25.13396835
25.01615143
25.13305092
25.20024490
25.13351440
25.02122688
24.98695946
24.93666840
24.80063438
24.72436142
24.75888252
24.72252655
24.78105354
24.65166283
24.55123520
24.65624237
24.58031082
24.47438812
24.38687515
24.37642097
-82.82305908
24.52406883
23.84889984
24.30897713
24.10161018
24.11881828
24.00680161
23.91510963
23.76754761
23.56053543
23.52653503
23.63138390
23.79455566
23.68278885
23.62899971
23.62625885
23.67773247
23.54242706
23.54600906
23.20856857
23.12444496
23.26639748
-54.54837799
22.88112640
23.05799866
22.75468636
22.95869637
22.68057060
22.88793373
23.06348991
22.94332314
22.93797112
22.59753227
22.55002022
22.84657097
22.47043419
22.68413353
22.65914726
22.62172127
22.53010941
22.13886642
22.15996170
22.14455414
22.54620361
22.21815300
22.37648010
22.17847061
22.26773834
22.54149437
22.79710007
22.78359413
22.59663582
22.94735718
22.52709770
23.09937859
22.44664955
22.35411644
22.05740738
22.20823860
22.43313217
22.18178177
22.28017426
22.42979813
22.17581940
22.10843468
22.49880409
22.21802521
-41.98124313
21.82881546
22.19911194
22.13438225
22.04892731
22.27504349
22.12022591
22.39015007
22.18860626
-29.13490868
-91.71446991
-53.03689575
22.00099945
21.81423378
21.96605301
21.47167397
21.70265007
21.71292305
21.38018227
21.74773026
21.53695869
21.36679077
21.82617569
21.30503654
21.07234383
21.17507172
21.54170036
21.26251030
21.79620361
8.99601746
-82.91760254
17.90066528
19.23658752
19.85795975
20.54116058
21.57359886
21.34513855
21.45944977
20.31306648
20.68443871
21.27091980
20.19203568
20.41115761
20.21557426
20.45648575
21.56016922
21.32569504
20.38960075
21.68233871
19.65673637
20.11285400
21.66179848
21.71843719
6.76778984
6.55559206
19.48036766
14.81060123
19.82890129
20.48900795
-84.91847229
-78.28183746
-77.34871674
-74.24022675
-79.53630829
19.42681885
21.18501854
21.14280128
21.31863785
22.33370590
22.57290649
20.18732452
22.50260162
22.32992172
22.57087326
22.51750565
22.42379379
22.21170235
22.42960930
1.71509194
-86.22383881
21.78337288
22.09374619
-10.37237549
-77.63459778
19.33917236
21.86970329
21.57076263
17.91750145
21.33550072
21.58822441
21.38701057
21.51721954
21.44675064
21.28085518
21.39951515
21.27365685
21.33731461
21.15859985
-79.39683533
6.20558167
-91.91841125
-93.66910553
20.00150681
20.76500511
20.57749557
20.74508667
20.58011818
20.56432915
-88.50965881
-88.46298981
20.72451019
20.93005943
-86.56192780
-87.52210999
-91.01706696
-90.41976166
21.95882988
16.62544823
20.20533752
18.83249092
20.01810455
19.04889870
18.58998680
20.50653076
20.65323257
-8.65987968
19.49410629
20.30781937
20.42230415
20.54073715
-89.65896606
-84.85066223
19.73326302
20.76424026
20.24240685
-20.33567810
20.45700455
-16.08854866
20.21555710
20.22933769
21.00164413
-19.50236511
21.18420792
20.99797058
-73.84896851
9.36560822
-90.54658508
19.64032555
21.47410965
18.32542610
21.26288986
22.49754715
20.43006706
21.43035316
21.40089989
20.91430855
17.49859810
19.77679062
22.80602455
17.09824944
21.27151489
17.02840424
17.33267212
19.43089294
-90.33236694
17.16652298
21.99297714
-83.85803223
-60.58539200
-77.85726929
14.74774837
-82.13597870
-89.96492004
-90.09757996
-87.93900299
-88.18644714
20.77038574
20.49768639
20.73442078
-31.64856529
19.25697517
11.96627045
20.31271553
19.23790169
-90.31874084
17.06382370
20.00635338
16.71052170
-75.50305176
19.40218735
-88.26580048
-90.93582153
-91.72569275
-59.92975235
19.04429817
19.78954697
-91.25742340
-84.93256378
-31.13022232
-80.78221130
19.23777008
19.88616943
-88.34876251
16.00778580
16.39463234
16.26338768
18.69047546
-89.67768097
19.05705452
18.94722557
19.16050148
16.47924995
19.80102539
-91.63593292
-30.41690826
-86.67371368
-92.00919342
17.44047356
9.07632446
18.23661041
18.35219383
-22.97779655
15.25744343
-67.84232330
15.68435383
16.21181297
16.92540169
16.78431129
19.61372375
19.23517990
-34.17207336
17.28658295
18.69239426
-15.18470860
-66.27969360
19.42764664
17.86503220
-28.76384163
19.26037598
15.70207214
15.77191830
16.91505432
18.59067535
17.31819916
-90.80500793
16.18148422
12.04784584
17.89112473
15.17021370
19.29307556
18.61218452
18.31551933
9.88199615
-87.45986176
-13.67789364
18.78830338
20.56592178
20.12498093
20.42874718
18.95656013
19.55546188
19.92288399
20.07356644
14.57272339
5.72926474
-91.17844391
13.18227005
15.70836639
19.92894363
20.11393929
10.54938698
17.26075363
17.90665054
19.57522202
18.68721008
20.15923691
20.16477585
18.64985657
18.22574043
18.56350136
20.37099457
20.17090797
20.18977356
20.23557663
20.18066978
20.19784164
20.10479355
19.98441696
18.90439415
19.95983315
19.96850014
20.09534264
20.14267731
20.04994965
20.21094513
19.93577576
19.66364288
19.20736122
19.58708000
19.44543457
21.46292877
20.46674156
20.73474884
20.42592049
-89.50926971
20.75109100
20.27503586
20.66626167
18.00301743
20.44612312
20.10561562
-36.73039627
-85.24361420
6.76743889
2.00636578
20.18264580
19.98198128
19.88116074
19.49718475
-90.58303070
-1.52094638
19.71572495
19.51429176
19.83921051
20.49658966
19.41048431
-92.88524628
19.58832932
12.71434307
19.32009888
-88.05331421
-25.00992584
-84.38759613
7.19704485
20.98129082
20.74192238
20.44650841
19.51906013
19.62608528
20.18225288
20.18177032
20.15465736
20.00202942
20.13207436
19.92205429
20.23220062
19.89879799
20.05708885
19.91822052
20.07231712
19.56923485
19.72243690
19.78591156
19.80634689
19.94601631
19.88474464
19.87587357
19.82776833
20.10221672
19.93697929
20.25163460
19.98010254
19.94439125
-49.32558060
19.86023712
-86.73135376
20.04599380
3.04605174
7.94827843
-96.11994934
20.14813805
20.01130104
19.69505119
19.40714455
19.95692444
19.61836624
19.87468338
19.88413048
19.93115234
19.80665779
19.66320801
19.79089928
-86.46059418
19.99312210
18.03571320
19.66577911
19.58745003
18.86005783
19.44171143
19.50968742
18.96124077
19.12919807
19.59827232
19.47426224
19.13126564
19.47132492
19.23596954
19.17649460
19.23075294
19.15430450
19.39567184
18.94771576
19.12676048
19.14394951
19.16797638
18.96546745
19.05404854
18.95438385
18.94906425
18.92522621
18.84037018
18.81334305
18.65984917
18.76639748
18.62151909
18.68360329
18.78808022
17.99772835
17.89189720
18.81268501
-37.80641937
4.17041159
18.40020561
18.17293549
18.12789536
18.55597687
18.29028893
18.30167389
18.45484734
17.96367455
18.37261963
18.03093338
17.90489006
18.04627800
17.86183739
17.96423912
17.86361122
17.81444168
17.79869080
17.95392799
-53.41045380
-53.51461411
17.65909767
17.57020378
17.65733528
17.40433502
17.22428703
17.77570724
17.33715057
-3.72258544
17.20054436
17.30349350
17.42213058
17.24341965
17.27980995
17.12885284
17.06991196
16.89403343
17.00056839
17.12240601
25.10459328
17.04971886
16.87257957
16.92378616
16.77649498
16.89064789
16.62549591
2.37651634
12.16991997
17.13081169
17.73269844
-81.58960724
-90.97034454
-82.52671814
-86.94717407
17.06768227
16.70485687
-6.56145477
9.33235931
16.58065033
17.36521912
-89.68259430
16.66352654
27.21940804
29.45431519
-88.50844574
-84.53633118
27.53641129
26.43806076
16.82480049
17.30515671
16.94320679
16.85519981
22.20935440
17.12218094
22.53212738
15.91407108
16.00071716
12.13917351
-88.32898712
15.46860123
15.96863461
15.85225201
-93.68570709
15.87664700
25.82176018
28.23708916
26.12967300
27.15227509
26.35535049
15.24623775
15.35660553
22.70819283
24.07622337
13.54100895
24.39805412
-89.84357452
15.84458733
-82.79480743
25.73413277
25.82167816
11.11364937
14.88267326
-92.84729767
-49.56290054
20.93313980
-63.67307281
15.16989231
25.17331314
25.59004784
25.11294174
25.62211990
-90.94184113
-93.18776703
-86.39167786
-91.47017670
-89.80425262
-80.06439209
24.95056915
26.28801727
25.95657158
24.91791153
24.67414284
26.18363571
-11.39096832
27.33687210
27.74644279
26.63787079
26.19519043
-9.43300915
-36.65098572
-88.89269257
24.61177063
22.47911835
17.47459412
19.78630447
-87.92175293
-83.90811157
25.36402702
25.92494392
25.52549362
25.83983803
25.83646011
25.50954628
25.24715996
25.34457588
24.27523422
23.86314011
23.96391487
22.97997475
24.43366051
24.26329422
24.05748177
23.18262482
24.44408417
24.21335220
24.85736847
24.95151901
24.79192543
24.61149788
24.82918167
24.59040833
24.68364334
24.66778755
23.58804703
18.87867165
-85.69212341
24.46754074
-85.69250488
23.56267738
23.15102386
26.11683846
-88.04489136
-85.48328400
-52.72859573
-84.33682251
-32.42917252
-83.67261505
24.03497887
28.49136925
28.34143257
26.34369659
23.45876503
26.00889397
35.74695206
-83.73371124
-83.34552765
-38.87239838
-12.85283279
-85.69846344
-75.12397003
27.52216339
26.28136444
27.18453407
-98.74204254
29.55279922
28.00776291
28.07451820
28.41506767
32.25237274
34.57970428
31.65327072
33.79935837
30.91860580
-78.05400848
-5.09181786
14.39826012
33.60911942
33.57160950
33.69455338
33.86941528
34.00172043
33.93471527
32.63522720
-2.29618192
-84.42029572
-83.91874695
-85.35961151
-83.63574982
-86.07457733
-84.34154510
33.84940338
33.25918579
32.40557480
32.27744293
33.40442276
32.47171021
31.38881683
31.91133881
33.11567307
32.34912872
32.14540863
33.32432556
31.98869514
33.60556412
33.59059906
33.33936310
32.33197021
33.29157639
33.30494690
-83.47058868
28.54190254
32.70973969
32.62111664
32.90338135
32.29689407
32.72249985
32.10957336
32.15451813
32.03710556
31.56444740
31.88387489
-75.48728180
-86.80184174
-78.15666962
32.85937500
33.59490585
32.99960327
32.64506531
32.96973419
32.69164658
-75.09011841
32.84977341
-82.91770172
-19.60483742
32.94247818
32.93440247
33.52766800
33.29945755
33.01419830
-81.99365997
-84.27961731
-81.95824432
33.27003479
33.50683975
33.67263794
33.15884399
32.58663177
33.32366562
33.13519287
33.13877106
32.77165604
32.34438705
33.11520386
32.90676880
32.93650055
32.89086914
33.49372864
33.05410385
32.77775955
32.76802063
32.77955246
32.87382889
32.83018494
32.95772934
32.69104004
32.35294342
32.34098053
32.07612610
-16.03624153
23.31594467
32.09750748
31.97944641
32.47225189
32.08981705
31.84605789
32.57033157
32.63774109
31.83969879
32.05503464
33.01025391
32.06547165
32.04013824
32.43756866
31.66018295
31.57374191
31.70321274
31.73193550
31.02365112
31.94561577
34.03180313
36.29841995
36.13543701
21.41995049
-47.36323166
35.99420547
35.50833893
-68.25141144
35.59740067
-76.49164581
31.57063103
28.63589668
-75.77458191
-20.06226921
30.31389427
-76.72866058
-35.91371155
-79.48344421
-81.15802765
-40.83845901
29.30094910
29.31780624
39.07288742
-77.59436035
22.07643127
-71.47954559
-4.66460943
34.13285065
35.15717316
38.49910355
35.52077484
36.49511337
33.17837524
37.23049545
-77.42490387
-46.34300995
-50.34660721
25.60520172
36.56898117
37.12480164
38.53546524
38.03847504
34.05535126
4.07500935
-73.82673645
-14.04954529
-77.71332550
32.39344025
32.80013275
-68.36939240
37.63433075
37.35627365
-25.65117073
-73.77349091
35.46704102
37.40576553
37.71047211
37.87847900
37.00433731
37.84766388
33.04750824
21.55188370
-77.00466919
-71.18023682
-78.33280945
-57.96026611
42.33753204
35.86450577
32.76321030
33.71311569
31.32109642
30.03491592
31.78117180
-72.95633698
32.23709106
32.17820740
31.50817871
-30.44048691
34.80105972
31.92908287
31.09882164
31.45316696
31.46565056
31.80675888
32.15135956
31.92961121
32.06364059
31.98424530
-71.17829895
31.83189392
31.66328049
31.77500534
31.86327171
31.72169304
31.71653557
31.50568390
31.74214554
31.47269440
31.52090836
31.23825836
31.16219902
31.17029190
31.34423637
31.08462906
31.53115273
31.55685997
4.10618544
-84.94334412
19.79614067
21.78932381
32.07806778
31.19775200
31.22796631
31.01089859
-77.31092072
30.98408890
30.76142502
-61.64945984
-75.70860291
30.45540428
30.59827042
31.90759277
-75.39744568
32.36423874
34.77770615
34.16792297
31.06560326
-69.44520569
-77.95734406
-78.44982910
2.22175217
-14.12153912
35.37075043
30.58747292
-63.60018539
35.19515228
-67.16348267
-75.89760590
-77.28110504
8.99734116
6.99448299
-70.06604004
34.64988708
34.27421570
34.25169373
26.05162239
-72.56022644
-74.05444336
34.54723740
35.10018539
33.74713135
33.86262131
34.14197922
33.95628738
34.06085205
33.55469513
15.68523121
-73.87707520
25.87604141
-18.79238892
35.11556625
35.57867050
33.21985245
-71.05342865
32.94071579
-69.81880951
35.22510910
32.83858871
-54.49317551
-73.90917969
21.19508553
-70.42926025
-59.01262283
-75.02310944
-71.25591278
-74.98705292
34.68589783
34.43163300
35.51883698
35.31066895
34.91198730
34.79539108
15.60461521
-75.68358612
34.98269653
35.08198547
34.76676941
34.44109344
34.18961334
34.33896255
34.04141617
34.13738251
35.34565353
35.15448380
35.05076599
25.09518242
35.76928329
35.44592285
35.84430313
35.61086273
35.07934952
35.63233948
35.11952972
35.50350952
35.18907166
35.14179611
35.37989807
35.11387253
35.07842255
35.11213684
-76.22599030
34.91950989
35.11782074
34.83234406
34.82357407
34.93879318
7.69619799
34.35179520
-37.62398529
34.44626999
34.31761551
34.22518158
33.07165146
34.00482559
33.78520203
34.09133148
33.74525070
33.92161179
33.48993683
33.95699692
-77.80751801
-80.75281525
33.55205154
-3.68259740
33.67733765
33.15959930
33.76478195
33.14397430
33.35589218
33.31918716
33.25232315
33.37300491
33.16841888
33.18310165
-75.22614288
32.91168594
33.03465271
33.05588913
32.73995209
32.41258621
32.70157242
32.89620209
32.64645004
4.84137821
-76.48413086
30.91479111
32.20873260
32.30378723
32.71823502
32.26870346
32.07825089
31.96381187
31.89238358
32.00712204
31.88426590
31.70037270
31.80694199
31.69310570
31.60058784
31.54596710
31.40671158
31.28952408
32.26182938
32.40158844
-24.29207039
29.35374451
11.12359619
32.06855392
32.10750198
32.26706314
-78.22840881
30.57274628
-81.52215576
30.07943916
30.45999336
30.43943977
30.49146271
30.20316505
32.54767227
32.61521912
32.02901077
32.42659760
32.25246429
32.23065948
29.99442863
32.38270950
29.75318718
32.90259933
32.93175507
33.11913681
-40.24409103
29.66049576
-77.47026825
33.28527069
33.01195908
32.86090088
20.90583992
-79.41686249
20.31978226
-71.88867950
-68.77407074
19.09177208
-8.25666809
-74.21736145
32.57529068
-82.43060303
31.40287971
32.00874329
31.50555229
32.29526520
31.95526505
31.61871910
31.45385933
31.35710335
31.08534241
31.67330551
31.12762833
30.85220146
23.77265167
30.41246796
31.09039688
35.42422485
30.78066826
32.94513321
33.21587372
33.71712875
34.01175690
33.47372437
32.30146027
30.08186913
31.94874382
31.89998817
32.80669022
34.30075836
34.27124023
34.03142929
32.49637985
32.76614761
33.08211517
33.96308517
33.55429077
32.69541168
32.88073349
32.63299942
33.28150558
32.43600464
32.52402115
31.98719788
32.09807205
33.35637665
-76.63782501
20.14520264
30.74674797
-5.33078957
-13.24891281
24.84824944
33.34275055
31.29009628
33.14160538
32.79960632
33.36693573
33.43426895
32.96445847
33.08135986
33.10136414
33.07444763
33.07062912
32.78958893
32.33206558
32.76286316
32.88026047
32.73196030
32.80973053
32.83530045
32.73224258
32.74736023
32.60452652
32.51400757
32.42342377
32.40640640
32.39559555
32.38441849
-78.25304413
18.86670685
-22.21123505
33.77577209
-49.85445404
16.33420753
-65.68773651
-22.05501175
34.28071976
32.88963318
33.40865707
33.92243195
33.09337234
25.08655739
33.53715134
-69.30644226
-74.47978210
3.35288525
18.56619835
-80.88915253
31.88399887
32.46120453
33.27605057
33.81641006
33.94499588
35.13996124
-44.71994400
34.16925812
33.21200943
33.28676224
33.38317490
32.81975555
33.57780075
34.29572678
34.37096405
0.91515279
34.28959274
33.65328979
33.04022598
33.13752365
33.09730148
32.97932434
32.82109070
32.61437988
33.20122910
-64.91259766
3.34720135
-68.15203857
3.61232519
-63.18383026
31.70965958
32.15638351
4.04655695
33.16536713
33.55707550
32.12468338
32.05396271
31.65764809
-77.01829529
32.12679291
-80.83337402
32.81045151
32.89487839
32.92926407
32.63606644
32.28994370
31.33060837
32.22220993
32.61116409
32.26155090
31.92413902
32.07728958
31.84959984
32.20557785
-70.93967438
31.67809677
31.48149300
-80.30657196
-80.71613312
31.00332069
30.97891998
30.56556511
31.43180084
30.48164749
30.69081116
31.03611755
30.31922150
30.71897316
31.99931717
30.16083527
30.29116249
-74.51609039
29.97482300
29.67010498
33.78517532
34.08205032
34.32037735
34.03660202
33.79545212
-77.29966736
-73.60172272
33.50751877
33.72643661
33.85948563
-80.20523834
34.22010040
-58.66625977
-76.19718170
-79.30164337
31.78261566
-34.97674179
33.59878540
33.30030060
33.72977066
33.59528732
-76.72345734
-81.59196472
27.96426582
33.22433090
32.60272598
32.28574753
32.31468582
32.92847824
-76.08508301
32.67375565
32.97958374
32.33747101
31.09372139
-64.93118286
5.75688982
32.57145309
-4.62673807
32.40813828
-75.92044830
-2.65485239
30.63870811
32.68518066
32.36639786
32.29465866
32.51119995
32.36379623
30.35354424
32.41758347
32.29623795
33.25045013
32.98718643
-65.31964111
33.76440048
-17.62281799
33.11380005
33.70349121
33.07347488
-81.03723145
32.88184738
33.34135818
32.59724426
32.41827393
32.36521912
32.13584900
31.74680710
32.03903580
31.60074425
31.92672348
31.37898445
31.21700096
31.28136444
31.21668434
31.09817886
32.62565231
36.22001648
33.92208481
34.02961349
34.96663666
34.32274628
-78.94261932
34.79424286
35.34310913
35.22714615
-80.44995117
0.22520646
30.30127525
34.79891968
35.30972672
35.14791870
35.24558640
34.86627579
34.90561295
34.62850952
34.60628128
34.39538193
35.91149902
35.49711990
35.72676468
35.82641602
35.34649277
35.03645325
35.68047714
35.52829742
35.75072861
35.48635101
35.10396957
35.43494415
34.88321686
34.97105789
34.61530685
34.65311813
34.50761032
34.37600708
34.43927002
34.62296677
34.29401398
34.13149643
-78.37985992
33.63521957
-79.21636963
33.44391632
-77.52235413
33.26324844
33.50997162
33.43849182
33.57633209
33.21873856
33.04489899
32.98409653
33.00461197
33.04719543
32.57846069
32.82049942
33.68966293
33.28037643
33.01816559
33.05747986
33.59496689
32.68014526
33.16273499
32.72511292
32.93320465
33.22185135
32.68299103
32.53548431
32.59793472
32.51199722
32.54357529
32.39932251
32.13116837
32.16265488
31.99977875
32.10722351
31.75026131
32.09384537
32.01523590
32.03468704
31.97476196
31.82075310
31.84954453
31.78595734
31.78336716
31.36532021
31.63681221
31.31337929
31.80627060
31.55534363
31.58542824
31.54381371
31.22466850
31.14055824
31.34565544
30.99397850
30.88075066
30.52634048
30.54408646
30.96067238
30.92748451
30.43139839
30.66890907
30.80285835
30.53897476
30.47052002
30.15133476
30.09586716
30.06194687
29.89658165
30.10455704
29.83873177
29.53668594
29.71461678
29.28922081
29.24004364
-68.80510712
29.55046463
29.16833687
29.68101692
29.69941139
29.86310005
29.74402618
-74.32543182
30.10429192
30.29028320
30.08779144
30.08906364
30.04967308
30.07561684
30.11749458
29.89080238
29.87429428
29.88437271
-3.45646286
29.63944435
30.00338745
29.64917564
29.44545555
30.03810501
29.57538033
29.87829971
29.99702263
28.99009895
29.06531715
28.99152374
29.50909615
28.27808189
28.51392555
29.08291054
29.18097115
29.14144135
29.02359962
28.65213203
28.81914902
22.71981812
-80.71338654
25.11316872
28.40718651
28.45415115
29.01147079
28.12491798
28.09375191
28.60043335
28.56886292
28.13645744
28.41251945
28.46018600
28.39309502
28.32062912
28.19012642
28.41728210
28.45577812
28.23252296
27.89220428
28.07314301
27.75542259
27.71322060
-72.28144073
16.71464920
-74.83888245
-16.89492226
-80.28974915
-73.65444946
-78.18607330
9.01935863
-66.05896759
-71.18619537
27.08496475
26.91853333
26.87479591
27.09142113
27.31896782
27.35206795
26.83436012
26.69494247
26.96572876
26.78341866
26.40399933
26.49888229
26.79373360
26.62502861
26.80072403
26.82709122
26.71336555
26.78708458
26.58181572
27.45254135
26.94346619
26.49622345
27.26802063
27.09908867
27.17735100
27.07089996
26.99964142
27.18408394
26.08268166
26.79789352
26.63022232
26.80695343
26.87827873
26.71373940
25.81681442
26.01441956
26.43900108
26.37828064
25.70218849
24.85190964
21.65874481
26.17314911
26.23234367
17.37328148
-82.67977142
25.99975586
26.10380363
26.10055733
25.60175133
-49.90074921
25.48891258
25.09528923
25.51554871
25.59330750
25.68143272
-35.68190765
-0.75128317
-2.93374968
25.20824432
24.69129372
25.20622635
25.01897430
-80.84727478
23.73990631
14.58473873
-9.14532280
23.88022804
-64.79080200
-47.80205917
24.33007431
24.49431038
-70.47913361
-77.09027863
23.98528862
24.18389511
23.69400406
23.61971283
23.97975159
23.84291267
23.94018936
24.28952217
23.72999191
23.57628441
23.55912590
24.77609444
24.27386856
23.50182343
23.74703789
23.66974640
23.92485237
22.52207565
24.39408684
24.23193932
23.87008095
21.78820992
22.01033401
-75.03384399
19.95953369
21.67868423
21.92798805
22.33780289
23.24848366
23.32996750
23.01501465
23.27192688
22.64844704
22.54954147
23.04120827
-79.65502930
22.40936279
22.24051666
-83.65294647
22.39467049
23.37644386
23.79888535
22.90313530
-3.68910050
23.38317871
15.97365379
-75.54608917
-86.82557678
-86.76214600
23.52686691
22.78835297
-66.92632294
22.89260483
22.99846077
23.03540611
22.95581818
22.86694908
22.91130447
22.92432785
22.29279137
22.17809677
22.34806061
22.26429176
22.55540085
22.49347305
22.43897629
22.31335449
-83.75133514
22.06314087
22.24832726
22.12243843
21.65905952
15.55616760
-86.29846954
-85.15218353
21.62485123
21.71794319
21.73882294
21.68020630
21.79379654
20.53013611
21.67379189
21.29064560
16.14442635
20.52582741
20.52719879
-56.43230820
20.55770111
20.31414795
20.24997520
20.14565468
20.60822678
20.14403915
19.85448265
19.93517113
19.87437057
20.16747284
19.94578171
20.83557701
20.64784431
20.62262154
-88.18482208
16.11155701
20.53104019
19.59250641
20.81703758
14.31629181
20.09262085
19.06490898
19.39160347
19.35396385
15.70324135
-22.14343643
-65.39918518
20.87588692
19.43819237
19.89605522
19.64677620
20.00407028
20.08277321
19.13165855
19.06641006
18.84517479
20.89345932
17.85589790
7.91038656
-84.68172455
20.76476669
18.92281914
21.15498924
20.41649055
21.43441010
20.97384644
20.50185394
20.97287560
18.68958855
20.80927849
20.73696709
20.97258568
14.69088650
21.40649033
21.72397804
21.49345207
21.77936935
21.60144424
21.45554161
21.56621170
21.59414482
21.59067917
21.48881721
21.39512634
21.26418877
21.27231216
21.28827095
21.13281250
21.15085793
20.96856499
7.67675829
21.30208206
21.05737495
18.13389969
21.04939270
19.57389069
20.18357468
20.62642670
20.77616882
21.05467415
21.04290771
20.40307236
20.67723274
20.48501015
19.84902573
20.08910370
21.21233559
19.34065437
19.33766747
-80.05936432
17.34579659
17.48668671
17.90037346
17.87575531
18.85566330
19.10713768
19.82800293
19.31655312
19.30587196
19.41603470
-36.61816788
-87.34612274
-69.85278320
-26.13500595
-85.59284973
18.85899925
19.62345695
19.96756172
20.12956429
20.08928680
20.31853104
20.23411942
20.13569260
20.44796944
20.34643173
20.38434029
20.36172295
20.24535561
20.28528976
20.30062485
19.55722809
20.30792427
19.87880898
19.96401024
19.91234398
-33.60990524
19.90983391
19.62219620
19.85255814
19.77453232
20.02196121
19.88812256
19.90360069
20.28282928
20.24236298
20.45612526
20.68371201
20.64252472
20.40497017
20.74344635
20.40244675
18.59587097
19.31443596
19.31331635
20.30611038
20.25062752
20.18074608
19.98195267
19.93221664
19.67163277
19.94870567
6.98584986
20.14838028
19.78707123
19.77906609
19.77371979
17.98620415
19.83731270
19.81828880
-86.69880676
-83.11509705
19.69182968
19.78233528
19.02142143
-87.93200684
18.15188599
19.65839195
19.78289223
-83.81562042
19.80906487
19.76697922
19.76420212
-91.02477264
-82.48331451
19.78710175
19.56694603
19.44879341
19.56270027
19.40842628
17.33001518
-79.38346100
-51.13295746
-88.57831573
-75.22703552
19.71476555
-81.40895844
19.25531769
-60.09735489
18.96225929
18.66048241
18.55457306
19.12996674
18.56849098
19.10122871
19.03585815
18.89796638
19.14039803
19.08538437
18.81389618
17.37226105
18.74233818
18.78812027
18.87224960
18.54232788
18.77952957
18.57023811
18.59928894
18.17570114
18.48238945
-16.37909889
-92.23069763
-98.31858063
-90.57438660
-47.33136368
-94.24811554
-84.59725189
17.56972694
-92.95326996
18.07215500
18.46850777
16.86741066
18.33124161
18.21069336
18.27194214
17.17668533
17.79755211
17.80178833
18.61742210
18.58318329
18.57776260
18.42756462
18.53801155
18.49140549
18.25480652
18.40660858
18.08264542
18.30648613
-92.85069275
-91.42449188
1.93209279
19.17614365
-5.85666275
19.35584641
19.24551773
18.31970787
-88.72683716
-92.72999573
-78.70584106
18.87378693
19.44848442
19.34163284
19.78606224
19.30507851
9.41652584
-56.64215088
19.66196060
19.38654709
19.33547783
19.43873024
19.36356354
19.11890602
19.08222008
18.70816231
4.99825430
7.14592266
-41.34397125
18.73610878
-14.37899971
9.86963272
-93.48435974
18.61698532
18.66909599
18.48482132
18.49436760
18.58835411
-93.82789612
9.42596054
-17.08340073
-54.37037659
-92.62475586
17.96468925
-13.39641380
-90.67266083
-92.73373413
8.57138729
18.32671928
18.09048462
17.83654594
18.23798370
18.07167625
18.50016975
17.93868446
17.93280792
17.87510490
17.77541351
18.15911674
18.46298981
18.54359436
18.06852531
17.85167694
18.29922676
17.95376205
17.93943405
17.85563087
17.54626465
17.50477219
16.98341370
17.80716133
17.51905823
17.68782616
17.31755829
17.27212143
17.30233002
17.17695236
17.38901329
17.18379974
17.46230888
17.33770752
17.65144730
17.84496117
17.55716515
17.67938042
17.15101624
17.39324379
17.24384689
17.37874222
17.00310898
17.35016251
17.63359833
17.51300621
17.18374062
17.59192848
16.97140121
17.22275543
17.26327896
17.02071762
17.00309563
16.96359253
16.71942711
16.89728546
17.18419647
17.48974037
17.70439911
17.44186592
17.43151855
17.49865150
17.52258492
17.59433174
17.45265579
17.73240280
17.39747238
17.67183685
17.78898048
17.56900406
17.57440948
17.63019180
17.44829559
-95.48548889
17.14060211
17.21938324
17.41804695
17.12400246
17.19522858
17.30252266
17.42024422
17.06205750
17.15203476
16.72170830
16.80400085
17.00491905
17.23804855
16.94687462
16.69483757
17.12528801
17.09942245
16.89822578
16.74445152
16.85110092
16.87483215
-67.32093048
16.52588463
16.60807991
16.68132401
16.84612274
16.43884850
16.54173660
16.56015587
16.43629074
16.54845619
16.40770340
16.54166412
16.60103798
16.21826744
16.65026665
16.44471550
16.55987549
16.58707428
16.56561852
16.57731438
16.58126450
16.45770645
16.47772408
16.58434868
-8.46619129
11.39295101
-76.50499725
15.60574722
15.88968468
15.46760178
15.54248428
15.47487450
15.55091572
15.77341175
15.29875183
-96.29586029
-76.35935211
-56.72805786
-86.91484070
17.14974594
15.37685966
-67.76494598
15.86552906
15.52528381
15.21572304
15.20086861
15.45800877
15.38537884
16.08236885
15.44828033
14.94928169
15.46139431
15.07332325
14.71564007
-88.26647186
-91.02167511
-34.24593735
15.44665432
15.02888584
14.77064037
14.91353893
14.86178493
14.88323879
14.90519142
14.77155399
14.74901867
14.73344517
15.08182049
-96.30915070
-95.06678772
14.79484367
14.78273392
14.64715767
14.55646229
14.70528698
14.57805538
14.57355309
14.60403919
14.49064922
14.58617306
14.44442368
14.81824875
14.22164822
14.55010128
14.34597969
14.28870010
14.21312904
-92.33968353
-9.01064205
18.62566185
17.36908150
18.43091774
18.42470741
19.46912956
-94.15563965
-75.17868805
-51.56415176
-76.55751038
18.63167381
18.99559784
18.62160873
18.72236061
-71.65009308
19.02221489
20.31506348
-74.96707916
18.88438416
15.46830463
2.18555379
-96.26124573
18.59551620
-93.34272003
-78.05260468
-98.49026489
-92.52687836
-89.80210114
-3.90797853
-87.70732880
-14.62220097
18.52942085
18.46860695
18.20786285
18.50403214
18.93526840
18.00334740
18.66137314
18.55832481
-76.31532288
-27.35279846
17.62557030
18.63882828
18.01480675
18.22929764
18.22161484
17.89063263
18.01961517
-59.48348618
18.36568642
19.27848625
20.26549339
21.40145874
21.38059044
19.79870033
-93.12615967
20.54148483
20.28818512
20.31468391
20.18744278
-92.08889008
-96.35718536
-79.32526398
-95.65638733
-80.54938507
20.49456215
20.25365257
20.08349419
-2.10773635
20.41400146
-84.38546753
19.85866165
20.39361382
19.95105553
20.07728004
20.30990028
20.52908707
20.34517479
19.91351318
20.19211769
19.71557617
20.40427208
16.01290512
20.51488876
20.79925919
20.88212967
20.88544846
21.01635933
21.14570999
21.01597023
20.24203110
-96.98905945
19.31331825
19.48524475
19.62743378
19.23771667
18.98255920
19.60635185
-82.29016113
16.66842461
18.81803131
19.96195221
20.30638885
19.71055794
19.92790794
20.03180122
20.15469551
20.01904678
19.85056114
19.96933937
19.60227013
19.75513458
20.04183197
19.81135750
19.75742149
19.74522018
19.66929245
19.67264175
19.59203148
19.22742081
19.60753632
19.52261162
19.62491989
19.41246414
19.59268570
19.45399094
19.28654480
19.23590469
19.19196320
19.18499565
19.25142097
19.19016838
19.15665436
19.11931229
19.09389687
19.03597832
19.08464622
-101.72971344
19.03135300
19.15230179
18.83477020
18.89106369
18.74941635
18.81294632
18.88278770
18.76691246
18.40216064
18.65391731
18.61052322
18.62063408
18.48913002
18.50714302
18.47655296
18.45213127
18.35222626
18.35989380
18.51763725
18.34612846
18.15626144
18.15552902
18.21860504
18.06259537
18.12639236
18.06393814
18.06644440
17.91709328
17.83881760
17.96080780
17.92368317
18.01011276
17.60533333
17.68741798
17.52884483
17.47358322
17.45669174
17.88599777
17.77407646
17.58250237
-27.28259468
17.54518318
17.67158699
17.48788452
17.71840096
17.55824852
17.42092705
17.62069130
17.36708832
17.33949852
17.07019234
17.22287178
17.20612144
17.16134834
17.00969124
16.89693832
17.03627586
17.02576637
16.92625999
16.99704552
16.91828156
16.80622292
16.73664665
16.80997086
16.67535973
16.61355591
16.69198418
16.68187332
16.57899857
16.43804169
16.50125313
16.37387657
16.50850487
16.31588745
16.44936180
16.36391640
16.38096809
16.05121994
16.10871887
16.25149727
16.22549820
16.14558220
16.43109894
16.37679863
16.00174713
15.72079563
16.16147804
15.97538280
15.54856014
-27.26581573
15.95072937
15.82997990
15.82276535
15.85826111
15.77182674
15.99895191
16.07165146
16.17327690
16.12010956
16.12718391
15.50364113
15.73208904
16.23486900
15.86385536
15.89029884
15.83984566
15.89615917
15.74810791
15.79638863
15.60733891
15.74460697
15.58221245
-89.79751587
14.76185036
15.26222610
-68.63929749
-99.69477844
7.31407690
-93.04032898
17.85890388
17.96606064
18.43057823
17.15960884
17.71181107
17.47628593
18.32485008
17.55517006
20.06950188
18.39989662
-71.62100220
-91.76537323
-90.94041443
-64.65393829
-30.83709908
-89.52875519
16.38801384
19.35261536
19.52712631
-78.81593323
18.25642014
20.22228432
19.82428932
19.16010284
19.06608200
18.28984833
19.97568893
-88.38840485
-93.85726929
10.70481396
11.66998196
15.01636028
15.23391914
-91.37686920
-90.97650146
-88.42404938
-94.11408997
18.99555397
19.32662964
19.83844566
22.63834953
19.50866699
-19.34849358
15.88711739
-34.50611877
-87.91271973
11.87575626
-82.47680664
13.74864197
-100.14088440
-2.02704167
-92.65317535
-97.53378296
-99.25322723
20.37647629
20.76067734
20.66964531
20.40983009
-87.98677063
20.99046898
19.93482590
21.18265343
20.84069633
20.61486626
20.52407074
21.10922241
21.64694214
22.65829659
22.69206047
23.08166695
22.66029167
8.90760136
14.93523884
22.25792885
22.35206223
22.63273239
21.31792068
22.14188766
22.69298553
22.79988670
22.94385910
22.55228233
21.95810699
22.81773186
23.06675529
22.59898186
22.66314316
22.71222878
22.59737206
22.67200279
22.54653740
22.48889732
22.45921707
22.27264786
22.46525002
22.51752472
22.12355614
22.33964539
22.31599617
22.25646782
22.21064568
21.96530724
22.02831650
21.98777580
22.04157639
21.65147209
21.76707268
21.75418663
21.81907272
21.43224907
21.74730110
21.76648331
21.89939308
21.67503738
21.71625900
21.63092995
21.43782806
21.48818779
21.37516594
21.50960732
21.23416710
21.38825607
21.41594696
21.43718338
21.42628288
21.32505035
20.78010178
-93.84371948
21.04151535
21.35783195
20.94959641
21.46829796
21.31830406
21.20290947
21.10206604
21.50023270
21.30202484
21.01910782
21.25812149
21.17982483
21.22327995
21.25081062
20.91886520
21.23615837
20.96157074
20.90078926
21.12609863
21.08057976
20.82841682
20.75974655
21.25217438
20.92855263
20.74752045
20.97131348
20.61741829
20.91600418
20.63058662
-85.57041931
-95.24153900
-86.48549652
-11.55041027
-2.47643065
-88.60115051
8.75088024
-13.78797817
21.06553650
20.77627182
21.98420715
22.36493111
23.09391212
23.39868546
23.59786606
24.62416458
19.35215950
-4.04077196
24.55971909
22.67837334
22.60459518
23.08695793
22.85630226
23.79221725
23.77864265
23.83532524
22.40141296
22.23417664
23.85336494
23.77083397
-87.12807465
-72.79693604
-91.94822693
-69.83641815
7.42872763
-88.48887634
-10.27490520
-89.42549133
-87.32235718
23.20717430
22.03485680
21.86157990
19.36830139
22.11660767
-89.74024200
-90.37371826
-87.09739685
-84.59222412
-71.63084412
21.60868073
-15.95635700
22.74355507
-92.79386139
-87.71606445
22.81046867
22.75399590
-91.91540527
-85.88669586
-78.21521759
21.99574280
22.28979492
22.27927971
22.36267853
-93.37548065
-93.44315338
-94.31892395
-86.31687164
21.74866295
21.63901520
-87.73305511
-21.18461800
-11.87588882
-87.29460144
20.64383888
22.81762886
21.77003288
-92.48918152
-12.85440922
21.91810036
21.93875313
-85.19388580
22.35492325
22.16143608
22.76218605
21.77970314
21.54929352
21.05752182
21.24762154
-79.73933411
20.86903381
20.62500954
21.22106743
20.23460770
21.02537727
21.02369308
21.15745354
20.79731750
20.39602089
20.17792702
20.41449928
20.22574997
20.71548653
20.72375107
21.20125771
21.11894417
21.73062706
-81.00010681
21.25067520
20.18896675
21.87153435
20.16672516
18.13492393
21.40167046
20.24891090
20.25017166
20.26483345
-89.37540436
21.55167198
-91.49606323
-91.24771118
-93.00202942
-90.48989868
-94.23132324
17.79710770
-3.41035414
-44.56127167
-85.21530151
-20.23585320
-63.18078995
15.03959942
-33.21757889
14.91538620
-67.71198273
20.17477417
20.80829811
19.80567741
17.45148087
19.88538361
21.10544968
21.10581207
20.98442841
20.33638000
19.58948135
-0.35317749
20.37910461
20.42792892
20.25276184
-94.82510376
20.13800621
20.33028221
20.31960106
20.56419945
20.61750031
20.28683281
20.38093758
-28.62979698
20.09941864
20.17898750
20.14374161
19.99127197
20.11066818
20.01028442
19.85470200
19.63183403
19.40660095
19.76995850
19.42395401
19.77752686
19.39896774
19.66792870
19.57099152
18.97613907
19.32014084
19.40522575
19.59776497
19.27014542
19.30664253
19.14321518
19.21748161
19.24364471
19.06074333
19.15186501
19.02733612
18.98789597
18.88595390
18.94639397
18.88219070
18.42642403
18.71614456
18.78556061
18.76901627
19.70208168
19.71954918
20.54251862
20.63298988
20.93752289
20.59413528
20.71882248
20.80901909
20.62417412
20.12005997
20.55361366
20.45878410
20.17023277
20.22720718
20.35593414
20.22039032
20.31910706
20.50100517
-35.05946732
19.84188843
20.20601463
20.30829811
20.33526039
20.08186531
19.92446136
19.91740036
19.83205986
19.77009583
12.74794197
-90.15885925
5.04737806
-82.63774872
19.54562569
19.67452812
19.61800003
19.70748901
19.65810966
19.70570946
19.43193817
19.40830231
19.46850014
19.35052109
19.49632263
19.60947037
19.91130066
19.78446007
19.85096550
19.77036095
19.66481590
19.65161133
19.70333672
19.58152580
19.70633888
19.31975174
19.44808960
19.47350883
19.44956970
19.35747337
19.68087769
19.05396080
19.39685822
19.18050385
19.33701897
19.15976715
19.38592339
19.45500565
19.43070984
19.30896759
19.19303513
19.17178726
19.03408051
18.91348648
18.90662956
18.83485222
18.75995255
18.63194656
18.88392258
18.74279785
18.77432060
18.80736732
19.18489265
14.59597969
18.85871124
18.15319633
18.74056435
18.58417511
18.62762833
18.63068771
18.59629631
18.80532455
18.35423660
18.47856903
18.43480492
-0.00388823
-92.60545349
13.59920692
6.48207426
15.35908985
17.92596626
17.74159050
18.08036232
18.29675293
18.05932808
17.89932060
18.20609283
17.56865120
17.60184860
17.94907761
17.87455940
17.76971054
17.69139862
18.04268074
17.78368378
8.97434425
17.65671158
17.56883430
17.46516418
17.46685791
17.44466400
17.07611465
17.55274391
17.40751266
17.07472801
17.32738495
17.43920708
17.18516922
17.12141418
17.43197441
17.10407448
17.59236526
17.29957962
17.01403618
17.00497437
16.93171501
16.97843933
16.59685326
17.02282906
16.95735741
16.80197525
16.80611992
16.80678177
16.70159721
16.73797226
16.73087311
16.58845901
16.59195328
16.67296982
16.53582764
16.51608849
16.50751305
16.57649040
16.37915230
16.34550476
16.45219421
16.29937935
16.36961365
16.23159027
16.29638290
16.18160439
16.24543953
16.17448997
16.19505692
16.19125748
16.16742516
16.20055008
16.01739883
15.98132133
13.50371456
-9.62644672
16.09894943
15.82357693
15.89997196
15.76143074
15.51852512
15.69556332
15.63358116
15.55584049
15.56157589
15.73211861
13.75929451
15.88697243
13.49983597
15.61396027
16.03759384
15.56551075
15.69735146
14.25484180
13.82958603
13.83114719
13.96396255
15.76547623
14.17291355
14.12080479
14.66183567
15.23978424
15.47326565
15.27246857
15.22066879
1.84400213
15.41705227
2.60139155
15.37290764
3.03232956
3.78288245
14.62689400
-82.38656616
-41.23199081
15.08360767
15.12529659
15.16445923
15.15756702
15.01445293
6.17609596
15.44063282
15.02534771
15.56826782
15.33159065
15.40931225
15.48939610
15.24199295
15.53801346
15.60139275
15.30230331
15.54665852
15.27725220
15.14118290
15.31360054
15.37501907
15.33845806
15.30018044
