-6.83053446
-3.53554511
-7.51837254
-13.56717205
-1.33748078
-7.07316732
-16.26820183
-11.21797848
-11.18421745
-3.62801623
-6.29614592
-14.07448101
-26.00924492
-31.25561333
-20.24676895
-22.44053650
-21.13282204
-22.07988548
-26.06064606
-30.40973663
-15.15047836
-16.85008240
-34.64360428
-28.06187439
-27.26843452
-10.96970081
-25.22969437
-28.81059456
-50.82989502
-18.55552483
-5.70182610
-27.96512222
-40.45923996
-70.28473663
-45.84317398
-14.29257965
-54.88516235
-44.05827713
-69.25203705
-58.95316315
-57.23286057
-63.92007065
-41.65570831
-33.27373505
-53.37954330
-20.84971619
-60.37345886
-36.39222336
-56.38407898
-12.51499176
-69.09588623
-31.19626045
-66.74624634
-78.83905792
-42.44022369
-28.73594666
-131.78395081
-47.03094101
-88.55780029
-120.20973206
-129.41847229
-104.72904205
-54.01079178
-12.17982769
-57.61090088
-45.42160416
-50.19338608
-143.15306091
-113.55836487
-113.66628265
-85.07070923
-80.80796051
-107.74136353
-76.23772430
-104.03509521
-126.37450409
-108.55580902
-129.40522766
-130.06408691
-129.67292786
-73.60186768
-143.47491455
-140.07446289
-109.82689667
-145.42713928
-139.78358459
-123.44567108
-126.21610260
-121.21414185
-108.94391632
-85.74900818
-101.58695221
-155.40782166
-143.33761597
-184.60577393
-183.80142212
-114.39105988
-123.13065338
-129.51260376
-184.69689941
-121.75342560
-166.81405640
-186.59767151
-132.94999695
-142.34010315
-185.55941772
-142.01869202
-176.66078186
-139.62751770
-149.62754822
-124.03777313
-161.15257263
-154.60501099
-166.74473572
-167.69340515
-165.69178772
-70.47103119
-175.91313171
-166.96876526
-117.47104645
-171.19682312
-68.48751831
-180.31106567
-155.03807068
-193.89202881
-167.44975281
-208.36521912
-203.62487793
-146.92272949
-122.17911530
-99.06674957
-111.28182983
-118.47608185
-118.03822327
-98.16569519
-136.26321411
-137.91879272
-149.04331970
-112.26019287
-99.65511322
-124.38822174
-159.84111023
-151.81993103
-114.86634827
-114.23151398
-186.44322205
-88.93723297
-109.53582764
-159.37951660
-180.29811096
-170.86535645
-164.15245056
-235.75532532
-175.27502441
-144.08845520
-224.92272949
-118.89011383
-123.71849823
-208.79464722
-256.59368896
-128.34071350
-230.30682373
-136.04313660
-146.17182922
-254.76229858
-193.05992126
-187.33143616
-162.29962158
-213.72625732
-155.58485413
-172.57046509
-180.51017761
-192.52723694
-182.78173828
-167.15934753
-217.77973938
-192.36024475
-209.69038391
-199.72209167
-215.88879395
-177.20063782
-188.59010315
-164.03184509
-232.36445618
-176.85823059
-217.45639038
-172.10896301
-222.20744324
-180.81561279
-170.31388855
-162.39501953
-166.27932739
-238.72863770
-245.18791199
-179.94483948
-230.68998718
-255.98403931
-234.00622559
-250.62660217
-165.45837402
-176.94523621
-248.73654175
-196.42556763
-178.18518066
-161.21359253
-227.35133362
-130.36962891
-170.08885193
-223.42304993
-215.83210754
-270.92495728
-166.91311646
-251.67300415
-216.73921204
-172.37876892
-232.72952271
-175.63604736
-206.85928345
-240.20776367
-262.11718750
-131.46902466
-264.53945923
-182.94847107
-134.29147339
-231.17613220
-234.66183472
-281.88778687
-230.90502930
-267.64196777
-269.23657227
-176.68910217
-177.63240051
-185.91001892
-257.86920166
-198.36282349
-221.61796570
-234.93669128
-116.79644775
-270.20553589
-195.90159607
-290.08108521
-307.29766846
-270.71023560
-158.63302612
-229.03739929
-285.39169312
-232.16099548
-217.17994690
-258.05456543
-312.38677979
-184.93965149
-297.25775146
-279.44046021
-305.77212524
-319.06649780
-247.49783325
-289.39697266
-210.90040588
-252.92933655
-248.29360962
-321.77777100
-328.39459229
-252.70991516
-304.07290649
-260.76077271
-332.15002441
-281.03845215
-137.13356018
-229.53260803
-173.86737061
-145.93614197
-140.45402527
-336.10250854
-132.89982605
-329.52999878
-327.24282837
-245.81169128
-240.12039185
-135.53927612
-318.24563599
-302.25350952
-253.23292542
-317.32409668
-211.66282654
-337.84808350
-163.61856079
-304.05645752
-202.32539368
-254.96733093
-322.09063721
-204.55853271
-367.92880249
-211.61155701
-338.81085205
-322.22473145
-175.94227600
-221.45748901
-338.59927368
-126.75583649
-131.68080139
-345.92346191
-289.39221191
-271.45346069
-349.11462402
-180.70959473
-218.16200256
-286.59625244
-181.08428955
-127.12252808
-314.97955322
-340.05783081
-122.62458801
-134.27166748
-377.04010010
-155.02757263
-173.74949646
-118.33994293
-228.73025513
-384.62463379
-375.73046875
-124.59788513
-309.61657715
-339.61584473
-122.43636322
-334.43676758
-138.93931580
-117.78856659
-174.22076416
-335.79107666
-175.66418457
-333.22866821
-386.83535767
-387.89770508
-292.66619873
-130.58386230
-262.35171509
-372.42132568
-213.67147827
-372.89752197
-216.96055603
-215.57440186
-395.15536499
-192.63310242
-213.86817932
-366.73956299
-395.33569336
-116.42618561
-313.50811768
-380.43188477
-116.92735291
-276.27755737
-400.81472778
-113.04583740
-218.16006470
-405.76882935
-196.89123535
-291.82531738
-388.59771729
-331.78613281
-387.45526123
-116.06578827
-338.52734375
-357.30587769
-346.55371094
-316.91149902
-381.30957031
-287.47927856
-258.79254150
-127.48309326
-130.60165405
-364.22915649
-221.23326111
-335.69714355
-205.17225647
-224.62330627
-395.84036255
-413.95742798
-195.64566040
-112.07878113
-394.15704346
-116.32501221
-113.98794556
-249.60090637
-390.50671387
-163.46539307
-296.33636475
-138.73568726
-147.75942993
-134.68292236
-112.11468506
-105.77705383
-317.26617432
-403.17700195
-397.86566162
-308.85357666
-236.46771240
-208.26547241
-394.74411011
-301.05776978
-159.71441650
-105.08455658
-334.03738403
-371.07064819
-435.79571533
-151.05815125
-293.74722290
-110.67459869
-351.00225830
-442.55187988
-105.53552246
-106.54270935
-379.85031128
-101.17644501
-350.42044067
-394.52279663
-384.37573242
-429.36941528
-410.90130615
-446.36798096
-422.33444214
-421.88336182
-253.33604431
-350.39221191
-131.47776794
-340.01403809
-183.04220581
-114.85008240
-408.29061890
-97.24684906
-447.56201172
-452.84289551
-136.02278137
-141.59251404
-452.63049316
-424.03277588
-136.96524048
-426.17471313
-167.16172791
-124.86861420
-420.72888184
-460.39758301
-405.66876221
-420.75860596
-116.74109650
-427.22232056
-342.80792236
-133.58155823
-454.37207031
-200.48310852
-116.40852356
-95.70124817
-452.08215332
-290.47601318
-97.82214355
-463.77752686
-128.66529846
-158.36514282
-92.58505249
-95.55342102
-100.22787476
-426.91662598
-442.70605469
-351.40362549
-167.81428528
-164.87832642
-137.71546936
-369.05432129
-435.88156128
-475.02621460
-126.93137360
-460.75360107
-386.44271851
-391.03225708
-440.38912964
-464.97396851
-487.85852051
-117.17064667
-206.28579712
-380.87750244
-376.96099854
-100.64488220
-101.82368469
-88.14682007
-203.69125366
-483.71148682
-411.56353760
-209.72940063
-431.39697266
-399.57373047
-200.20758057
-143.53381348
-476.88940430
-450.71771240
-369.98672485
-418.81488037
-103.76475525
-460.74755859
-220.72444153
-205.71659851
-212.69259644
-216.78788757
-199.66957092
-485.04977417
-405.94989014
-217.53744507
-156.95669556
-404.77294922
-360.49288940
-402.69619751
-450.93530273
-495.31799316
-98.45414734
-100.25723267
-99.30181885
-115.15245056
-117.32950592
-475.00241089
-366.25167847
-397.62545776
-503.74798584
-451.59994507
-93.88859558
-97.41460419
-124.09504700
-472.82742310
-129.57130432
-99.78115082
-171.07383728
-481.76953125
-250.39439392
-444.74734497
-175.28341675
-480.37185669
-516.49810791
-475.46359253
-108.97544098
-98.03779602
-386.96603394
-486.60440063
-256.14813232
-354.31112671
-370.70285034
-514.31488037
-504.58300781
-442.04550171
-423.64965820
-522.57525635
-503.76535034
-195.22152710
-442.84973145
-359.64990234
-221.25595093
-509.66119385
-489.17428589
-430.87213135
-210.80297852
-149.91394043
-520.00402832
-130.12504578
-147.74314880
-136.77714539
-492.09390259
-182.60592651
-238.36758423
-396.46511841
-528.99389648
-266.74758911
-485.42477417
-392.17205811
-498.95681763
-500.88739014
-217.77359009
-97.95342255
-433.05239868
-495.79318237
-100.51055908
-428.14953613
-405.72665405
-496.08883667
-224.71858215
-526.98864746
-511.76004028
-493.35494995
-508.99981689
-485.53994751
-424.61596680
-522.46081543
-400.12081909
-115.28408051
-487.36691284
-454.68328857
-379.41876221
-121.26076508
-487.65631104
-498.67657471
-532.10418701
-432.13061523
-393.77105713
-231.02195740
-126.45769501
-415.66369629
-494.72485352
-505.56613159
-207.99052429
-423.02590942
-499.28927612
-216.15919495
-216.33047485
-540.72076416
-213.50038147
-449.34991455
-108.94425201
-142.14770508
-218.52192688
-367.95510864
-190.39051819
-402.71719360
-453.78601074
-543.03106689
-439.42590332
-269.83636475
-269.38162231
-385.07910156
-469.91668701
-122.14061737
-119.65879059
-132.58776855
-218.13336182
-148.60237122
-548.35192871
-430.00012207
-448.96585083
-565.38720703
-499.38574219
-421.31088257
-182.58512878
-226.85876465
-369.66259766
-241.79838562
-486.50317383
-448.40640259
-162.89309692
-368.35040283
-544.88629150
-187.57637024
-164.12014771
-539.86584473
-483.03976440
-234.49694824
-391.66857910
-484.75347900
-298.16723633
-403.57119751
-485.49942017
-206.94874573
-450.24826050
-390.78063965
-491.23620605
-155.50457764
-216.54814148
-474.72277832
-395.80404663
-166.94680786
-167.93153381
-548.00372314
-218.14378357
-554.95556641
-480.32794189
-228.49575806
-460.23904419
-418.80242920
-494.78012085
-523.43859863
-203.48460388
-559.43786621
-195.54882812
-566.40130615
-472.87637329
-196.41886902
-166.88278198
-547.08947754
-197.73092651
-166.75692749
-177.70570374
-171.24798584
-374.68307495
-540.71667480
-246.20176697
-553.28436279
-570.47595215
-201.14859009
-231.09944153
-176.96286011
-532.58465576
-478.26681519
-198.31510925
-209.19224548
-186.88362122
-197.18104553
-223.40682983
-540.43255615
-506.65359497
-195.68458557
-227.80126953
-182.22944641
-197.56861877
-456.44140625
-224.66546631
-526.32843018
-231.17712402
-213.59533691
-195.00646973
-216.61946106
-185.70466614
-596.57373047
-489.26010132
-189.65928650
-507.15884399
-591.46850586
-499.13568115
-196.42419434
-225.43153381
-203.05284119
-529.88970947
-208.03668213
-602.84381104
-584.13897705
-220.66444397
-609.44622803
-466.29190063
-622.69891357
-225.21641541
-197.87370300
-510.98550415
-241.24308777
-628.04022217
-506.32952881
-234.26567078
-248.20588684
-199.59751892
-196.04869080
-204.48802185
-197.42672729
-604.09185791
-556.63598633
-247.90504456
-544.26129150
-617.00042725
-200.29118347
-498.44998169
-253.32838440
-393.64184570
-466.42593384
-568.34466553
-500.29742432
-613.14648438
-484.27587891
-212.90849304
-530.97766113
-244.53886414
-496.78048706
-205.25263977
-200.83067322
-514.13781738
-516.89544678
-528.61285400
-213.39271545
-223.58999634
-217.92901611
-541.89825439
-535.58398438
-587.65869141
-261.04931641
-250.61962891
-258.15866089
-202.85484314
-601.38397217
-266.83718872
-194.52143860
-610.12438965
-202.02124023
-520.78985596
-224.07499695
-629.20812988
-611.63018799
-247.38581848
-455.24749756
-238.78201294
-255.23564148
-556.64923096
-223.18032837
-260.47216797
-259.97570801
-285.87799072
-536.15643311
-596.76123047
-449.18835449
-616.29937744
-557.57171631
-204.82852173
-244.19522095
-570.76470947
-650.97717285
-426.47943115
-514.05432129
-635.74920654
-628.79058838
-235.54037476
-220.39352417
-246.04745483
-596.28326416
-591.23309326
-229.75242615
-282.41171265
-543.10681152
-535.91522217
-201.56834412
-521.01403809
-629.54089355
-666.71398926
-457.15963745
-583.54125977
-640.52874756
-649.99346924
-554.39721680
-229.55712891
-536.89508057
-668.26800537
-549.15338135
-234.22540283
-198.22406006
-672.16302490
-616.58245850
-466.67431641
-492.40121460
-655.66107178
-649.36413574
-555.71392822
-633.86694336
-614.40020752
-509.20800781
-477.42269897
-437.96875000
-543.31671143
-478.60040283
-549.74218750
-565.94189453
-669.72839355
-424.53314209
-265.67889404
-564.53881836
-296.35610962
-586.26403809
-532.77551270
-193.64611816
-255.94883728
-228.78407288
-667.32086182
-252.83056641
-468.07101440
-495.59259033
-538.76544189
-448.71264648
-548.55877686
-648.33062744
-367.68487549
-494.21087646
-245.17127991
-544.55938721
-673.52856445
-455.44842529
-538.25128174
-277.77218628
-499.04098511
-206.07571411
-468.04061890
-534.89691162
-528.53375244
-648.73944092
-250.83972168
-586.55291748
-573.56536865
-669.56567383
-240.95056152
-644.47302246
-299.19564819
-674.09594727
-648.52343750
-266.03009033
-299.18014526
-185.57807922
-216.44059753
-573.61108398
-686.43688965
-443.71871948
-430.10079956
-598.51525879
-189.53691101
-209.21827698
-676.14428711
-215.16184998
-187.97145081
-194.72883606
-336.96084595
-491.33956909
-673.26800537
-643.96496582
-599.19873047
-259.03067017
-551.65966797
-325.53521729
-551.56152344
-206.44134521
-540.10870361
-515.56420898
-525.49261475
-676.15582275
-686.21014404
-662.93170166
-601.94348145
-513.89605713
-285.76348877
-278.90438843
-520.94409180
-202.25097656
-646.39434814
-686.05938721
-656.77416992
-679.52844238
-275.51092529
-213.85699463
-575.47741699
-696.17974854
-451.13772583
-545.60766602
-270.14315796
-710.95281982
-264.18362427
-687.57025146
-270.05154419
-255.26971436
-599.66088867
-571.92633057
-591.17242432
-227.35496521
-704.24554443
-273.36776733
-283.75433350
-265.18194580
-657.60913086
-701.22363281
-287.98483276
-720.06207275
-268.23492432
-286.97982788
-241.20994568
-250.31791687
-734.64886475
-545.59204102
-706.27032471
-626.16448975
-208.54765320
-212.32221985
-232.09667969
-656.73211670
-742.40283203
-709.80004883
-575.72961426
-706.61944580
-595.60418701
-471.76046753
-721.39569092
-248.07530212
-632.07012939
-233.34271240
-247.31221008
-530.76965332
-496.93054199
-350.21673584
-663.99578857
-693.37890625
-739.27960205
-708.64068604
-237.08221436
-718.60583496
-233.25640869
-575.48980713
-278.20648193
-692.67822266
-226.11775208
-751.08447266
-280.24084473
-695.41094971
-745.25268555
-239.72897339
-450.71823120
-301.52957153
-547.40991211
-755.14910889
-744.46209717
-710.79589844
-585.87298584
-750.41387939
-248.49392700
-650.25653076
-304.29739380
-322.84475708
-221.74472046
-257.71307373
-271.45425415
-644.89947510
-555.58453369
-643.19207764
-688.69238281
-749.81976318
-305.04455566
-750.38873291
-285.03515625
-322.64981079
-283.52734375
-641.03778076
-301.04574585
-743.54241943
-309.37988281
-326.84860229
-265.30920410
-669.72363281
-346.79879761
-772.82098389
-506.98428345
-706.04864502
-256.98126221
-268.39154053
-267.19421387
-673.41302490
-255.53402710
-753.52239990
-522.22723389
-680.07495117
-740.88293457
-523.00140381
-256.58657837
-238.40103149
-711.05261230
-320.61178589
-249.81231689
-264.17980957
-320.25921631
-585.04046631
-265.98348999
-313.10208130
-701.01837158
-745.47955322
-313.42456055
-733.55419922
-698.40197754
-756.01684570
-648.61425781
-442.88064575
-290.12261963
-294.48522949
-556.34954834
-327.12234497
-287.55111694
-302.50546265
-751.72875977
-616.87884521
-540.08648682
-646.37927246
-641.19616699
-784.67523193
-647.28088379
-579.93188477
-328.76400757
-678.98535156
-720.24121094
-276.44216919
-698.94256592
-627.18481445
-688.98712158
-645.64398193
-291.51287842
-257.16241455
-617.22552490
-245.47438049
-748.08142090
-651.84838867
-714.23962402
-258.14819336
-258.15036011
-263.24896240
-664.78088379
-711.21630859
-263.83380127
-286.76217651
-704.48504639
-749.24444580
-716.49340820
-264.76464844
-576.72601318
-634.20190430
-650.18341064
-307.22973633
-833.09674072
-309.28771973
-813.96325684
-287.36892700
-280.21636963
-282.39456177
-824.52435303
-696.84570312
-814.05078125
-286.99160767
-325.03051758
-621.68164062
-642.51867676
-764.51452637
-307.43649292
-267.76058960
-326.80490112
-785.12078857
-318.37557983
-718.35729980
-427.84411621
-594.19201660
-770.88708496
-720.48828125
-557.50262451
-644.76556396
-693.74334717
-789.79742432
-654.50775146
-597.96014404
-631.35406494
-785.70727539
-627.30065918
-359.38229370
-872.07678223
-871.12939453
-724.90747070
-358.58175659
-675.12908936
-664.63128662
-477.89825439
-650.96435547
-856.65209961
-426.59072876
-651.51208496
-814.91333008
-603.13079834
-275.34597778
-844.43981934
-589.85089111
-639.10321045
-848.22509766
-386.12142944
-375.22845459
-702.49804688
-830.09710693
-300.31326294
-701.19885254
-399.48266602
-627.08215332
-352.93292236
-291.40875244
-611.20989990
-293.26278687
-351.14819336
-858.29364014
-313.70236206
-310.85696411
-816.62152100
-294.00579834
-850.97460938
-787.72564697
-861.89788818
-864.37139893
-305.21096802
-332.32485962
-814.09045410
-808.10443115
-365.04452515
-666.93664551
-830.63671875
-312.68630981
-882.59271240
-897.08813477
-644.60229492
-312.29266357
-885.76367188
-622.09020996
-795.55322266
-823.78527832
-901.78662109
-614.18920898
-901.94635010
-802.53820801
-307.00119019
-332.72433472
-751.51123047
-348.99151611
-778.03082275
-443.14413452
-902.94012451
-747.67376709
-338.86605835
-711.70178223
-683.39825439
-662.79223633
-679.59869385
-870.75244141
-816.36523438
-335.38702393
-797.57989502
-648.83599854
-338.17382812
-336.83340454
-339.50842285
-556.78228760
-749.70300293
-337.98217773
-538.46374512
-799.27740479
-321.02005005
-397.28469849
-328.16699219
-329.92703247
-333.62780762
-332.85250854
-320.20315552
-373.37942505
-302.92697144
-306.72201538
-308.25561523
-317.58917236
-312.49618530
-632.52258301
-327.93853760
-317.97549438
-732.83923340
-689.46655273
-915.04846191
-685.44171143
-867.44805908
-375.66436768
-323.78805542
-693.35620117
-335.11529541
-298.21383667
-334.33660889
-894.52728271
-360.46466064
-319.39477539
-360.11483765
-808.00708008
-643.63592529
-861.71539307
-890.73522949
-711.74340820
-300.14981079
-339.92562866
-752.77807617
-709.70996094
-332.92071533
-649.56097412
-339.99404907
-924.20483398
-348.47515869
-380.35180664
-332.66378784
-821.98767090
-816.12628174
-613.28344727
-711.40399170
-834.70648193
-360.44024658
-717.84613037
-745.43939209
-889.30676270
-377.63412476
-305.37893677
-783.54608154
-315.51885986
-726.87902832
-365.47387695
-364.07089233
-511.23852539
-315.63183594
-327.24124146
-897.18823242
-328.85775757
-731.43542480
-369.34304810
-705.73974609
-756.57800293
-382.88577271
-860.15515137
-861.80560303
-704.39758301
-898.89129639
-838.36389160
-891.91522217
-883.70953369
-830.18225098
-837.76562500
-354.67803955
-941.24560547
-941.65173340
-739.89990234
-622.04187012
-314.61209106
-798.72082520
-358.41787720
-358.40051270
-837.00213623
-775.27374268
-715.81250000
-366.71697998
-365.61099243
-378.39999390
-314.64770508
-852.85571289
-797.26159668
-835.00250244
-370.46136475
-355.37457275
-936.13867188
-334.01535034
-327.82028198
-368.32894897
-762.74334717
-702.91229248
-932.00927734
-764.28723145
-370.13784790
-935.85003662
-340.15893555
-807.34155273
-345.37902832
-926.29260254
-717.87060547
-356.73278809
-353.30847168
-365.04953003
-355.28997803
-372.90621948
-895.41363525
-707.84930420
-740.77545166
-360.33355713
-350.57058716
-591.34234619
-804.77679443
-829.77178955
-925.77947998
-401.88235474
-853.46081543
-714.54730225
-899.95916748
-374.96490479
-362.86721802
-863.62500000
-358.50054932
-901.69488525
-359.60812378
-740.02233887
-383.19598389
-377.28280640
-777.48364258
-730.55944824
-788.47564697
-612.13165283
-683.62811279
-735.28814697
-798.72076416
-396.08694458
-354.96090698
-885.39898682
-876.62310791
-384.65829468
-369.38461304
-914.54693604
-385.06347656
-685.63665771
-941.86346436
-869.39825439
-394.93841553
-910.00030518
-579.38275146
-623.13500977
-709.46008301
-677.21228027
-323.87548828
-915.30487061
-783.77191162
-363.43630981
-349.55621338
-355.23934937
-805.62518311
-925.69671631
-721.61572266
-809.00939941
-748.90301514
-845.04827881
-394.78408813
-760.07019043
-829.00549316
-508.04156494
-783.62036133
-820.80108643
-363.06195068
-887.76422119
-411.70751953
-424.67214966
-744.87780762
-370.61468506
-368.84097290
-759.05389404
-620.79956055
-596.37329102
-893.03814697
-383.58911133
-410.35058594
-772.92089844
-822.05596924
-390.98522949
-349.25308228
-810.86724854
-340.62863159
-677.64312744
-420.84991455
-418.89132690
-333.82861328
-351.99490356
-794.07476807
-401.36560059
-407.11697388
-665.19952393
-798.95806885
-661.54541016
-805.75122070
-875.07067871
-369.91992188
-366.50390625
-728.00518799
-857.61041260
-405.75817871
-924.75280762
-394.86117554
-844.53643799
-609.72216797
-361.76031494
-831.80517578
-698.16784668
-815.97747803
-401.57681274
-673.68145752
-878.24462891
-857.05023193
-399.89865112
-901.51647949
-832.41607666
-848.41766357
-673.18066406
-718.95782471
-929.73541260
-384.12585449
-573.39801025
-372.27102661
-395.65692139
-773.23645020
-912.41497803
-386.13357544
-378.72525024
-413.81039429
-376.73339844
-388.46609497
-873.85424805
-870.70733643
-399.19662476
-917.19787598
-760.07952881
-405.67120361
-612.68902588
-846.28222656
-376.02960205
-372.01129150
-891.65985107
-864.23956299
-822.75665283
-857.74090576
-375.18457031
-615.27343750
-398.91009521
-368.13909912
-410.96084595
-657.00207520
-946.21887207
-377.28903198
-756.69500732
-683.92590332
-911.05151367
-952.86645508
-884.56823730
-868.37963867
-382.99288940
-672.77349854
-399.30047607
-913.64227295
-957.70635986
-929.98791504
-796.39050293
-895.41076660
-684.23931885
-425.54153442
-795.95721436
-414.41769409
-845.50579834
-374.18948364
-727.93182373
-798.93756104
-369.92269897
-807.47454834
-370.58892822
-867.41961670
-957.43597412
-429.97448730
-955.91943359
-378.07751465
-755.30511475
-382.62612915
-892.74517822
-758.44287109
-815.25756836
-775.94702148
-398.80023193
-743.60266113
-426.55203247
-364.04632568
-700.14648438
-421.56878662
-418.15368652
-905.59625244
-727.10589600
-422.72012329
-905.20153809
-961.33758545
-415.42968750
-849.04156494
-808.21691895
-825.25970459
-935.62640381
-372.85934448
-363.36572266
-372.10736084
-375.82379150
-383.06481934
-408.52569580
-979.25720215
-468.03988647
-715.63854980
-753.22979736
-387.22991943
-967.07897949
-773.22827148
-532.66253662
-752.05847168
-957.31774902
-776.37927246
-459.67654419
-832.72204590
-958.26782227
-720.10241699
-760.33831787
-618.24267578
-503.18225098
-410.05249023
-969.63116455
-417.68386841
-394.46343994
-419.34133911
-901.18426514
-409.14373779
-416.16088867
-430.49197388
-425.11621094
-430.39257812
-982.64257812
-374.07833862
-369.09411621
-801.51611328
-822.78826904
-376.73547363
-808.04559326
-708.67834473
-422.24566650
-915.88269043
-403.11215210
-714.35394287
-881.10650635
-822.92834473
-771.40679932
-437.47305298
-420.14602661
-395.28500366
-966.02648926
-413.07574463
-396.51519775
-405.38583374
-391.41824341
-853.74896240
-987.16082764
-962.51190186
-402.20272827
-414.46716309
-1017.63391113
-989.06262207
-372.06283569
-434.98989868
-439.45401001
-759.80328369
-436.58026123
-376.02023315
-393.26574707
-1011.09637451
-398.43173218
-432.19830322
-903.42773438
-968.55749512
-970.74609375
-406.75299072
-756.70257568
-862.41583252
-746.99932861
-385.96759033
-982.10577393
-826.78448486
-788.42797852
-964.72119141
-668.10955811
-428.66629028
-1009.74133301
-949.90240479
-725.48785400
-422.32003784
-412.10220337
-1002.71295166
-427.45205688
-672.66729736
-977.77020264
-913.71203613
-780.35876465
-883.87536621
-431.84609985
-725.75634766
-827.45697021
-837.21710205
-850.74121094
-726.60223389
-1012.34875488
-855.14733887
-1013.90954590
-390.57159424
-398.47134399
-1006.93597412
-386.06127930
-1017.23162842
-939.28076172
-424.30178833
-413.72061157
-382.12222290
-399.31387329
-410.83343506
-416.00109863
-725.06164551
-960.45910645
-1005.11285400
-853.66259766
-403.42019653
-383.14819336
-759.26940918
-969.07690430
-974.39721680
-966.68597412
-445.95056152
-424.05236816
-856.85339355
-874.57812500
-395.53729248
-399.65667725
-851.67114258
-727.94091797
-414.56582642
-1003.06298828
-408.41461182
-980.04907227
-814.46704102
-386.44601440
-406.81283569
-985.07781982
-411.20330811
-711.57421875
-422.37094116
-425.88635254
-949.05584717
-417.28952026
-896.02362061
-396.50613403
-958.86578369
-980.38690186
-432.44119263
-376.03506470
-905.96990967
-386.81088257
-449.02557373
-378.01303101
-820.36779785
-924.23791504
-395.02804565
-776.77923584
-377.79501343
-868.28442383
-997.33679199
-405.74209595
-386.54379272
-416.59677124
-413.94018555
-1005.00000000
-938.05041504
-432.48278809
-450.45684814
-938.89318848
-388.59973145
-881.28997803
-442.66909790
-407.31979370
-886.92639160
-453.98297119
-417.01458740
-978.93872070
-381.51776123
-869.63299561
-984.71008301
-876.70227051
-410.52148438
-387.35516357
-1050.06872559
-922.78845215
-846.85766602
-407.11596680
-366.60531616
-437.83212280
-929.40509033
-865.92291260
-864.86236572
-375.16018677
-431.28582764
-1076.80444336
-945.30560303
-1070.76574707
-909.00683594
-382.24792480
-1063.65893555
-1028.39733887
-966.23321533
-965.82299805
-456.94168091
-840.29034424
-1000.97650146
-422.62191772
-956.15917969
-369.67160034
-781.51757812
-410.19857788
-807.36450195
-675.19262695
-808.89666748
-425.61932373
-436.99700928
-442.64596558
-425.28121948
-395.78802490
-925.81860352
-946.68469238
-1036.27734375
-1049.50915527
-400.03253174
-771.43939209
-410.51126099
-376.42364502
-416.86181641
-1070.07336426
-394.78936768
-934.68701172
-410.88571167
-1062.17578125
-443.78829956
-403.83743286
-938.29541016
-431.93777466
-1077.30041504
-926.01721191
-1082.36791992
-1085.19384766
-835.44470215
-414.29977417
-1082.74267578
-837.65246582
-998.92333984
-917.13903809
-916.16815186
-448.41793823
-914.69256592
-440.35797119
-416.83682251
-1086.72973633
-1042.45849609
-1070.87451172
-425.83187866
-924.01043701
-439.69863892
-433.23864746
-930.55010986
-744.09197998
-404.46148682
-1100.72485352
-805.25799561
-837.44244385
-916.32446289
-393.06082153
-1102.09252930
-972.45324707
-926.38940430
-424.85711670
-971.28820801
-957.91503906
-1032.28686523
-424.16250610
-971.09918213
-902.16693115
-809.90118408
-1054.37609863
-1107.05895996
-495.02429199
-911.03894043
-408.10604858
-1042.49304199
-372.10708618
-426.46603394
-992.78735352
-420.52920532
-1082.96630859
-1126.48913574
-797.47442627
-1062.69470215
-985.78326416
-978.12597656
-1036.52294922
-1126.07727051
-1137.61096191
-1007.80792236
-736.61932373
-663.85949707
-371.06420898
-415.01626587
-375.31411743
-1144.82275391
-790.55242920
-375.05432129
-482.18283081
-422.44467163
-429.52972412
-376.13424683
-836.06579590
-1158.85510254
-1054.29858398
-389.23446655
-1065.52380371
-1078.03601074
-1058.49096680
-377.57595825
-836.01654053
-1151.87902832
-1162.93469238
-1140.27795410
-1080.06860352
-368.51147461
-403.75900269
-826.63073730
-410.25012207
-1059.49023438
-975.83422852
-735.00695801
-362.96322632
-943.59027100
-612.39233398
-1009.80322266
-1172.67968750
-880.90057373
-421.61550903
-990.74652100
-1060.82409668
-406.03887939
-1079.79516602
-1013.26385498
-1167.71594238
-1177.63623047
-773.87554932
-802.64141846
-1183.30773926
-1099.58813477
-392.24349976
-1086.41418457
-976.30621338
-382.79199219
-392.54821777
-947.46887207
-1059.46105957
-434.48492432
-394.73327637
-774.09411621
-845.39245605
-354.96151733
-1009.43878174
-1055.82958984
-1054.77868652
-434.55599976
-376.65335083
-1166.07873535
-359.40216064
-417.47161865
-834.96051025
-1167.87231445
-728.14123535
-444.22387695
-371.43170166
-389.48718262
-1200.83532715
-874.99609375
-391.25039673
-1033.73840332
-422.66143799
-426.22592163
-978.47717285
-369.73721313
-404.81369019
-1168.10375977
-439.85351562
-429.90115356
-366.04187012
-1000.79290771
-1042.13134766
-351.52380371
-337.52078247
-1028.56115723
-1006.33587646
-371.87762451
-353.31057739
-1115.60266113
-841.93023682
-795.37011719
-1250.50207520
-692.83691406
-888.68762207
-410.02493286
-1168.92443848
-719.08843994
-396.94418335
-1104.95312500
-1192.86291504
-416.04299927
-1181.70080566
-452.47253418
-1066.74072266
-857.54602051
-391.34237671
-986.98541260
-1228.98803711
-840.94476318
-1126.08435059
-327.34832764
-320.48110962
-1032.90197754
-953.20190430
-360.67947388
-903.92675781
-842.41888428
-339.40872192
-315.38284302
-348.35110474
-429.67105103
-368.25869751
-409.76620483
-1061.82531738
-864.04882812
-1220.30053711
-938.56860352
-316.25119019
-917.11608887
-1064.08740234
-985.43450928
-319.89913940
-389.16348267
-405.00341797
-1273.42114258
-299.32202148
-334.84811401
-1264.91418457
-294.79965210
-1082.96728516
-355.74993896
-293.03686523
-359.45489502
-1254.77941895
-1194.97998047
-1159.47583008
-322.44000244
-937.40191650
-1067.53112793
-1251.66796875
-389.65948486
-309.41235352
-316.91970825
-1165.38574219
-283.34899902
-1041.08911133
-425.46929932
-416.14968872
-292.71548462
-336.82400513
-1231.92761230
-936.16247559
-1014.11566162
-367.65567017
-1271.75891113
-1068.90649414
-1299.10437012
-1078.84765625
-1259.02136230
-1202.16552734
-1054.57324219
-457.30673218
-881.17315674
-453.94644165
-446.23175049
-882.24780273
-1065.35046387
-293.45611572
-356.60650635
-396.51718140
-1190.09741211
-278.35589600
-280.05984497
-435.80813599
-1103.78149414
-1219.52014160
-402.81427002
-432.00158691
-1204.71289062
-1152.62536621
-403.39675903
-423.70785522
-1273.01708984
-731.40325928
-1277.95458984
-344.39486694
-295.14718628
-427.87496948
-421.63973999
-270.14819336
-1244.44677734
-996.69470215
-297.58972168
-1181.85668945
-1026.31469727
-372.25128174
-424.18728638
-1186.05151367
-1231.00561523
-789.19323730
-1027.68469238
-1167.76171875
-1310.93029785
-346.94067383
-281.67932129
-817.69024658
-1124.78674316
-1227.25122070
-1055.31591797
-350.08520508
-1127.24023438
-259.59109497
-1239.78540039
-260.31710815
-364.25137329
-824.72113037
-940.89660645
-394.50775146
-1358.83105469
-1326.06079102
-1329.14379883
-602.95434570
-489.40002441
-1212.24902344
-429.95684814
-363.84432983
-429.35934448
-421.33163452
-1201.31164551
-1089.89868164
-1013.16503906
-1357.99633789
-849.40246582
-1210.71630859
-688.96142578
-1027.00085449
-406.12521362
-431.32479858
-1296.55761719
-431.09698486
-389.80474854
-440.27337646
-424.51232910
-425.88662720
-901.00720215
-1144.13781738
-1278.11572266
-1364.69189453
-313.96972656
-330.64956665
-1180.90490723
-906.92761230
-1133.94433594
-1281.99523926
-921.89324951
-379.76086426
-283.92050171
-1239.51538086
-1346.74353027
-1153.11999512
-1332.93945312
-965.36169434
-1196.12280273
-962.83892822
-1028.38220215
-894.21374512
-978.12237549
-400.78726196
-420.70684814
-263.24075317
-1392.20751953
-1024.05017090
-879.47076416
-1318.86340332
-291.15765381
-1068.47790527
-303.71966553
-1319.86877441
-291.28012085
-266.61682129
-1243.03259277
-1441.03076172
-426.44372559
-1225.81860352
-391.92065430
-1375.50769043
-1338.23315430
-1163.62145996
-310.41058350
-343.20135498
-293.82086182
-1081.13476562
-334.95446777
-341.64434814
-1334.93688965
-326.01470947
-1128.67736816
-278.90051270
-1360.17297363
-1427.62829590
-299.83593750
-1363.40393066
-1093.83374023
-1086.02758789
-509.84509277
-507.15051270
-728.55224609
-905.44378662
-387.83905029
-1365.79272461
-1365.40588379
-1278.09655762
-923.53582764
-528.43048096
-1113.79003906
-501.98947144
-494.40832520
-356.06134033
-1127.96142578
-413.53451538
-1170.25549316
-1427.63403320
-1366.39794922
-370.86361694
-1368.14465332
-1382.76379395
-900.87438965
-343.07546997
-355.91760254
-1062.70690918
-373.72631836
-1142.60131836
-315.14334106
-1294.27465820
-293.14239502
-377.08294678
-382.91006470
-419.87258911
-280.61401367
-255.66148376
-1381.41857910
-304.35452271
-1379.74768066
-1409.49206543
-1332.87133789
-1299.06481934
-1092.11950684
-986.95617676
-1379.98339844
-390.13964844
-252.61569214
-877.15484619
-336.77691650
-863.06738281
-339.78546143
-389.66320801
-329.30584717
-374.61331177
-1102.74438477
-1346.49926758
-374.25479126
-1370.21948242
-398.23904419
-389.73062134
-384.66967773
-405.68588257
-370.59396362
-1007.62512207
-1487.57153320
-1127.27099609
-1345.72009277
-1133.38635254
-394.94442749
-1136.28576660
-1480.09802246
-1490.57360840
-1386.59521484
-338.02825928
-1362.69421387
-241.57012939
-350.93786621
-350.54077148
-254.21287537
-348.93817139
-287.82077026
-1136.55541992
-1446.43090820
-277.37570190
-388.05044556
-282.85317993
-1177.71215820
-293.52117920
-1343.39611816
-309.32675171
-1320.33251953
-1160.90893555
-1215.19372559
-1000.92297363
-1570.93957520
-882.40527344
-1389.34069824
-253.51480103
-965.97711182
-1067.28869629
-1360.04663086
-1377.72424316
-1038.20239258
-373.10595703
-1583.70117188
-979.72955322
-405.90490723
-1302.64025879
-1565.83886719
-1139.99230957
-1539.97143555
-1234.85449219
-1151.81872559
-1264.14526367
-1433.95886230
-1509.71911621
-1322.55371094
-1520.26452637
-241.59556580
-1427.62121582
-1134.13745117
-962.10894775
-1518.92822266
-327.11630249
-281.83148193
-1598.29833984
-1390.33740234
-322.87026978
-397.11264038
-1369.62036133
-348.75939941
-915.37109375
-223.55236816
-1056.93127441
-1032.56372070
-1100.60742188
-1353.96337891
-1382.42932129
-1131.81738281
-1346.36560059
-412.27505493
-286.90103149
-311.99880981
-1549.84362793
-915.85028076
-836.44732666
-917.88299561
-1367.27075195
-1186.14562988
-249.75000000
-231.01211548
-1026.67773438
-1004.73406982
-1449.43737793
-1181.96142578
-391.52786255
-1041.43103027
-434.30917358
-1301.97253418
-1398.74975586
-331.45932007
-1611.49670410
-275.21960449
-1024.68798828
-409.41531372
-252.43270874
-1033.44506836
-1272.79687500
-921.47528076
-335.78509521
-1217.47290039
-1142.68725586
-377.89071655
-1137.33837891
-256.48120117
-425.61849976
-385.44097900
-917.33471680
-1328.40405273
-1330.96655273
-1441.39489746
-1167.65380859
-1139.41088867
-984.69982910
-1412.78930664
-1152.34814453
-231.81954956
-253.62742615
-254.29183960
-1545.42529297
-1554.52917480
-1402.92553711
-1606.11071777
-1147.92651367
-1452.16833496
-1245.54956055
-298.19613647
-385.43081665
-272.49298096
-1454.01513672
-353.46212769
-1634.64501953
-233.89860535
-1215.82092285
-954.80511475
-941.96063232
-1608.13330078
-363.31271362
-1389.19189453
-343.85089111
-1334.74035645
-1301.08593750
-1625.67285156
-1662.51403809
-1616.80700684
-241.73094177
-1505.27319336
-1373.88806152
-1381.97814941
-1238.98510742
-250.25393677
-1628.59826660
-1526.84777832
-1263.04357910
-331.15292358
-345.54135132
-1569.51037598
-1357.04467773
-920.34991455
-1544.10278320
-461.17507935
-1609.09472656
-1672.18518066
-1553.96130371
-1421.85107422
-1590.04284668
-428.17584229
-1096.76208496
-330.06542969
-392.05197144
-1190.23327637
-417.59893799
-298.08477783
-311.28753662
-1453.46057129
-990.22998047
-914.52392578
-1045.21313477
-362.09222412
-1618.47155762
-302.35391235
-243.39585876
-248.12997437
-1579.90490723
-1064.70507812
-1532.99597168
-374.87805176
-1724.00939941
-1170.37744141
-249.66679382
-1572.59020996
-1345.18322754
-304.87460327
-537.86242676
-1292.31445312
-273.00985718
-269.01885986
-1292.42822266
-1644.86193848
-1724.94433594
-1435.61389160
-956.43121338
-318.63040161
-1577.96484375
-318.83435059
-1673.16357422
-1769.34045410
-463.91189575
-376.24493408
-362.19198608
-303.55279541
-1432.88183594
-1523.69873047
-272.31546021
-305.65869141
-1179.45983887
-1672.28295898
-1775.81994629
-296.81814575
-1023.43231201
-1421.42797852
-1623.31958008
-340.45346069
-390.36431885
-288.59020996
-1217.49255371
-1754.92578125
-227.88697815
-1758.71765137
-1405.11791992
-928.40594482
-965.70739746
-416.87539673
-1593.79394531
-1653.66723633
-1767.82080078
-323.74826050
-1531.33398438
-461.15267944
-424.31976318
-1337.72546387
-1779.16809082
-1735.33728027
-1118.79125977
-387.25387573
-331.80798340
-366.36901855
-422.07363892
-375.84484863
-1653.70886230
-373.30627441
-1636.66430664
-410.16018677
-464.23803711
-456.77349854
-1303.12072754
-1731.03027344
-1127.27465820
-1552.05810547
-414.30972290
-407.39004517
-1155.83227539
-1599.59033203
-448.82626343
-447.49349976
-440.46664429
-1205.32543945
-1424.35607910
-1411.59521484
-941.09570312
-1791.26147461
-456.96176147
-1753.61242676
-1392.63952637
-442.28237915
-464.03375244
-1572.70410156
-455.79373169
-447.92605591
-452.08438110
-1833.69116211
-1563.30688477
-1869.42346191
-1843.91015625
-486.77661133
-1299.46008301
-499.30853271
-1281.34582520
-457.19079590
-454.47393799
-465.36386108
-448.64859009
-1285.17407227
-1171.67016602
-489.99771118
-416.83523560
-1503.79492188
-461.50466919
-455.15878296
-940.98773193
-1458.76391602
-432.09259033
-356.85513306
-1409.21618652
-500.69827271
-1915.00512695
-411.69711304
-434.51861572
-423.52719116
-465.53833008
-462.22912598
-1028.59667969
-1338.55334473
-1746.33435059
-1465.93652344
-421.35922241
-506.60498047
-418.93847656
-1756.86437988
-445.22845459
-429.19552612
-426.08322144
-1755.24475098
-1859.75012207
-465.04244995
-1739.29736328
-1918.31018066
-499.33010864
-451.89028931
-1735.72644043
-1534.00744629
-491.85275269
-458.83282471
-1836.05395508
-1515.62365723
-418.33987427
-466.22201538
-491.77355957
-1237.67993164
-1565.83447266
-424.06881714
-521.37530518
-393.39230347
-1909.21276855
-463.43530273
-1822.91040039
-1423.92871094
-1986.78381348
-2025.56579590
-1882.73583984
-466.09732056
-1834.39172363
-463.15951538
-1674.02014160
-2030.01245117
-1097.81140137
-1620.77770996
-487.51257324
-397.84338379
-2048.44970703
-387.04910278
-1997.95483398
-1302.57629395
-496.66003418
-529.73101807
-389.42248535
-1806.80090332
-404.46386719
-1901.96789551
-1851.38208008
-1813.57202148
-399.92575073
-489.22634888
-2030.58105469
-2050.15258789
-1159.69006348
-468.19821167
-1660.89636230
-1375.24560547
-2016.16674805
-435.24044800
-1863.77709961
-417.50170898
-2052.40747070
-1762.65380859
-1288.12329102
-1679.28051758
-1202.68994141
-1836.21289062
-496.63406372
-485.22238159
-1483.23559570
-1979.76733398
-489.02261353
-543.37060547
-2017.78906250
-546.20727539
-1449.96850586
-541.01318359
-466.37860107
-476.87072754
-1850.26953125
-510.36923218
-2104.93505859
-1619.87780762
-543.38604736
-529.92138672
-1396.70996094
-494.93789673
-1545.96948242
-2070.75341797
-496.70211792
-1430.16625977
-499.90414429
-501.17282104
-2067.84008789
-1512.82421875
-1993.66809082
-1875.15295410
-1564.13732910
-515.17028809
-464.20062256
-2019.05712891
-1258.37756348
-522.85894775
-1325.00488281
-479.46258545
-1251.59912109
-633.99194336
-1954.55895996
-1464.33264160
-1863.78381348
-1985.32629395
-432.37460327
-1906.32775879
-1717.12902832
-2082.65673828
-1956.03955078
-474.69354248
-499.32971191
-2141.58227539
-695.89837646
-483.14849854
-488.65908813
-551.26342773
-1873.14404297
-1758.29821777
-543.99505615
-538.97894287
-1507.49780273
-564.25781250
-1508.13061523
-1972.26159668
-1548.24304199
-2085.36401367
-2080.62670898
-1701.77661133
-1566.98950195
-2147.87255859
-563.41125488
-2009.01416016
-561.22900391
-1656.94824219
-1517.42321777
-2201.58593750
-2204.45971680
-619.79205322
-582.15472412
-2172.72363281
-584.58392334
-1449.22143555
-1547.68029785
-1850.68444824
-1755.24316406
-582.75140381
-596.04608154
-1875.78283691
-618.43518066
-1775.65832520
-2209.96508789
-599.88171387
-598.59967041
-1917.53259277
-586.21447754
-614.53173828
-1913.50939941
-1776.32092285
-1457.75878906
-596.12506104
-1830.09301758
-605.71612549
-1882.70532227
-2027.64453125
-1557.35083008
-613.05175781
-2148.52416992
-1497.00512695
-1710.63439941
-612.65887451
-1789.50500488
-2057.13476562
-1574.74926758
-1937.48706055
-1387.50390625
-646.82922363
-637.53454590
-2177.60864258
-634.38000488
-621.06542969
-631.14587402
-1338.39404297
-643.53039551
-1417.37597656
-2261.21459961
-641.40155029
-643.60882568
-1846.93261719
-680.64202881
-2214.63818359
-637.04217529
-625.09588623
-660.64459229
-1840.19714355
-673.73461914
-639.72637939
-1616.98730469
-2084.19482422
-670.81530762
-697.35339355
-641.62951660
-2048.68994141
-1490.32507324
-679.31683350
-713.56744385
-1960.77722168
-671.14074707
-2153.30712891
-672.72778320
-1863.89599609
-1630.05651855
-1630.73376465
-712.73535156
-1444.22998047
-1491.05578613
-2277.93041992
-1939.13049316
-671.94671631
-1456.65954590
-2271.73217773
-641.42590332
-1629.25402832
-1266.38916016
-1941.37170410
-1720.46765137
-2080.30493164
-1373.23303223
-1739.17700195
-1636.61425781
-2244.08862305
-2098.71069336
-673.18884277
-709.66558838
-1730.82702637
-1477.82824707
-2171.70703125
-686.81292725
-2225.41040039
-650.05480957
-637.13775635
-644.00207520
-1897.38415527
-1793.51794434
-2316.37768555
-701.29931641
-683.58862305
-691.97686768
-675.04840088
-1870.23291016
-685.11572266
-699.47064209
-667.04193115
-1751.13269043
-1419.32275391
-1772.07275391
-683.57525635
-2207.90014648
-1914.73864746
-2396.64648438
-710.41687012
-1402.08740234
-1811.31481934
-688.56713867
-1742.27551270
-685.45281982
-1730.15051270
-679.94506836
-690.19470215
-1930.71643066
-2198.43212891
-688.59216309
-1733.29663086
-694.31372070
-2381.31030273
-678.35620117
-713.68957520
-2247.41796875
-700.04248047
-691.39147949
-727.74896240
-692.20104980
-736.06811523
-692.35009766
-717.74072266
-1816.66882324
-2081.36816406
-709.41442871
-2417.00317383
-2426.78417969
-1417.76257324
-743.96392822
-741.62591553
-2435.47045898
-1653.41406250
-722.51129150
-712.46197510
-697.36285400
-1911.05932617
-723.18988037
-2427.28881836
-2383.20385742
-744.78796387
-708.75360107
-710.50347900
-1909.04418945
-1587.21716309
-2442.06640625
-1805.16894531
-712.60089111
-1771.39331055
-703.27319336
-700.88812256
-703.26788330
-1985.43420410
-1719.21667480
-2329.12792969
-1624.27209473
-2258.08789062
-737.96789551
-753.50671387
-709.84161377
-1879.53747559
-2214.85668945
-757.63916016
-718.43151855
-1718.35156250
-773.43579102
-725.36993408
-716.53912354
-2406.32763672
-746.43450928
-1727.42749023
-771.30670166
-1110.75012207
-2182.20190430
-1904.20483398
-2435.60620117
-2352.53540039
-2215.26171875
-738.46215820
-771.36444092
-720.79589844
-787.76684570
-754.39697266
-733.75292969
-781.55902100
-2446.97216797
-735.24591064
-744.08306885
-1778.98449707
-2399.03564453
-1557.63085938
-1784.16040039
-1956.14697266
-743.83422852
-2326.84033203
-1965.87170410
-2424.05493164
-784.80358887
-1845.52661133
-1559.76562500
-763.82135010
-764.51440430
-2392.13012695
-771.70037842
-756.01159668
-763.72375488
-757.99310303
-772.45770264
-762.49890137
-763.19311523
-770.21093750
-1582.45751953
-2280.73046875
-2444.59863281
-2072.49633789
-2114.75048828
-2324.85180664
-785.14654541
-2296.44409180
-776.64929199
-782.16522217
-782.65655518
-789.65423584
-2025.85302734
-2441.08178711
-782.20904541
-1707.49548340
-854.77972412
-1987.37512207
-797.14227295
-787.07147217
-1900.61059570
-790.36877441
-2481.57031250
-861.18395996
-2466.62866211
-2424.19409180
-2152.98168945
-2307.60498047
-989.48291016
-757.16680908
-864.61199951
-1424.61914062
-1959.34106445
-787.60516357
-1895.74194336
-2437.44750977
-814.27746582
-2249.20874023
-2309.68896484
-806.11474609
-889.39025879
-1522.11950684
-921.68408203
-800.26379395
-2006.56848145
-808.36358643
-1617.36840820
-914.73529053
-2242.63085938
-2010.43603516
-1418.85925293
-826.71838379
-817.70452881
-1755.04138184
-2086.08154297
-1909.05358887
-847.96600342
-975.64154053
-829.58190918
-2277.32153320
-870.47210693
-944.98199463
-830.73480225
-970.84307861
-818.29974365
-902.06347656
-1998.36853027
-985.99108887
-2206.99145508
-2094.62304688
-1932.45739746
-2438.68164062
-1891.06457520
-1732.23156738
-2161.02539062
-2115.66796875
-1562.20935059
-1758.18603516
-1564.24401855
-917.81298828
-2508.94702148
-1655.33007812
-978.33129883
-2437.71166992
-973.55029297
-1645.64233398
-1443.64318848
-2507.93212891
-2435.80712891
-980.58471680
-1875.45324707
-2245.02758789
-931.09967041
-899.02514648
-974.85290527
-1561.40881348
-2331.84692383
-980.46197510
-897.67913818
-969.11761475
-2385.37890625
-1829.36499023
-1008.86047363
-2013.69409180
-1554.73950195
-2098.37353516
-984.28192139
-2243.13525391
-984.32202148
-1007.05664062
-2355.87792969
-2292.78002930
-987.77178955
-1007.92572021
-2383.34912109
-1412.49487305
-942.94226074
-1926.41577148
-1639.70080566
-2170.59375000
-944.38262939
-981.84106445
-2274.64038086
-2278.39941406
-986.12103271
-2436.22460938
-970.39715576
-1020.38433838
-1037.01367188
-2497.58081055
-1019.00646973
-1716.88146973
-962.52691650
-2129.79492188
-2505.15576172
-2147.96386719
-972.39520264
-1943.55407715
-1043.88977051
-2411.91381836
-2293.87207031
-2317.23925781
-2501.41503906
-2377.38159180
-2283.11328125
-1649.56066895
-1587.29125977
-1788.96923828
-2282.15673828
-1998.13708496
-987.73083496
-1039.88903809
-2418.46362305
-2360.00561523
-988.86273193
-998.54473877
-1890.44616699
-1018.89880371
-1037.13110352
-1008.35778809
-1011.53240967
-1798.60351562
-2396.74609375
-998.99877930
-1458.43334961
-983.20886230
-1658.13049316
-1007.89776611
-2366.69360352
-2567.83056641
-1040.53112793
-1018.42742920
-2349.25317383
-1881.15917969
-1784.25305176
-1004.30187988
-2541.55859375
-1043.60998535
-1982.67712402
-1556.72741699
-999.28289795
-2357.12695312
-1053.83068848
-1014.10644531
-1961.38513184
-2523.10815430
-1690.21179199
-1952.56164551
-1018.76678467
-2434.55566406
-2062.00805664
-2478.83911133
-1010.56115723
-1018.03277588
-1012.66485596
-1046.82495117
-2104.89599609
-2354.17285156
-1922.98413086
-2436.44287109
-1011.27001953
-1015.35101318
-1896.10131836
-1844.77465820
-1919.40625000
-1009.76336670
-2365.25292969
-1547.00500488
-2454.23339844
-1011.75616455
-2062.35839844
-1045.62329102
-1008.38256836
-1014.58239746
-1429.00012207
-2221.61669922
-1040.60534668
-1924.11328125
-1633.09570312
-2365.41943359
-1058.46716309
-1023.05590820
-1819.36743164
-1041.71862793
-2540.36157227
-2515.60815430
-959.11083984
-1926.76367188
-1980.19738770
-1927.65283203
-1750.14965820
-1781.14868164
-2170.38427734
-2370.53881836
-968.43927002
-2143.18579102
-1048.59838867
-1788.07031250
-1007.59216309
-986.20086670
-1045.98303223
-1799.69519043
-2582.17529297
-1902.46557617
-2017.60290527
-2133.99511719
-1011.80572510
-2607.58349609
-996.40972900
-1057.98608398
-1667.48645020
-1040.99694824
-1006.85974121
-2603.44653320
-2335.45410156
-2138.36889648
-1468.32055664
-977.90069580
-965.48822021
-1009.31585693
-2628.86865234
-999.86883545
-999.00952148
-2541.07934570
-1937.03808594
-995.33392334
-981.83990479
-1653.25451660
-1463.75512695
-1491.44567871
-2103.95507812
-1666.03735352
-2402.41040039
-2456.34008789
-2602.34179688
-1446.16625977
-986.20251465
-979.90496826
-1590.31958008
-987.81140137
-1606.66113281
-1699.41613770
-2583.10424805
-1402.02893066
-1972.87426758
-971.68066406
-2309.78027344
-2473.92871094
-985.81506348
-989.03100586
-2588.43896484
-1708.06970215
-1524.05957031
-981.95373535
-993.26977539
-988.50256348
-2107.90454102
-984.99755859
-2349.46093750
-2322.52758789
-2510.21777344
-2534.35327148
-2503.08398438
-2563.95849609
-1390.82153320
-996.96557617
-1910.09826660
-987.07653809
-2552.02636719
-1006.86474609
-965.44421387
-994.48815918
-2628.08959961
-2573.60937500
-953.39233398
-2033.75866699
-993.19982910
-2358.72363281
-984.80780029
-983.18225098
-944.63208008
-937.56933594
-1007.18188477
-860.58227539
-922.98754883
-936.43554688
-2333.38134766
-1922.60925293
-977.53979492
-947.14532471
-936.36456299
-2426.56005859
-936.67913818
-2305.20361328
-2365.51171875
-985.09619141
-1550.39453125
-2472.49389648
-1896.62402344
-933.44720459
-951.52087402
-989.41558838
-1896.38134766
-2647.97680664
-2277.38647461
-928.62591553
-2656.15258789
-954.43066406
-2496.30249023
-2629.24365234
-2277.61523438
-1840.56787109
-2616.64404297
-1761.36071777
-1336.15002441
-980.27313232
-929.47143555
-1377.21459961
-2318.70629883
-2575.50415039
-1021.60223389
-2348.21191406
-1754.86596680
-2375.47680664
-951.41918945
-2629.82641602
-2690.84204102
-958.05126953
-1062.81030273
-2182.52832031
-2711.63061523
-2740.17309570
-961.34051514
-2319.02172852
-959.69348145
-1864.97949219
-975.35827637
-2298.98217773
-2450.81909180
-2336.66186523
-972.40905762
-2371.95458984
-1014.25848389
-999.23797607
-988.33148193
-1934.14843750
-1025.78210449
-2407.10693359
-2463.65087891
-981.12072754
-1008.65649414
-1924.91418457
-966.48803711
-1013.01080322
-2014.88684082
-933.85253906
-1015.65863037
-2451.36694336
-1018.30926514
-947.38702393
-2810.92919922
-1718.19604492
-1669.11999512
-1021.21691895
-1845.50463867
-1537.81396484
-1459.21887207
-2714.71875000
-1820.67675781
-2181.56445312
-1641.43859863
-2371.14526367
-1201.80651855
-2825.05126953
-2763.39819336
-2703.17456055
-1001.54431152
-1001.21350098
-968.89617920
-989.74670410
-1862.12268066
-984.55694580
-2843.35668945
-2669.21630859
-1611.64965820
-2727.31176758
-981.71893311
-2251.23950195
-987.23217773
-2663.80322266
-992.70654297
-2066.90771484
-992.92218018
-2564.21484375
-982.75866699
-1844.74707031
-2875.62646484
-1475.51208496
-977.36669922
-989.98217773
-2644.32836914
-1449.70263672
-2807.82324219
-1528.81787109
-2466.37011719
-2051.81567383
-1008.69610596
-2084.41503906
-997.40649414
-2784.02929688
-981.61193848
-1863.01354980
-2658.93627930
-2107.74414062
-1418.61682129
-1003.97113037
-2449.50634766
-999.73791504
-2258.36694336
-1376.31054688
-2636.33520508
-996.34295654
-1019.88439941
-2717.27709961
-1017.18951416
-1000.88903809
-959.30175781
-1001.67993164
-2117.66503906
-2658.09399414
-996.46453857
-968.93804932
-2925.34033203
-1489.31152344
-2620.15991211
-1689.55310059
-2376.22192383
-2777.09057617
-1781.16564941
-993.35369873
-2104.06762695
-2371.48168945
-1435.34826660
-1561.25354004
-2032.74426270
-957.46844482
-2337.45678711
-2450.65869141
-958.78228760
-2632.62890625
-954.11181641
-969.97723389
-2571.78320312
-2832.59521484
-2275.55126953
-997.13043213
-980.71936035
-2094.83276367
-2950.52294922
-2765.21508789
-978.57220459
-987.91748047
-2037.78906250
-2674.75976562
-995.73760986
-2039.47534180
-1806.99157715
-2824.74975586
-991.58459473
-1021.28991699
-2138.79541016
-1525.95629883
-2196.77026367
-1035.45129395
-1055.50207520
-2739.83496094
-2038.39941406
-2049.29492188
-2535.07812500
-993.59698486
-992.50250244
-2417.46166992
-1075.07910156
-2763.64428711
-2100.20190430
-1080.62744141
-1926.00500488
-2824.19531250
-957.24218750
-1846.69641113
-1034.57495117
-2852.83715820
-972.54467773
-1110.50756836
-2981.14477539
-984.12176514
-1100.13647461
-981.88574219
-2765.80981445
-972.16156006
-2700.10302734
-2005.81628418
-1008.55163574
-1080.87475586
-2972.90014648
-2327.00903320
-1059.27099609
-1029.43457031
-1124.19885254
-1562.99279785
-2120.93872070
-2118.37548828
-2140.11010742
-1106.81958008
-1057.29370117
-985.15661621
-2736.14038086
-1439.66674805
-2825.70556641
-1472.67260742
-1552.81738281
-1143.44506836
-2066.89916992
-1902.00537109
-1169.09216309
-1818.30053711
-2826.89135742
-2999.37280273
-1081.71203613
-1153.51354980
-3105.24145508
-2193.68872070
-1766.41235352
-2664.42993164
-2945.86059570
-1982.12902832
-1175.64660645
-2564.09057617
-3089.53955078
-1217.51391602
-2677.73168945
-2463.69750977
-1188.91052246
-2112.11523438
-1857.71411133
-1121.59301758
-2012.19653320
-2871.36010742
-3074.08251953
-2719.96582031
-2338.61157227
-2670.49780273
-1210.36035156
-2774.53759766
-1153.14526367
-1796.13903809
-1528.94445801
-3139.89184570
-1126.26501465
-3068.97338867
-1787.34362793
-1239.36486816
-1130.36303711
-1142.72998047
-1867.66943359
-1441.65734863
-3155.01660156
-2884.51391602
-1213.28759766
-2077.19750977
-2464.22680664
-3115.93359375
-3069.65820312
-2973.75341797
-1213.80322266
-1134.14538574
-1148.93811035
-1190.62329102
-3047.70043945
-2367.45288086
-2505.84985352
-1166.81237793
-1217.28222656
-2037.06848145
-2922.41992188
-1930.85498047
-2291.70971680
-3207.96508789
-2798.11474609
-1271.68408203
-1206.57897949
-1134.79541016
-3232.37036133
-3250.57299805
-1254.43737793
-2483.78125000
-1228.76135254
-2051.87866211
-1284.08300781
-1288.84045410
-1189.17285156
-1181.28649902
-1419.33898926
-2919.11840820
-1182.94958496
-1206.22851562
-2418.14697266
-2245.37622070
-1213.91479492
-1235.31872559
-1304.58251953
-1889.80981445
-3081.32885742
-1228.28491211
-3283.48950195
-2555.34155273
-2228.95361328
-2152.11572266
-1198.40515137
-1220.61596680
-3359.99926758
-1304.20471191
-2293.18505859
-1310.18237305
-3403.46386719
-1353.14953613
-1296.63476562
-3135.22070312
-3114.48388672
-3094.45849609
-1321.02368164
-2239.69311523
-3305.21801758
-3378.82470703
-1385.82604980
-1218.09985352
-2373.38134766
-1238.09497070
-1337.93273926
-3211.26220703
-2883.16040039
-1194.61877441
-1327.25219727
-1224.42346191
-2968.22094727
-2815.91455078
-2007.68688965
-1354.79541016
-1229.03173828
-1220.30041504
-1346.84277344
-1266.93298340
-3140.58374023
-1241.89514160
-1218.21789551
-1924.65563965
-3230.98071289
-3090.04394531
-3008.95605469
-3011.02026367
-3397.30615234
-2593.78613281
-3363.70043945
-1392.93188477
-2218.67578125
-1207.17858887
-2564.38208008
-2112.20996094
-3086.57128906
-1391.75207520
-3040.89306641
-1236.73046875
-1227.98107910
-1228.51696777
-2097.01562500
-1250.08984375
-1778.26806641
-1359.06274414
-2123.51879883
-3187.70581055
-1873.67712402
-3170.31713867
-1966.19934082
-1262.40307617
-1251.99633789
-1310.15332031
-2068.04418945
-3213.45043945
-1451.11914062
-2623.46948242
-1366.22778320
-2502.14233398
-1289.74047852
-2852.13110352
-2591.08251953
-1327.54150391
-3124.06005859
-1400.84765625
-1319.00183105
-2889.59082031
-1454.11560059
-1354.64855957
-1372.30529785
-3018.54931641
-1784.50378418
-1407.62646484
-3051.76269531
-3059.88500977
-3177.56811523
-1381.39050293
-2059.26098633
-1295.44287109
-1391.59106445
-2920.96850586
-2480.53393555
-1532.07043457
-1498.05773926
-1343.42846680
-1396.19348145
-3115.56494141
-1332.17907715
-2515.99316406
-1335.34033203
-3151.62573242
-1353.11926270
-1486.91516113
-2547.90820312
-1520.91247559
-3367.84570312
-3316.40087891
-3118.75463867
-2759.56616211
-3321.98120117
-1508.18566895
-3211.42602539
-2069.84033203
-2413.75439453
-2919.94213867
-2227.62817383
-1451.65954590
-1372.24096680
-1379.96191406
-2113.18261719
-1398.52746582
-1368.63159180
-1633.43334961
-1373.89294434
-1430.04296875
-2769.07153320
-1369.50268555
-1356.35083008
-1379.68005371
-3179.43994141
-1338.21887207
-1457.53723145
-1427.88610840
-1459.11450195
-2085.83984375
-1336.03735352
-1349.46606445
-1918.37304688
-1375.67419434
-2256.94604492
-1442.90026855
-1475.99194336
-2536.30664062
-2696.70361328
-2846.82812500
-1400.52575684
-3349.62548828
-1389.50952148
-1446.51806641
-2501.58325195
-3102.92871094
-1378.45410156
-2059.43457031
-1442.84802246
-1950.78637695
-1375.07702637
-1703.05456543
-3308.75122070
-2787.63745117
-2553.44018555
-1394.40368652
-2444.29736328
-2336.13671875
-2931.03295898
-1393.30822754
-2875.31860352
-2128.95410156
-2207.43286133
-3110.48925781
-1418.72241211
-2490.70434570
-3436.24023438
-1395.64794922
-1468.32495117
-3035.09277344
-1390.20300293
-1397.99841309
-2152.15429688
-3430.13427734
-3476.63110352
-1408.92443848
-2467.25341797
-1742.34680176
-2653.96801758
-3432.28833008
-1397.65686035
-2529.18945312
-1469.45471191
-1471.60485840
-3285.23461914
-1438.96838379
-1959.80139160
-2252.40576172
-3270.02026367
-2464.04785156
-3498.06420898
-1591.91784668
-3278.47583008
-2341.64379883
-1404.05346680
-1557.87707520
-3345.39697266
-3213.04199219
-3417.63916016
-2795.34057617
-1513.84936523
-2501.24609375
-3372.83081055
-2430.78173828
-1407.13598633
-1411.65441895
-1448.76452637
-2427.48632812
-3341.31396484
-1451.74243164
-1435.13073730
-1456.80078125
-3410.07592773
-1431.13415527
-1562.94213867
-2188.38549805
-3104.06665039
-3066.03173828
-3540.22802734
-3216.57519531
-2222.64233398
-1549.64831543
-2841.22949219
-2472.10546875
-1539.96472168
-3643.67407227
-3651.50903320
-3638.76171875
-1524.66381836
-2616.34545898
-2794.77514648
-2413.56835938
-3511.90722656
-2862.90478516
-1455.31994629
-2576.08618164
-1444.05871582
-1487.52490234
-2512.34863281
-1464.64257812
-2498.77172852
-3520.02246094
-3597.36523438
-3075.82495117
-2305.97851562
-3519.65576172
-1490.30175781
-2495.64379883
-3220.78491211
-1505.60815430
-1502.99731445
-2936.04296875
-1496.36950684
-1491.12353516
-1514.81689453
-2370.40942383
-1514.59436035
-3638.95361328
-3390.58325195
-1549.57238770
-3435.25610352
-3727.80273438
-1469.72375488
-1528.83825684
-3593.45922852
-2568.68066406
-3069.95239258
-1507.20495605
-1492.30175781
-3597.81591797
-2998.27661133
-1468.33850098
-3489.98046875
-1569.79077148
-1533.83361816
-1574.19677734
-3553.65454102
-1475.31066895
-1575.02636719
-1496.57238770
-1588.07189941
-2366.43188477
-3774.52905273
-2625.49609375
-1459.08020020
-1601.20458984
-1502.40161133
-2691.79028320
-1449.24426270
-1451.78747559
-2710.97338867
-3836.92333984
-3537.30981445
-2716.82763672
-2486.03735352
-2888.46020508
-3246.13403320
-2691.12963867
-1456.23693848
-3752.38427734
-3886.57812500
-1458.77612305
-3182.25244141
-3222.56372070
-1501.11633301
-2428.22607422
-1494.78686523
-1659.68872070
-1579.66674805
-1522.30908203
-1599.95617676
-2707.13769531
-1540.89599609
-3416.71020508
-1476.12524414
-3687.64331055
-1484.84143066
-1556.79064941
-1576.91967773
-3873.71777344
-3535.75195312
-1506.02124023
-3103.65551758
-3754.11059570
-1652.05334473
-1565.39892578
-3019.05883789
-1588.78735352
-3915.14746094
-3134.10253906
-1573.17065430
-3031.86059570
-2459.26855469
-2433.50122070
-2943.20410156
-2642.36425781
-3961.65917969
-3769.20434570
-3084.71142578
-1526.70629883
-2728.10302734
-2891.05419922
-1545.27722168
-1560.02893066
-2597.14624023
-1565.64062500
-2690.19848633
-1551.82519531
-3883.06933594
-1567.45568848
-1594.53979492
-3662.86254883
-1671.64868164
-4050.72070312
-1578.68225098
-1704.00817871
-3950.03491211
-1679.40344238
-3548.46679688
-3740.38281250
-3782.08911133
-3400.46582031
-3875.74560547
-1597.23876953
-3657.27832031
-1601.26062012
-3285.89624023
-3459.14721680
-2787.87841797
-3771.86572266
-1651.08642578
-2414.64257812
-1732.75183105
-4015.96264648
-4071.44531250
-1638.31848145
-4055.62915039
-3073.23193359
-3164.87548828
-4103.33007812
-1766.45080566
-2641.70776367
-1587.23193359
-1751.37036133
-3369.21191406
-2603.15502930
-4092.80712891
-1688.15991211
-2698.85742188
-3836.97680664
-3453.68652344
-3337.08813477
-1575.85705566
-2981.65307617
-3766.39282227
-1699.43518066
-1635.96459961
-2595.27343750
-3270.40307617
-3935.97192383
-4106.61914062
-1594.83398438
-4013.55908203
-3376.91650391
-3320.02587891
-2530.72607422
-3764.32763672
-3816.76245117
-3019.35693359
-2904.44482422
-1648.26208496
-1608.68872070
-2376.50854492
-2179.28295898
-1629.43041992
-3677.00659180
-2898.95556641
-1679.60314941
-2995.99487305
-4113.82763672
-1646.35437012
-2546.00708008
-4183.47998047
-2610.00512695
-4061.94995117
-3956.47119141
-1659.41833496
-1663.23559570
-1636.97265625
-1665.15185547
-1666.45849609
-3164.80151367
-1651.64904785
-1662.52795410
-1650.19689941
-1636.64160156
-1636.33166504
-2403.84863281
-1622.73181152
-3367.88134766
-1620.63427734
-3874.13720703
-1622.26281738
-1644.15893555
-1627.86560059
-3596.69750977
-1624.07592773
-2803.55029297
-1601.97570801
-3923.29614258
-1620.41369629
-3214.34082031
-1545.74963379
-1578.75720215
-3903.70776367
-4057.30517578
-3235.04125977
-3199.37402344
-1608.83007812
-1590.89501953
-3024.25170898
-1579.75463867
-1579.72448730
-1583.83776855
-3894.03320312
-3143.11987305
-4031.31274414
-3829.53759766
-3913.19799805
-3718.18115234
-1646.33459473
-3517.92309570
-3193.20532227
-2680.58276367
-1641.41552734
-4148.33203125
-1583.38378906
-3642.63842773
-1637.74353027
-2943.31982422
-2996.44042969
-2592.44995117
-2762.25488281
-2806.02075195
-1556.28259277
-1650.62072754
-2042.09289551
-3204.13061523
-1658.47692871
-2907.61743164
-4190.44775391
-2567.67529297
-3319.30419922
-2286.72827148
-1567.04968262
-1527.03430176
-1553.57580566
-1551.54333496
-1542.40686035
-4159.67724609
-3723.86914062
-1571.80700684
-1615.13574219
-1591.49755859
-1535.05322266
-1524.17687988
-1530.00256348
-1546.50207520
-3791.37280273
-3227.71997070
-4177.27490234
-1530.52563477
-3824.03906250
-1533.74682617
-1580.95312500
-3062.34667969
-3405.07788086
-2600.07250977
-1499.28820801
-1515.81274414
-1575.06042480
-2784.75170898
-1531.43591309
-1527.74523926
-2950.78320312
-1575.10852051
-3300.14843750
-1525.36437988
-1556.09436035
-3573.58276367
-1563.52539062
-2591.11376953
-3242.58081055
-1542.82556152
-3375.95703125
-1554.73022461
-1534.28820801
-1539.55627441
-2928.98266602
-2156.50512695
-1500.82543945
-1488.32666016
-2815.42968750
-1546.05273438
-1982.81311035
-3908.75195312
-1511.74255371
-4125.03222656
-1507.40307617
-1510.33203125
-2765.09570312
-1596.60119629
-3062.11694336
-2547.58569336
-1510.37609863
-3889.25537109
-2623.34350586
-3863.43530273
-1497.50341797
-2998.59277344
-1500.26428223
-1498.98852539
-1620.14965820
-1501.73950195
-3864.70068359
-3396.14672852
-3531.15039062
-1603.60156250
-1499.88586426
-1496.60485840
-4105.55615234
-4207.99267578
-3014.44946289
-1506.08813477
-1504.92993164
-1630.97998047
-4021.59179688
-1578.92407227
-2573.55566406
-3625.59960938
-4114.55957031
-2070.13818359
-1594.10876465
-4104.46826172
-1470.76757812
-2857.54785156
-4161.86767578
-2671.66894531
-4155.58740234
-1585.12268066
-4232.46484375
-1498.97778320
-2505.17578125
-1502.20715332
-4153.86425781
-1488.57263184
-1479.16027832
-2295.76220703
-1567.47473145
-2850.99536133
-1543.78930664
-2606.88720703
-1569.33325195
-2587.13159180
-1546.46545410
-1528.96215820
-2998.39672852
-4075.82568359
-1543.38818359
-4243.35107422
-4222.30273438
-4234.78027344
-1532.88464355
-4116.23681641
-1487.88989258
-2771.16308594
-1553.24621582
-3278.39208984
-3524.98315430
-3236.32446289
-4154.74951172
-1486.31762695
-3574.42456055
-3210.32470703
-1517.17883301
-1508.95654297
-1505.33251953
-1496.25964355
-2865.04956055
-3721.10913086
-3467.58081055
-3972.52783203
-1595.15185547
-2303.41479492
-2321.30541992
-1527.62463379
-4334.33935547
-1513.03417969
-4330.54736328
-4381.14404297
-3289.23266602
-4109.00878906
-1477.84692383
-3203.54150391
-3736.10351562
-3324.90991211
-1502.50866699
-1463.09240723
-1562.60461426
-1535.27917480
-4103.10595703
-1590.51342773
-2978.26879883
-4345.39306641
-4339.09130859
-3095.37036133
-3862.31713867
-2047.27331543
-1524.98986816
-3893.46191406
-1591.65856934
-1489.47265625
-3110.26611328
-1570.00939941
-1530.99426270
-1481.44201660
-1482.65832520
-2130.72705078
-1478.21154785
-4118.71044922
-1502.14282227
-3474.01953125
-4331.74169922
-4414.01220703
-3473.75683594
-3632.61206055
-2816.17260742
-1510.66076660
-1500.86914062
-1554.18127441
-4432.09423828
-1582.14196777
-1504.19970703
-3526.14697266
-3438.88134766
-4422.39697266
-4444.25390625
-1583.28112793
-1647.10485840
-4212.11328125
-1522.40991211
-1523.08300781
-4527.74462891
-1512.19946289
-2473.73803711
-1533.70043945
-1612.13098145
-1507.62402344
-4138.80908203
-3919.81030273
-3443.36083984
-2825.03222656
-3673.85449219
-4000.21240234
-3249.50366211
-1578.02087402
-3457.63281250
-1479.14904785
-1602.67163086
-4475.82666016
-1494.48120117
-4346.83300781
-1494.18847656
-1493.05737305
-4577.77490234
-1607.44091797
-1608.82373047
-3556.72631836
-3472.17944336
-3726.68969727
-1524.26916504
-3783.35058594
-1577.21008301
-2975.16748047
-1577.66052246
-3371.21362305
-1509.24987793
-3976.05761719
-1492.65734863
-1490.96313477
-1510.87902832
-1541.98779297
-4050.44604492
-1558.73168945
-2115.81518555
-1551.79516602
-1550.22229004
-1517.21472168
-4254.73535156
-1493.11596680
-4653.63769531
-1504.58361816
-4051.55224609
-4180.05810547
-2705.83203125
-1516.15490723
-4203.34619141
-2937.87695312
-1517.05175781
-1528.34228516
-2998.27490234
-1514.50927734
-1498.04431152
-1529.70117188
-1520.90515137
-2423.12402344
-1497.04235840
-4101.19091797
-1516.16955566
-1512.46301270
-3574.54516602
-4497.01708984
-1541.86267090
-1511.44177246
-1548.51733398
-2542.48144531
-1554.42126465
-3598.90991211
-1499.40612793
-3030.88378906
-3453.26977539
-4427.78906250
-1494.36706543
-4546.45703125
-3520.03662109
-1490.15148926
-1508.93603516
-4347.08642578
-3914.88964844
-3335.53149414
-3466.45190430
-1554.68017578
-3834.36499023
-1518.97766113
-4191.56884766
-4106.61523438
-2916.43090820
-1555.87622070
-4478.82031250
-1540.40185547
-4770.74023438
-1535.72509766
-4685.44921875
-1491.05468750
-1537.29553223
-2230.52416992
-4145.76464844
-1470.39172363
-1497.13598633
-1542.73840332
-1464.25085449
-2688.67114258
-3380.58349609
-4434.90039062
-1502.32873535
-1533.62438965
-4043.68359375
-1523.86328125
-4375.08105469
-3035.92578125
-3868.97583008
-4785.54833984
-1463.67395020
-4337.11669922
-4788.14941406
-1525.92980957
-3232.74072266
-2689.06445312
-1549.89208984
-1466.66418457
-1472.67944336
-2356.59301758
-1422.01770020
-1554.73559570
-1528.75842285
-1436.13159180
-1430.78222656
-1553.18908691
-1467.53588867
-1528.36230469
-4365.74853516
-3772.18823242
-4880.44091797
-4310.38378906
-3874.80908203
-3224.04589844
-4497.71142578
-1421.58935547
-4426.15478516
-1422.01477051
-4851.85205078
-1501.86926270
-1506.40527344
-4669.23339844
-4875.13134766
-1512.16967773
-1482.51074219
-1436.93750000
-1473.44360352
-1491.83691406
-4431.88232422
-1446.90856934
-1441.02355957
-1445.66894531
-4746.77636719
-3410.07519531
-4958.41308594
-4961.02734375
-4272.57861328
-4939.48583984
-4968.41699219
-4488.14794922
-4933.05224609
-1456.77319336
-1449.57250977
-2353.60107422
-1436.31433105
-4162.92968750
-2904.24414062
-1455.25500488
-1406.75598145
-3448.92285156
-4759.53320312
-1447.93054199
-1431.03686523
-4940.87304688
-1442.59606934
-4028.41210938
-1437.15197754
-4935.50146484
-3248.70288086
-1419.78601074
-1449.92773438
-3523.41845703
-1426.76672363
-1445.66113281
-2936.90136719
-4583.77685547
-1442.93579102
-1413.55004883
-4043.85913086
-1426.76574707
-3509.90380859
-3439.71264648
-1413.16137695
-4878.61425781
-4650.00488281
-2816.26342773
-1402.28308105
-4934.12500000
-3469.08349609
-3635.21093750
-1380.81396484
-1436.99230957
-3698.75219727
-1372.08825684
-1405.11926270
-1392.92065430
-1385.22961426
-3740.93750000
-2993.25585938
-3996.54858398
-1460.47497559
-1400.06201172
-1485.00817871
-3472.56054688
-4988.81591797
-5002.16308594
-4020.47680664
-4869.45800781
-3702.46191406
-4382.93261719
-2688.89916992
-5025.55664062
-4725.18457031
-1359.98901367
-4425.90966797
-4837.62597656
-1350.47631836
-1365.08496094
-1359.19458008
-1356.51367188
-1358.43420410
-1362.25732422
-3169.57250977
-3393.49291992
-4695.05322266
-1392.97973633
-4138.31054688
-4823.42138672
-4289.15136719
-1325.28320312
-1455.95703125
-3088.81201172
-4835.16796875
-3558.89941406
-4943.64990234
-1467.93078613
-2468.05175781
-3366.89428711
-1339.36022949
-4080.51342773
-4938.93701172
-3417.45751953
-4700.06982422
-1355.80993652
-4991.42089844
-4138.21728516
-1353.82409668
-1476.05114746
-1479.84667969
-4374.61083984
-4778.65966797
-1440.05041504
-1396.01855469
-4813.40380859
-4569.64257812
-4871.65966797
-4176.48876953
-4328.92724609
-3002.05078125
-1431.99340820
-1545.99450684
-2612.61352539
-4620.91259766
-1452.08178711
-4816.22265625
-1416.08935547
-4627.79003906
-4623.37597656
-4222.72363281
-1410.78625488
-4575.39160156
-2008.97216797
-3448.61767578
-4538.42968750
-1426.26232910
-3540.70166016
-3888.06127930
-1417.78649902
-1422.42578125
-3495.70507812
-1416.70312500
-3588.67016602
-3358.01293945
-1446.06726074
-4889.64990234
-1435.57971191
-1505.02685547
-2807.59277344
-4492.29882812
-4115.91552734
-1544.37072754
-4920.64892578
-3343.82690430
-1481.43115234
-4369.55273438
-4913.98876953
-1668.84704590
-5096.97656250
-4492.10546875
-4626.12548828
-1497.13793945
-1486.43127441
-1669.50695801
-3702.08081055
-3093.12280273
-1520.17968750
-4867.00976562
-1590.87866211
-5106.42480469
-5126.69531250
-3483.48461914
-3057.89697266
-1647.69665527
-4990.50537109
-5087.08447266
-4076.86718750
-1483.39025879
-4585.38134766
-1491.00524902
-1515.27770996
-5106.31152344
-4839.32910156
-5062.85937500
-1566.02026367
-1592.14843750
-1576.49243164
-1512.60522461
-3674.69335938
-1596.65930176
-1535.56921387
-1580.96472168
-2707.07666016
-4155.09033203
-5135.13525391
-4165.34814453
-4507.20849609
-1584.68994141
-3689.57836914
-2626.83398438
-5171.33593750
-1535.43151855
-1520.56066895
-2383.24731445
-1587.45104980
-1628.44079590
-1595.03283691
-3407.29516602
-1591.13232422
-1578.86730957
-3369.10864258
-5169.57373047
-2511.59741211
-1562.31237793
-4281.14257812
-4057.56274414
-1552.18798828
-3426.52832031
-5200.30664062
-1575.40576172
-3767.59423828
-1527.60510254
-1561.80944824
-4267.39013672
-1528.88403320
-4852.95068359
-4710.35937500
-1666.27221680
-4221.61279297
-5025.39599609
-1561.23498535
-1653.06054688
-4770.14550781
-4725.74853516
-1600.28784180
-5175.39941406
-1648.17651367
-1671.09265137
-3775.79614258
-1684.95288086
-4086.80200195
-1567.49755859
-1539.87780762
-3263.89331055
-4183.76953125
-5173.20361328
-4071.93090820
-1519.27722168
-3448.92700195
-1648.69531250
-1525.23754883
-1657.92004395
-5328.20507812
-1686.65759277
-3205.36254883
-1541.90429688
-3925.02978516
-1547.08215332
-5343.72753906
-1588.07177734
-4331.37500000
-1533.50427246
-3421.72436523
-4144.27734375
-1695.07617188
-3971.88818359
-3851.04199219
-3591.23217773
-3947.38085938
-4936.19628906
-5466.97460938
-1543.14245605
-4461.13623047
-5510.65136719
-4501.63525391
-1703.12939453
-1565.30090332
-2606.70288086
-5148.95361328
-4660.81103516
-1638.47778320
-4985.23046875
-2728.87377930
-3208.50048828
-4969.14208984
-1613.18554688
-1695.66345215
-5474.63574219
-4331.50488281
-4502.90673828
-3286.05004883
-3615.38208008
-1744.86145020
-5346.90527344
-1555.91699219
-5055.45117188
-4372.01025391
-5258.02148438
-1528.58166504
-1513.39196777
-5090.08496094
-1617.09252930
-1644.57800293
-4255.25781250
-4902.61767578
-1555.03625488
-3697.06811523
-3945.21484375
-1721.65893555
-5159.41845703
-5450.71875000
-1527.50549316
-1507.51696777
-2227.83813477
-3728.85913086
-5489.63378906
-4657.82714844
-5121.79589844
-2893.83569336
-3451.94018555
-1679.65576172
-5314.13720703
-1556.57019043
-4909.85107422
-1611.62963867
-3369.79907227
-1677.08422852
-4372.81250000
-1602.62854004
-1596.42456055
-2521.10668945
-1634.14379883
-1579.82141113
-3936.25073242
-1573.50476074
-5287.57324219
-1643.14318848
-1627.31921387
-1543.53723145
-4672.85009766
-4858.10009766
-4255.23095703
-3417.93383789
-5138.28662109
-1571.76123047
-1653.81237793
-1628.77673340
-1612.19848633
-1633.47729492
-1616.05908203
-1631.61376953
-1643.71337891
-5104.98486328
-4079.53881836
-5089.98828125
-1674.36157227
-1690.22912598
-1557.06176758
-4345.19238281
-2893.11718750
-4507.05126953
-1704.63586426
-4956.72851562
-3733.75439453
-1603.15307617
-1597.86523438
-4215.22753906
-3679.63159180
-1659.77856445
-4467.97949219
-3262.60229492
-3838.50219727
-5139.67871094
-5517.71777344
-5597.26464844
-5151.12646484
-1603.99316406
-1644.78942871
-3461.56933594
-1642.38122559
-1655.19323730
-3533.62182617
-3977.90478516
-2604.38330078
-1646.92639160
-5212.89208984
-5590.72021484
-4261.66308594
-4043.27221680
-4994.32666016
-5080.21533203
-1851.67761230
-3477.59326172
-1753.16430664
-1827.72094727
-4731.25292969
-5646.83642578
-1687.41564941
-1694.14697266
-1862.61206055
-5272.27246094
-5682.47460938
-3888.24755859
-1751.28564453
-5621.06835938
-3614.55029297
-4242.37548828
-4193.25244141
-1712.17724609
-3030.65087891
-1836.51306152
-1718.61291504
-5257.17480469
-5298.31201172
-4410.98046875
-1772.33642578
-3451.10693359
-1758.42102051
-1649.25061035
-4953.30664062
-4159.05761719
-5335.59375000
-1664.17687988
-1645.06396484
-1849.02392578
-3984.22656250
-4054.24536133
-5406.29003906
-1769.79907227
-3553.04907227
-3783.26123047
-1851.11206055
-1684.70397949
-4384.30761719
-1741.40942383
-4727.84912109
-5741.66894531
-5125.29833984
-1807.92407227
-3791.31542969
-1811.84362793
-1628.24670410
-5694.18994141
-1810.47265625
-5586.27587891
-1854.84155273
-4536.33496094
-5702.69531250
-4967.51367188
-1840.19213867
-1685.57080078
-2460.53344727
-1714.98449707
-3467.93554688
-3014.60302734
-1853.83715820
-1755.07971191
-1742.84802246
-1846.51245117
-5369.92626953
-1674.89489746
-5782.77539062
-4406.92285156
-4812.79296875
-2499.36669922
-1696.37756348
-3437.61718750
-5297.20703125
-4271.05468750
-1849.84765625
-3454.07592773
-3960.55761719
-1815.60620117
-1775.95690918
-1817.24877930
-5702.58251953
-1746.44689941
-1790.23876953
-4814.51269531
-1773.69226074
-1753.18090820
-2812.00317383
-3396.07495117
-1803.82019043
-4059.82275391
-5326.64208984
-5202.41943359
-5665.71630859
-3793.93798828
-1767.54431152
-2780.87670898
-3318.29003906
-1788.04980469
-3784.47851562
-1777.14709473
-5488.77539062
-5997.67675781
-2831.21606445
-5832.61669922
-3822.34765625
-1970.04833984
-3150.50634766
-5095.74707031
-1892.96081543
-4383.27246094
-3643.62597656
-3397.03979492
-5672.21533203
-3488.71606445
-1873.55273438
-2492.12939453
-4034.88720703
-3416.58642578
-2864.48657227
-3688.39941406
-1894.85266113
-1689.14624023
-4363.81689453
-1680.84436035
-1874.41333008
-3557.46704102
-1700.68212891
-5546.73193359
-3862.76782227
-5615.43847656
-2971.47973633
