-10.61690235
-7.44915867
-7.67074060
-8.39182663
-4.06882334
-9.16185379
-10.57002640
-19.66130447
-12.93883038
-9.90590191
-0.88341844
-25.28693962
-12.84697247
-19.17300034
-31.78716087
-21.09470367
-18.60046387
-24.85077667
-11.34315777
-35.94883728
-28.45111275
-11.80253220
-25.72105980
-23.75933647
-17.63646126
-31.05594635
-42.53731537
-22.85017776
-23.21434402
-41.40937042
-64.26359558
-50.02795029
-29.25945282
-33.79470444
-42.43666458
-11.28587914
-34.64956665
-54.49221802
-59.59836960
-33.14198303
-62.28895950
-78.88180542
-99.36397552
-46.43957138
-45.40752792
-51.67169571
-32.68392563
-57.73023987
-34.38751602
-66.71379089
-64.53398132
-65.36338043
-65.26496124
-76.94786835
-40.31126022
-51.21372604
-59.18477631
-46.15279770
-70.93520355
-102.89185333
-63.91822052
-49.86710358
-133.93247986
-137.95649719
-96.19975281
-95.58166504
-58.76498413
-102.08078766
-78.39064026
-127.49159241
-64.72628021
-126.06491852
-69.56763458
-149.19151306
-97.44650269
-73.10059357
-85.65621185
-74.92104340
-114.83509827
-139.33868408
-93.51304626
-103.05049896
-89.87913513
-112.46446991
-93.95955658
-111.34386444
-134.28727722
-131.22245789
-115.26671600
-83.61514282
-92.73831940
-89.18135834
-74.19908142
-87.88571930
-94.82664490
-82.52788544
-128.11392212
-98.70250702
-134.38545227
-90.87794495
-98.96384430
-123.82553864
-94.99952698
-108.59483337
-134.34370422
-88.36809540
-105.92633820
-61.99918747
-162.49902344
-76.97692871
-115.09306335
-109.69196320
-156.81265259
-127.54822540
-118.50680542
-135.77845764
-125.08852386
-94.47600555
-97.80436707
-135.01805115
-155.52064514
-123.64994049
-78.60179901
-99.02933502
-157.25686646
-99.89259338
-139.91067505
-86.10214996
-100.84812164
-142.76275635
-109.26180267
-153.98373413
-158.50955200
-142.79734802
-109.57614899
-54.56311035
-179.14079285
-87.33363342
-140.47117615
-232.59939575
-183.95845032
-191.17770386
-164.60803223
-57.77400208
-164.74043274
-178.00648499
-163.13978577
-179.21632385
-188.75584412
-125.14521790
-135.64051819
-134.97457886
-127.03215790
-294.75006104
-219.93579102
-175.47073364
-128.70954895
-114.55587769
-105.64422607
-153.15710449
-154.53820801
-81.85620117
-139.21592712
-88.65013123
-158.59925842
-160.78384399
-152.18719482
-134.54187012
-134.34144592
-110.16705322
-70.68237305
-208.47717285
-137.11607361
-150.90713501
-193.68460083
-159.39894104
-189.19862366
-166.94995117
-100.03932953
-89.13417053
-65.59881592
-134.58163452
-73.41101074
-179.47840881
-180.58027649
-167.44538879
-259.41979980
-144.87763977
-178.31071472
-174.70033264
-61.74602890
-251.31393433
-120.90620422
-129.28407288
-204.18605042
-187.60633850
-64.37686157
-134.12579346
-120.09397125
-221.65728760
-65.45246124
-60.04934311
-66.29223633
-93.41001129
-61.25885391
-172.54814148
-62.52074432
-97.72627258
-153.13543701
-235.16294861
-128.25218201
-200.31341553
-131.30003357
-134.10643005
-134.70549011
-210.92233276
-176.94003296
-222.49473572
-156.45303345
-89.79348755
-61.87522125
-77.22752380
-236.72836304
-147.93876648
-64.40301514
-99.63778687
-86.39498138
-204.98245239
-154.02673340
-168.45007324
-116.61249542
-65.91675568
-64.76583862
-188.36238098
-52.71175766
-57.58628464
-113.85537720
-161.90467834
-65.86489105
-65.85352325
-86.22394562
-80.61454773
-72.51901245
-60.99435043
-230.95552063
-98.17626190
-69.23832703
-54.20389557
-52.27266312
-56.68435287
-181.06759644
-50.98757935
-62.74404907
-68.71339417
-56.17301178
-129.45256042
-51.00757980
-93.59212494
-157.07614136
-101.05944824
-52.66941833
-67.01184845
-77.25098419
-200.15283203
-148.10662842
-92.66477966
-91.32839966
-75.21723938
-201.48027039
-217.28958130
-82.36141968
-59.68016815
-51.64613724
-62.60531616
-63.42488861
-51.08967590
-187.75740051
-225.00947571
-206.92626953
-55.84224701
-226.62464905
-56.60300827
-55.39179993
-57.43783569
-201.49108887
-116.09799957
-190.84066772
-48.68778992
-63.53924179
-51.83662033
-51.21780396
-212.98165894
-167.17764282
-47.34073257
-59.58631897
-199.22947693
-44.40245438
-217.73686218
-233.78080750
-211.17880249
-229.00007629
-204.16459656
-84.57975769
-232.55297852
-47.70340347
-44.78391647
-43.24455643
-51.50477219
-49.11732864
-55.27042770
-61.61375046
-42.08636475
-40.90627289
-50.64968491
-42.66672897
-43.09911346
-48.91300201
-47.03804398
-40.25077820
-42.41098022
-39.61704254
-50.26179123
-42.04363251
-40.71342468
-58.48186874
-55.62224960
-41.88553619
-67.58747101
-57.22463989
-47.97525406
-39.93369675
-58.42056656
-46.28213120
-250.47953796
-269.54794312
-184.39862061
-37.63276291
-39.67932510
-37.48318863
-39.74744034
-50.31774521
-37.50969696
-34.90841293
-43.08794785
-37.85549545
-37.09392548
-37.79630661
-37.55437851
-36.52218246
-37.31214523
-39.71550751
-43.39766312
-42.95071793
-90.52123260
-33.47024918
-40.07840729
-33.76535034
-48.66685104
-40.36499023
-51.44048309
-38.50766754
-36.83071899
-32.66025543
-40.75931168
-39.14186859
-32.59749985
-34.58365250
-39.57049942
-35.26086807
-39.32859802
-35.63819504
-33.83686066
-33.67778778
-38.58624268
-36.38919067
-39.46144104
-74.15432739
-34.31800842
-30.57869148
-32.50956345
-38.43151093
-41.11331177
-31.24199486
-30.61148834
-30.12287140
-36.57457733
-31.83288765
-29.70297432
-36.95579147
-30.75027657
-40.43263245
-30.74978065
-32.56560898
-34.93770218
-32.89919281
-31.58389473
-272.45800781
-35.68296051
-188.09910583
-33.10158539
-28.26183701
-46.37591553
-38.30381393
-36.31543732
-35.30134583
-38.95554733
-28.97048187
-28.58388901
-28.55378914
-33.09682846
-38.37671661
-29.14843559
-199.14172363
-286.96948242
-50.74451447
-31.52102470
-36.57846832
-28.14690971
-32.96747208
-62.84882355
-43.07727051
-38.93151474
-57.02145004
-29.71322250
-26.31360054
-43.01917267
-37.39198303
-26.91151047
-28.23821831
-31.35925293
-28.72832489
-33.76744843
-40.18293381
-30.52134705
-43.55430222
-48.17190170
-34.41577530
-42.65269470
-40.66180038
-40.04752350
-35.90023422
-30.61571312
-27.29564285
-31.30632973
-50.79969406
-65.83644104
-193.66471863
-30.47649193
-26.73611832
-37.90256500
-54.22893906
-34.67134476
-29.25463104
-30.61567116
-25.87878799
-32.73273087
-33.62667847
-41.79430389
-31.06093788
-41.70957184
-27.53378105
-26.36763000
-47.12659454
-26.03456306
-34.38724899
-25.00024986
-33.29052734
-29.00440025
-36.86665726
-45.64140320
-53.38897705
-43.20366669
-35.58512497
-35.63734055
-40.55041885
-24.04745102
-47.91732407
-37.28229523
-39.76931381
-26.18867683
-31.94664574
-29.80635262
-27.59274483
-46.18740082
-49.74501038
-57.20161438
-56.95695496
-29.02929688
-34.21246719
-44.82389832
-33.22875214
-39.02841568
-36.40847397
-36.49464035
-43.81240845
-53.39779663
-242.54812622
-53.54472733
-41.90107346
-37.84552765
-28.77718925
-24.71541023
-26.25211334
-24.68247414
-24.21739769
-28.85605431
-29.43527031
-31.17466736
-29.00459862
-30.03004265
-32.63993835
-29.38649178
-33.18257523
-26.05226135
-23.19541550
-28.09976578
-26.99773788
-25.70637512
-25.78669930
-29.60049438
-25.72392273
-29.31313324
-24.19581032
-25.67519951
-27.44112778
-24.48866463
-36.86789703
-28.04652596
-24.14038849
-29.56345940
-39.95840454
-62.88396072
-256.40954590
-180.15554810
-40.36730957
-28.55624199
-23.14075470
-36.61581421
-23.23231316
-21.53090477
-31.44024849
-27.73157883
-27.28249550
-25.47317123
-34.03034592
-36.71302032
-28.86192322
-21.64768600
-23.36235428
-24.64156914
-21.01314545
-23.55843735
-21.11849213
-29.00479317
-22.21695709
-24.36596870
-26.43436050
-24.76147652
-31.60357857
-30.50845337
-30.71930885
-25.16981697
-21.04611015
-27.48764038
-43.08667755
-29.08002090
-32.50073624
-32.20351028
-22.56057549
-22.38696480
-24.29345894
-24.56186867
-23.26163101
-26.00504494
-24.37371254
-21.10856819
-21.13503456
-20.71790886
-24.03927422
-22.91902161
-23.18854332
-22.92602730
-21.47922897
-23.66654778
-21.84281921
-21.10068130
-21.08539581
-23.86300278
-20.24461555
-18.89240646
-20.51216125
-26.57738113
-22.68105507
-23.34605408
-23.36480904
-19.66727448
-23.18634605
-20.36831093
-19.93917465
-21.22636986
-22.25521469
-18.90948486
-20.70884323
-20.00569153
-19.65435982
-19.50229454
-18.95751190
-19.55516815
-26.06358910
-23.23932076
-19.38970947
-19.92601013
-19.32504845
-18.67257309
-21.75913811
-20.31220436
-23.60363960
-18.86997986
-21.57982826
-19.48211288
-20.42468452
-21.29188156
-18.55686951
-21.81219101
-26.91096115
-33.66561127
-26.45701599
-22.61736870
-20.59485245
-20.14848137
-20.43827248
-22.41863632
-18.96292114
-18.27335548
-17.87939835
-19.61023140
-18.30996895
-24.11236000
-22.60389137
-30.19399452
-18.72461700
-18.94289780
-17.99906540
-18.26302910
-17.13952827
-17.64218712
-18.35908318
-17.38687134
-18.18397522
-18.07852364
-18.04658890
-17.99507141
-18.35991096
-19.67174911
-21.52602577
-17.46387291
-17.70525551
-27.58356667
-21.32745934
-22.39969444
-17.04475212
-18.93640900
-18.46654129
-17.69089890
-17.45071983
-17.25088501
-20.82302284
-29.24606895
-82.36602020
-35.26806641
-27.52512932
-18.29594803
-17.28456688
-18.55736542
-21.06256294
-19.18251801
-18.99822617
-18.05213356
-17.08572960
-17.69158363
-17.05148315
-18.94284439
-19.43779182
-35.49810410
-189.26629639
-100.72657776
-70.91615295
-123.13281250
-17.16777611
-17.39955711
-15.36212730
-16.60609436
-15.94518185
-16.17184258
-14.95135689
-16.02380180
-15.55730629
-16.22684288
-16.27601814
-19.16932678
-17.35664940
-16.55325890
-16.37129211
-18.40193176
-18.98542023
-17.60897636
-16.62705803
-16.95212746
-16.37489510
-16.67877388
-17.57029915
-16.46091270
-18.23645020
-20.50641251
-21.11713028
-16.59070969
-17.09251785
-19.08428192
-21.14883995
-19.13847923
-19.39305115
-18.52424240
-17.63190079
-16.12440300
-20.37055397
-17.01355362
-18.36864471
-16.69735146
-17.70140648
-16.70796204
-18.74569511
-19.80714226
-23.89136124
-20.04809761
-18.00203896
-28.00523758
-24.66874313
-18.80267334
-16.57366943
-17.30876541
-19.42966461
-16.21512032
-17.88355255
-15.67172337
-16.79941368
-18.23945808
-18.41275978
-16.79113770
-17.02760315
-17.10766983
-16.58517838
-16.16229439
-15.39398003
-21.39732933
-26.22451019
-28.33034706
-23.63590240
-19.88893127
-19.73842812
-15.84022808
-16.19325829
-14.97373104
-17.52104187
-15.23242664
-20.32954979
-16.88094330
-15.49803066
-16.57287216
-15.93529606
-15.19495964
-14.86760712
-16.56807899
-17.20187378
-17.63339806
-17.20523071
-16.46846962
-23.46344185
-17.30947304
-15.00509357
-18.75537491
-21.13071442
-18.99289513
-20.66114426
-26.20511246
-19.47554016
-18.31377220
-15.40052986
-15.13210201
-16.36638260
-15.53697586
-17.58360481
-14.90625000
-15.18729591
-14.57473850
-14.99472523
-18.46436310
-20.60313606
-18.96376610
-14.54606056
-14.41732883
-14.53306293
-14.27228832
-14.48228168
-14.15261269
-14.19130039
-20.00065613
-14.48218632
-14.49592400
-14.56592464
-15.25356865
-17.22677040
-53.02046204
-14.68854809
-14.35037327
-14.59845352
-14.49377155
-14.13405800
-16.22842789
-15.66466522
-15.07935047
-13.81602669
-14.48338223
-14.81038094
-13.79888821
-13.73402882
-14.23645115
-14.92512035
-13.75089645
-14.51523304
-13.68071079
-13.80518055
-16.85113716
-14.00265789
-13.85091782
-20.03109550
-24.35674477
-175.54649353
-26.20392799
-24.17420959
-19.29752922
-14.14729023
-21.91038704
-21.03670692
-27.27899170
-29.01986504
-27.26378250
-20.49744034
-14.36717606
-17.96492195
-12.09220314
-11.65772915
-28.35362625
-11.19409752
-13.53873062
-18.26100349
-22.55168724
-20.40688515
-11.30294323
-17.98469734
-25.34200859
-27.65917587
-12.26080799
-10.92845058
-10.50066757
-21.30571747
-17.32050514
-10.60010529
-14.89479542
-10.43383980
-10.07650280
-10.32702351
-10.32427406
-10.24476719
-10.45698643
-10.54051876
-10.00134659
-10.13908672
-10.04504108
-10.38593388
-9.70642090
-10.67389584
-10.04951382
-11.13558292
-10.04351711
-9.63708019
-10.30819416
-10.30993843
-12.15528584
-11.44846821
-124.77915955
-10.66422653
-10.24970531
-10.42953777
-10.36137295
-9.76992130
-9.55961323
-11.45963478
-13.92011738
-9.38681793
-15.16155529
-16.88910294
-17.18561935
-17.08614540
-22.82664871
-22.88317680
-8.48041248
-9.72552586
-9.38876629
-8.53431225
-8.83990574
-8.40140152
-8.99532318
-9.19864845
-8.42959023
-7.89218283
-8.74648571
-8.73746586
-127.04566956
-14.07606411
-8.62946987
-8.54040146
-7.91522646
-8.09831810
-12.76630974
-26.38773537
-13.36643600
-7.47642469
-7.53653049
-7.54899025
-15.00352573
-7.01946640
-7.48256350
-7.42556286
-7.13121367
-6.74951124
-6.71681595
-6.36589622
-7.08437538
-6.78001404
-8.20848083
-6.67124844
-19.72831535
-9.61603165
-17.97955132
-8.26793003
-7.21939230
-6.45242262
-7.49553776
-7.16933298
-6.69580984
-7.70111227
-6.36777353
-6.19078541
-6.73086834
-13.30492020
-6.50336266
-16.00614929
-6.86656809
-13.42037964
-11.84447098
-11.04444027
-7.52672052
-7.14842367
-9.58972740
-6.54326057
-6.76542234
-7.40872002
-6.77531433
-10.85965919
-5.98760033
-10.54586601
-5.86502838
-5.14246082
-5.25035286
-10.49317265
-5.55781317
-4.86060905
-8.93002987
-15.43344879
-16.89324379
-10.09044170
-11.14533043
-5.20966864
-4.77483606
-6.22548199
-7.92612362
-5.53858042
-5.16867971
-4.97660351
-5.03334808
-11.25070763
-25.89885902
-34.27944565
-145.61689758
-206.12045288
-17.76375389
-262.53411865
-22.84202003
-4.10531378
-6.14903688
-5.29898453
-28.05567741
-12.52816963
-43.93314362
-19.45341492
-5.86375570
-7.36779118
-5.78231955
-6.05429935
-6.62040663
-4.50787449
-5.70633125
-5.97922850
-8.31192875
-5.36200953
-8.47579575
-7.89772558
-5.60452318
-6.00058889
-4.88412380
-3.07489276
-7.40155602
-24.72193146
-11.49905300
-2.58441615
-2.66113782
-3.62826133
-2.25488758
-4.13687611
-6.18374538
-4.76774979
-4.21072197
-2.57383680
-3.42901826
-5.65510702
-37.58230209
-41.71499252
-29.91157722
-5.70531702
-6.75688744
-1.42033505
-17.81493378
-20.79202843
-1.63249314
-1.42465079
-4.08608818
-4.19793510
-1.37896454
-4.34560299
-12.58536625
-3.66036868
-3.10237718
-35.49108124
-3.41568756
-2.93834543
-0.61485082
-3.62152481
-3.76642227
-4.06921721
-1.26959801
-2.76222658
-6.06214905
-71.40572357
-22.67942047
-10.21788692
-29.99975395
-4.43189096
-7.11767864
-4.37824821
-5.27702475
-2.87140012
-7.16994762
-4.02193642
-21.01251221
-34.70421219
-39.67922974
-33.66715622
-31.36753845
-9.70120335
-19.35535240
-0.59807819
-2.41008806
-0.69711107
-3.07784534
-2.25158954
-2.13059950
-4.96490288
-6.43354845
-2.37780905
-1.64912045
-7.76677275
-31.00005341
-3.74265313
-1.72566140
-0.93636858
-2.13313556
-5.25766134
-6.33353138
-5.87708521
-3.84056401
-0.40033323
-6.13062191
-9.38267422
-4.01641798
-8.74601555
-2.11001062
-4.44762707
-1.00601602
-32.26366806
-15.50954342
-16.96269798
-18.05381393
-14.09468651
-18.87903214
-19.16539001
-5.94154549
-5.10313463
-56.53135681
-42.41368866
-29.49912643
-32.33280563
-82.24497986
-38.12135696
-17.40841484
-5.28773212
-0.24909252
-12.87878895
-2.27333474
-0.76712304
-36.18988800
-23.67958069
-68.30547333
-27.00902939
-3.69208717
-39.41296005
-0.88418269
-12.56593323
-17.95133781
-56.08934784
-6.83678102
-3.58070278
-6.97590923
-13.41668606
-9.61835480
-1.66180611
-4.22738838
-11.82708263
-11.95809269
-9.31028938
-14.72207451
-6.52202749
-20.21489334
-2.85011053
-0.01089188
-1.88929081
-14.95147228
-2.98032713
-34.10437012
-37.80469894
-115.45021057
-160.46200562
-155.50823975
-49.90515137
-153.55699158
-94.63896179
-122.58348083
-68.78221130
-47.71344757
0.23481783
-36.86708832
-10.48754787
-36.58039093
-39.76189423
-78.35687256
-98.83921814
-10.88126087
-20.38478279
0.29114178
-18.81907082
0.08711478
4.14596844
-3.51681805
-10.23036957
-9.61199093
2.42246604
-48.54988861
-70.52221680
-50.34361649
2.69528365
4.29628754
-0.87063658
-5.04569817
0.17373532
-0.97254622
-20.97976875
-14.88652420
-0.53639549
-79.20466614
3.90591908
-47.13563156
3.58443570
-18.16389847
-31.69971657
-25.10848999
-41.80647659
-16.99474144
-23.70073128
-4.55229855
-29.62972069
-27.25160789
2.64413095
-148.44483948
-142.41004944
-253.28268433
3.52561283
-2.40013933
-50.01293564
-38.17292786
-107.99734497
-41.91371155
-54.21409988
-187.09474182
-261.40032959
-174.76098633
-202.03265381
-30.06587410
-21.40964317
-24.33701134
-79.33953094
-23.02554321
-10.30152702
-277.67135620
-30.51237297
-0.64535087
-191.20616150
-47.67066956
7.43716240
-112.58085632
2.93385506
-18.67408752
-23.63722801
-223.87142944
-259.71710205
-266.86840820
-97.49393463
-462.41046143
-273.60198975
-455.24438477
-376.01681519
-314.40097046
-310.19241333
-336.19973755
2.29464483
-48.15517807
-31.38341904
-0.05480848
-7.50769091
-9.71008396
-61.26378632
-232.01210022
-172.08068848
-20.67628479
-364.52047729
-114.48947906
-1.95146096
-24.01666451
11.29461575
-35.36934662
-177.04882812
-575.30999756
2.31500435
12.00239754
-4.12122440
-65.61087036
10.19694519
-375.21182251
-331.12622070
-210.73405457
-14.99201393
13.40161037
-124.83609772
2.03426933
-157.64181519
-421.10455322
-384.56533813
-401.98526001
-677.15612793
-464.14541626
-592.70385742
-665.77014160
-1130.40527344
-4157.66601562
-1848.84741211
-2244.97265625
17.56224632
17.86091423
16.01851273
-23.76419830
18.49971771
-24.61466599
18.75387573
7.84296227
-72.71878052
-1099.62475586
-119.05815887
-366.47070312
18.71699142
-218.79338074
18.67907143
-279.64254761
-346.45913696
-465.36547852
-441.77316284
-1308.40808105
-499.76522827
19.34069252
19.35632896
19.41136551
-1341.07189941
16.90088272
-839.81683350
-856.57641602
-1964.19543457
-1179.72106934
20.07358170
-174.14389038
-1080.26196289
-1072.84069824
-1315.89404297
-715.24267578
20.05202293
-1319.73535156
-26.69361877
-251.67436218
-166.56336975
-654.33764648
-839.22253418
-1006.78863525
-49.64539719
-832.76684570
-2246.19189453
-3960.18408203
-511.49130249
-5.57297373
8.88021851
10.50706291
-19.13229942
-39.82063293
21.17683983
1.19399798
-622.41113281
22.26666260
9.82081985
-34.35677719
-134.28529358
-356.66561890
20.40561867
-118.95829773
-113.19187927
22.70316124
-52.75784683
20.57614517
3.84222865
-52.79396057
-89.36908722
-62.47891998
23.64920235
22.79417801
-263.94085693
23.07712936
-112.20838928
-259.33724976
-98.05709076
23.72561073
24.07415962
-220.64166260
-357.03671265
-183.87437439
-289.75631714
-3.18958330
-6.26575232
-317.08059692
-1057.79943848
-190.75910950
-191.32617188
15.53246117
-31.35964394
-1026.47192383
-160.41708374
-323.78387451
-157.16743469
-1642.47790527
-1455.21496582
-1141.81103516
-322.73233032
-801.35479736
-74.07692719
-7.92064714
-119.37561798
-143.94110107
-101.41266632
-66.91614532
-237.29756165
-254.04086304
34.50300980
-52.43756866
-134.80313110
-68.90511322
-93.92419434
22.47155571
-952.68103027
-66.87506104
-70.43041992
-56.60387421
-56.03809357
-2279.70703125
-1037.83605957
43.54890060
-1739.44116211
-116.36642456
-2367.12280273
-32.05681610
-66.92068481
-2053.50756836
0.96303117
-5.25493670
-1004.61145020
21.10550308
-1159.75817871
-1095.29980469
-654.02685547
24.52064133
-728.69104004
-53.66487885
-141.23779297
-180.24652100
-182.41389465
-102.16989136
5.73067665
4.01491928
-35.92117691
-280.12283325
-228.54035950
-259.19583130
-1830.12561035
-1656.59143066
-2077.75756836
-1879.46728516
-2017.28796387
-1691.30737305
-1135.56176758
-2302.88378906
40.03664398
-2652.83789062
-25.53634644
-140.67303467
-2112.12768555
-1805.10241699
-2356.91333008
-772.44775391
-629.33825684
-1875.54406738
50.78017426
-1779.58166504
-1756.26721191
-35.57213593
-1648.61608887
-912.81140137
-1835.95507812
-2641.09399414
-2595.51293945
-1663.67114258
-4457.21386719
-1890.36230469
-1873.82983398
-1781.22631836
-2317.58642578
-1861.36169434
-1900.38720703
-2126.54003906
-1333.47119141
-2343.90502930
-1737.21984863
-2008.31762695
-5.91014719
-2287.01440430
-2143.54565430
-3054.80834961
-2143.76440430
-2483.67700195
-4771.21972656
-7179.50732422
-17885.05664062
-2013.55651855
-2277.55615234
-5881.54638672
-4799.25732422
-5391.82031250
-6869.46337891
-4974.79785156
-23885.25390625
-2480.38305664
-1847.20874023
-2174.81396484
-1947.60607910
-2208.74340820
-2742.90917969
27.55668449
-3367.87109375
-2684.35278320
-2874.35620117
-2081.23291016
-1715.45690918
-2430.79541016
-2623.02514648
-2902.12036133
-2579.17309570
-2603.30322266
-2654.46630859
-3001.55541992
-2980.23168945
-2537.81762695
-2912.57177734
50.31577301
-1828.33935547
-2192.50366211
-2196.84252930
-1814.18017578
41.54061127
-1848.09497070
-1491.97094727
-1382.56835938
-1372.46191406
-1329.64208984
-1408.28515625
-1365.50451660
87.83774567
-1549.24169922
-1475.29235840
-1812.32263184
63.30786514
-1354.82763672
-1412.75891113
-1392.28112793
-35.90663528
-1424.36718750
71.38269806
-1428.83410645
-35.11603165
82.29238892
-1542.35510254
-2354.14575195
-1522.84594727
-1596.16906738
-1569.46093750
-1575.65588379
-1530.03344727
-1745.84484863
57.98360825
-1848.44799805
-1707.15014648
43.77518082
-1811.92041016
-1718.11535645
-1897.34741211
-1766.87194824
-1993.22204590
-1712.60644531
-1747.67407227
-1832.05261230
-1970.42968750
-1804.08312988
72.89447021
-99.93823242
-1834.24206543
-1983.54956055
-6.88377047
-1774.53479004
21.49654961
-2116.14453125
-1940.60156250
-75.71815491
-2063.87060547
-1964.63867188
-3426.73950195
-3675.67724609
-1354.00354004
-1332.82629395
-1538.55114746
-2025.80676270
-2268.34423828
-1891.75268555
29.34304237
-1861.93164062
-1456.09375000
-1889.03845215
-1910.37817383
-1935.14416504
-8400.79394531
-1740.14501953
-3846.94384766
-1586.98645020
-2139.84765625
-2168.83593750
-2152.10400391
-1817.14526367
-2292.49780273
-2599.56127930
-2084.96997070
-2166.91333008
-2353.24584961
-2139.52221680
-2149.63134766
-193.98225403
-168.25823975
-2072.22070312
-2012.34790039
-353.06854248
-1695.11132812
-2243.49926758
-2551.56274414
-2725.92602539
-2163.25952148
-2560.07055664
-280.33224487
-269.17904663
-217.05960083
-1846.69921875
-12677.13183594
-5962.71435547
-1431.62585449
-1314.85095215
-1329.82824707
-1313.26550293
-149.29255676
-1317.91552734
-668.12933350
-179.29542542
-1797.48974609
-144.02355957
-198.79151917
-2316.22998047
-100.28417969
-100.15601349
-81.19618225
-2112.57348633
-2088.01269531
-2082.01513672
-2102.08691406
-286.16036987
-7306.39306641
-8239.32617188
-1450.87609863
-1528.11437988
-1487.98889160
-1408.51916504
-1415.67297363
-146.94650269
-1500.52038574
-132.87814331
-1612.29077148
-1789.84948730
-137.77320862
-105.82590485
-45.76070786
-76.61207581
-1785.28234863
-2029.42749023
-119.73865509
-151.02133179
-143.07487488
-1725.59472656
-1583.55969238
-173.84045410
-225.59292603
-91.86126709
-158.45938110
-68.28286743
-54.77087021
-1632.33789062
-2001.31481934
-1653.42626953
-2027.70019531
-135.17967224
-2280.81372070
-7136.62207031
-4411.04150391
-1826.93774414
-42.98650360
-1722.74890137
-2481.03369141
-2255.08520508
-2907.62280273
-2285.76977539
-2304.38305664
-2136.68261719
-3036.56787109
-2822.35278320
-2159.95239258
-3082.84814453
-2398.84204102
-3574.16308594
-5526.22070312
-5412.27050781
-2940.95263672
-6180.16259766
-2453.84375000
-2380.15942383
-156.03054810
-2122.98364258
-7880.81054688
-4488.16552734
-2016.07092285
-1653.36804199
-2080.54760742
-1047.30480957
-1979.32348633
-1421.89953613
-4581.43554688
-35301.78125000
-2772.99169922
-1193.14538574
-1772.23291016
-1381.63696289
-2043.70935059
-1503.06201172
-1545.56140137
-1359.49682617
-2494.13159180
-3071.94921875
-2815.68334961
-1067.20117188
-4423.95605469
-3748.67871094
-3461.87011719
-3016.95458984
-2622.51220703
-1359.59594727
-1776.48071289
-2156.86425781
-3960.21899414
-1471.97167969
-3048.32006836
-3451.02880859
-2078.37084961
-1238.67590332
-2487.40600586
-3773.58227539
-2392.56787109
-2304.16333008
-3630.57519531
-520.55578613
-2257.99121094
-1643.86926270
-4327.63476562
-2096.87744141
-2176.21459961
-2051.07519531
-2017.36340332
-2115.88452148
-2035.39904785
-1974.45776367
-1953.38330078
-2394.56347656
-2643.23535156
-2206.83935547
-1864.71948242
-2066.40380859
-1961.43383789
-1980.85253906
-2069.04858398
-1948.90869141
-865.27014160
-2116.26196289
-2125.71264648
-2139.80273438
-2106.28271484
-2080.30859375
-2036.85961914
-1948.46655273
-1910.95349121
-1849.42993164
-719.23779297
-5464.57275391
-1993.34521484
-1782.06469727
-959.54980469
-735.44232178
-722.00506592
-798.12359619
-736.46905518
-811.84051514
-1165.78625488
-911.50042725
-806.96002197
-826.91156006
-955.98846436
-1126.16882324
-1140.89038086
-1255.75476074
-1495.55371094
-1523.80371094
-1339.67944336
-753.12915039
-1725.93933105
-1739.92687988
-1475.28442383
-1152.29467773
-1928.03991699
-5100.41796875
-1732.27392578
-603.15032959
-1140.08264160
-1199.72668457
-559.13256836
-2337.68774414
-6307.79296875
-879.74707031
-1187.79748535
-1557.25927734
-1027.83435059
-1633.23303223
-1830.72399902
-1821.36657715
-1833.26489258
-2415.04809570
-2020.72705078
-2416.01245117
-2839.24169922
-2445.34790039
-2511.14208984
-2998.87670898
-865.97088623
-3067.40039062
-1937.22229004
-1057.74060059
-2709.68237305
-1069.85852051
-2952.24267578
-3059.83349609
-1908.98913574
-2696.26538086
-1657.78601074
-2982.65161133
-3090.75830078
-2777.84375000
-5657.86718750
-2052.60375977
-2143.95312500
-1480.57446289
-2099.76806641
-1849.04724121
-2439.95874023
-2232.99877930
-4613.24365234
-1807.04040527
-5712.37646484
-1803.80834961
-2770.11157227
-2778.27514648
-2448.29736328
-1870.47570801
-4322.12695312
-2491.63159180
-2344.45288086
-1848.07849121
-1866.12512207
-1887.77441406
-1904.06481934
-2109.19750977
-1894.97241211
-1946.08764648
-2017.34680176
-1915.75341797
-2319.11474609
-2432.10375977
-2303.75292969
-2409.41162109
-2350.23022461
-2458.51904297
-2068.10327148
-2021.01708984
-2002.15905762
-2098.71997070
-2341.19995117
-2484.31127930
-2316.59790039
-1984.64819336
-1945.37609863
-2040.31677246
-2055.23388672
-2051.39013672
-2216.45776367
-2082.92333984
-2110.51196289
-2078.93139648
-2117.47412109
-2127.57031250
-2272.06811523
-2110.96411133
-2204.54663086
-2157.83691406
-7000.10937500
-2618.11254883
-2500.01318359
-2181.65234375
-4273.59277344
-2651.77587891
-2569.48852539
-2177.22412109
-2207.13598633
-2702.42822266
-2632.83300781
-2496.83740234
-2298.12890625
-2299.51391602
-2318.14257812
-2633.97558594
-2645.73876953
-2642.69921875
-2618.25927734
-2759.42553711
-2766.25463867
-2672.45947266
-2803.27368164
-2614.72436523
-2489.12084961
-2361.58032227
-2676.85424805
-2602.12475586
-2721.29394531
-2616.29833984
-2409.16650391
-3099.71020508
-2406.71777344
-2466.07690430
-2632.74267578
-2544.96313477
-2478.82910156
-2495.53442383
-2534.16528320
-8117.39794922
-2590.23510742
-3105.11889648
-2604.34912109
-2600.23217773
-2826.98413086
-2958.87036133
-3002.49145508
-2512.94458008
-2592.36645508
-2697.90527344
-2856.91284180
-3019.66455078
-3068.65258789
-11067.36718750
-3002.33105469
-2963.61596680
-2891.43920898
-2921.27197266
-2691.95068359
-11643.93261719
-1992.67761230
-2572.64282227
-2657.09570312
-2576.96777344
-1946.96911621
-2596.07153320
-2573.46752930
-2598.22314453
-2757.91796875
-2587.31396484
-1972.59509277
-2020.16003418
-2019.36865234
-2543.25830078
-2583.32983398
-2568.92456055
-2582.27978516
-9014.73242188
-2973.65209961
-3155.47167969
-2858.77270508
-2805.68798828
-2798.53710938
-2659.57568359
-2364.10351562
-3071.80883789
-2520.23535156
-2404.85888672
-3041.64672852
-5325.84326172
-4159.76904297
-2560.53149414
-2402.88720703
-2505.32128906
-2237.95385742
-2495.91845703
-2409.60766602
-2913.14282227
-2735.17431641
-2733.26953125
-3177.20068359
-6317.45458984
-2982.71069336
-2656.27685547
-2687.72534180
-2924.59692383
-2710.67651367
-2266.38647461
-2581.08642578
-2369.88134766
-2425.25610352
-2368.63793945
-2156.42651367
-2745.56469727
-2387.24780273
-2431.89013672
-2478.57812500
-2371.08544922
-2374.10083008
-2342.60791016
-2318.34057617
-2318.89160156
-2348.69409180
-2253.96142578
-2312.32910156
-2308.59716797
-2307.88623047
-2336.52807617
-2320.82543945
-2162.55126953
-2255.29882812
-2379.27612305
-2231.87207031
-10758.91406250
-2177.41674805
-2230.96923828
-2233.00927734
-2253.81835938
-2389.13696289
-9854.07031250
-8270.60644531
-2210.36816406
-2185.98730469
-14976.17382812
-2294.92504883
-2160.94995117
-2256.12011719
-2224.62866211
-2231.78906250
-2197.56152344
-2246.89916992
-2269.03393555
-8745.77343750
-2145.81127930
-2331.14501953
-2281.69750977
-2245.22363281
-2283.53491211
-2256.74121094
-2466.34887695
-2233.27172852
-2213.70800781
-2250.47778320
-9640.63574219
-2161.21728516
-2296.91088867
-2250.54467773
-2315.27026367
-9439.60253906
-2286.81152344
-8191.03662109
-2298.58032227
-2324.93823242
-2299.01855469
-8309.39453125
-2312.55883789
-2359.28222656
-2253.79492188
-2320.22534180
-2373.18286133
-2483.34497070
-2475.18969727
-2411.26879883
-2407.32666016
-2456.34301758
-2187.57714844
-2401.20825195
-2407.64160156
-8770.51367188
-2338.08447266
-2621.77368164
-2451.81079102
-2487.36230469
-2668.47558594
-15512.50976562
-2552.81860352
-20642.58593750
-2932.79541016
-3128.91210938
-2846.86962891
-2833.64013672
-2917.91430664
-2167.53198242
-2687.75244141
-16532.62109375
-3272.96606445
-2669.91064453
-3070.46118164
-3112.88085938
-8346.13085938
-2719.83813477
-2962.22338867
-2848.13916016
-2954.65917969
-3053.10986328
-2727.24145508
-2792.77661133
-2889.28613281
-2769.05688477
-2820.15502930
-2866.23974609
-2852.09252930
-2865.80737305
-2885.61962891
-2835.05200195
-2805.29711914
-2626.61279297
-2248.74560547
-2230.42822266
-2229.39770508
-2268.03637695
-2331.39965820
-2863.94458008
-2292.56225586
-2701.44702148
-2332.38696289
-2845.15747070
-2858.74658203
-2794.19311523
-2679.50341797
-2453.61840820
-2774.66821289
-2837.07421875
-2867.76318359
-2842.79150391
-2264.98730469
-2759.86621094
-2769.49243164
-12176.16601562
-2720.40942383
-2873.21264648
-2885.32250977
-2867.65991211
-2794.05395508
-2893.60571289
-2917.03271484
-2994.78027344
-2973.50195312
-2817.96582031
-2369.92236328
-2967.92578125
-2459.72631836
-2975.64648438
-2898.21044922
-2825.21777344
-2926.97656250
-2874.61083984
-2985.68212891
-2949.88110352
-2527.94213867
-2945.25463867
-2515.77270508
-2962.32666016
-2537.48632812
-3020.79101562
-2967.46875000
-26486.25000000
-2737.21655273
-2768.64062500
-3262.46606445
-19038.71093750
-3251.52343750
-3085.07348633
-3144.91381836
-8231.67871094
-3154.02612305
-2546.93945312
-3006.43847656
-3071.16284180
-3037.54443359
-2985.39331055
-2655.67382812
-2591.82739258
-3185.74316406
-2865.32397461
-2866.49462891
-2934.26684570
-2874.47265625
-2991.13793945
-2999.38525391
-2550.67065430
-2886.85791016
-2906.61987305
-2991.51342773
-2893.09423828
-2807.00976562
-2988.13208008
-2632.54956055
-2604.42724609
-2616.47998047
-2613.59326172
-2603.11181641
-3068.93090820
-2590.63549805
-2932.03198242
-3292.90234375
-2600.73388672
-2573.36499023
-2594.57836914
-2613.47314453
-2597.70581055
-2583.67724609
-2489.73828125
-2496.51245117
-3058.23144531
-3534.49047852
-3545.32177734
-2934.24121094
-2986.71582031
-3108.86181641
-2585.02587891
-3105.86962891
-3221.90405273
-3204.01049805
-3258.07495117
-3260.69750977
-2475.90136719
-2443.44897461
-2547.10913086
-2410.26000977
-2468.46923828
-3180.26000977
-28651.86132812
-3177.75439453
-3207.83618164
-3122.51513672
-3350.64331055
-3206.94091797
-3159.53881836
-3111.45776367
-3230.39721680
-7537.01367188
-2538.52587891
-2485.09326172
-2408.79467773
-2391.10546875
-2547.27783203
-2533.51342773
-2444.72680664
-2494.45361328
-2440.69042969
-2518.66845703
-10242.01757812
-2641.70849609
-2528.52001953
-2536.09130859
-2491.19189453
-2562.41430664
-2683.71850586
-10484.83105469
-9380.71484375
-2488.09838867
-2493.21020508
-2466.04907227
-2715.55200195
-2648.95458984
-2527.32128906
-2646.34472656
-2672.03881836
-2652.70751953
-2578.21484375
-2611.38134766
-2623.10742188
-2747.93603516
-15337.69140625
-2567.84521484
-2723.17553711
-2728.28759766
-2706.08471680
-2559.97363281
-2696.45727539
-2687.07592773
-7649.04687500
-7814.06298828
-2688.50000000
-3321.15478516
-2873.33789062
-2779.85107422
-2604.89843750
-7326.90576172
-2695.28930664
-2762.84765625
-2671.90234375
-2640.88256836
-2817.57177734
-2436.21508789
-2588.96289062
-2539.76928711
-2630.93701172
-7559.44628906
-2415.88403320
-2459.71191406
-2575.06640625
-2495.21582031
-2523.68139648
-2281.98193359
-2133.77709961
-2267.23876953
-16927.28320312
-2808.19628906
-3161.84960938
-2728.16894531
-2797.88281250
-2737.24536133
-2242.29223633
-2256.88549805
-2284.52270508
-2764.25903320
-2694.84887695
-2769.47460938
-2684.66357422
-2737.51220703
-2632.50390625
-2672.75805664
-2593.87133789
-2883.05371094
-2439.63500977
-2558.91601562
-2550.64331055
-2736.58349609
-2732.58374023
-2331.99487305
-2670.03857422
-11576.40332031
-7110.23632812
-2712.55712891
-2819.14501953
-2764.64331055
-2742.01098633
-2400.98339844
-2718.36157227
-2435.43896484
-2658.27148438
-2264.50292969
-2235.14965820
-2082.80249023
-2028.94409180
-2172.22509766
-2110.10302734
-2298.90356445
-2064.06518555
-2187.78271484
-14838.59375000
-2068.80273438
-2140.19091797
-2237.65209961
-2041.84912109
-2115.66821289
-2201.52709961
-2299.57373047
-2043.01086426
-2192.22290039
-2158.44287109
-2196.21630859
-2196.51171875
-2204.58789062
-2323.95971680
-2371.37451172
-2311.01342773
-2250.13696289
-2181.12329102
-2156.15576172
-2303.59643555
-2200.00219727
-2096.44458008
-2180.40136719
-2072.35327148
-2193.23803711
-2246.13427734
-2200.95263672
-20734.67773438
-2699.00756836
-25436.57421875
-3375.76806641
-27263.78320312
-2199.07763672
-2397.70458984
-3666.38110352
-2991.78002930
-3825.38037109
-2164.96679688
-2513.18261719
-2374.57934570
-2291.76977539
-2707.62426758
-3222.17333984
-1999.62963867
-2231.43920898
-2729.65405273
-3470.05004883
-2253.96044922
-2717.22290039
-33447.27343750
-2078.76464844
-2161.84790039
-2147.38427734
-2148.45458984
-2101.07421875
-2225.62304688
-2167.84741211
-2120.03466797
-2046.27380371
-2026.86169434
-2139.81567383
-2074.40673828
-2150.87036133
-2153.24340820
-8564.60937500
-2150.84082031
-2082.70605469
-2079.00317383
-2115.20288086
-2139.31420898
-2113.87939453
-8201.21289062
-2117.08813477
-2092.24121094
-2140.50366211
-2199.17993164
-2042.20214844
-2106.51757812
-2084.48046875
-2093.87646484
-2020.59606934
-2062.54101562
-2068.82495117
-2041.84289551
-2087.23608398
-2035.90014648
-7962.14941406
-1729.49548340
-1779.84191895
-1764.92602539
-1819.79150391
-1816.59704590
-1839.09069824
-8754.71972656
-1715.71911621
-1635.66040039
-15095.82128906
-1856.44836426
-1736.78833008
-1635.40368652
-1516.28845215
-1518.27563477
-1914.79797363
-2063.43603516
-2072.85986328
-7154.04980469
-1811.85607910
-1835.65454102
-1796.43078613
-1817.88574219
-1800.08288574
-1971.91040039
-1768.58520508
-1849.80664062
-1677.53344727
-1411.73718262
-7419.48876953
-1455.92810059
-1370.14477539
-1836.86547852
-7389.00830078
-2049.69409180
-1911.99133301
-1905.41247559
-1712.81494141
-28490.39648438
-7197.57177734
-7242.79541016
-1806.96777344
-1951.53259277
-1885.34118652
-1912.52770996
-1862.25231934
-1843.11108398
-1913.07238770
-1981.28820801
-1784.53588867
-1881.81750488
-2474.86621094
-2086.81762695
-2615.61499023
-1872.36291504
-5952.03271484
-1840.97180176
-3083.98168945
-2224.18774414
-1588.94201660
-1609.04589844
-2101.98632812
-1413.89294434
-3621.19189453
-2588.97705078
-1574.16516113
-1716.52050781
-1645.00048828
-1676.34191895
-2005.92663574
-6439.89990234
-2136.98437500
-1043.61767578
-1427.33312988
-1793.72167969
-5046.77197266
-5773.15966797
-3279.21240234
-7284.22460938
-567.06671143
-1308.03686523
-2523.07177734
-4904.97558594
-2995.84741211
-5481.60449219
-7025.50927734
-7043.61718750
-7341.03320312
-3147.71606445
-3558.33471680
-4916.40966797
-2273.56567383
-512.03155518
-3585.56909180
-3191.78710938
-267.70806885
-1502.19030762
-585.85748291
-739.97308350
-6760.45849609
-1530.39819336
-13348.96484375
-928.48504639
-624.57269287
-581.70227051
-497.03945923
-2097.78442383
-1127.43078613
-588.26849365
-3783.50244141
-4551.73876953
-4888.08691406
-3172.58740234
-3698.32104492
-2708.80639648
-1794.70483398
-2812.41943359
-10931.18750000
-2704.55664062
-13788.96777344
-8165.16113281
-1690.55261230
-1861.63024902
-1634.90234375
-1706.34680176
-5638.85009766
-3887.42651367
-3967.36572266
-3575.14575195
-2432.76733398
-897.92108154
-5624.36523438
-6149.43408203
-4881.22021484
-1481.18896484
-1243.42224121
-7476.88378906
-7855.75146484
-6716.28417969
-5506.47851562
-5942.17431641
-2144.30517578
-674.19238281
-874.92187500
-797.04833984
-56455.06250000
-4347.71044922
-32970.98828125
-2874.32739258
-7074.29638672
-4876.86718750
-4955.72070312
-4578.88574219
-44808.32421875
-5582.89648438
-5117.79150391
-5990.83691406
-3535.15625000
-5350.62890625
-5241.05371094
-3288.20117188
-4826.36376953
-959.51446533
-883.32666016
-879.53387451
-847.26971436
-868.11993408
-909.17559814
-915.62158203
-890.63220215
-887.54425049
-877.34417725
-852.33190918
-889.00054932
-973.52044678
-868.44073486
-873.46313477
-855.59320068
-838.42510986
-796.76788330
-739.70458984
-639.80181885
-572.81604004
-530.86413574
-527.52685547
-473.93765259
-511.33047485
-690.01733398
-721.38403320
-385.60836792
-447.16302490
-508.80413818
-679.27008057
-883.20117188
-759.92175293
-709.37255859
-76.30983734
-259.27893066
-504.58242798
-454.67492676
-574.96643066
-755.06311035
-528.24481201
-292.94564819
-341.32073975
-681.83984375
-698.02685547
-813.17419434
-779.76641846
-1956.32336426
-843.49554443
-299.78265381
-560.53814697
-1169.88049316
-1183.56420898
-1168.71997070
-2417.26611328
-685.01611328
-357.41098022
-31031.91015625
-4100.98828125
-4049.90771484
-3449.41113281
-33837.19140625
-5413.19531250
22.93142128
-35324.86328125
-9520.12109375
-1520.12524414
-4162.95996094
-6374.32519531
-5848.50146484
-4852.61035156
-1640.83679199
-1560.45581055
-6829.42871094
-5454.22412109
-4276.43701172
-4388.38818359
-302.04534912
-8414.47070312
-369.21408081
-7570.39062500
-6128.94726562
-5562.61230469
-548.04656982
-8508.48535156
-10448.31933594
-33051.66406250
-5884.26367188
-7528.17285156
-30044.73632812
-2070.56933594
-6563.19189453
-5283.90527344
-4171.52246094
-501.05215454
-31812.13281250
-9824.57031250
-1817.78417969
-9010.15625000
-5892.72460938
-2704.96411133
-9132.21679688
-498.22006226
-9101.58984375
-5866.15283203
-3492.05981445
-5353.21337891
-20517.76757812
-33331.19921875
-29461.22070312
-3167.76757812
-2294.11621094
-2902.87915039
-4208.34570312
-5606.52929688
-3199.50903320
-30828.40429688
-4350.00292969
-4743.04052734
-6120.53027344
-5292.44970703
-4917.74462891
-30661.13476562
-5955.57910156
-4067.22827148
-3551.62939453
-3462.08251953
-3394.91796875
-3725.53613281
-2056.08935547
-5265.92285156
-381.50930786
-478.57122803
-5810.71142578
-4334.65966797
-4556.68359375
-5492.27099609
-4937.99023438
-5298.61376953
-5208.69775391
-5068.96142578
-6117.21435547
-40084.71093750
-1420.13537598
-545.20349121
-471.32098389
-487.74359131
-53404.15625000
-461.40908813
-459.22943115
-452.07870483
-453.90789795
-460.09484863
-445.00711060
-445.42813110
-481.24667358
-448.58477783
-25922.29101562
-463.13879395
-491.25906372
-491.65499878
-415.32479858
-536.32818604
-508.18704224
-547.37176514
-524.70874023
-501.36831665
-531.93377686
-24367.03320312
-2148.85668945
-1718.25976562
-32597.48046875
-2745.11547852
-5372.29443359
-5296.24023438
-26898.57421875
-767.96099854
-4906.22412109
-6766.78320312
-5621.89404297
-5033.46923828
-5300.66064453
-5499.40527344
-726.16711426
-22760.20507812
-3685.26049805
-5302.75634766
-5228.34521484
-5441.53857422
-4673.03613281
-7756.06054688
-5360.52246094
-3322.77172852
-4675.64453125
-5078.14453125
-2759.06665039
-7602.17041016
-5143.82519531
-5271.91503906
-4193.21240234
-4562.68896484
-4253.86083984
-5687.97167969
-3657.46411133
-5494.72412109
-3594.79541016
-4333.82177734
-6327.03955078
-2986.35424805
-5552.10839844
-4085.24047852
-30377.00000000
-1654.86987305
-8636.35937500
-3838.23535156
-4501.59765625
-5765.01269531
-25283.85156250
-5396.99462891
-564.60363770
-9061.16699219
-13736.41015625
-1145.40429688
-1100.56958008
-10235.25390625
-23583.85351562
-10345.25781250
-826.28100586
-9416.71191406
-8225.22753906
-1469.74145508
-619.68896484
-25328.49804688
-6106.96972656
-2725.38793945
-4695.82617188
-1801.78833008
-24030.74023438
-1872.18457031
-6361.01025391
-23809.94140625
-7138.08203125
-1042.04846191
-5748.94287109
-7522.70410156
-8554.97656250
-5400.07177734
-11688.79687500
-3801.60180664
-7285.78173828
-12150.68164062
-3395.60668945
-12665.33007812
-3384.66308594
-13613.64648438
-3243.25830078
-6717.82470703
-38780.85156250
-4704.03076172
-4853.07666016
-4906.70898438
-5203.57373047
-5657.07275391
-5589.37939453
-5585.18017578
-5798.34570312
-30949.14843750
-5571.01416016
-6342.83251953
-6831.78759766
-6442.01953125
-5941.47314453
-31742.44140625
-3614.26660156
-3803.80834961
-4043.44409180
-4108.34814453
-4131.73291016
-4436.54687500
-5503.04589844
-5527.85351562
-6934.97460938
-7945.40136719
-7710.34423828
-8667.32910156
-7955.99902344
-8643.34375000
-8280.73535156
-7696.69042969
-9196.90039062
-8756.38574219
-29590.24023438
-10052.42675781
-7423.86035156
-29476.96484375
-8527.15820312
-9493.31835938
-8857.42578125
-7955.19042969
-9555.71972656
-10860.59375000
-10993.60253906
-7710.06103516
-7761.83300781
-8356.69628906
-9770.80761719
-10014.37988281
-9991.20996094
-8699.16503906
-7869.44873047
-10885.27734375
-9428.44628906
-11104.68457031
-9466.58300781
-10848.63476562
-30650.21679688
-7633.15283203
-10794.85937500
-10591.75683594
-10216.50878906
-9050.17382812
-10078.01367188
-7699.51562500
-7972.67333984
-9837.15527344
-11288.09375000
-8547.27734375
-7738.54345703
-9951.04394531
-11103.71386719
-7165.38085938
-10665.01757812
-7561.65722656
-9259.20507812
-27620.89453125
-14146.89257812
-10835.38378906
-14222.73242188
-10034.35156250
-14160.69531250
-11001.72167969
-9002.76953125
-11407.68847656
-9790.93945312
-11632.01757812
-11560.92187500
-13071.01953125
-9680.45898438
-16272.48535156
-13409.90039062
-13304.66308594
-28315.69726562
-29625.60742188
-13075.08398438
-11542.48339844
-12405.21679688
-13256.96972656
-12375.91015625
-12554.69531250
-10286.60546875
-11270.37207031
-24220.49804688
-9509.54687500
-8942.43359375
-8695.47851562
-7678.22119141
-5803.94921875
-5444.00097656
-7199.32128906
-9737.08593750
-25834.18945312
-12181.86914062
-7659.03857422
-9702.13964844
-8337.39355469
-8825.10351562
-7599.66406250
-10143.35742188
-7647.09277344
-8805.70507812
-9340.07812500
-8405.02734375
-6715.00781250
-6097.66992188
-6705.72558594
-6126.92041016
-5942.67138672
-20146.83789062
-4976.04687500
-5262.78173828
-5372.34619141
-4929.08642578
-4732.51660156
-4673.47119141
-4715.26562500
-4624.12744141
-4956.59130859
-4536.10742188
-4942.25683594
-4889.05908203
-4936.42724609
-5385.71337891
-4793.48779297
-5103.97998047
-5072.46289062
-5298.81005859
-4988.81640625
-19676.94726562
-5056.72949219
-7586.87988281
-5483.20214844
-8156.79150391
-7300.49609375
-10524.78320312
-9691.39160156
-20066.03710938
-5353.34521484
-28660.69531250
-5496.40722656
-5945.36132812
-6645.03710938
-6628.94091797
-5812.84814453
-6930.72558594
-5839.89355469
-6867.16113281
-6167.66210938
-6831.24707031
-7176.83593750
-7366.59375000
-8435.16406250
-8396.06738281
-8953.22656250
-9275.53125000
-8943.84375000
-7652.54541016
-6005.46386719
-8680.02246094
-7779.86425781
-9784.16210938
-7744.35009766
-9473.90917969
-9633.94335938
-7434.47119141
-11347.88867188
-7653.05224609
-9249.87304688
-16976.91406250
-19817.71484375
-7851.21875000
-7677.01367188
-6194.69433594
-19907.52929688
-6401.94335938
-7429.30371094
-7419.65625000
-8090.92529297
-7724.67333984
-10411.07910156
-8547.28222656
-7969.75732422
-12061.69335938
-9945.35156250
-7518.47314453
-11277.21191406
-12049.96777344
-10860.42578125
-7777.90429688
-9589.42089844
-7526.23632812
-12419.22460938
-7424.90917969
-6750.62158203
-7509.09228516
-5857.24121094
-7599.18457031
-8193.80468750
-10045.62500000
-12075.52832031
-10130.46289062
-7159.92578125
-46431.23046875
-6682.81005859
-6289.01318359
-10884.34277344
-11874.34765625
-13250.78613281
-8150.85791016
-11737.07031250
-8060.69628906
-10703.92285156
-11487.59179688
-9416.96875000
-10601.34863281
-10678.00097656
-14401.25097656
-9586.68457031
-11939.91894531
-9085.18750000
-10218.25292969
-10592.63476562
-12141.14941406
-11320.70703125
-8397.28613281
-10149.24414062
-11806.48925781
-8998.30957031
-12174.80859375
-12460.30761719
-11971.66601562
-12883.23339844
-7934.52343750
-11247.17285156
-6281.01416016
-9296.93750000
-15866.77148438
-7876.56787109
-13669.58593750
-12098.52539062
-11594.33496094
-14083.23437500
-8871.63671875
-16969.76757812
-7154.90722656
-18423.36718750
-18022.58593750
-8330.60058594
-7669.42431641
-12045.06835938
-14748.62890625
-6909.83837891
-7524.78515625
-11386.32617188
-13940.86621094
-11278.77929688
-11430.84179688
-13235.10351562
-9764.76074219
-10480.71777344
-13757.83203125
-11293.05371094
-15091.00878906
-11405.20703125
-10859.17871094
-10847.05078125
-15706.46582031
-10905.28613281
-9013.97363281
-10563.70800781
-14383.07226562
-12489.98632812
-12829.89355469
-16114.82226562
-14097.50585938
-12104.92480469
-7259.67724609
-13118.68164062
-5572.22509766
-11615.96875000
-8899.34375000
-10701.05078125
-18503.51367188
-6198.84277344
-10678.99218750
-14683.34375000
-11764.66406250
-15737.57617188
-10624.89453125
-18565.73828125
-19304.96093750
-19445.07226562
-12384.39550781
-12243.76171875
-16977.34765625
-15643.51074219
-16479.97460938
-16030.54882812
-23202.56640625
-70899.51562500
-21174.05664062
-19250.04882812
-12642.27539062
-9683.41210938
-15376.02441406
-15450.92480469
-17375.84570312
-12481.33300781
-15816.91992188
-19602.57226562
-19724.90429688
-17265.28906250
-17952.60351562
-18738.21875000
-18507.95507812
-17895.83789062
-12287.44726562
-18683.84765625
-19014.36718750
-19265.76171875
-17337.46679688
-20528.80664062
-10678.23144531
-12800.64062500
-11324.91894531
-18460.43359375
-19083.17578125
-15601.35742188
-18199.53515625
-4283.06054688
-3805.49707031
-13987.92089844
-3048.96655273
-2842.74487305
-6030.71191406
-3556.19921875
-6926.21484375
-2577.06054688
-5328.55761719
-7080.30029297
-7397.18310547
-5065.44482422
-6380.35888672
-8443.49121094
-11078.19238281
-9759.51660156
-9097.71972656
-11137.29199219
-9373.67382812
-6888.92431641
-5331.79541016
-12003.45996094
-2929.87109375
-12737.61523438
-9321.04687500
-14531.99707031
-13015.64843750
-3582.22338867
-880.04956055
-7921.05224609
-3828.02319336
-16603.66406250
-17944.37695312
-17329.78320312
-9911.84082031
-17129.27734375
-12065.54492188
-7888.49023438
-1305.17077637
-8635.94140625
-10647.03906250
-7365.96630859
-3124.78662109
-10319.19433594
-4304.10156250
-6195.41601562
-5625.01806641
-14301.27539062
-11398.89843750
-13213.75488281
-9623.19042969
-13490.85742188
-18423.76562500
-21349.43164062
-19358.47265625
-15110.74804688
-47900.08984375
-4985.40820312
-18292.22265625
-44337.77343750
-13834.77441406
-16503.00781250
-12019.34570312
-2420.07128906
-21769.85351562
-15938.97363281
-6932.37109375
-8707.68164062
-14175.54394531
-14954.20800781
-20114.62890625
-9141.96289062
-10864.85351562
-2687.73315430
-22766.25195312
-10420.34082031
-26251.14257812
-3172.55908203
-26540.68359375
-9920.96289062
-16728.83593750
-22725.50195312
-15168.45703125
-3078.98925781
-4121.50000000
-48898.63671875
-16419.26367188
-8294.28222656
-17097.83398438
-13294.41015625
-12190.83007812
-12923.33789062
-12104.11718750
-13353.92285156
-12864.73535156
-12579.47167969
-1229.08776855
-10639.26757812
-10020.61132812
-10082.52246094
-11284.92382812
-9120.20312500
-9441.08886719
-10578.43554688
-8877.47851562
-7647.94580078
-6447.76367188
-7048.82812500
-6334.34375000
-5706.32812500
-6604.02783203
-5356.62011719
-5249.53027344
-4671.24316406
-4443.81933594
-10252.33789062
-12132.71582031
-10903.38671875
-10856.96484375
-11666.85351562
-9347.52148438
-7702.59912109
-9163.52539062
-8657.27539062
-3670.25903320
-3609.20166016
-3586.41967773
-3526.04882812
-3570.44116211
-3500.72802734
-4302.30957031
-4159.89843750
-3801.01196289
-3651.38378906
-3667.89306641
-3590.70532227
-3497.88305664
-3730.42211914
-4104.68066406
-3501.15454102
-4026.01342773
-3919.25341797
-4190.58837891
-4219.44433594
-4561.28857422
-89955.15625000
-3925.67260742
-4291.96435547
-4627.29443359
-4506.93554688
-4055.28393555
-5314.70996094
-4202.57470703
-5052.87255859
-4767.23876953
-5597.49316406
-4360.83691406
-5250.08642578
-5452.62255859
-5088.05517578
-5313.33886719
-4840.83496094
-5569.47119141
-4850.00488281
-5681.78857422
-6059.25683594
-5940.57763672
-7477.48876953
-6776.71972656
-8205.21191406
-3749.57934570
-7559.12988281
-4017.05126953
-5933.13720703
-4529.60546875
-6143.49755859
-5081.40332031
-9100.04589844
-6034.51025391
-5090.71289062
-9396.68066406
-9303.76464844
-3518.44604492
-10893.20507812
-10436.43066406
-12021.34472656
-4536.50683594
-5229.99560547
-9249.46191406
-10400.07714844
-5132.82714844
-6933.91455078
-64228.63281250
-4942.72314453
-4636.80273438
-8296.34472656
-5483.18164062
-5903.79882812
-4748.05468750
-5688.11523438
-5803.53955078
-11512.43945312
-11549.67187500
-7136.08203125
-4871.21289062
-13095.95410156
-4958.40966797
-10998.08593750
-8602.33007812
-5937.38330078
-10933.58007812
-9187.29980469
-7015.05273438
-13733.10253906
-7680.54003906
-11507.21582031
-6722.72949219
-6227.40527344
-9653.99023438
-5649.55859375
-11413.05761719
-13056.42480469
-10767.11425781
-6497.13720703
-13129.95019531
-10901.37695312
-11801.11621094
-7492.49560547
-11436.76953125
-13419.54882812
-9759.90625000
-13370.53808594
-11373.16796875
-6550.05419922
-6458.08398438
-8436.03613281
-9183.40136719
-10630.91113281
-36496.20312500
-8855.74902344
-7716.70166016
-5828.36035156
-5316.76806641
-5026.60742188
-4887.57519531
-4891.18066406
-4980.62695312
-4759.58496094
-4822.16552734
-4702.14648438
-37412.69921875
-4823.67675781
-4799.96728516
-4928.85937500
-4873.27636719
-4966.34667969
-4904.87158203
-4837.59863281
-4993.22167969
-5467.65771484
-5016.87060547
-5508.39208984
-5651.35937500
-42327.77734375
-5083.64843750
-5874.12646484
-5761.66796875
-5188.37841797
-6658.74169922
-5989.35107422
-5178.00341797
-5048.86816406
-5787.21533203
-5078.85693359
-5054.44628906
-6798.18164062
-36405.70703125
-6907.22802734
-38444.14453125
-7579.75537109
-5148.14306641
-7824.51855469
-5225.80175781
-5504.17187500
-7117.28515625
-6443.00048828
-5616.63525391
-7399.62890625
-5256.19775391
-6499.14111328
-7926.23437500
-5643.68359375
-8193.52441406
-8018.57861328
-4869.74218750
-7792.00830078
-8552.70312500
-8339.82324219
-7645.40869141
-7935.08056641
-9532.71191406
-7821.95849609
-5354.16113281
-6092.41650391
-7456.58056641
-5424.25292969
-7031.35546875
-5042.57666016
-5656.88916016
-10764.08691406
-8062.41210938
-5544.10644531
-4594.53369141
-8825.47753906
-4968.95800781
-5094.28613281
-5796.56201172
-5452.31201172
-5676.11035156
-5443.48583984
-6337.14941406
-5803.02539062
-5754.26123047
-5190.18359375
-5342.69726562
-5203.56640625
-6125.09228516
-5477.88769531
-4980.27880859
-5597.75244141
-12297.88085938
-10568.62304688
-5252.41162109
-5167.88281250
-6778.03369141
-6571.00537109
-6347.56347656
-5174.04736328
-5054.68847656
-4955.80468750
-4918.87011719
-4921.11572266
-4961.70507812
-4971.55908203
-5123.25732422
-5144.91162109
-5191.68701172
-5123.42578125
-5240.50830078
-5229.91748047
-5259.99560547
-5338.43750000
-5049.67968750
-5300.68115234
-5436.72070312
-5392.41406250
-5405.15917969
-5458.73974609
-5482.62646484
-5568.33007812
-5741.40332031
-5619.24560547
-5559.04150391
-5732.38769531
-6287.81982422
-5637.67236328
-5722.19531250
-7017.79345703
-5667.55810547
-5788.27978516
-5705.87841797
-5815.78808594
-5796.86181641
-5768.35302734
-5804.39013672
-6182.15820312
-6182.76367188
-6338.74218750
-5834.63281250
-5871.23486328
-6311.85156250
-6191.31542969
-6045.89892578
-6071.93554688
-5920.49267578
-6004.83837891
-6041.57177734
-6027.82568359
-6150.60449219
-6266.39990234
-6737.29736328
-6310.40332031
-6122.62646484
-5985.75781250
-5999.89453125
-5741.09765625
-5672.83789062
-5974.22998047
-6603.41845703
-6902.81933594
-6428.00195312
-8020.52978516
-8646.79589844
-8999.26367188
-8430.74804688
-8101.30957031
-6144.96875000
-7666.83642578
-7986.91015625
-7666.07763672
-9125.26953125
-8627.70214844
-10003.39160156
-7624.48242188
-8708.01757812
-9808.81250000
-8428.77441406
-9123.99414062
-8616.99121094
-24379.39257812
-7521.58105469
-5920.08544922
-5859.43554688
-5489.95361328
-25362.88476562
-8760.79980469
-8947.52148438
-9759.52343750
-9490.76953125
-9662.57910156
-8637.41308594
-8961.49804688
-9778.85058594
-9969.19824219
-9911.07617188
-10142.69042969
-9139.52636719
-10298.05664062
-10171.56347656
-9156.21875000
-8582.27246094
-6766.60986328
-5506.53710938
-5094.51953125
-6063.16210938
-5017.26464844
-5112.47314453
-5116.50000000
-5230.69921875
-5004.56982422
-5012.71972656
-5025.16210938
-5047.55957031
-4935.24023438
-4968.84912109
-5303.72314453
-5066.92626953
-5080.83886719
-4933.40283203
-4951.35791016
-5077.16406250
-5329.84277344
-4991.52246094
-6222.66992188
-4958.42578125
-4913.79687500
-4910.10009766
-4987.10937500
-4900.92480469
-4928.60156250
-4885.89355469
-6282.92529297
-8472.44238281
-6862.79833984
-5625.05810547
-4873.19042969
-5514.37207031
-4903.39697266
-4904.85400391
-5045.96972656
-5194.23144531
-4956.52636719
-5319.28027344
-5454.67968750
-4966.48974609
-5053.07958984
-5042.39599609
-4874.86962891
-4898.70263672
-5819.45898438
-8226.40429688
-8315.74707031
-8087.74316406
-7995.57177734
-4879.29785156
-4865.41796875
-4883.33642578
-4983.96826172
-5079.89648438
-23854.37109375
-4968.97509766
-4950.18994141
-5096.93945312
-5077.23242188
-4922.75000000
-4975.30126953
-22975.93750000
-5145.90332031
-5202.48193359
-4907.09814453
-4901.89306641
-4818.57128906
-4792.89599609
-22277.50000000
-4779.49951172
-4732.13037109
-4765.22558594
-4684.35156250
-4724.97167969
-4706.51806641
-4685.72021484
-4625.43603516
-4689.45214844
-4643.58496094
-4622.57080078
-4633.94140625
-4612.98828125
-4640.28173828
-4650.48974609
-4949.28125000
-6001.75683594
-4818.55566406
-4584.84716797
-4484.97314453
-4381.68408203
-4427.67041016
-4377.78662109
-4335.48144531
-4292.00830078
-4301.43359375
-4262.17773438
-4235.46337891
-4265.17773438
-4272.88623047
-4276.56933594
-4275.30224609
-6445.40966797
-6616.44384766
-6802.66210938
-6906.63281250
-4215.64843750
-7251.84765625
-6749.56445312
-7080.00976562
-6563.54199219
-6621.87646484
-4275.98486328
-6622.58886719
-7271.98730469
-5849.23925781
-24262.41406250
-4280.10449219
-4273.88476562
-4267.46875000
-4224.59521484
-4214.80126953
-4213.35351562
-4181.33398438
-4200.97119141
-23407.28906250
-4231.54589844
-4191.58105469
-4183.05078125
-4188.58740234
-4170.52880859
-4153.38330078
-4189.42822266
-4109.52441406
-4287.54638672
-6169.97705078
-7061.05224609
-5708.38330078
-6556.73046875
-7315.97949219
-7382.35546875
-4092.47558594
-4063.35473633
-4030.62231445
-4042.68603516
-4032.00048828
-5670.33544922
-4042.79760742
-3987.43920898
-4018.12988281
-3992.03930664
-22384.61132812
-7810.02441406
-8219.79980469
-7862.13671875
-7796.13330078
-8148.21582031
-6647.23535156
-3909.14233398
-3878.41699219
-21760.39843750
-3829.92504883
-7975.84619141
-8296.44824219
-5457.09179688
-3774.92724609
-7162.03906250
-7600.84667969
-3710.39843750
-3679.00634766
-3744.66284180
-3683.08032227
-3648.61962891
-3619.65722656
-3650.18432617
-7454.90869141
-7971.94335938
-8400.16308594
-7546.19287109
-8302.90625000
-8694.30175781
-8457.32324219
-8327.65234375
-8246.96484375
-7479.53662109
-4248.18945312
-7575.19384766
-8460.94433594
-8351.77441406
-5333.09130859
-3604.34765625
-3605.35961914
-3641.72412109
-5153.50927734
-9155.30957031
-8180.30517578
-7971.53808594
-3720.94140625
-3786.29003906
-3709.05688477
-8356.47851562
-8711.77832031
-8513.89453125
-3756.69970703
-3908.13183594
-3779.50512695
-3812.17187500
-3844.44799805
-8244.78320312
-3838.16796875
-8608.17187500
-4558.92431641
-8418.99023438
-3879.48120117
-3891.01416016
-3858.72216797
-3919.70117188
-3910.90356445
-3882.79809570
-4062.20336914
-4071.91772461
-4001.19360352
-3950.02587891
-3964.60302734
-4078.70190430
-4084.09228516
-4036.14868164
-4097.62109375
-4124.89062500
-4164.99365234
-4236.85644531
-4216.32470703
-4263.13232422
-4321.10644531
-4322.76318359
-4302.89013672
-4326.53369141
-4345.09179688
-4392.14111328
-4436.98095703
-4413.03027344
-4599.95410156
-4460.17675781
-4457.93652344
-4519.97509766
-4544.63134766
-4639.21826172
-4761.96386719
-4831.32226562
-5022.88232422
-4965.47656250
-5004.15234375
-4749.57617188
-4601.61865234
-4477.49707031
-4335.33740234
-4421.79443359
-4632.60546875
-4443.19140625
-4655.29345703
-4533.82324219
-4444.27050781
-4560.49951172
-4738.94921875
-4905.24462891
-5264.37451172
-5018.27490234
-5152.12988281
-5312.92089844
-5448.05273438
-5347.71289062
-5234.10351562
-5387.28564453
-5310.01025391
-5392.33349609
-5314.41748047
-5303.68261719
-5716.12011719
-5611.03662109
-5526.24365234
-5862.95800781
-5851.88330078
-5686.95361328
-5791.73486328
-5729.51367188
-5543.75439453
-5720.47119141
-5866.88916016
-5827.28369141
-5621.86328125
-5489.01953125
-5409.15673828
-5458.46777344
-5911.75146484
-5974.98095703
-6084.40380859
-5957.81250000
-5575.09179688
-5413.01318359
-5428.37792969
-5913.38720703
-5786.58642578
-5991.12451172
-6305.06591797
-6238.53320312
-5847.48388672
-5735.38134766
-5690.06347656
-5824.50097656
-5973.33349609
-6069.25390625
-6256.60742188
-6385.09277344
-6458.61914062
-6369.38085938
-5960.59082031
-5859.56494141
-5302.23974609
-5434.61132812
-5434.45556641
-5561.15039062
-5523.11279297
-5139.66503906
-5011.82080078
-5042.93945312
-5248.54492188
-5542.16943359
-5693.35498047
-5693.14404297
-5406.99316406
-5557.93505859
-5177.13916016
-5369.46630859
-4947.04492188
-4716.41259766
-5295.71533203
-5332.37646484
-4834.48339844
-5055.44580078
-5649.21337891
-5720.93115234
-5798.51806641
-5731.28613281
-5816.35058594
-5230.51855469
-5047.09228516
-4875.90673828
-4715.89111328
-4796.66162109
-5011.62939453
-4404.09912109
-4284.11523438
-4200.53173828
-4158.96289062
-4283.90576172
-4474.54492188
-4534.67626953
-4878.64697266
-4729.05810547
-4304.15527344
-4331.53222656
-4298.23876953
-4318.85937500
-4347.51269531
-4545.05224609
-4270.11523438
-4312.82421875
-4667.29736328
-4757.05126953
-4057.53320312
-4209.73779297
-4762.28710938
-4432.56738281
-4318.94580078
-4731.56005859
-5565.20947266
-5433.78564453
-5665.35693359
-6224.28271484
-5856.57861328
-4144.16796875
-6219.66845703
-5486.26074219
-4861.31298828
-4671.70556641
-3881.36206055
-3841.22485352
-5072.74951172
-4100.02978516
-4574.61718750
-5036.38964844
-4542.87158203
-4587.02783203
-4986.11230469
-5455.78857422
-4639.29345703
-5208.63671875
-5025.48437500
-4909.43750000
-4811.99462891
-5346.88574219
-4717.00390625
-4883.05566406
-4854.21777344
-4692.67431641
-5053.21191406
-4692.23144531
-5130.19189453
-4619.12744141
-4906.92578125
-5298.83544922
-4660.92773438
-4889.35791016
-5006.53564453
-4804.91992188
-4676.89306641
-5312.39746094
-4577.24951172
-4465.28076172
-3745.81591797
-4738.09423828
-4348.90527344
-3769.51855469
-3923.31005859
-4376.41845703
-4112.79785156
-5469.71484375
-5606.92724609
-5358.57324219
-4542.74121094
-5534.39111328
-5020.70800781
-5152.99267578
-5454.93554688
-4535.71289062
-4718.66845703
-4244.63720703
-4645.88964844
-4045.28955078
-4292.69873047
-5313.51513672
-4985.95312500
-4633.95751953
-3812.22802734
-3998.31958008
-4154.53710938
-3840.43237305
-3760.65966797
-3957.60083008
-3961.31127930
-3914.14941406
-3686.57031250
-3648.10888672
-3612.34350586
-3644.23461914
-3634.92895508
-3665.40576172
-3616.30615234
-3610.05566406
-3635.81738281
-3587.66357422
-3608.21044922
-3529.31591797
-3577.30541992
-3553.37695312
-3506.88012695
-3494.97143555
-3455.85693359
-3488.28588867
-18741.39257812
-3489.55712891
-3482.88623047
-3427.72436523
-3480.48461914
-3390.46435547
-3414.77368164
-3717.06958008
-4003.00244141
-3723.38818359
-3530.16259766
-3520.47094727
-3447.33349609
-3438.16601562
-3429.64013672
-3418.97753906
-3500.11254883
-3632.42578125
-3466.81176758
-3536.17480469
-3377.18701172
-3347.77832031
-3410.57299805
-3364.63500977
-3353.98388672
-3418.41870117
-3379.53564453
-3377.08129883
-3371.40185547
-3469.92065430
-3400.18334961
-3375.77026367
-3304.95849609
-3294.15136719
-3312.70458984
-3310.89184570
-3280.23242188
-3303.30834961
-3336.07373047
-3255.47729492
-3248.99267578
-3265.48852539
-3242.74926758
-3275.06689453
-3275.43066406
-3332.12915039
-3247.13183594
-3321.61889648
-3227.24169922
-3287.61108398
-3298.54248047
-3288.69140625
-3348.53222656
-3195.90893555
-3139.37231445
-3218.01196289
-3137.00317383
-3251.12426758
-3199.77954102
-3170.56420898
-3079.49780273
-3018.35571289
-2989.53222656
-3000.91601562
-3052.38720703
-2996.82250977
-3000.18920898
-2997.02539062
-3045.05615234
-3017.16992188
-3033.54931641
-3063.14770508
-3064.18383789
-3032.47412109
-2996.63476562
-3029.57275391
-3012.58666992
-3037.35131836
-2983.72216797
-2967.33374023
-2953.37646484
-3002.68383789
-2966.22949219
-2878.83105469
-2975.23046875
-3006.42797852
-2848.57006836
-2857.31518555
-2842.27954102
-2778.46997070
-2753.77832031
-2707.71166992
-2675.06030273
-2656.25268555
-2638.99877930
-2597.69287109
-2584.34619141
-2705.06250000
-2655.41821289
-2519.09594727
-2548.33203125
-2475.93701172
-2531.25366211
-2576.73730469
-2671.69067383
-2610.34790039
-2731.09619141
-2588.09741211
-2755.43920898
-2528.86987305
-2411.34838867
-2507.01660156
-2569.48901367
-2610.26440430
-2464.40722656
-2442.95678711
-2433.39697266
-2541.76782227
-2753.06665039
-2784.63525391
-2685.22192383
-2666.96582031
-2476.47436523
-2568.61743164
-2735.99121094
-2660.86938477
-2546.55249023
-2705.15795898
-2678.99267578
-2550.08691406
-2596.95727539
-2618.17089844
-2553.58569336
-2586.76196289
-2609.99169922
-2621.90014648
-2628.98852539
-2682.46752930
-2562.20092773
-2593.81689453
-2450.49316406
-2352.93237305
-2400.21337891
-2835.86035156
-2691.89257812
-2886.16015625
-2339.34179688
-2756.74145508
-2940.99633789
-2196.66406250
-2501.67846680
-2836.11206055
-2355.55957031
-2747.90966797
-2479.35156250
-2856.09545898
-3061.36474609
-2649.25878906
-2826.09326172
-2808.86206055
-2983.93823242
-2972.43115234
-2811.06298828
-2803.90209961
-2743.36499023
-3208.04296875
-2881.42504883
-2851.63012695
-2477.54956055
-3225.74780273
-3179.64746094
-3248.36865234
-2763.91479492
-3212.01245117
-2994.46655273
-2991.68774414
-2808.66748047
-3073.47583008
-2925.10571289
-3406.60131836
-3633.00048828
-3549.69995117
-3526.68774414
-3484.82470703
-3562.69287109
-3004.92993164
-3099.53930664
-3535.07055664
-3782.18701172
-3751.29858398
-3764.57861328
-3411.35302734
-3123.00048828
-3734.84179688
-3160.28173828
-3550.73559570
-4623.31640625
-3178.61694336
-3444.06030273
-3810.63916016
-3576.26416016
-3380.88476562
-3498.83398438
-3779.41235352
-3660.31494141
-3516.20971680
-3641.48583984
-4254.07958984
-3539.82299805
-3728.15966797
-3780.36474609
-3852.55249023
-4756.30517578
-5117.86816406
-5025.93750000
-3482.04931641
-3337.08471680
-3496.65698242
-5881.00341797
-3835.70239258
-4228.79931641
-4726.98339844
-3855.77465820
-4140.16455078
-4209.75048828
-5281.91015625
-5553.33837891
-4847.27880859
-4456.38574219
-5517.47070312
-3791.51318359
-4508.98730469
-6557.82861328
-3785.26049805
-6933.67968750
-3386.84399414
-3274.01513672
-3279.36035156
-6075.98681641
-3344.63354492
-4191.33349609
-5398.44384766
-5135.38916016
-5007.68945312
-5034.82031250
-5107.57812500
-4913.61132812
-5322.96337891
-5128.41210938
-4846.59375000
-5496.53271484
-5359.52685547
-4760.46582031
-5208.07763672
-5521.80126953
-4603.60839844
-4871.43359375
-4969.07324219
-5560.47802734
-4877.90820312
-4895.37353516
-4886.89404297
-5961.77978516
-4714.05029297
-5267.73486328
-4593.48632812
-4446.10058594
-4421.14599609
-4354.04589844
-4303.24804688
-4248.67578125
-4179.38037109
-4194.16552734
-4109.61328125
-3725.73144531
-5597.34326172
-5624.22558594
-4046.38427734
-3396.24365234
-4917.61621094
-6259.78466797
-6129.77880859
-3999.80957031
-7099.28515625
-3569.59863281
-4012.46093750
-3447.89868164
-5621.06640625
-5159.49902344
-5696.04248047
-3864.60864258
-5428.53515625
-7179.89501953
-3863.22753906
-3866.57934570
-4690.71044922
-4213.39355469
-4458.93701172
-5008.48974609
-4778.62109375
-5253.75878906
-5087.91064453
-5750.16210938
-6343.77636719
-6314.80566406
-5488.20605469
-3869.71923828
-6040.76611328
-4647.42480469
-4187.27490234
-4728.94921875
-5023.46044922
-5307.80419922
-4970.23925781
-4960.09033203
-4680.87060547
-4652.13574219
-3909.92431641
-4529.20556641
-4390.35498047
-3949.50781250
-5160.07519531
-3974.21215820
-3994.36987305
-3975.96826172
-4277.79199219
-4260.12646484
-3974.85644531
-3992.18383789
-3998.03710938
-3981.27929688
-3953.79736328
-3970.52319336
-5414.60693359
-3999.79809570
-4018.02050781
-4070.49096680
-4071.16699219
-4040.54785156
-4561.64843750
-4331.38671875
-4027.53564453
-4048.89990234
-4285.16748047
-3917.69604492
-4806.98144531
-3843.83349609
-4037.79467773
-3834.41601562
-4062.01660156
-4953.83349609
-5095.47705078
-4056.60839844
-3869.16381836
-4608.07373047
-4090.36816406
-5023.17138672
-3919.52612305
-4831.89648438
-3722.97509766
-3989.74902344
-5056.64355469
-5010.55566406
-4045.37768555
-4921.60302734
-5875.92822266
-3624.25048828
-4871.69433594
-3484.77172852
-3488.19433594
-4629.57714844
-4277.67822266
-4624.24121094
-3963.94165039
-5117.42578125
-4015.76684570
-6090.38623047
-3703.65478516
-4416.06201172
-5838.53027344
-5434.09863281
-5967.55468750
-4535.87451172
-5269.15966797
-3689.16040039
-3680.20312500
-3667.52880859
-3619.89233398
-3610.02832031
-3697.17114258
-3669.42211914
-3604.40063477
-3617.64306641
-3637.88330078
-3619.92626953
-3671.81567383
-3660.26513672
-4109.65087891
-3647.97070312
-3623.39916992
-3634.46215820
-3607.42724609
-4166.07714844
-3617.05957031
-3617.97802734
-4119.43457031
-3610.70825195
-3609.02465820
-4761.35253906
-3617.05908203
-3650.51513672
-3621.96826172
-3588.06396484
-3551.40747070
-3620.84399414
-3634.49023438
-3617.44458008
-4304.74072266
-3640.57958984
-3642.80053711
-3583.18798828
-3608.27563477
-3583.89428711
-3556.77441406
-3576.36206055
-3567.26733398
-3570.02221680
-3527.33935547
-3520.48608398
-3523.19604492
-3280.30224609
-3503.84863281
-3502.48315430
-3489.64160156
-3493.13598633
-3523.83569336
-3511.89233398
-3519.63842773
-3526.00244141
-3501.32910156
-3532.72753906
-3603.71630859
-3491.11181641
-3521.66943359
-3546.73535156
-3563.31640625
-3547.99365234
-3578.50268555
-3495.43164062
-3514.69262695
-3558.17236328
-3636.03735352
-3499.72656250
-3672.68554688
-3533.41479492
-3806.48364258
-3752.27197266
-3709.43920898
-3605.04980469
-3838.33276367
-3868.05078125
-3793.12597656
-3872.78662109
-3565.07788086
-4026.79907227
-3896.04980469
-4011.28466797
-4090.70556641
-4113.70019531
-3684.95507812
-4053.19897461
-3911.77392578
-4110.47070312
-17507.88671875
-12471.72363281
-3725.44995117
-4396.78759766
-3671.92724609
-3733.81469727
-13927.32910156
-3862.84643555
-4109.93457031
-4103.50634766
-4510.04248047
-4384.06787109
-4572.89501953
-4138.46484375
-4532.55712891
-4316.02490234
-4554.97314453
-4634.18261719
-4550.89160156
-4582.30322266
-4812.55126953
-5186.56103516
-4740.82080078
-5521.00244141
-4104.67871094
-5663.44482422
-4738.34228516
-5124.19482422
-5694.93554688
-3743.39208984
-4553.42773438
-5697.91894531
-4703.78027344
-4228.66162109
-5621.71582031
-5301.33154297
-3768.35864258
-4116.78369141
-5070.20263672
-6779.67089844
-5298.42187500
-5990.62353516
-6138.39697266
-5532.87695312
-6122.36865234
-3499.94458008
-5437.97705078
-6469.51708984
-5928.31884766
-5080.44921875
-3449.61547852
-5991.60693359
-4240.58349609
-4949.49414062
-4886.51269531
-6586.28271484
-4741.73339844
-5227.94677734
-6519.29248047
-6555.59521484
-6105.91357422
-5727.89355469
-5036.27294922
-6033.96093750
-6224.94238281
-5831.50341797
-6193.26074219
-5509.21044922
-6198.57226562
-5865.95849609
-5234.89648438
-4855.43701172
-5539.30957031
-5941.08544922
-6813.62988281
-6667.41015625
-6069.46289062
-6687.90234375
-5321.04492188
-6571.75732422
-7001.63378906
-6157.30664062
-6903.16601562
-6226.98535156
-6329.02343750
-6972.92089844
-5828.28271484
-6681.04931641
-5167.61669922
-6359.75439453
-6753.40478516
-6575.75634766
-6599.83740234
-6606.21289062
-5677.48681641
-6524.53271484
-5449.32617188
-6241.86181641
-6404.11767578
-6574.06494141
-6061.56542969
-6540.79589844
-6495.47265625
-6039.22070312
-5889.68457031
-5957.37646484
-6061.55957031
-6219.68798828
-6238.99853516
-6404.79443359
-6394.58593750
-6337.10351562
-6418.91210938
-6305.38183594
-5856.56445312
-6511.73486328
-5512.06298828
-6153.19238281
-5729.97167969
-6749.62011719
-6668.62597656
-6375.54541016
-5292.05224609
-6387.40332031
-6563.09521484
-5983.02685547
-6629.53417969
-6239.84082031
-6147.62255859
-5779.16162109
-5854.78271484
-5831.94775391
-6486.92529297
-6494.29687500
-5869.27343750
-5312.86914062
-6412.90576172
-5962.66601562
-6642.06640625
-6553.91308594
-6526.23876953
-6452.57031250
-5254.99121094
-6627.16455078
-5150.76660156
-5602.55615234
-5190.63818359
-5408.47167969
-6572.12744141
-5859.94091797
-6130.10791016
-5308.46191406
-5241.77197266
-5637.50146484
-5219.06835938
-6117.53125000
-6144.26904297
-5269.31201172
-5696.54199219
-5392.82617188
-5689.58544922
-5572.88574219
-5540.94726562
-5737.34033203
-5556.75292969
-5663.14843750
-5472.87792969
-5564.72851562
-5563.85888672
-5723.00976562
-5656.11523438
-5647.61279297
-5733.64501953
-5665.29736328
-5346.74169922
-5457.58935547
-5468.63720703
-5511.06298828
-5586.88720703
-6074.80224609
-6129.49511719
-5384.00878906
-6356.85693359
-5480.95019531
-5475.53417969
-6026.30566406
-5597.80908203
-56490.43359375
-5204.76318359
-5155.02392578
-5152.21923828
-5227.69873047
-5228.72167969
-5151.50927734
-5191.68652344
-5179.49951172
-5207.39990234
-5194.57128906
-5122.06201172
-5195.23925781
-5194.45410156
-5184.01708984
-5549.46923828
-5754.79736328
-5307.08593750
-5572.90087891
-5308.84960938
-5779.49072266
-5281.87939453
-6250.06152344
-6064.11181641
-6373.48242188
-6016.95312500
-6161.29833984
-6289.97900391
-5639.88574219
-5499.48339844
-5044.72021484
-5429.62402344
-4894.56982422
-4855.87158203
-4853.08203125
-4817.97314453
-4798.22460938
-4805.08496094
-4785.26806641
-4851.45947266
-4782.62304688
-4777.16845703
-4724.45898438
-4729.44384766
-4726.38671875
-4736.68115234
-4823.89941406
-4791.34521484
-4703.50048828
-4737.22265625
-4807.99414062
-4816.98144531
-4739.22363281
-4701.16113281
-4572.56640625
-4491.38964844
-4466.73730469
-4422.87792969
-4392.84375000
-4454.96679688
-4462.86669922
-4363.03662109
-4460.78955078
-4467.94238281
-4346.17480469
-4369.64794922
-4343.63574219
-4348.16357422
-4359.31445312
-5243.74462891
-5160.50830078
-4401.34667969
-4331.78173828
-4277.15185547
-4336.60156250
-4266.61230469
-4433.29882812
-4395.91308594
-4486.09570312
-4395.17773438
-4500.48535156
-4350.61132812
-4439.27832031
-4394.90234375
-4510.09277344
-4305.09521484
-4541.90234375
-4328.10498047
-4540.32910156
-4503.02929688
-4533.95800781
-4493.34179688
-4457.29443359
-4337.23974609
-4365.84033203
-4472.98681641
-4324.28173828
-4575.36914062
-4658.27880859
-4500.35449219
-4380.79931641
-4300.29003906
-4458.68359375
-4426.97167969
-4304.60253906
-4336.95507812
-4521.72949219
-4489.44775391
-4269.64746094
-4377.25488281
-4328.40527344
-4337.81689453
-4056.79272461
-4256.45947266
-4504.70605469
-4518.56347656
-4405.97167969
-4303.61621094
-4226.55859375
-3988.88403320
-4385.45996094
-4472.88134766
-4232.94433594
-4484.38671875
-4406.24902344
-4447.25927734
-4294.82031250
-4468.47509766
-4286.34960938
-4303.78808594
-4495.75390625
-4211.31787109
-4183.45898438
-4527.51953125
-4178.32812500
-4569.76611328
-4547.92773438
-4258.10449219
-4393.74072266
-3947.39819336
-4192.51806641
-4504.56689453
-3880.40966797
-4141.71679688
-4055.22656250
-3721.35839844
-4184.33593750
-3894.13232422
-5478.63623047
-8715.84277344
-4844.50244141
-4701.52832031
-4632.92578125
-4155.45751953
-4506.03369141
-4532.00585938
-4364.24755859
-3852.73632812
-4103.66894531
-4421.08007812
-3889.61914062
-4271.70996094
-4228.78320312
-4336.67675781
-4376.49755859
-4381.87158203
-4133.83984375
-4179.78125000
-4029.08227539
-3932.51684570
-4582.99853516
-4138.08398438
-4557.64697266
-4338.43212891
-4257.44873047
-4062.02978516
-4500.31494141
-4477.06250000
-4539.74560547
-4539.62890625
-4445.00927734
-4519.74023438
-4085.80297852
-4410.29931641
-4608.05957031
-4058.98339844
-4073.16870117
-4174.54003906
-4445.84814453
-4408.27246094
-4375.95703125
-4324.14892578
-4321.21484375
-4738.91015625
-4474.53906250
-5039.44873047
-5663.71386719
-3989.26318359
-4114.80371094
-4454.52343750
-3868.84619141
-101577.20312500
-4152.55957031
-4121.21630859
