-7.22659349
-8.70514393
-2.69014955
-9.86038399
-12.78401947
-15.69228458
-9.94486523
-12.34028053
-12.25032616
-11.10793877
-5.96257639
-6.65627098
-17.69526863
-23.29339790
-20.84591675
-10.47516823
-16.68104172
-37.77111816
-30.07595825
-39.36138535
-24.63136673
-23.07808876
-14.74865818
-17.12428474
-30.18735886
-49.59447479
-21.93087769
-7.96078014
-34.94232559
-24.44511032
-67.51823425
-38.25931549
-35.25693512
-39.87973404
-42.53245926
-47.54186249
-39.37710571
-32.63219833
-34.52453613
-54.16440582
-50.45532990
-56.12563324
-75.59556580
-31.36545944
-57.98104477
-39.72231674
-31.14160347
-46.24869156
-47.18476105
-66.41373444
-51.22005844
-88.93642426
-56.88581848
-93.32107544
-46.44786835
-53.96208572
-85.95037079
-72.71244049
-81.63320160
-72.27788544
-85.71038055
-79.24526978
-37.50677109
-81.19564056
-88.75410461
-124.50498962
-82.71302795
-77.85689545
-87.30237579
-127.90605164
-116.29036713
-76.63426971
-139.02130127
-139.07743835
-129.46061707
-135.30053711
-91.21465302
-142.11602783
-131.18089294
-111.12928772
-127.58525085
-100.05293274
-130.36845398
-106.36743927
-121.84362030
-168.01336670
-113.48655701
-170.78845215
-133.62982178
-118.75239563
-127.03909302
-118.04736328
-120.77915955
-128.46217346
-170.47114563
-137.00225830
-136.90534973
-137.33618164
-144.65745544
-141.74975586
-123.19387054
-125.27767181
-131.93734741
-151.75027466
-137.35632324
-137.07089233
-141.65679932
-142.89601135
-165.05607605
-151.42359924
-154.89886475
-152.04541016
-167.66801453
-161.38702393
-134.97840881
-181.16955566
-180.80477905
-105.82520294
-142.67590332
-140.71136475
-182.19668579
-129.95669556
-155.83204651
-154.39485168
-189.07278442
-148.46629333
-197.90499878
-152.69319153
-145.03158569
-154.77900696
-95.68542480
-181.57949829
-161.79591370
-158.29548645
-172.07179260
-165.21917725
-194.16554260
-213.63256836
-212.79377747
-158.53352356
-167.62403870
-202.39518738
-157.73641968
-179.47692871
-164.98332214
-113.48235321
-132.02824402
-132.24185181
-108.44631958
-160.83131409
-164.99493408
-200.43127441
-165.75053406
-113.56610107
-103.20928955
-196.89050293
-175.77044678
-204.10998535
-184.39259338
-173.30870056
-163.54985046
-202.07290649
-166.43255615
-131.67495728
-166.53895569
-207.70718384
-208.94348145
-207.23902893
-181.00062561
-207.71142578
-211.17042542
-131.23355103
-154.73614502
-219.32759094
-227.54644775
-218.75588989
-278.69927979
-196.00923157
-224.09248352
-252.44888306
-173.94483948
-237.19987488
-230.34596252
-206.28416443
-196.34851074
-252.78367615
-174.53564453
-193.91946411
-147.79127502
-264.86260986
-171.51248169
-170.81816101
-272.29953003
-207.66539001
-200.22727966
-229.13333130
-277.18554688
-278.45568848
-200.08993530
-280.94354248
-281.94808960
-256.39669800
-278.15896606
-258.17349243
-140.14790344
-284.64437866
-147.22428894
-285.09396362
-223.81660461
-289.76626587
-229.22721863
-285.25991821
-217.27294922
-176.58235168
-160.29740906
-254.07496643
-176.41415405
-281.51550293
-290.63943481
-284.07809448
-190.36524963
-233.55680847
-216.62307739
-240.70942688
-198.16200256
-315.20785522
-208.98736572
-288.87512207
-214.60823059
-326.30593872
-302.28787231
-271.73068237
-275.02191162
-315.30264282
-282.97427368
-274.26629639
-247.98121643
-300.62377930
-298.14450073
-318.27478027
-301.73410034
-198.68249512
-215.47373962
-260.13739014
-305.13549805
-245.75860596
-322.18191528
-282.71826172
-209.33485413
-222.13111877
-329.57998657
-322.38586426
-294.75155640
-280.04040527
-301.59179688
-335.60989380
-342.52947998
-300.31912231
-266.24661255
-269.80142212
-280.57620239
-263.44235229
-236.62258911
-269.01077271
-287.48718262
-225.26866150
-258.59234619
-290.33053589
-245.27819824
-282.86544800
-290.18414307
-248.80397034
-287.82870483
-259.85592651
-304.14544678
-306.56469727
-303.36459351
-302.10882568
-314.85885620
-298.69845581
-263.05957031
-270.13262939
-284.09057617
-308.27685547
-303.02838135
-261.51446533
-248.71450806
-329.25091553
-335.12448120
-336.89254761
-312.58297729
-262.48706055
-256.59323120
-271.57824707
-252.78312683
-258.48254395
-277.30712891
-278.34512329
-332.52301025
-327.02847290
-293.07690430
-344.91772461
-322.99185181
-346.88858032
-278.48980713
-319.51608276
-357.62622070
-278.94366455
-267.56765747
-300.02502441
-313.16854858
-358.78314209
-354.85360718
-257.19241333
-270.54013062
-279.70697021
-324.49948120
-335.19924927
-284.70263672
-291.46765137
-375.23043823
-359.46752930
-377.18850708
-353.90740967
-298.78146362
-299.97863770
-282.55691528
-284.70196533
-301.63058472
-344.90414429
-261.35562134
-286.62475586
-366.97949219
-298.20111084
-284.17767334
-300.10174561
-349.30520630
-364.38479614
-287.63830566
-310.14248657
-309.34130859
-351.90606689
-356.88311768
-349.65942383
-391.01037598
-311.00003052
-357.58862305
-356.83840942
-354.57495117
-354.09451294
-327.02890015
-353.96499634
-315.66375732
-424.37673950
-313.48812866
-363.76055908
-357.07650757
-316.79196167
-324.33197021
-314.78924561
-341.87506104
-314.82897949
-331.52743530
-383.57644653
-321.34420776
-320.87603760
-321.03475952
-334.51211548
-373.29028320
-342.79656982
-368.85824585
-327.29190063
-340.80776978
-404.76675415
-402.41345215
-329.03277588
-358.86935425
-328.33477783
-397.63534546
-390.55841064
-410.75161743
-404.58428955
-415.20422363
-354.57785034
-388.76876831
-373.82080078
-368.98074341
-365.90307617
-403.53067017
-421.08615112
-343.38854980
-334.46331787
-392.33914185
-370.21826172
-390.45828247
-352.65393066
-345.76678467
-387.58648682
-374.58331299
-406.18768311
-395.72055054
-399.65670776
-401.65539551
-376.91314697
-384.83938599
-324.84851074
-334.19201660
-359.26840210
-363.24114990
-382.96868896
-344.77865601
-356.27938843
-371.92691040
-420.18231201
-410.20440674
-393.81927490
-360.29699707
-388.89550781
-356.22000122
-374.27343750
-375.73699951
-362.75921631
-378.47937012
-365.15856934
-383.25881958
-408.40664673
-367.23031616
-385.61862183
-404.70516968
-380.89645386
-370.69735718
-369.79495239
-389.81845093
-381.20748901
-407.33947754
-368.08956909
-387.73733521
-332.77630615
-345.69448853
-356.11267090
-372.12371826
-370.46920776
-373.53311157
-393.32931519
-432.77789307
-291.17462158
-438.96258545
-409.12603760
-404.93832397
-353.39526367
-368.97976685
-393.72476196
-390.98669434
-379.99334717
-386.78424072
-347.07583618
-421.74981689
-311.97695923
-396.56439209
-402.50805664
-435.26940918
-435.91137695
-397.18777466
-453.82272339
-426.73400879
-395.77990723
-406.37066650
-443.28250122
-355.61660767
-353.81539917
-420.87515259
-391.43389893
-427.76895142
-400.49349976
-405.80377197
-428.61776733
-410.69134521
-434.79061890
-342.41946411
-403.80944824
-370.95718384
-408.75082397
-397.07034302
-460.38586426
-363.31481934
-434.24377441
-391.66693115
-401.65029907
-404.10079956
-399.02636719
-410.86523438
-409.31497192
-379.13388062
-444.18051147
-443.58413696
-379.32565308
-462.07855225
-405.76843262
-442.68734741
-362.65496826
-414.29327393
-336.87304688
-411.50888062
-400.43899536
-342.65979004
-368.68719482
-413.17904663
-420.72955322
-475.97055054
-378.76870728
-405.80010986
-392.44696045
-447.69430542
-467.05700684
-363.05877686
-481.70330811
-402.10534668
-409.34313965
-391.83670044
-453.63534546
-470.62103271
-439.27017212
-438.64157104
-404.03134155
-453.27590942
-402.79110718
-455.21905518
-381.64898682
-447.45489502
-419.08599854
-440.41073608
-477.57537842
-449.43435669
-418.49356079
-402.67221069
-450.71984863
-387.68341064
-475.12100220
-435.40982056
-398.02392578
-427.86608887
-458.03503418
-334.70056152
-383.15618896
-414.07397461
-416.96829224
-493.11276245
-403.16928101
-463.81402588
-424.68884277
-460.53533936
-478.73071289
-466.63006592
-494.24618530
-428.15371704
-479.93884277
-435.87268066
-439.98849487
-483.05429077
-459.85891724
-488.02487183
-466.71978760
-485.64245605
-459.47906494
-483.16714478
-410.00531006
-423.91448975
-489.31582642
-470.98361206
-476.17593384
-434.76629639
-441.36984253
-414.66952515
-487.35546875
-488.84652710
-404.32479858
-473.10937500
-503.26312256
-454.01660156
-490.06585693
-494.90423584
-454.15954590
-493.49276733
-401.26766968
-400.01336670
-365.67114258
-416.03414917
-494.17581177
-492.78256226
-423.94726562
-450.02169800
-426.80917358
-476.41207886
-516.48046875
-462.74349976
-406.27258301
-471.64062500
-469.05801392
-506.54467773
-446.44787598
-447.11160278
-495.25613403
-450.19720459
-444.56503296
-437.80148315
-423.19076538
-503.93188477
-425.03256226
-460.87799072
-506.90368652
-422.23519897
-438.08444214
-500.78488159
-504.25155640
-505.99148560
-457.68081665
-506.09735107
-409.33944702
-509.26895142
-457.98703003
-512.65344238
-427.12292480
-501.40335083
-510.01129150
-448.20272827
-515.34875488
-411.47497559
-531.57513428
-509.17465210
-481.60580444
-505.13781738
-523.65405273
-488.76416016
-487.13784790
-519.71722412
-439.38409424
-492.58862305
-496.11721802
-508.60589600
-516.44714355
-484.41482544
-543.21508789
-424.73922729
-496.59939575
-492.33663940
-547.82110596
-545.40905762
-519.31854248
-492.31762695
-533.18603516
-500.58612061
-495.72644043
-515.24688721
-518.11346436
-507.79541016
-516.43743896
-473.54199219
-458.41235352
-530.02294922
-425.42456055
-537.03607178
-520.74230957
-481.02731323
-479.03485107
-527.94873047
-532.79418945
-458.04476929
-547.78515625
-543.45172119
-538.71954346
-549.61413574
-536.06640625
-445.02896118
-447.95755005
-478.02493286
-549.99877930
-545.63360596
-432.92684937
-534.76013184
-563.46612549
-550.45452881
-470.46081543
-551.33166504
-510.50527954
-471.53677368
-521.65368652
-550.32446289
-477.72958374
-541.02258301
-551.06591797
-505.94799805
-551.12994385
-558.83666992
-490.43743896
-487.23812866
-475.48519897
-529.29394531
-543.93829346
-475.64685059
-517.29980469
-520.04962158
-545.47717285
-551.15350342
-549.21392822
-474.08761597
-486.81384277
-504.32901001
-551.59545898
-541.07208252
-493.85424805
-478.21298218
-482.09909058
-482.82540894
-516.51086426
-509.82574463
-488.12719727
-505.36022949
-472.96133423
-484.03213501
-551.73852539
-549.37225342
-500.22344971
-458.71871948
-479.87850952
-548.21423340
-542.72613525
-503.55407715
-556.23791504
-494.89743042
-482.13922119
-520.26361084
-481.13171387
-533.49029541
-567.39123535
-517.86212158
-533.30059814
-557.17138672
-506.18890381
-526.98181152
-441.77569580
-496.62805176
-435.31985474
-477.71929932
-439.47155762
-430.24603271
-564.19940186
-448.97766113
-456.41079712
-443.39932251
-502.94119263
-471.28704834
-493.81591797
-503.77804565
-516.86926270
-460.31448364
-579.66125488
-488.17855835
-562.94323730
-511.11416626
-502.81979370
-538.24353027
-504.98315430
-553.96673584
-488.50308228
-525.55706787
-517.25360107
-525.23858643
-461.19641113
-502.30386353
-508.97406006
-520.32366943
-545.05432129
-499.34338379
-501.52502441
-522.57879639
-507.28280640
-548.41363525
-504.12210083
-518.49383545
-521.36511230
-509.34384155
-574.88568115
-434.48736572
-499.94726562
-591.82153320
-461.44445801
-529.12042236
-464.77612305
-492.00765991
-505.29666138
-525.47106934
-504.82681274
-562.94049072
-508.23281860
-568.89080811
-544.22387695
-548.73455811
-527.92694092
-532.59240723
-577.00091553
-581.60632324
-518.21429443
-589.91973877
-513.61608887
-504.79635620
-469.87185669
-515.01330566
-482.30541992
-576.22711182
-515.62689209
-588.04187012
-517.05847168
-472.90374756
-561.11407471
-549.70831299
-555.04620361
-517.12902832
-522.85418701
-470.50466919
-563.16027832
-554.83111572
-563.65264893
-546.53277588
-530.76031494
-523.21319580
-525.44500732
-525.44989014
-480.26953125
-531.33856201
-593.41247559
-581.93310547
-535.13323975
-505.97875977
-560.99053955
-558.99963379
-592.81994629
-589.94152832
-533.89843750
-540.45269775
-570.51422119
-550.93780518
-549.70501709
-503.30346680
-578.36212158
-476.36233521
-581.72790527
-573.49975586
-544.42431641
-538.17529297
-536.64202881
-544.82946777
-564.29919434
-473.79962158
-469.59786987
-489.03662109
-578.10406494
-475.97525024
-549.66210938
-568.07812500
-508.86706543
-549.89196777
-554.81628418
-528.99963379
-560.81976318
-475.17550659
-528.85681152
-469.67520142
-569.01110840
-556.02026367
-574.83782959
-561.79089355
-562.10021973
-565.55316162
-561.73944092
-571.74523926
-572.84851074
-564.25842285
-564.79095459
-566.74627686
-564.15118408
-526.18548584
-565.44677734
-568.46569824
-725.05505371
-553.34136963
-554.66949463
-720.00451660
-594.97503662
-529.96881104
-472.15618896
-567.69940186
-534.52423096
-496.29940796
-508.56689453
-549.46313477
-603.74993896
-533.95336914
-508.32626343
-507.12686157
-575.25921631
-688.92480469
-525.85638428
-525.59790039
-601.70568848
-487.44253540
-617.23937988
-666.36309814
-586.52026367
-516.07049561
-677.38592529
-487.59921265
-577.63964844
-595.99822998
-607.51635742
-561.48693848
-459.82522583
-539.63092041
-528.78088379
-511.12155151
-595.83850098
-554.68566895
-532.44561768
-579.93597412
-513.49841309
-545.70733643
-599.79504395
-573.22412109
-602.88201904
-580.24212646
-582.21685791
-590.99731445
-506.61370850
-588.46020508
-591.24444580
-569.60437012
-478.02084351
-527.66723633
-586.91662598
-599.30859375
-538.99835205
-587.51940918
-555.97076416
-514.71337891
-581.28070068
-579.18048096
-587.12805176
-592.64263916
-565.18664551
-555.33343506
-599.91619873
-543.04608154
-542.13299561
-594.77508545
-537.48474121
-530.64294434
-578.05285645
-612.95281982
-611.78472900
-563.77349854
-500.14181519
-522.64123535
-602.91680908
-553.98840332
-575.24261475
-594.32904053
-525.78869629
-600.18719482
-614.43182373
-596.92071533
-512.81201172
-591.07904053
-558.84906006
-595.29730225
-516.56610107
-591.39160156
-538.79046631
-564.47705078
-597.27105713
-620.14050293
-536.42871094
-535.55981445
-522.86871338
-536.62060547
-556.86804199
-621.18243408
-535.67724609
-591.84545898
-594.13018799
-548.90899658
-593.18725586
-499.43453979
-540.43835449
-533.95928955
-595.17102051
-604.23675537
-542.84692383
-603.45233154
-602.90643311
-627.86236572
-600.77050781
-528.67565918
-547.74768066
-551.60729980
-587.45648193
-589.28460693
-524.14093018
-607.03234863
-567.84930420
-527.66998291
-561.92309570
-556.63879395
-599.35900879
-592.85400391
-527.95379639
-607.08398438
-602.17016602
-534.61383057
-541.73858643
-574.24530029
-582.16259766
-542.69891357
-519.05804443
-593.68725586
-565.69042969
-614.70397949
-560.46649170
-610.90734863
-585.72937012
-551.91558838
-634.69494629
-556.33557129
-610.17260742
-574.57769775
-583.92572021
-565.41162109
-563.52178955
-634.89410400
-550.41632080
-630.40570068
-634.38055420
-619.48852539
-575.73229980
-560.69744873
-541.89135742
-573.00152588
-551.48944092
-622.76257324
-626.50866699
-619.98370361
-610.89562988
-587.31671143
-571.92559814
-622.26611328
-534.39184570
-564.69818115
-631.80761719
-596.70391846
-590.53924561
-588.76800537
-577.64721680
-614.70446777
-592.18426514
-583.61737061
-561.20989990
-558.56628418
-628.39062500
-579.27386475
-541.87188721
-612.67315674
-620.14141846
-587.62603760
-568.34301758
-618.92364502
-609.78155518
-530.74505615
-571.32183838
-586.46795654
-598.54901123
-598.91540527
-496.72586060
-532.31518555
-636.55120850
-653.87518311
-610.81237793
-595.06591797
-531.37115479
-590.04241943
-561.03717041
-624.47119141
-591.23046875
-646.67901611
-601.74713135
-589.30841064
-599.69860840
-579.88488770
-628.30072021
-647.03552246
-592.00323486
-645.07336426
-641.14758301
-571.18432617
-599.27191162
-598.60668945
-633.45727539
-585.37170410
-634.20220947
-635.24523926
-643.11785889
-547.71582031
-566.98083496
-559.54174805
-551.79907227
-529.82623291
-634.39569092
-607.88470459
-553.39880371
-653.70513916
-561.66192627
-598.45220947
-631.22882080
-634.94091797
-601.11285400
-590.77032471
-622.63867188
-551.46514893
-629.72235107
-611.07006836
-546.34863281
-558.62164307
-548.02197266
-649.49792480
-588.57214355
-609.33697510
-600.71417236
-643.87823486
-662.48553467
-600.67761230
-559.44506836
-635.89208984
-640.55212402
-584.70556641
-642.61639404
-520.70410156
-582.94750977
-529.35168457
-638.87292480
-539.85528564
-518.58361816
-658.89849854
-559.49444580
-658.18438721
-640.70074463
-602.27020264
-672.51953125
-641.08343506
-646.26739502
-589.15997314
-650.69592285
-556.02679443
-651.43621826
-652.84118652
-648.80053711
-593.22204590
-654.40136719
-527.75299072
-583.12780762
-646.62243652
-614.06811523
-605.70788574
-538.07940674
-638.57250977
-547.15484619
-609.16479492
-653.38818359
-679.38800049
-564.87170410
-681.95544434
-655.57366943
-550.74523926
-654.42584229
-607.98065186
-676.60577393
-641.48052979
-638.77435303
-513.27142334
-606.52929688
-654.50476074
-659.30920410
-615.48657227
-683.65417480
-580.93139648
-670.40570068
-577.20800781
-636.04339600
-648.33264160
-529.47271729
-587.75451660
-660.32879639
-682.99505615
-612.93164062
-602.02935791
-671.72485352
-518.01495361
-630.66009521
-641.54028320
-647.61486816
-545.68347168
-612.68432617
-662.39929199
-668.29974365
-651.23333740
-651.03546143
-592.18646240
-665.35516357
-663.95776367
-580.48028564
-651.40960693
-644.72790527
-668.29571533
-611.34973145
-581.65496826
-622.44372559
-663.35137939
-618.60479736
-666.38885498
-567.01104736
-649.18280029
-641.64978027
-664.79705811
-661.42749023
-682.82104492
-627.00640869
-665.19177246
-689.04766846
-654.49237061
-682.21929932
-664.12182617
-659.41662598
-643.81628418
-579.45373535
-473.78747559
-665.20562744
-667.31134033
-665.11407471
-666.75250244
-694.60266113
-694.96417236
-667.12396240
-617.35296631
-552.32653809
-605.44665527
-654.40570068
-673.98730469
-607.78247070
-696.61145020
-668.95611572
-638.81402588
-606.15673828
-628.52941895
-636.69641113
-661.18023682
-681.70147705
-692.62921143
-535.80615234
-669.64483643
-671.95220947
-674.26733398
-566.17150879
-625.98913574
-561.94158936
-573.02020264
-567.25366211
-556.63220215
-605.00213623
-681.79144287
-543.60845947
-661.59594727
-538.48736572
-656.92883301
-690.51696777
-662.75964355
-647.03759766
-670.59460449
-660.06030273
-559.75042725
-655.29138184
-689.04870605
-522.04974365
-547.60089111
-674.41894531
-616.08135986
-611.68615723
-661.40447998
-671.17718506
-690.29333496
-635.66467285
-689.08538818
-573.27014160
-696.63989258
-665.32592773
-676.89251709
-577.80914307
-538.16418457
-688.92614746
-560.66363525
-604.27447510
-694.37329102
-530.59613037
-683.51898193
-545.98901367
-672.10217285
-514.22595215
-685.42895508
-522.56292725
-576.72491455
-532.55096436
-643.69165039
-674.38623047
-687.48339844
-688.14910889
-680.27716064
-558.51599121
-603.53680420
-644.51245117
-514.89843750
-597.67279053
-666.84954834
-684.50494385
-682.64001465
-683.15972900
-680.26861572
-572.83496094
-697.41839600
-701.09448242
-679.97503662
-696.98559570
-679.69946289
-585.60070801
-533.09570312
-709.76580811
-703.16717529
-683.05993652
-590.55657959
-625.17480469
-522.62420654
-555.00872803
-642.81719971
-569.34405518
-708.48901367
-636.66979980
-708.23046875
-692.85522461
-627.80859375
-705.46051025
-700.86706543
-679.29840088
-563.31195068
-679.69927979
-684.18090820
-561.49053955
-564.07940674
-700.81909180
-675.96716309
-524.93688965
-668.49316406
-692.47888184
-533.45581055
-703.03021240
-687.43273926
-690.66448975
-666.80633545
-641.36358643
-637.88226318
-598.10583496
-698.56341553
-561.93884277
-565.27478027
-581.09899902
-703.47125244
-701.15948486
-700.56481934
-580.27099609
-706.27203369
-703.42016602
-595.01562500
-681.35998535
-682.82055664
-702.59674072
-649.36883545
-615.44378662
-699.17565918
-678.88555908
-546.77655029
-630.14984131
-671.11236572
-703.37414551
-682.05743408
-701.95587158
-697.73065186
-684.35589600
-571.67974854
-682.53436279
-719.56823730
-664.62109375
-535.23022461
-576.87915039
-684.83618164
-683.16375732
-684.29241943
-691.47558594
-642.94281006
-534.92608643
-647.88055420
-521.70922852
-723.87677002
-688.51068115
-684.00628662
-539.62670898
-445.08145142
-640.23980713
-635.40887451
-689.52612305
-690.40997314
-688.76538086
-443.38189697
-532.34020996
-688.88867188
-691.38653564
-726.34295654
-560.34643555
-542.86889648
-561.89312744
-699.94323730
-707.84661865
-632.46301270
-687.66693115
-688.88732910
-545.77600098
-707.43969727
-702.91741943
-506.26989746
-571.00085449
-728.13458252
-690.27514648
-559.59881592
-678.16436768
-691.30999756
-457.67422485
-677.04229736
-603.27136230
-704.74731445
-692.28704834
-718.74768066
-527.10430908
-644.18322754
-698.06066895
-558.96557617
-693.89263916
-724.65911865
-661.12988281
-694.95300293
-736.83825684
-475.53860474
-691.01300049
-693.80865479
-565.17095947
-692.73101807
-669.67797852
-700.84918213
-476.54693604
-691.94628906
-522.32653809
-586.94787598
-723.88507080
-677.32647705
-540.66143799
-735.28161621
-709.44122314
-699.06024170
-529.94122314
-703.40777588
-702.98425293
-524.41955566
-492.14154053
-699.73999023
-731.40087891
-700.48486328
-451.75466919
-703.78271484
-729.14831543
-621.29229736
-760.05877686
-686.51293945
-764.68786621
-716.36267090
-677.75134277
-703.46234131
-661.08343506
-476.55053711
-751.12951660
-707.27044678
-689.92022705
-687.94958496
-765.50805664
-570.44781494
-575.37518311
-729.81756592
-503.02087402
-712.65069580
-713.57067871
-563.35516357
-757.99096680
-516.60595703
-515.10253906
-529.58142090
-672.85668945
-727.08624268
-745.62615967
-605.85925293
-519.94854736
-703.69873047
-570.62280273
-640.69616699
-727.63067627
-740.83331299
-691.65557861
-727.07543945
-466.72518921
-576.34826660
-510.01806641
-721.10083008
-765.65209961
-677.58050537
-532.61798096
-544.93981934
-705.71600342
-727.91296387
-721.81689453
-556.60192871
-718.12670898
-771.91058350
-549.16607666
-600.51409912
-712.66607666
-641.57751465
-707.30328369
-753.38421631
-630.06561279
-701.43566895
-704.57971191
-576.74737549
-752.22253418
-715.01501465
-711.91955566
-701.57122803
-591.18670654
-581.70501709
-723.18310547
-713.40112305
-563.32531738
-535.01544189
-710.47314453
-716.58184814
-652.10809326
-637.97100830
-717.40063477
-710.04998779
-709.66308594
-543.48925781
-712.06787109
-726.48876953
-776.58062744
-715.80169678
-712.46313477
-712.72973633
-732.18371582
-483.53057861
-602.64953613
-738.52905273
-614.91595459
-723.14422607
-786.05340576
-775.91052246
-516.53051758
-711.35797119
-705.26422119
-696.72045898
-701.77667236
-769.49920654
-550.74084473
-634.87609863
-712.01757812
-784.74212646
-719.59094238
-711.80688477
-720.72955322
-735.28430176
-552.01409912
-697.30389404
-436.71826172
-733.41613770
-558.98388672
-712.42279053
-646.99395752
-727.11041260
-715.40716553
-668.87609863
-735.28826904
-660.92706299
-518.27569580
-710.05920410
-711.99505615
-742.60223389
-788.66198730
-712.93688965
-713.00714111
-712.17102051
-604.85205078
-495.80874634
-719.12451172
-735.95806885
-559.06329346
-647.30932617
-658.73376465
-791.11523438
-795.76312256
-646.63214111
-516.82550049
-732.55859375
-489.74700928
-785.17077637
-422.23135376
-681.97656250
-784.01776123
-713.82409668
-719.64440918
-718.61553955
-717.47784424
-495.14605713
-737.60382080
-733.94873047
-496.51986694
-718.81829834
-739.86669922
-659.73712158
-431.96112061
-722.53546143
-741.14025879
-717.99688721
-511.54013062
-718.78167725
-545.92120361
-721.21289062
-739.00396729
-718.51336670
-737.74652100
-723.38250732
-766.56347656
-656.82458496
-742.31378174
-741.02087402
-733.51190186
-513.15484619
-819.15765381
-718.06604004
-745.35327148
-505.51803589
-749.85656738
-529.38659668
-720.38970947
-731.93646240
-725.98114014
-775.15771484
-639.40887451
-536.56652832
-749.12438965
-717.60876465
-708.18701172
-475.31890869
-739.97003174
-742.28417969
-719.96057129
-744.36614990
-742.62915039
-590.82092285
-718.10864258
-721.80206299
-530.68066406
-618.81408691
-726.66851807
-553.90399170
-613.06713867
-802.18365479
-722.73870850
-649.23529053
-720.72637939
-623.61535645
-720.92486572
-724.13018799
-648.14123535
-717.92724609
-719.17492676
-719.09997559
-723.25231934
-807.07861328
-545.86437988
-718.64410400
-655.67199707
-743.32952881
-723.49090576
-719.93011475
-724.18957520
-538.34729004
-798.78692627
-720.81506348
-510.15979004
-833.84643555
-716.58502197
-720.83264160
-742.91430664
-721.81512451
-502.69027710
-623.77581787
-732.40600586
-623.10626221
-729.10986328
-720.81774902
-707.30981445
-604.53088379
-816.58294678
-608.07873535
-720.21258545
-577.53094482
-593.58245850
-773.27624512
-671.20782471
-830.94732666
-723.19732666
-756.99798584
-718.09710693
-808.98480225
-720.83245850
-517.40936279
-750.30920410
-755.05651855
-730.09155273
-820.66430664
-650.14538574
-746.62121582
-714.48504639
-721.27294922
-518.79919434
-722.86291504
-625.32421875
-586.07128906
-737.69976807
-557.35656738
-730.03051758
-429.89767456
-570.82208252
-519.60803223
-754.58355713
-715.64093018
-736.14886475
-616.42858887
-744.83807373
-543.24462891
-717.80755615
-717.38800049
-717.83972168
-794.65374756
-529.61743164
-832.76348877
-502.89859009
-720.09167480
-832.02392578
-718.50921631
-639.37286377
-703.06304932
-668.69982910
-662.41339111
-715.22894287
-626.29132080
-540.44415283
-643.93353271
-512.14727783
-574.95410156
-740.53857422
-718.36425781
-743.20721436
-598.66369629
-624.02062988
-612.18725586
-714.43133545
-739.22369385
-717.70367432
-739.95361328
-728.81011963
-841.31719971
-741.86218262
-503.37567139
-804.41973877
-729.01892090
-745.87518311
-645.87518311
-673.21466064
-817.04473877
-750.08929443
-724.83471680
-497.21911621
-530.11401367
-708.08160400
-460.02853394
-776.96051025
-458.74499512
-615.57977295
-860.04510498
-736.12738037
-727.08691406
-857.27893066
-743.93597412
-820.14825439
-754.60229492
-726.41796875
-750.25323486
-727.76324463
-530.60052490
-749.31970215
-827.62982178
-629.04962158
-749.92504883
-742.69824219
-714.60876465
-868.18585205
-515.14654541
-756.58679199
-814.57116699
-822.86260986
-596.24670410
-722.59533691
-727.27117920
-594.06298828
-722.09143066
-506.22445679
-727.20849609
-755.07684326
-833.23956299
-581.17303467
-555.96215820
-752.68969727
-759.10656738
-526.25939941
-546.20666504
-864.03515625
-410.98925781
-747.34960938
-698.67358398
-545.47814941
-753.67181396
-866.29614258
-765.54840088
-731.29425049
-615.23767090
-766.83270264
-571.34588623
-710.00549316
-569.03698730
-557.90545654
-867.96032715
-865.94189453
-720.11285400
-553.39190674
-733.92663574
-754.87176514
-483.65985107
-646.84960938
-577.76391602
-756.64746094
-761.71142578
-680.83282471
-729.92248535
-536.52526855
-510.81610107
-486.05551147
-762.81463623
-749.43029785
-769.02258301
-750.92224121
-516.96649170
-507.17990112
-765.44750977
-752.22827148
-761.65093994
-763.60467529
-746.02117920
-867.57672119
-746.46337891
-761.46215820
-749.08227539
-745.96319580
-740.31445312
-738.65393066
-716.41131592
-649.01110840
-756.09429932
-826.21118164
-742.64447021
-734.15478516
-738.26904297
-888.38653564
-832.82147217
-744.59246826
-758.22174072
-758.38525391
-734.92687988
-752.83679199
-661.68560791
-622.75128174
-738.21972656
-862.51531982
-755.47839355
-623.74682617
-732.96997070
-742.23449707
-738.85668945
-744.68591309
-750.26208496
-736.37750244
-853.23937988
-764.25073242
-436.77685547
-393.26580811
-880.96350098
-876.88128662
-739.84289551
-823.62902832
-490.24374390
-715.95355225
-894.83923340
-747.01324463
-737.94384766
-586.80621338
-698.13995361
-868.56066895
-466.72570801
-374.93515015
-894.66851807
-734.68829346
-800.14300537
-741.35833740
-441.40753174
-733.83843994
-735.57598877
-416.13839722
-754.05285645
-686.04711914
-767.00024414
-747.17846680
-617.40222168
-736.60931396
-763.71423340
-740.44458008
-582.36053467
-900.29748535
-738.14544678
-690.55596924
-564.71014404
-728.48944092
-636.06890869
-711.09631348
-826.65240479
-735.33300781
-731.60595703
-759.58483887
-741.34686279
-806.08026123
-828.90527344
-740.86059570
-702.74572754
-781.02221680
-760.52203369
-738.97070312
-737.84722900
-658.81030273
-556.68212891
-569.14495850
-743.89251709
-660.37573242
-760.79449463
-738.11657715
-748.53472900
-850.79040527
-657.53686523
-522.86669922
-726.74548340
-861.55212402
-841.68750000
-539.58734131
-782.89526367
-742.88586426
-737.88122559
-744.44830322
-771.26000977
-746.95092773
-453.52615356
-530.52911377
-763.97302246
-556.51226807
-437.16543579
-744.91906738
-733.80187988
-655.60632324
-502.54388428
-749.03796387
-875.00909424
-704.25726318
-749.00866699
-750.03662109
-582.73358154
-631.85742188
-904.89562988
-755.14733887
-617.71838379
-912.73980713
-528.67388916
-721.20281982
-711.09515381
-517.37316895
-527.41503906
-721.61810303
-752.83264160
-908.67486572
-847.50048828
-743.97509766
-744.91772461
-636.40521240
-524.21783447
-544.96838379
-758.51342773
-761.57080078
-781.92541504
-735.98248291
-903.34387207
-480.00311279
-731.32977295
-760.24572754
-742.42132568
-890.18011475
-500.02822876
-752.12640381
-755.72668457
-731.19073486
-830.99023438
-756.00317383
-802.99444580
-737.56848145
-635.72521973
-866.10113525
-636.61291504
-522.56701660
-397.20382690
-761.52453613
-742.84246826
-500.68869019
-741.05798340
-626.92968750
-673.49072266
-930.88928223
-746.16723633
-538.12951660
-762.16918945
-821.33276367
-743.41076660
-480.44705200
-589.81652832
-728.18505859
-693.72753906
-556.02648926
-645.90661621
-474.77731323
-730.73553467
-728.76824951
-845.75482178
-732.16363525
-757.19952393
-501.33688354
-916.99304199
-898.11901855
-712.21569824
-710.43676758
-533.44079590
-733.23956299
-739.72814941
-749.57751465
-749.35937500
-652.31115723
-904.40264893
-743.73614502
-896.02313232
-938.30157471
-949.70727539
-511.48211670
-728.88983154
-788.50689697
-904.81713867
-575.25390625
-739.72320557
-744.82482910
-519.46099854
-460.11941528
-602.11462402
-461.73605347
-625.91876221
-703.04833984
-571.89129639
-743.50189209
-743.72119141
-747.63574219
-526.50701904
-952.21948242
-446.65640259
-911.03558350
-673.10437012
-713.56665039
-783.21221924
-898.04974365
-725.11694336
-726.36480713
-719.19427490
-460.05633545
-906.95349121
-936.71087646
-720.10235596
-726.35632324
-522.84118652
-468.33602905
-664.16113281
-723.29394531
-720.42492676
-951.00335693
-718.24542236
-742.01934814
-810.11505127
-700.27307129
-734.69921875
-917.88433838
-742.30706787
-709.87078857
-805.81591797
-766.91406250
-492.09643555
-701.28210449
-816.50384521
-824.53289795
-501.99935913
-725.45782471
-500.17770386
-719.87994385
-739.63952637
-705.65258789
-917.11340332
-744.09222412
-719.98968506
-774.72979736
-724.16149902
-922.17120361
-714.79205322
-741.37341309
-704.78936768
-897.76165771
-978.95495605
-834.22143555
-734.17315674
-717.02947998
-716.43859863
-922.49359131
-438.47341919
-705.10894775
-874.59124756
-572.14617920
-724.15893555
-716.24017334
-714.17352295
-715.99713135
-717.66918945
-736.39562988
-761.18664551
-702.95812988
-723.97204590
-738.54803467
-727.43334961
-715.94708252
-978.25158691
-716.84918213
-716.08593750
-713.90814209
-719.27624512
-973.78417969
-730.89630127
-713.67608643
-715.14355469
-866.76501465
-715.15289307
-637.87609863
-727.56579590
-714.99047852
-654.67431641
-708.84307861
-491.77212524
-738.49829102
-721.52282715
-735.91229248
-720.64013672
-715.11462402
-550.50524902
-997.57318115
-715.80358887
-417.32043457
-438.87155151
-732.40283203
-989.98809814
-395.57992554
-719.57305908
-731.26910400
-783.17797852
-739.90814209
-1000.43798828
-834.21777344
-874.35858154
-773.33392334
-505.04696655
-900.66571045
-560.66528320
-447.39138794
-746.89349365
-718.87927246
-513.38397217
-341.09188843
-409.36065674
-782.47534180
-723.42968750
-419.90347290
-858.68627930
-729.79626465
-738.79193115
-730.61578369
-739.90814209
-998.00714111
-856.15515137
-720.65399170
-723.61358643
-572.19952393
-744.70446777
-969.12109375
-722.31433105
-362.05651855
-721.27142334
-749.74023438
-737.35205078
-731.82440186
-730.72698975
-724.18951416
-530.92156982
-723.62731934
-850.11096191
-739.78527832
-535.70904541
-724.32525635
-801.97039795
-735.35131836
-498.33853149
-724.32226562
-736.73175049
-974.88073730
-600.67749023
-380.58020020
-721.09484863
-739.84509277
-665.65100098
-719.12353516
-995.25927734
-463.23876953
-789.97100830
-530.74688721
-716.46954346
-731.50653076
-678.93493652
-722.93432617
-725.00769043
-920.77685547
-727.13879395
-496.24356079
-757.71392822
-721.84942627
-787.60095215
-997.01495361
-797.42199707
-748.79321289
-715.22241211
-550.73724365
-712.74969482
-721.91845703
-728.39074707
-753.02069092
-982.50091553
-728.42999268
-752.45587158
-735.18566895
-413.74581909
-744.85913086
-811.79052734
-743.24987793
-746.99444580
-1025.33898926
-893.41497803
-728.84277344
-733.88238525
-926.41662598
-850.03485107
-494.49530029
-730.87322998
-1015.57177734
-722.81286621
-444.12704468
-1015.25372314
-717.63543701
-728.92144775
-411.91467285
-721.52587891
-929.85968018
-574.58300781
-664.33612061
-823.73065186
-713.44982910
-714.63043213
-715.86596680
-432.58044434
-730.78808594
-820.32086182
-419.98114014
-724.40478516
-715.38415527
-710.40417480
-734.47338867
-735.30633545
-713.20794678
-828.08087158
-721.33709717
-796.02832031
-710.08874512
-900.12298584
-841.91186523
-835.11834717
-710.29595947
-344.87390137
-369.33633423
-664.40698242
-710.20007324
-863.75152588
-704.99786377
-479.11154175
-708.34313965
-724.26898193
-1011.05291748
-705.45330811
-956.37762451
-956.50750732
-705.49633789
-759.48309326
-713.63305664
-815.09222412
-401.64965820
-524.52221680
-468.12557983
-707.10009766
-971.92590332
-732.66595459
-730.29602051
-466.46524048
-729.35235596
-434.32858276
-697.91900635
-975.26916504
-1002.24536133
-846.90264893
-702.08612061
-967.53509521
-732.25927734
-717.59332275
-717.72900391
-633.91711426
-504.22424316
-691.23907471
-897.77355957
-745.65563965
-982.77777100
-583.13922119
-719.55651855
-708.99377441
-730.12939453
-710.97381592
-711.74774170
-721.92907715
-708.27972412
-770.44293213
-708.39447021
-610.59008789
-710.14404297
-669.89007568
-966.48114014
-715.63665771
-789.23327637
-703.65924072
-801.58581543
-721.45025635
-469.72958374
-973.86682129
-726.01062012
-822.22979736
-576.24926758
-715.02435303
-508.12390137
-404.48684692
-729.31793213
-509.86795044
-539.41156006
-721.60357666
-712.59570312
-621.25891113
-878.43579102
-708.04455566
-754.35998535
-714.10260010
-882.35339355
-827.24133301
-969.43365479
-930.15264893
-387.62075806
-589.40106201
-831.36914062
-716.11035156
-856.81640625
-782.35772705
-887.80389404
-480.59921265
-933.29888916
-778.58178711
-690.26519775
-700.21221924
-903.63830566
-722.29321289
-694.43212891
-710.70349121
-567.44818115
-857.64752197
-832.51062012
-694.68878174
-517.60070801
-723.57275391
-701.07379150
-540.33367920
-492.80886841
-984.07666016
-691.20794678
-873.68334961
-785.46447754
-906.00360107
-619.47131348
-935.25323486
-562.19525146
-714.36505127
-713.94396973
-704.15350342
-434.29986572
-548.03588867
-692.73138428
-866.45111084
-818.12982178
-699.75927734
-468.42797852
-707.80590820
-500.84268188
-700.71636963
-700.45983887
-497.70602417
-487.24426270
-613.67767334
-688.31530762
-691.99676514
-513.75512695
-705.72369385
-412.83010864
-554.89324951
-352.75036621
-925.48986816
-721.16094971
-751.78546143
-696.19671631
-646.84936523
-421.97854614
-516.63513184
-722.01544189
-702.41406250
-709.63281250
-761.04095459
-715.74829102
-710.15039062
-699.45843506
-704.66619873
-592.18579102
-803.88488770
-695.11871338
-395.10580444
-793.46734619
-470.84695435
-708.63555908
-554.84472656
-793.85906982
-741.09875488
-719.76007080
-706.87982178
-697.40026855
-863.69830322
-753.64111328
-689.47497559
-905.61560059
-508.73211670
-451.49353027
-674.61535645
-720.96173096
-684.62145996
-952.36987305
-605.48687744
-715.83496094
-513.33770752
-674.50244141
-718.53143311
-690.58898926
-694.46246338
-880.54492188
-682.38183594
-671.80499268
-861.30505371
-399.57247925
-684.88769531
-988.98468018
-692.44183350
-704.60687256
-929.70397949
-723.14849854
-806.16741943
-485.61495972
-688.58776855
-694.31445312
-710.23095703
-707.45379639
-715.72973633
-685.02368164
-777.75018311
-776.34069824
-685.30206299
-710.75213623
-678.90203857
-452.97430420
-492.39263916
-708.04107666
-699.34381104
-685.07525635
-690.68719482
-719.21960449
-941.34808350
-781.14239502
-671.91583252
-355.83941650
-849.57464600
-695.21038818
-1004.96307373
-786.36456299
-1000.39086914
-875.99322510
-1008.66772461
-459.79934692
-455.53369141
-620.85980225
-697.44036865
-413.64807129
-704.81915283
-749.04071045
-709.67883301
-742.22650146
-492.05609131
-1002.65856934
-689.69152832
-700.97088623
-448.79788208
-699.10583496
-861.84326172
-661.31695557
-684.18261719
-701.47119141
-685.47961426
-668.32843018
-700.00665283
-694.03002930
-869.44323730
-631.19091797
-685.53796387
-451.98587036
-684.02569580
-677.57727051
-700.78802490
-728.07489014
-697.50219727
-520.06066895
-697.83544922
-680.02008057
-698.78387451
-689.21209717
-838.71398926
-838.40698242
-707.80731201
-999.13098145
-695.87878418
-690.44854736
-949.78344727
-972.12963867
-672.19964600
-684.88641357
-841.07910156
-700.89587402
-854.94201660
-675.64984131
-667.33654785
-678.98107910
-704.77062988
-981.77520752
-667.88592529
-980.87908936
-324.18652344
-704.61364746
-707.10052490
-992.86627197
-677.81164551
-679.99163818
-699.60351562
-881.50482178
-998.51623535
-443.57974243
-447.48995972
-646.10040283
-662.66577148
-489.65069580
-536.61328125
-781.87298584
-493.52304077
-857.08129883
-690.10760498
-848.53436279
-424.54745483
-951.68792725
-690.19464111
-699.15161133
-504.76669312
-670.28314209
-670.37432861
-975.29693604
-276.61111450
-443.46215820
-861.71453857
-935.02593994
-953.46563721
-748.48382568
-515.23950195
-863.13128662
-948.90148926
-374.71987915
-562.69567871
-912.61663818
-690.07891846
-632.42944336
-682.60186768
-456.03421021
-910.06701660
-445.27859497
-847.96258545
-837.81213379
-920.81762695
-976.25073242
-436.84848022
-688.14636230
-811.07653809
-960.35290527
-685.94787598
-665.14874268
-691.93109131
-697.69012451
-290.86575317
-680.88250732
-924.26910400
-883.38775635
-683.84497070
-855.65374756
-839.94061279
-987.36828613
-696.07525635
-353.11761475
-947.55499268
-625.37316895
-750.90826416
-674.39025879
-700.32781982
-417.75659180
-693.73089600
-669.97985840
-893.69873047
-365.37969971
-664.98443604
-530.75012207
-466.22772217
-851.09802246
-539.44946289
-949.50201416
-672.08715820
-889.83319092
-690.85162354
-892.11627197
-692.56054688
-574.81591797
-676.67346191
-528.26635742
-692.07574463
-699.40905762
-779.76928711
-473.30929565
-437.35095215
-506.76428223
-701.82257080
-671.42065430
-428.38034058
-477.98870850
-813.02276611
-706.58111572
-795.29486084
-664.60827637
-682.36230469
-601.37609863
-661.43139648
-695.45001221
-486.43637085
-946.74407959
-931.85894775
-693.67303467
-697.10119629
-706.33575439
-808.14697266
-407.50418091
-674.89312744
-750.65289307
-970.59277344
-422.37649536
-981.47680664
-496.88296509
-694.39532471
-938.42523193
-470.78308105
-707.69274902
-398.06851196
-675.18487549
-724.27178955
-575.65502930
-671.74761963
-673.32684326
-675.53564453
-911.20947266
-677.27886963
-671.28985596
-683.11926270
-755.13970947
-667.86047363
-689.17431641
-360.31369019
-927.70581055
-672.10668945
-541.78869629
-486.44961548
-685.05078125
-739.67846680
-671.60327148
-945.71856689
-611.38018799
-364.20422363
-912.43450928
-942.27758789
-683.67565918
-679.75201416
-677.27471924
-690.22802734
-649.96398926
-765.16198730
-390.41912842
-642.61773682
-949.18957520
-671.59631348
-615.84173584
-690.20306396
-675.43078613
-671.29174805
-693.76672363
-604.41925049
-624.48071289
-662.45428467
-696.86859131
-821.42596436
-682.24725342
-677.76715088
-666.21929932
-679.81365967
-518.95697021
-675.99548340
-414.61480713
-913.89587402
-431.66589355
-938.36529541
-799.24896240
-693.26660156
-676.18597412
-649.12432861
-647.64233398
-664.45416260
-676.37109375
-845.49365234
-671.91027832
-449.81832886
-676.19927979
-704.52032471
-672.46289062
-675.39776611
-838.69146729
-849.60589600
-669.16064453
-663.21673584
-382.63696289
-679.92132568
-594.29577637
-692.32757568
-670.09649658
-673.98657227
-822.75823975
-806.64221191
-679.10687256
-677.61291504
-882.32611084
-666.08728027
-675.00598145
-828.89495850
-680.34118652
-691.77984619
-680.15924072
-799.60852051
-377.69949341
-693.07427979
-854.57843018
-696.72644043
-677.58789062
-489.39672852
-669.94915771
-759.84197998
-679.91076660
-824.80950928
-664.37200928
-663.59338379
-850.15557861
-691.03894043
-666.82379150
-843.59759521
-411.38754272
-660.95709229
-526.72924805
-724.57116699
-695.53320312
-869.94946289
-856.31988525
-317.32528687
-588.65380859
-826.30975342
-397.98248291
-668.32446289
-786.49383545
-684.68719482
-777.12298584
-673.36248779
-671.96191406
-529.87884521
-632.70257568
-363.41363525
-464.37051392
-633.16949463
-279.52893066
-674.61505127
-730.25640869
-877.08959961
-671.74481201
-668.00653076
-535.10198975
-668.40356445
-821.61114502
-670.62402344
-671.65588379
-482.32778931
-726.60253906
-673.95690918
-519.20629883
-910.09509277
-854.37725830
-518.24920654
-663.06188965
-231.54986572
-445.29708862
-546.75457764
-655.33404541
-648.00878906
-850.94543457
-685.14593506
-687.76922607
-690.16845703
-678.70562744
-513.59362793
-278.55880737
-760.06658936
-921.10400391
-517.07843018
-542.25823975
-668.17614746
-497.37475586
-700.19738770
-572.23809814
-933.04455566
-447.11071777
-681.70520020
-672.54846191
-703.52685547
-673.48638916
-693.32055664
-667.71954346
-957.96917725
-795.99377441
-660.09112549
-688.39001465
-980.63482666
-649.69256592
-653.64996338
-409.72903442
-967.69586182
-653.50891113
-809.97937012
-947.08032227
-665.41162109
-805.02496338
-692.59741211
-815.41998291
-933.89831543
-677.60131836
-673.86145020
-692.20391846
-659.36523438
-473.51596069
-661.88415527
-990.02215576
-983.06176758
-682.17871094
-665.76007080
-661.06243896
-665.05816650
-971.33093262
-586.38159180
-866.14672852
-997.30822754
-797.74914551
-922.62445068
-659.70281982
-1020.91198730
-381.58758545
-667.04931641
-534.86419678
-391.64361572
-665.76623535
-629.01409912
-356.25463867
-994.00653076
-505.64096069
-633.10968018
-632.37652588
-503.88586426
-665.22821045
-393.55270386
-995.58679199
-379.20196533
-663.09625244
-650.13067627
-1021.52557373
-682.41137695
-909.37841797
-397.15740967
-635.99798584
-518.84869385
-656.10986328
-654.42211914
-646.38763428
-651.74591064
-1023.90313721
-637.68566895
-670.76831055
-655.69537354
-1012.08129883
-670.24304199
-1008.12817383
-637.48809814
-666.59484863
-859.68457031
-652.87506104
-620.07153320
-1015.64801025
-657.07788086
-848.19439697
-643.30767822
-853.04119873
-845.31231689
-848.62597656
-841.23931885
-654.54504395
-865.76153564
-659.19622803
-951.35406494
-979.04986572
-645.04162598
-962.83178711
-1041.42822266
-660.53387451
-654.72528076
-662.82458496
-897.60693359
-819.48913574
-653.95404053
-662.01428223
-656.14782715
-841.77911377
-641.06408691
-788.04956055
-928.34130859
-638.22436523
-775.48431396
-975.47143555
-660.61151123
-226.66841125
-557.31304932
-636.86120605
-545.26470947
-924.22558594
-650.60772705
-645.76287842
-640.01177979
-736.05310059
-631.65960693
-461.17276001
-443.83508301
-767.16436768
-654.09490967
-652.71893311
-475.47824097
-786.66162109
-637.64404297
-639.01251221
-635.15985107
-644.44598389
-770.70367432
-889.50775146
-565.58300781
-634.85662842
-546.64416504
-1075.15930176
-720.96600342
-252.95013428
-760.94152832
-874.36993408
-648.05462646
-667.11730957
-477.36166382
-950.56066895
-657.48406982
-632.85699463
-617.54650879
-846.75762939
-664.10852051
-663.71606445
-439.76745605
-789.16204834
-396.11026001
-747.43365479
-219.08117676
-647.09069824
-402.58688354
-590.68615723
-943.78308105
-639.72106934
-829.00927734
-216.78526306
-645.92431641
-410.56842041
-655.85601807
-643.30621338
-667.75115967
-833.25433350
-650.20892334
-648.72930908
-983.64703369
-653.93646240
-842.42730713
-644.62554932
-360.49588013
-861.88641357
-818.97509766
-663.13421631
-1053.58117676
-572.53063965
-745.64837646
-658.49200439
-966.02294922
-644.38708496
-342.89205933
-657.73754883
-1021.17126465
-644.78839111
-639.56835938
-332.88458252
-642.03979492
-641.15600586
-1034.34265137
-412.03906250
-170.06448364
-997.93347168
-994.58813477
-645.45349121
-392.27713013
-979.74237061
-632.82348633
-591.35406494
-636.68530273
-378.19360352
-658.73492432
-466.30523682
-414.40188599
-837.31164551
-271.58370972
-261.42706299
-877.75244141
-657.96936035
-628.21551514
-632.95349121
-1090.33227539
-720.99102783
-543.89221191
-732.21936035
-565.60296631
-650.70745850
-643.02600098
-272.46759033
-650.24230957
-572.79241943
-1004.92663574
-580.74523926
-861.11010742
-686.21228027
-634.17028809
-628.00610352
-962.10302734
-663.08862305
-671.65509033
-434.51519775
-632.92822266
-792.01013184
-434.33740234
-665.47772217
-768.56939697
-827.28259277
-834.44775391
-649.02996826
-860.40490723
-548.53582764
-968.40734863
-653.39727783
-644.52844238
-643.20318604
-589.56781006
-508.18875122
-552.17553711
-665.81103516
-315.18591309
-809.83770752
-641.27813721
-322.84188843
-820.18084717
-658.40484619
-629.00115967
-783.26495361
-658.04980469
-643.35284424
-658.16961670
-751.54699707
-650.74804688
-750.99084473
-408.98147583
-642.82128906
-559.42034912
-659.31695557
-661.41491699
-635.14703369
-646.52539062
-646.47656250
-636.79925537
-646.89794922
-1061.13964844
-716.05505371
-856.31555176
-778.79449463
-656.48248291
-181.48762512
-383.48522949
-914.39410400
-476.43548584
-732.76672363
-666.12207031
-643.52124023
-1024.92993164
-645.54705811
-475.17562866
-665.44232178
-638.67810059
-716.24603271
-416.10354614
-625.27703857
-419.44848633
-251.37113953
-656.69604492
-708.82904053
-941.25622559
-252.10098267
-204.15437317
-433.80551147
-852.11376953
-772.07562256
-662.17846680
-629.65649414
-875.11712646
-193.19567871
-656.63195801
-677.51165771
-654.99462891
-675.88726807
-406.16583252
-263.91375732
-653.95477295
-663.85174561
-684.17462158
-658.16320801
-657.93157959
-679.42968750
-659.61718750
-671.43743896
-788.61169434
-1020.51422119
-672.63000488
-662.00000000
-394.17745972
-974.86584473
-663.44610596
-911.45458984
-937.87060547
-670.67358398
-679.93115234
-694.74499512
-616.73297119
-651.49975586
-544.37792969
-665.27154541
-673.24176025
-789.68347168
-636.14831543
-893.81610107
-1028.32861328
-557.08923340
-670.41717529
-714.28039551
-685.58825684
-856.94427490
-652.12384033
-414.24169922
-657.88726807
-666.56530762
-644.30877686
-276.67221069
-621.78820801
-855.21722412
-887.79333496
-926.98236084
-659.64953613
-680.66107178
-681.88598633
-664.56933594
-856.26312256
-430.79748535
-643.70208740
-649.52514648
-980.77008057
-654.28906250
-661.09588623
-360.36981201
-651.81530762
-663.11987305
-656.90039062
-349.40075684
-640.06671143
-435.97122192
-652.39459229
-637.20513916
-669.25292969
-676.90112305
-651.02008057
-394.02447510
-667.97692871
-669.61132812
-672.07769775
-648.37072754
-376.69586182
-667.42675781
-447.82202148
-335.28836060
-790.60723877
-790.12091064
-426.53747559
-658.61059570
-641.72955322
-664.96539307
-650.83166504
-641.48498535
-632.68518066
-489.70065308
-846.38159180
-515.43896484
-637.05847168
-829.51464844
-656.71087646
-907.54785156
-159.08168030
-650.72924805
-640.77294922
-660.02935791
-658.14721680
-954.70690918
-638.14068604
-645.97357178
-652.58343506
-969.15319824
-766.78564453
-881.06408691
-653.91638184
-919.42578125
-901.28021240
-652.09844971
-777.30456543
-646.95092773
-632.53118896
-652.81646729
-646.39593506
-819.42010498
-639.59429932
-873.03680420
-823.81207275
-625.90380859
-623.05187988
-626.31658936
-632.60833740
-610.71868896
-947.05541992
-858.19268799
-655.92999268
-643.76580811
-879.58935547
-822.46936035
-896.00311279
-636.10717773
-816.08758545
-653.82421875
-903.01171875
-741.56640625
-383.80377197
-873.00775146
-929.69494629
-593.12799072
-449.84033203
-563.75842285
-643.27453613
-658.85400391
-668.34539795
-887.11328125
-635.34002686
-667.42395020
-643.23980713
-636.36499023
-894.95745850
-917.29724121
-651.91217041
-634.98229980
-647.68273926
-650.11035156
-655.29833984
-878.50811768
-546.36853027
-658.76562500
-860.52020264
-794.77117920
-638.27471924
-905.63110352
-662.00506592
-662.93389893
-274.34661865
-390.70104980
-662.38854980
-666.16955566
-516.65679932
-584.04614258
-660.81860352
-665.16540527
-783.63378906
-669.60919189
-875.97833252
-657.58178711
-832.80004883
-313.38064575
-644.81488037
-658.74597168
-435.73114014
-647.74682617
-662.62060547
-666.17535400
-515.74719238
-671.30712891
-832.73779297
-814.33691406
-651.86682129
-526.30468750
-799.16723633
-857.56256104
-855.18811035
-583.26806641
-641.97137451
-811.20068359
-817.65344238
-458.42947388
-649.39624023
-656.19024658
-648.68707275
-827.38024902
-680.62829590
-647.49322510
-666.28045654
-666.06372070
-788.29742432
-816.57525635
-602.92462158
-643.59869385
-656.51898193
-650.99932861
-664.20098877
-821.72564697
-832.69415283
-834.81793213
-648.79669189
-657.36254883
-746.67535400
-675.31610107
-532.37280273
-839.41882324
-673.11425781
-606.75714111
-669.03192139
-862.86816406
-591.86340332
-650.04876709
-789.46002197
-650.91717529
-660.31829834
-664.11901855
-639.87799072
-639.10797119
-652.25714111
-768.49676514
-661.58459473
-846.50054932
-656.94171143
-804.46569824
-634.46575928
-663.83605957
-427.94543457
-721.40606689
-800.19573975
-607.55786133
-657.30816650
-765.44812012
-639.47448730
-635.42523193
-650.66058350
-584.03784180
-628.72735596
-654.16308594
-641.39758301
-698.30883789
-656.34094238
-633.24340820
-748.80529785
-640.14300537
-658.45422363
-788.60827637
-752.33154297
-802.99993896
-480.74304199
-654.82379150
-645.08905029
-525.36145020
-425.67993164
-694.45208740
-743.66192627
-571.03277588
-332.61825562
-576.89880371
-596.73083496
-658.07470703
-649.25830078
-659.01733398
-629.02850342
-650.45379639
-655.01538086
-634.76098633
-672.18395996
-635.10919189
-688.31530762
-647.00817871
-769.38299561
-767.37487793
-634.34960938
-633.72985840
-641.58319092
-637.18206787
-757.44659424
-638.18817139
-576.69329834
-641.34088135
-580.58215332
-518.02545166
-754.93988037
-638.55218506
-644.21057129
-598.64788818
-688.81488037
-636.72338867
-497.74822998
-747.44567871
-745.90417480
-323.89239502
-700.03216553
-634.23461914
-635.79205322
-690.42218018
-631.59228516
-501.96182251
-638.10241699
-645.48858643
-758.05352783
-656.29418945
-627.49884033
-664.83489990
-753.64514160
-652.67864990
-748.88153076
-660.95751953
-656.82757568
-501.65826416
-663.76660156
-602.94744873
-635.27990723
-641.17272949
-624.92480469
-721.28973389
-731.93780518
-640.20562744
-655.94238281
-670.29394531
-688.56036377
-641.33453369
-664.00994873
-638.48870850
-640.47253418
-583.04284668
-649.82226562
-738.81439209
-734.63452148
-579.49682617
-777.85034180
-370.13601685
-778.71862793
-638.80285645
-753.83013916
-738.03570557
-650.21380615
-707.11804199
-665.72583008
-746.92596436
-622.93609619
-656.33874512
-652.28643799
-645.71502686
-699.13867188
-605.65887451
-619.32427979
-644.70178223
-644.92138672
-646.98510742
-661.60705566
-740.94964600
-703.18182373
-652.31146240
-641.45202637
-760.34313965
-700.63684082
-641.32336426
-698.91082764
-661.48321533
-765.95318604
-640.04602051
-669.07220459
-701.86926270
-514.22546387
-632.48095703
-777.96154785
-637.33276367
-651.71856689
-756.06445312
-768.85278320
-640.00720215
-707.76489258
-639.25537109
-677.68518066
-647.86865234
-531.35699463
-723.14337158
-665.91900635
-628.73419189
-636.55755615
-654.21398926
-634.77911377
-597.67498779
-587.02532959
-418.95114136
-598.97033691
-482.89080811
-756.33282471
-544.85986328
-649.88494873
-648.11236572
-639.46673584
-749.79425049
-631.12963867
-563.60516357
-631.20422363
-628.02062988
-775.18035889
-635.61206055
-627.11059570
-759.03234863
-645.27819824
-641.32482910
-569.02294922
-610.07489014
-637.01226807
-642.46337891
-679.10601807
-630.61016846
-647.74340820
-667.10382080
-639.32379150
-646.39282227
-632.66827393
-640.23651123
-645.37579346
-568.05523682
-691.17797852
-637.97546387
-641.38037109
-583.77160645
-641.40722656
-743.69134521
-685.92681885
-523.11743164
-724.08612061
-499.89086914
-628.23547363
-649.76019287
-663.56829834
-745.70483398
-507.38302612
-642.45587158
-735.73590088
-636.30175781
-572.90252686
-739.38714600
-630.52801514
-736.93695068
-655.74395752
-763.08502197
-659.76800537
-737.96252441
-503.52734375
-631.38732910
-736.48748779
-664.76098633
-643.82299805
-729.97161865
-742.56097412
-667.17651367
-720.96520996
-562.73657227
-669.46582031
-763.24273682
-668.55548096
-481.06643677
-705.53839111
-555.43072510
-740.82183838
-619.79833984
-730.35174561
-718.61846924
-496.86523438
-675.89300537
-679.56079102
-756.78216553
-634.73089600
-608.58380127
-638.95837402
-673.28875732
-716.49621582
-730.01025391
-636.32751465
-652.25103760
-737.03546143
-630.19183350
-677.45257568
-644.90734863
-642.62634277
-739.05761719
-557.80706787
-647.99700928
-721.65521240
-734.87060547
-640.99676514
-647.61602783
-756.24133301
-522.22521973
-661.43542480
-645.51885986
-658.51934814
-739.87548828
-607.32745361
-624.76831055
-644.45800781
-657.10430908
-648.35559082
-648.26354980
-763.00750732
-665.76336670
-747.50610352
-632.78686523
-738.32226562
-744.52691650
-548.82897949
-649.47686768
-641.57635498
-651.63885498
-655.05450439
-734.75451660
-747.44171143
-652.55383301
-722.69738770
-670.52301025
-567.29034424
-666.84020996
-745.92828369
-664.94946289
-746.79022217
-735.53106689
-655.25854492
-670.12963867
-539.83215332
-742.41662598
-744.13018799
-518.81842041
-717.03576660
-672.43658447
-554.81268311
-680.22949219
-674.64031982
-741.20800781
-659.22686768
-652.79309082
-653.18792725
-652.66644287
-669.25891113
-669.84881592
-675.22113037
-648.04626465
-648.88629150
-678.77465820
-641.21276855
-668.05535889
-599.98291016
-658.00360107
-740.58599854
-731.84478760
-649.07897949
-717.91961670
-727.34979248
-633.30828857
-648.95660400
-729.29577637
-664.01049805
-647.76910400
-735.42321777
-671.95074463
-642.47888184
-745.06744385
-656.98492432
-634.45257568
-729.31018066
-731.10522461
-572.76794434
-651.05493164
-651.10076904
-647.94573975
-455.29467773
-667.64031982
-737.94494629
-706.35821533
-646.98834229
-674.04901123
-716.49505615
-741.73992920
-668.85601807
-641.81384277
-617.68963623
-526.67730713
-679.76391602
-673.47460938
-653.83251953
-657.10382080
-746.44952393
-595.73596191
-615.76171875
-707.17028809
-741.74749756
-710.61932373
-737.21948242
-711.23724365
-716.77929688
-745.96136475
-648.81768799
-668.79302979
-647.33038330
-468.80249023
-648.30725098
-673.92645264
-680.39654541
-663.39996338
-647.03021240
-658.63458252
-739.97918701
-654.95581055
-659.12097168
-653.23162842
-684.16436768
-662.63800049
-707.66107178
-655.25329590
-660.25128174
-724.76391602
-659.74658203
-676.93615723
-655.85003662
-549.07977295
-652.78613281
-721.10699463
-728.56109619
-612.60876465
-627.63873291
-656.98913574
-580.85668945
-728.02709961
-679.32708740
-611.56555176
-731.85882568
-650.74859619
-655.40167236
-656.10058594
-726.31988525
-724.18933105
-658.19293213
-728.60815430
-674.13464355
-721.25122070
-596.11206055
-629.74121094
-687.38287354
-731.00970459
-466.59545898
-663.29345703
-661.64526367
-740.26440430
-663.43206787
-668.24688721
-705.95111084
-739.03668213
-611.59759521
-742.43054199
-585.98815918
-723.31005859
-662.87774658
-669.73785400
-748.10864258
-670.66607666
-747.67449951
-736.43725586
-658.53613281
-736.38684082
-683.75390625
-660.28509521
-649.43554688
-718.03253174
-692.22863770
-692.45550537
-693.14648438
-682.49627686
-730.24243164
-689.29083252
-719.51104736
-576.69775391
-655.09710693
-677.03118896
-556.33355713
-678.17016602
-689.40191650
-719.60510254
-733.37048340
-681.09197998
-663.40704346
-663.81396484
-559.24694824
-659.22839355
-611.16363525
-694.58624268
-586.12524414
-680.86859131
-729.70623779
-717.66503906
-652.40808105
-586.17388916
-702.15795898
-576.58190918
-693.99206543
-687.05297852
-673.17810059
-650.87145996
-624.48950195
-658.85998535
-684.35089111
-684.62982178
-712.46997070
-660.11169434
-663.74365234
-661.87152100
-681.33447266
-731.42425537
-736.64471436
-722.19793701
-660.69317627
-711.59667969
-567.44537354
-669.54858398
-636.93768311
-721.52062988
-673.96594238
-673.84796143
-568.06762695
-665.56811523
-732.44671631
-588.09118652
-726.19219971
-565.80224609
-608.48590088
-575.39703369
-584.73815918
-713.37988281
-639.42089844
-662.90832520
-552.05645752
-730.89392090
-668.05230713
-672.43133545
-660.45758057
-723.30450439
-682.06665039
-660.40142822
-676.80010986
-604.67749023
-658.30358887
-684.37957764
-580.15869141
-667.37969971
-645.74572754
-585.11907959
-675.49505615
-652.29736328
-662.62731934
-659.19635010
-647.56707764
-578.56793213
-729.61840820
-723.79455566
-662.40441895
-653.22601318
-735.12969971
-657.48962402
-726.04003906
-648.28747559
-671.29602051
-674.37652588
-566.80572510
-655.05841064
-726.02502441
-666.55950928
-717.51715088
-723.84832764
-600.61730957
-659.88781738
-709.80633545
-627.85650635
-665.03558350
-663.67864990
-681.17968750
-659.87890625
-653.97369385
-675.98931885
-667.17962646
-644.25622559
-725.19543457
-711.81280518
-658.98852539
-671.99713135
-630.98297119
-698.00292969
-655.20336914
-712.45874023
-698.27441406
-549.82403564
-733.82531738
-649.29620361
-682.02349854
-648.60327148
-679.08605957
-731.82806396
-645.89685059
-689.37988281
-659.29760742
-731.89379883
-714.84686279
-653.85247803
-685.02886963
-709.41943359
-652.74536133
-507.49151611
-701.19470215
-727.38049316
-663.70159912
-683.84069824
-662.83880615
-659.24200439
-685.85906982
-661.16308594
-730.38342285
-661.48474121
-659.62390137
-703.30224609
-664.66772461
-677.03430176
-707.71899414
-711.17108154
-698.34082031
-660.22729492
-618.02117920
-661.65673828
-697.47973633
-649.78088379
-672.28656006
-682.65191650
-707.92498779
-656.96472168
-636.38598633
-730.17510986
-534.72906494
-651.37005615
-583.87261963
-724.08526611
-683.10742188
-694.83489990
-633.89685059
-707.47192383
-664.99768066
-687.46307373
-680.11853027
-650.33148193
-657.98718262
-637.13995361
-702.05578613
-638.14123535
-666.13641357
-705.52337646
-728.69458008
-665.07946777
-671.49322510
-672.79290771
-714.27563477
-661.66314697
-657.88922119
-682.02893066
-641.35894775
-685.60131836
-702.09674072
-685.35577393
-717.48992920
-663.06365967
-657.97692871
-684.97674561
-644.56518555
-714.12878418
-638.15173340
-663.09600830
-718.05053711
-668.07629395
-669.73248291
-667.65759277
-685.88916016
-666.00384521
-663.95574951
-670.68389893
-689.12823486
-669.02069092
-718.36193848
-673.83752441
-702.62048340
-673.38842773
-670.62548828
-645.27252197
-665.34442139
-702.30725098
-674.44122314
-711.85760498
-699.01837158
-683.62786865
-649.64508057
-677.38122559
-720.51190186
-684.40582275
-696.35314941
-669.82495117
-661.31524658
-663.25970459
-689.78631592
-665.64721680
-652.71362305
-684.13635254
-629.48553467
-716.15917969
-695.43365479
-694.43707275
-721.30212402
-670.57122803
-667.08337402
-624.30181885
-671.85528564
-701.93896484
-682.99932861
-689.51965332
-694.49304199
-671.36706543
-626.00744629
-676.80285645
-710.61944580
-667.46844482
-667.55426025
-679.29022217
-668.05712891
-669.29583740
-615.29931641
-727.09057617
-719.06127930
-713.67480469
-691.41601562
-679.49017334
-665.23345947
-685.66253662
-654.94085693
-677.35473633
-675.32836914
-678.01812744
-568.00531006
-674.22729492
-660.61981201
-616.68701172
-599.76300049
-695.04931641
-607.85882568
-659.87384033
-708.93341064
-730.33166504
-702.24090576
-688.78070068
-637.96240234
-717.32348633
-676.42230225
-663.77972412
-674.20300293
-673.87683105
-673.64764404
-690.77838135
-691.01733398
-688.19177246
-710.75292969
-666.67578125
-686.77703857
-697.27215576
-615.40594482
-600.48309326
-688.90899658
-659.46807861
-690.54486084
-728.46405029
-670.45007324
-639.39239502
-719.97302246
-632.24853516
-704.01971436
-680.33453369
-695.95025635
-692.07934570
-688.23669434
-693.94934082
-667.79101562
-692.31866455
-704.45031738
-646.25720215
-710.66485596
-725.38189697
-621.61004639
-591.10412598
-691.58935547
-669.31805420
-606.16204834
-674.23468018
-731.08447266
-724.80615234
-669.01281738
-721.95312500
-675.13085938
-729.61077881
-691.82971191
-689.92132568
-680.30584717
-678.31732178
-674.38659668
-676.83227539
-658.06359863
-730.85559082
-688.44085693
-714.34423828
-688.85601807
-736.84167480
-669.53881836
-599.70159912
-669.84802246
-670.17608643
-732.36645508
-667.94250488
-608.69445801
-575.51214600
-676.61022949
-670.25775146
-669.36889648
-670.85656738
-699.48590088
-574.40899658
-681.83666992
-679.45727539
-733.85614014
-666.27197266
-679.46539307
-669.86950684
-671.85461426
-691.62890625
-510.14782715
-669.54382324
-735.31079102
-725.24426270
-676.45098877
-708.60485840
-705.40057373
-716.17901611
-735.95495605
-727.27911377
-672.46276855
-687.60797119
-691.45709229
-735.87176514
-686.16546631
-726.21014404
-687.86987305
-739.32745361
-722.05242920
-582.87353516
-727.06793213
-653.04040527
-675.03625488
-593.89154053
-665.68066406
-686.00506592
-667.24981689
-678.96887207
-664.14349365
-693.54864502
-672.04315186
-660.84368896
-619.65771484
-675.34179688
-678.76470947
-728.77734375
-682.93334961
-734.99871826
-675.74676514
-632.26348877
-742.71069336
-667.92077637
-657.96118164
-728.87268066
-734.63116455
-671.40917969
-707.73895264
-654.10894775
-677.71392822
-643.49829102
-680.29113770
-675.15069580
-738.74951172
-680.75543213
-686.36248779
-729.34130859
-683.45947266
-717.89978027
-725.82318115
-685.66937256
-688.92578125
-685.92626953
-695.68988037
-689.46087646
-615.38818359
-702.95214844
-668.85101318
-724.78863525
-692.18103027
-568.05700684
-724.28106689
-691.22070312
-725.57092285
-678.29284668
-632.10546875
-564.19317627
-625.21795654
-677.71148682
-663.47583008
-675.75903320
-659.98339844
-676.97119141
-736.38244629
-702.27404785
-697.92645264
-670.30566406
-688.75732422
-698.07592773
-574.93066406
-700.88861084
-563.06353760
-701.31750488
-672.56866455
-674.80236816
-670.82727051
-681.09924316
-679.57934570
-644.32769775
-614.24914551
-678.09509277
-673.83935547
-626.44848633
-581.54992676
-534.91467285
-700.89147949
-728.04577637
-654.78961182
-668.48101807
-721.55883789
-655.95538330
-672.75567627
-686.64196777
-707.02600098
-729.89495850
-634.60546875
-560.88098145
-723.56195068
-667.04901123
-687.62231445
-678.40289307
-559.43859863
-713.13903809
-734.02178955
-694.42059326
-619.56689453
-686.75854492
-686.07183838
-674.55450439
-683.46557617
-705.57818604
-669.81616211
-683.58410645
-623.42071533
-681.54785156
-704.41052246
-625.29901123
-655.38818359
-629.10644531
-689.91845703
-659.87335205
-708.10778809
-590.65478516
-686.83282471
-676.76928711
-601.05529785
-671.12872314
-687.96148682
-729.47344971
-700.29046631
-733.05413818
-674.26031494
-685.17510986
-676.55871582
-693.23370361
-695.80206299
-673.09143066
-689.56640625
-566.12951660
-666.62463379
-571.58215332
-693.08801270
-682.54711914
-694.42828369
-719.80328369
-599.52191162
-672.95971680
-678.80023193
-580.19171143
-715.22332764
-539.81781006
-715.24938965
-683.16101074
-562.85021973
-716.99194336
-700.01556396
-709.20343018
-678.66357422
-680.27343750
-569.61846924
-677.62603760
-672.60247803
-681.34802246
-655.31884766
-720.02142334
-676.71063232
-704.99792480
-661.02728271
-695.36267090
-685.86376953
-685.83325195
-675.95007324
-694.17980957
-696.70025635
-609.39691162
-708.09350586
-679.39904785
-678.28991699
-655.11132812
-658.58392334
-728.80364990
-705.28613281
-675.06970215
-696.62908936
-696.56634521
-652.72857666
-680.63031006
-670.94903564
-684.78582764
-700.45605469
-673.08911133
-722.75262451
-652.28112793
-733.23175049
-723.99444580
-703.92523193
-704.02227783
-676.76025391
-691.64465332
-585.03845215
-675.78570557
-733.33685303
-734.58300781
-658.43835449
-678.03869629
-734.73937988
-705.86047363
-693.34362793
-727.65338135
-675.00079346
-697.54510498
-700.04052734
-626.45037842
-657.02532959
-696.53637695
-655.20758057
-734.40600586
-704.91387939
-692.31463623
-677.46246338
-731.66033936
-687.55249023
-662.26904297
-680.00732422
-685.87750244
-678.36206055
-639.63250732
-662.77734375
-705.55035400
-699.05895996
-712.92199707
-679.58575439
-671.96173096
-694.52972412
-727.14447021
-709.98559570
-704.27862549
-703.24774170
-680.43530273
-681.31402588
-640.30218506
-683.08526611
-692.61578369
-677.07666016
-670.61926270
-706.01013184
-707.65063477
-693.76214600
-504.73818970
-706.62969971
-695.70855713
-732.62353516
-682.02893066
-660.14617920
-695.07019043
-681.30627441
-680.28015137
-703.62493896
-707.07550049
-694.95257568
-696.95056152
-686.59283447
-657.35430908
-726.80773926
-708.47204590
-665.86859131
-707.59124756
-707.52191162
-708.50671387
-696.28662109
-734.29779053
-592.02093506
-664.50579834
-587.59777832
-702.88342285
-689.94421387
-697.40545654
-680.89636230
-677.49212646
-707.90795898
-699.78063965
-692.79534912
-704.33074951
-659.82092285
-704.44708252
-706.60253906
-637.48614502
-680.90460205
-652.09490967
-665.85614014
-605.09576416
-613.85797119
-682.07653809
-672.59429932
-641.79498291
-636.01293945
-686.53472900
-738.48504639
-691.94866943
-622.85198975
-694.53790283
-619.24078369
-730.22967529
-678.34558105
-703.49719238
-630.13476562
-706.27972412
-680.17944336
-682.72436523
-705.06695557
-681.46258545
-721.85382080
-695.29876709
-680.83245850
-683.53881836
-682.80407715
-732.46813965
-699.40753174
-716.08422852
-624.48675537
-645.84167480
-680.53662109
-725.46032715
-694.51074219
-683.83746338
-705.58245850
-678.21057129
-711.04736328
-699.13006592
-687.55187988
-683.36816406
-732.53973389
-678.60162354
-705.80792236
-646.15600586
-706.53881836
-702.14935303
-596.52056885
-704.07177734
-643.34991455
-733.52069092
-701.87316895
-689.67242432
-702.92700195
-635.86578369
-680.13720703
-683.73315430
-607.63653564
-678.36968994
-695.15441895
-710.33044434
-702.96862793
-703.49822998
-642.29882812
-680.73504639
-686.47082520
-684.82312012
-679.74542236
-683.90502930
-740.49481201
-699.43847656
-694.90490723
-589.83416748
-681.55285645
-680.14764404
-719.92761230
-678.72113037
-545.73699951
-555.98303223
-642.50939941
-679.43298340
-708.24127197
-733.34619141
-679.37145996
-680.63592529
-692.20806885
-701.47839355
-703.08258057
-680.73992920
-682.20092773
-639.80114746
-729.89575195
-692.60107422
-647.15527344
-693.31463623
-698.99890137
-707.89068604
-669.51452637
-707.62500000
-703.00720215
-684.11865234
-692.44012451
-676.40704346
-718.75561523
-680.09918213
-604.75573730
-707.72534180
-522.68322754
-671.33117676
-704.11608887
-667.48260498
-647.41381836
-698.14666748
-563.99755859
-687.72302246
-670.94702148
-673.95880127
-678.50378418
-721.11346436
-705.60986328
-691.00836182
-729.06878662
-671.97515869
-685.55120850
-677.70880127
-707.74487305
-618.33245850
-606.97930908
-684.91284180
-705.05126953
-710.96258545
-679.16351318
-584.84527588
-659.25067139
-664.65728760
-635.79895020
-674.66247559
-588.67541504
-663.63824463
-694.26678467
-686.78326416
-651.93493652
-678.10949707
-687.20001221
-684.42211914
-676.44995117
-657.91064453
-705.88275146
-683.03112793
-697.11322021
-719.32550049
-686.96496582
-675.07385254
-631.02917480
-696.28179932
-674.08984375
-650.26800537
-668.46362305
-679.09118652
-693.62353516
-658.23968506
-673.19262695
-669.90869141
-714.75701904
-697.40661621
-637.13378906
-718.26202393
-641.88885498
-677.33526611
-689.85180664
-726.97534180
-700.87219238
-688.50305176
-677.66381836
-686.26342773
-651.22723389
-552.65069580
-679.46154785
-619.29364014
-677.06011963
-669.40576172
-673.17974854
-606.94238281
-688.06427002
-701.32128906
-666.12921143
-674.54003906
-675.37872314
-661.36956787
-733.47241211
-595.14654541
-692.40753174
-635.87408447
-721.49432373
-671.44293213
-737.24566650
-703.96875000
-634.02307129
-633.14727783
-715.79925537
-690.59057617
-673.41821289
-652.04864502
-672.83459473
-677.14489746
-652.85418701
-655.10931396
-678.44116211
-675.19586182
-700.65185547
-712.56561279
-670.14898682
-684.84704590
-647.12304688
-636.52606201
-686.16156006
-605.76538086
-666.57757568
-665.73309326
-697.87469482
-700.39367676
-682.04052734
-647.58892822
-693.60321045
-689.09912109
-678.54772949
-673.59716797
-647.90783691
-698.99835205
-706.80792236
-668.33807373
-646.97955322
-565.23168945
-715.74182129
-732.73388672
-723.77441406
-653.16339111
-666.29998779
-714.12249756
-676.28698730
-677.21838379
-679.84167480
-718.33026123
-720.56512451
-672.33935547
-571.91259766
-693.98004150
-624.24859619
-665.78790283
-634.41119385
-711.30853271
-585.35986328
-601.93353271
-669.23522949
-723.80523682
-706.06195068
-660.63128662
-724.89526367
-659.27246094
-640.72192383
-675.15649414
-618.16192627
-684.59863281
-686.41510010
-697.18780518
-675.47070312
-723.79150391
-698.59362793
-722.81195068
-654.02557373
-699.42053223
-614.91760254
-649.53564453
-616.02795410
-696.12341309
-734.90661621
-679.16729736
-632.36505127
-674.75634766
-677.82165527
-671.96447754
-721.94781494
-685.70361328
-670.29449463
-726.72509766
-615.93841553
-686.44519043
-674.75213623
-697.90814209
-584.52856445
-674.97821045
-672.74462891
-673.18408203
-733.07135010
-698.23010254
-732.11303711
-698.96551514
-589.16864014
-651.92108154
-583.97784424
-729.74206543
-675.53613281
-680.38885498
-672.50201416
-705.40966797
-689.74023438
-682.42340088
-708.54193115
-708.84008789
-658.62683105
-665.62872314
-683.33929443
-678.85186768
-655.63537598
-737.14361572
-730.73663330
-680.11218262
-733.78686523
-702.02032471
-682.26837158
-649.68695068
-691.47442627
-723.63562012
-699.23876953
-738.46502686
-699.88244629
-708.65295410
-649.49310303
-684.03338623
-712.75134277
-701.41625977
-644.40148926
-734.46417236
-724.26757812
-688.93066406
-694.82165527
-686.43225098
-743.98248291
-685.03851318
-633.17687988
-637.73773193
-715.54504395
-711.30340576
-712.53424072
-617.08807373
-741.98754883
-652.04180908
-686.80218506
-652.66625977
-669.58660889
-717.38970947
-689.99261475
-694.55792236
-686.68823242
-710.34002686
-708.01916504
-724.30090332
-725.95849609
-698.28955078
-652.39044189
-631.77722168
-654.63281250
-693.47375488
-688.79901123
-692.28186035
-576.54443359
-613.91076660
-739.07519531
-695.34887695
-638.44812012
-692.00164795
-708.98602295
-696.66088867
-666.40014648
-706.41491699
-664.33789062
-722.07635498
