-4.49621010
-4.23222113
-6.71147299
-3.89207077
-6.59222889
-10.45091438
-12.17111588
-4.76329517
-4.90942717
-5.54521561
-16.41703224
-16.93849754
-19.81070518
-6.06279707
-10.24909592
-22.40284157
-21.53004646
-18.07112312
-25.99088287
-25.19562340
-24.43119621
-16.22397041
-33.42951965
-24.98083305
-36.01919937
-34.70735550
-39.87810135
-41.99733353
-41.68422318
-43.51521683
-40.36400604
-46.13035202
-47.79841995
-50.29318619
-38.22741699
-53.12629700
-49.43890381
-51.90240860
-39.17000580
-58.72647095
-57.92421341
-64.52001953
-55.57493973
-68.82826233
-70.59445953
-72.46637726
-70.96446228
-70.98815155
-75.95730591
-76.71450806
-80.01656342
-70.44934845
-63.98123932
-103.14407349
-80.57679749
-84.46626282
-91.19982910
-93.53454590
-76.71634674
-76.54445648
-80.59440613
-93.24028778
-87.46969604
-87.28419495
-91.05507660
-78.85040283
-93.77655029
-86.59592438
-94.46258545
-88.74827576
-115.67118073
-106.70493317
-157.56184387
-87.88800812
-91.79120636
-107.90750885
-104.24990082
-136.38848877
-99.77381134
-116.87384033
-107.99873352
-129.13955688
-109.88685608
-40.41865158
-113.23964691
-139.41293335
-36.65654373
-116.37436676
-141.27427673
-124.35288239
-125.22838593
-124.94831848
-147.28443909
-134.72416687
-148.01702881
-135.40840149
-101.26152802
-252.44166565
-118.52905273
-120.48127747
-119.03049469
-145.71716309
-126.90190887
-133.11114502
-144.04644775
-148.99464417
-152.07797241
-139.61509705
-119.05265808
-137.00662231
-123.56243896
-119.58614349
-148.33743286
-160.93222046
-158.90731812
-159.37782288
-162.95523071
-139.26716614
-139.85884094
-164.29614258
-130.68164062
-92.28739166
-176.58934021
-177.40476990
-140.53689575
-155.53092957
-149.05134583
-167.05888367
-170.16696167
-157.39204407
-150.62091064
-185.43254089
-187.53254700
-158.23651123
-76.21482086
-174.74943542
-167.11192322
-194.14956665
-154.78109741
-169.66670227
-160.60591125
-171.71496582
-174.40455627
-174.58866882
-190.29954529
-294.61737061
-178.45237732
-76.56338501
-208.13031006
-161.18545532
-214.61943054
-205.27124023
-75.50873566
-186.40635681
-189.03739929
-194.60881042
-196.43327332
-220.19389343
-214.72380066
-196.51211548
-219.62574768
-195.47531128
-233.40399170
-244.52857971
-209.18586731
-214.15673828
-201.28424072
-189.21290588
-197.99035645
-230.77183533
-265.58932495
-259.91326904
-220.48834229
-173.47276306
-95.50628662
-70.40274811
-85.85054779
-231.60382080
-211.97842407
-90.01165009
-223.10946655
-239.32751465
-232.30969238
-235.60069275
-223.79045105
-217.75456238
-223.98997498
-220.99693298
-219.47082520
-91.43870544
-223.41125488
-247.18646240
-253.63566589
-79.86155701
-244.85401917
-259.99942017
-183.50186157
-84.81618500
-366.46685791
-247.70385742
-224.25132751
-248.69607544
-263.76544189
-229.19360352
-220.88870239
-384.55429077
-237.85423279
-347.93783569
-231.93215942
-397.81936646
-229.31152344
-228.71516418
-232.35670471
-268.97808838
-403.06057739
-213.87625122
-409.99789429
-236.98883057
-229.59530640
-240.62495422
-263.30194092
-244.23561096
-247.10949707
-325.58905029
-242.09342957
-185.66955566
-383.52395630
-251.64050293
-257.08953857
-383.39761353
-314.06613159
-286.40139771
-272.67520142
-333.72335815
-357.62277222
-210.50157166
-265.24975586
-307.02093506
-345.80178833
-291.96664429
-244.65701294
-227.47219849
-255.92755127
-272.73873901
-383.44909668
-355.52084351
-300.34274292
-265.13580322
-283.19186401
-258.42401123
-248.09339905
-275.16326904
-273.40145874
-270.99145508
-201.00042725
-294.46981812
-277.14334106
-272.64962769
-270.43191528
-406.86447144
-290.11239624
-304.85025024
-311.48278809
-280.48071289
-296.74761963
-332.18582153
-266.66815186
-212.11250305
-331.98529053
-302.32366943
-307.25521851
-257.39361572
-288.71606445
-306.06250000
-298.94451904
-274.59027100
-371.96337891
-374.63769531
-302.70227051
-234.04318237
-313.67837524
-310.76171875
-345.95980835
-312.09530640
-318.12649536
-364.20223999
-361.80206299
-312.42950439
-307.50381470
-384.51034546
-347.97000122
-363.39559937
-305.05206299
-376.02108765
-316.69201660
-268.66421509
-322.02688599
-340.70767212
-247.06353760
-409.20147705
-392.98513794
-281.09411621
-287.99655151
-285.99087524
-344.88595581
-360.11636353
-362.47964478
-331.80880737
-299.47760010
-337.04629517
-321.02670288
-329.81103516
-369.23895264
-268.49237061
-391.27752686
-373.79031372
-325.70513916
-391.71823120
-330.61621094
-337.66549683
-300.67175293
-329.30133057
-352.40979004
-346.07751465
-321.93164062
-375.49655151
-329.48013306
-406.63458252
-405.52487183
-281.17599487
-291.88534546
-338.53503418
-376.20968628
-259.84136963
-286.46572876
-359.66061401
-393.23297119
-390.45352173
-348.42562866
-362.77926636
-347.00601196
-366.41482544
-323.16824341
-369.88104248
-417.75619507
-332.53512573
-380.87518311
-358.48254395
-522.74237061
-351.29232788
-276.25668335
-314.31613159
-323.04159546
-320.72180176
-292.71286011
-334.52914429
-331.97155762
-316.33041382
-325.82318115
-281.80545044
-425.82366943
-389.36593628
-294.60250854
-283.35345459
-326.68646240
-298.00390625
-334.66937256
-338.35186768
-403.67993164
-322.80596924
-341.88909912
-311.80001831
-306.23114014
-314.07714844
-332.69805908
-342.15991211
-309.89413452
-324.68469238
-293.88806152
-316.79638672
-315.00643921
-324.88235474
-311.89782715
-328.37783813
-334.33908081
-327.22402954
-262.73916626
-328.55557251
-259.67642212
-253.12149048
-251.02064514
-248.88990784
-251.51728821
-255.09724426
-253.14416504
-347.47601318
-304.75479126
-246.64166260
-366.66009521
-245.94519043
-245.81187439
-245.66674805
-243.62730408
-244.68409729
-330.97463989
-324.67642212
-239.28312683
-247.76222229
-247.76982117
-280.18762207
-273.08334351
-252.83987427
-306.81896973
-354.03747559
-254.64057922
-332.41595459
-324.81683350
-268.81323242
-262.79949951
-240.91406250
-241.90266418
-242.45002747
-249.79624939
-251.50979614
-243.45936584
-309.69580078
-253.85054016
-251.70213318
-369.34936523
-234.66545105
-233.69598389
-262.54760742
-230.78494263
-360.17294312
-356.95629883
-237.70558167
-230.59558105
-231.05293274
-229.40333557
-408.59771729
-243.95907593
-227.64901733
-227.27410889
-228.45341492
-226.85379028
-227.35887146
-225.93788147
-226.41343689
-226.37928772
-227.02294922
-436.82089233
-224.20877075
-224.05859375
-359.48831177
-295.98806763
-322.48638916
-372.96176147
-261.50549316
-244.88825989
-244.61717224
-392.37115479
-315.95452881
-371.10430908
-298.01702881
-237.84776306
-230.42976379
-222.60498047
-219.69999695
-218.63081360
-218.11013794
-217.26692200
-214.53919983
-217.52244568
-213.71014404
-214.13954163
-217.20306396
-211.60150146
-211.11064148
-211.05819702
-213.12060547
-211.32070923
-406.34036255
-211.16729736
-210.16436768
-210.25210571
-208.24859619
-207.61581421
-208.14036560
-209.39804077
-466.02493286
-207.62992859
-208.46382141
-206.85749817
-208.47814941
-205.85101318
-413.46279907
-201.72117615
-203.47738647
-221.45642090
-205.32301331
-202.02575684
-200.52226257
-202.65049744
-208.24879456
-222.32394409
-201.65223694
-205.44354248
-208.65420532
-206.78675842
-211.99693298
-204.56404114
-202.30062866
-200.09948730
-196.89399719
-195.71858215
-197.10256958
-197.90653992
-215.59996033
-210.48423767
-340.51852417
-198.88658142
-194.47309875
-193.45394897
-193.32756042
-195.19081116
-195.74766541
-195.57293701
-201.94265747
-206.49110413
-197.35195923
-221.49676514
-305.98233032
-354.88739014
-432.01815796
-423.30676270
-278.07293701
-267.71246338
-214.72268677
-192.04386902
-189.08399963
-186.62879944
-186.63758850
-192.45648193
-184.82176208
-187.78283691
-189.84614563
-241.38449097
-186.82339478
-193.34851074
-183.76371765
-184.02069092
-183.09107971
-183.59068298
-182.35462952
-185.66806030
-181.47523499
-182.10156250
-182.93463135
-181.99462891
-179.67864990
-179.94703674
-178.92474365
-178.01823425
-181.25198364
-178.02616882
-181.67349243
-176.07666016
-175.24897766
-175.66871643
-174.73393250
-175.30520630
-174.60578918
-175.38693237
-174.26712036
-176.66513062
-292.41027832
-171.71873474
-173.04708862
-171.84310913
-168.26002502
-172.13250732
-169.31242371
-170.75155640
-167.32362366
-168.76184082
-168.97253418
-168.70223999
-167.35311890
-168.11001587
-169.66481018
-170.84469604
-168.22531128
-167.59568787
-315.58786011
-164.48205566
-162.09950256
-318.59353638
-164.13545227
-162.49046326
-161.65013123
-161.65202332
-162.94590759
-244.09436035
-162.34133911
-162.23419189
-160.75267029
-161.50694275
-160.19006348
-159.73132324
-159.79612732
-158.44058228
-159.01599121
-157.05606079
-157.48638916
-156.60598755
-156.49691772
-156.63644409
-156.82737732
-155.50794983
-154.91944885
-155.24421692
-155.98031616
-157.90708923
-152.75213623
-155.69078064
-152.25082397
-153.68750000
-152.57269287
-150.72355652
-150.62524414
-150.80923462
-155.58317566
-150.31428528
-149.04820251
-149.83543396
-149.16825867
-150.82377625
-150.02236938
-147.96556091
-149.03912354
-148.40959167
-150.68795776
-150.45120239
-149.97840881
-149.94766235
-146.98585510
-150.60034180
-146.84028625
-145.72703552
-145.26544189
-147.20967102
-146.17671204
-145.17425537
-143.85896301
-144.39054871
-144.30816650
-144.16755676
-143.96315002
-148.68946838
-154.71893311
-319.39859009
-148.77186584
-146.06806946
-142.87467957
-140.68284607
-142.00535583
-140.94020081
-140.06097412
-140.42424011
-141.46548462
-142.07360840
-143.17868042
-139.33872986
-139.54870605
-139.58493042
-146.49804688
-144.95887756
-146.98059082
-302.28338623
-139.08312988
-145.98869324
-145.96731567
-136.30981445
-136.60766602
-136.57078552
-135.04644775
-135.84025574
-138.46884155
-137.72879028
-137.86775208
-136.61253357
-137.26463318
-135.49726868
-138.30972290
-136.45396423
-273.21154785
-281.16003418
-238.42303467
-243.57400513
-130.96302795
-132.72268677
-131.14166260
-130.74075317
-130.16427612
-522.57366943
-130.33123779
-128.73738098
-129.13014221
-129.14923096
-129.22294617
-128.99281311
-129.05058289
-144.42494202
-292.10061646
-136.24803162
-131.62670898
-134.17478943
-126.50167847
-126.09618378
-134.79176331
-132.28332520
-131.06489563
-127.32540131
-125.67767334
-124.03653717
-125.79730988
-125.54685974
-125.68358612
-127.46340179
-127.69429779
-131.28341675
-127.36028290
-125.80208588
-125.75519562
-122.94721222
-129.49929810
-126.34829712
-121.33284760
-125.53523254
-123.17771149
-120.75631714
-119.64617157
-120.26785278
-132.15078735
-124.57225037
-121.41056061
-125.46907043
-127.64100647
-149.35424805
-118.58589172
-117.65909576
-123.18743896
-133.35000610
-280.52380371
-122.20218658
-126.19161987
-128.19793701
-122.11843109
-120.80677795
-118.27890778
-118.03774261
-114.59427643
-120.45184326
-116.59835815
-118.28407288
-118.55363464
-117.42366028
-115.80943298
-113.17665100
-122.10340881
-129.42108154
-132.66717529
-212.17515564
-239.00477600
-132.68019104
-129.93090820
-131.86668396
-124.55895996
-111.34299469
-115.56990814
-118.73297119
-119.79775238
-112.47842407
-111.34130859
-121.71880341
-284.41970825
-123.79788971
-126.57087708
-121.08316803
-108.60935211
-110.73226929
-108.37907410
-107.63780212
-111.69921112
-110.60990143
-112.06168365
-110.24164581
-109.43169403
-108.99345398
-110.99823761
-259.91247559
-308.77273560
-312.42779541
-195.72045898
-290.20458984
-291.57418823
-291.62155151
-155.43469238
-105.59848785
-107.97637939
-103.92088318
-103.99322510
-102.47178650
-102.36007690
-103.55575562
-105.84662628
-105.32782745
-106.34555817
-102.94406128
-102.56815338
-101.66135406
-103.63176727
-101.25283051
-103.47011566
-102.12075043
-105.97132874
-99.55380249
-98.20851898
-101.34250641
-266.11010742
-99.86071777
-247.75602722
-109.07081604
-106.48055267
-118.39272308
-101.20627594
-95.78607941
-96.11717224
-102.46957397
-107.27947235
-107.84391785
-107.06364441
-93.65964508
-94.69348145
-102.72293091
-105.26035309
-120.47402954
-131.46209717
-105.89020538
-94.19449615
-116.42204285
-108.70362854
-103.84128571
-110.04540253
-109.32308197
-110.73725128
-110.40936279
-105.15659332
-97.41127014
-116.80558014
-270.90582275
-113.03986359
-121.89284515
-120.97647858
-96.64550781
-90.41862488
-92.23108673
-90.97692108
-108.66346741
-115.27442169
-95.51103210
-89.81427765
-89.04837036
-96.43323517
-92.83071136
-99.08605957
-98.85256195
-88.78785706
-104.93389893
-113.85658264
-88.69580078
-90.33544922
-97.56107330
-91.19702911
-91.25717926
-94.02698517
-104.36994171
-88.76439667
-86.02375031
-87.24340820
-86.43109131
-85.73624420
-92.01621246
-86.60923767
-87.69905090
-85.55908966
-85.76976776
-86.49345398
-86.88024902
-85.55860901
-86.05331421
-109.87485504
-111.18164825
-100.97256470
-97.14465332
-89.18830109
-98.31826782
-108.57379150
-94.79007721
-106.45013428
-90.78192139
-84.89378357
-84.52079773
-85.66826630
-85.60744476
-88.90210724
-97.41165924
-91.86483002
-103.71463013
-97.19569397
-86.60211182
-84.35144806
-84.51290894
-84.49914551
-84.03272247
-87.66028595
-84.17136383
-86.42424011
-88.05563354
-83.22721100
-83.83239746
-92.51783752
-82.39859772
-83.10570526
-84.10657501
-83.40478516
-83.69937897
-101.46127319
-95.36955261
-101.81785583
-92.76616669
-88.37403870
-81.25220490
-94.33855438
-86.07541656
-101.44792938
-86.81593323
-85.79106903
-82.10382843
-95.52129364
-93.76988220
-82.67291260
-80.06575775
-80.22548676
-80.75945282
-82.37051392
-80.74192047
-80.69142914
-80.62568665
-79.80519867
-78.22486877
-91.40304565
-79.15097046
-78.19770813
-78.05438232
-78.02954865
-77.92633057
-77.99789429
-84.92327881
-78.90190887
-80.81611633
-76.72401428
-77.94111633
-80.09284210
-94.06481171
-90.13510895
-89.64971924
-81.59134674
-89.17556000
-95.43025970
-97.22848511
-90.47188568
-95.18762207
-94.85261536
-91.96430969
-99.84546661
-93.89637756
-84.33261108
-80.07564545
-75.96441650
-77.34047699
-73.54006958
-85.47329712
-82.86540985
-78.01863861
-81.17379761
-85.62424469
-76.36026764
-73.25154114
-73.89661407
-71.58104706
-79.10310364
-71.77340698
-71.76660156
-76.15240479
-74.12779999
-71.97554016
-77.03336334
-78.29504395
-91.47522736
-80.59754181
-104.21784973
-82.40029907
-71.86624908
-85.02287292
-79.55429077
-78.56507874
-83.63095856
-85.12092590
-92.23678589
-73.50680542
-74.16199493
-73.75566864
-75.23915100
-72.07261658
-76.10766602
-100.83249664
-82.91275024
-84.41934204
-85.13947296
-73.79685211
-89.20954132
-99.72362518
-86.44319916
-111.08660889
-102.86489105
-99.28939056
-85.85795593
-89.08593750
-71.12946320
-68.55599213
-71.21005249
-68.79701233
-66.85215759
-82.07096100
-74.84781647
-101.78090668
-72.41745758
-68.75796509
-67.89359283
-66.61270905
-67.30178070
-68.91627502
-66.80570984
-68.18544006
-67.20644379
-73.16846466
-82.20765686
-116.55442810
-82.05445099
-68.55673218
-65.02845001
-65.36430359
-65.12206268
-73.91452026
-64.25937653
-66.49753571
-66.24302673
-70.81876373
-82.73030853
-68.39596558
-64.78620911
-63.76815033
-67.82485199
-65.56786346
-64.82029724
-64.66790771
-64.56292725
-65.51523590
-62.87548828
-63.92585754
-63.55481339
-67.58870697
-66.51013947
-64.34736633
-66.55570984
-66.95717621
-65.91356659
-69.28711700
-69.90583801
-69.06017303
-69.26922607
-68.02555084
-67.60739136
-66.24552917
-63.35783386
-62.71511459
-62.34289169
-63.73944092
-64.33262634
-64.69162750
-61.39509583
-69.89167786
-78.54482269
-72.65426636
-65.42180634
-63.27373123
-66.10117340
-63.08197403
-69.54946136
-70.91165924
-61.13019180
-63.72503662
-61.78305054
-63.19565964
-64.16157532
-65.12902832
-72.35527802
-68.19741058
-63.93457794
-63.11404419
-61.65268707
-58.68951797
-58.77503967
-64.89236450
-58.00405121
-58.33644867
-57.60451508
-58.58769989
-57.62803650
-62.70532608
-61.71399689
-63.74011993
-63.96516037
-180.01475525
-62.18885040
-60.13611984
-58.46412277
-58.31472015
-77.01515961
-64.33784485
-69.90824890
-57.79351807
-56.92218399
-59.44414520
-56.79032516
-59.17295074
-61.27260590
-55.83485413
-55.73743057
-60.65428543
-56.33858490
-57.88952255
-59.22692871
-55.86584854
-58.25303650
-57.30244446
-62.09454346
-68.79289246
-58.89363861
-55.07005692
-54.59806442
-55.26615143
-54.44955826
-54.06380844
-54.53634644
-59.13361359
-72.75710297
-65.22083282
-59.13091660
-56.08847427
-53.87001038
-68.38107300
-61.51850510
-60.22332001
-56.87686539
-55.23372650
-55.43909454
-54.06357956
-53.81099319
-54.39239120
-55.40773773
-55.01158142
-54.02967072
-53.41448593
-57.42546082
-56.74748611
-56.89816666
-184.24551392
-56.31849289
-54.29151154
-52.33488846
-54.96455765
-51.85913849
-55.26198578
-52.42932129
-51.99610901
-52.09035492
-53.69507599
-53.33790970
-54.66867828
-51.52748871
-53.21597290
-50.58178711
-52.18612671
-51.77154160
-53.77508545
-51.98048782
-54.35312271
-57.98957825
-51.14837265
-51.53347397
-55.40406036
-58.16933060
-55.65898132
-55.53906631
-49.38271332
-54.00894165
-55.34084702
-51.76808167
-52.30218506
-50.54172516
-51.45460892
-52.82331848
-50.19383240
-50.37960434
-50.87068176
-52.87587738
-57.96799088
-56.06394196
-62.80630112
-58.99611664
-61.83736038
-57.16736603
-59.29026794
-54.28883362
-52.98676682
-56.08758545
-47.75535965
-49.70093918
-50.55418777
-48.02327347
-48.42158890
-50.96293640
-52.71457291
-194.80805969
-56.88671875
-52.46334457
-51.96713638
-49.49230194
-48.07957840
-53.07093430
-54.63141251
-76.60774231
-223.92619324
-62.24735641
-61.21125793
-59.08251190
-59.58717346
-54.82966232
-45.35058594
-44.97458649
-50.44146347
-49.28830338
-52.74346924
-55.81884384
-57.56639099
-55.78766632
-61.49851608
-63.39660645
-57.65803146
-53.26884460
-46.70942307
-46.11067581
-46.61351776
-49.77383804
-50.69541931
-44.59638596
-44.53105164
-44.61043167
-45.37712097
-43.07433701
-44.16131592
-44.47937012
-45.51271820
-45.36138916
-43.16147614
-43.12860870
-44.00321198
-43.96908569
-43.35393524
-42.18137360
-47.70733643
-43.56774139
-52.14229965
-45.97894287
-51.23149872
-54.28202057
-56.41500854
-49.99573517
-41.84615707
-42.73550034
-42.62121964
-50.32348251
-58.22726440
-59.46166611
-46.09812546
-42.14752579
-41.99536514
-44.46877289
-42.87443924
-44.13134384
-42.17913437
-44.85211563
-58.09563446
-50.15715790
-40.48990631
-45.49584961
-55.18122482
-49.39090729
-41.03191376
-41.00877380
-41.62681961
-41.15839005
-46.17185974
-40.02941132
-41.75389481
-42.02911758
-41.86019516
-41.55230713
-40.83873749
-39.87322998
-43.75852966
-43.44475937
-44.81829453
-39.59419250
-40.97815323
-41.26836395
-39.92460632
-40.15670395
-39.72161102
-39.54655075
-39.69667053
-40.73850632
-39.96844864
-47.28264999
-45.14046097
-50.04085159
-38.49630356
-38.30401611
-39.32435608
-42.20391464
-54.49089050
-58.38792419
-56.74695587
-50.52761841
-42.46099091
-38.21933365
-37.99135208
-38.25457382
-39.40693665
-43.50905991
-41.38002014
-38.10982895
-38.08437347
-36.53497314
-37.16308594
-45.60819244
-38.95256042
-39.27859116
-47.13350296
-41.32348251
-41.16073608
-37.52053070
-48.37718201
-36.83245468
-35.93475723
-36.24422455
-48.26734161
-47.92306900
-61.97581482
-37.29332733
-51.65651703
-47.62137985
-35.80893707
-37.41492081
-37.01865387
-35.93534470
-34.40414047
-33.93263245
-35.62137222
-34.68309784
-44.14529037
-47.10951233
-43.21236801
-34.43597031
-37.73629761
-35.29652405
-34.94613647
-34.72922134
-44.53561783
-34.31168365
-35.82342529
-44.91341400
-43.40422058
-45.25027466
-36.32877731
-43.20790863
-39.68970108
-34.17470551
-33.02839279
-32.91184998
-33.35024643
-32.31414795
-33.02647781
-34.46596527
-36.57554626
-31.94714928
-32.44484329
-36.09216690
-33.27758408
-37.16941833
-32.05879593
-31.66902351
-49.73611069
-32.51742935
-35.38967514
-32.34695816
-31.90950775
-31.52905273
-34.39259720
-32.02188873
-30.91115952
-29.72687149
-32.45008087
-30.43226051
-36.87511826
-31.04002953
-29.75158691
-40.28468323
-42.16108322
-31.61402702
-30.85117531
-31.12660980
-29.72628975
-31.43616867
-31.28449059
-30.62476540
-31.78850555
-30.56715775
-32.24729538
-32.89378738
-33.25710297
-32.92023087
-31.33580399
-30.25633621
-29.58255577
-29.96179199
-29.11911392
-29.18102455
-28.88740540
-39.55861664
-36.81539536
-28.69528008
-29.26481819
-28.51133728
-28.24393272
-39.03181839
-35.94715881
-28.94363976
-30.17892647
-30.01238060
-28.58855438
-28.85457039
-30.11548996
-27.67698669
-27.11957932
-28.69157219
-29.64655685
-35.47094727
-28.08938599
-28.73030663
-27.75801849
-27.51865768
-26.68714714
-27.01885223
-30.26750946
-32.33229065
-30.88893127
-28.27199554
-27.87729645
-28.75096893
-27.51117325
-27.18029594
-26.27664566
-26.80510902
-28.55348396
-27.10150146
-28.05160141
-26.50612640
-26.90091133
-25.02913857
-25.30026436
-25.64425659
-25.56632233
-28.14573288
-26.48848152
-26.63043213
-26.34148026
-27.80639076
-26.25254059
-27.19180679
-26.23019600
-25.91709518
-26.70338631
-26.49895096
-25.08423042
-25.74956703
-30.24926567
-25.89749527
-24.73494720
-25.97734451
-28.77456284
-31.45607376
-38.65953064
-29.63007736
-38.91708755
-39.60606384
-37.13645172
-34.84506607
-25.06636810
-33.80986023
-39.21828461
-27.12544632
-30.19257736
-27.12995529
-24.60722923
-24.54908180
-23.93074799
-24.25812721
-22.80997658
-40.52505112
-42.01318359
-24.76932144
-23.36543083
-23.46881866
-26.44508171
-29.27710533
-26.88164139
-40.58473587
-23.05695343
-22.88315582
-23.00317192
-24.17116165
-22.79131889
-22.78886604
-29.69643784
-27.03053474
-32.95311356
-43.78510284
-22.92490196
-33.13004303
-24.20251656
-23.38993645
-42.78661346
-24.22430801
-39.21824265
-23.47362518
-36.62849808
-34.85284042
-36.36746597
-41.90536499
-38.27254486
-24.91044998
-24.50790024
-35.23126984
-20.86844635
-21.05284882
-29.20321274
-26.81562614
-37.81338501
-20.21246338
-21.01739502
-21.38252449
-19.65488243
-18.84445190
-19.65047264
-18.89196396
-18.45752525
-34.76045227
-48.83691025
-42.51374054
-48.19808960
-17.57035828
-16.83339119
-16.78528214
-17.89616013
-19.85593605
-19.31840515
-18.22506142
-15.62707996
-15.84801865
-15.08368587
-15.00408077
-14.61194897
-15.51360989
-15.52452183
-15.15642452
-16.01408577
-15.58565235
-14.88439560
-27.11288071
-73.77324677
-24.21015167
-14.65928459
-14.82439423
-15.14112282
-15.15298843
-14.22299767
-23.43045044
-15.35490227
-18.00429726
-15.41575718
-28.55394936
-20.88231659
-22.23390007
-19.20273209
-18.16451454
-14.39782906
-15.02931023
-19.38345909
-14.25354576
-16.50200653
-21.44414139
-19.95086098
-15.81501675
-26.49473953
-33.61262131
-26.00651550
-23.86243057
-13.49005795
-24.98361778
-19.75667953
-18.20865440
-13.20872784
-17.17358208
-13.21336365
-19.46223259
-18.48926544
-33.15518951
-31.56355476
-30.86575127
-17.27750778
-19.44952011
-27.24090767
-16.57946587
-11.70717907
-17.98100281
-21.83592796
-14.99357796
-17.76702881
-18.20311928
-18.81854630
-11.44481468
-11.37894821
-16.75703430
-15.18181324
-8.18934917
-14.59750748
-16.24376869
-30.22555542
-26.62191772
-23.78599358
-24.69017982
-28.33211899
-23.01201439
-20.75665474
-20.52046776
-23.41994095
-11.21671486
-14.99753666
-11.05301285
-14.53714561
-17.89866638
-125.51290894
-18.05446053
-16.98214912
-14.90672302
-9.61422634
-11.55854321
-14.37197876
-29.84531975
-26.96039391
-27.10948753
-27.80550003
-22.57202530
-22.58314896
-24.57223892
-21.68405342
-15.15142727
-15.87634659
-14.59044075
-14.29957104
-21.49911690
-23.43242073
-20.66606331
-17.02271461
-14.51172352
-14.44197273
-11.86285019
-17.97185898
-15.73711491
-13.96323967
-11.86520386
-15.65130711
-17.42569733
-15.61999702
-16.19722366
-123.21702576
-14.47568798
-14.38356686
-11.38391209
-10.99903584
-10.75321102
-16.16004372
-10.64112854
-12.58269596
-11.34022331
-14.18821239
-13.80677032
-15.54507637
-25.33925247
-20.83898735
-16.02344704
-12.07505798
-11.23863792
-15.18118668
-23.67613792
-27.48137093
-28.88117218
-16.54192543
-16.79759407
-13.97324944
-15.18143463
-16.72372818
-28.40488052
-14.92164993
-24.93734360
-29.94172668
-24.87226295
-25.02907181
-20.69262123
-31.13443756
-22.66204643
-20.17916679
-15.80841541
-16.22333717
-14.01138306
-12.53807735
-19.14619255
-17.15049171
-14.32335281
-14.96465015
-12.38348103
-13.27769661
-15.10351467
-20.34296608
-21.24468040
-17.88599968
-15.90449333
-13.65486431
-17.66509247
-17.99495506
-16.19612885
-19.11760521
-17.99090385
-15.42224312
-19.50668526
-18.53446579
-20.44440269
-17.60159874
-21.15283775
-13.09332371
-17.70427322
-18.35351181
-24.62061882
-24.20511818
-14.48214531
-18.43797493
-23.82289696
-27.12267494
-33.21667862
-22.55776978
-16.67794991
-12.83133888
-22.53296471
-13.71813107
-21.52245140
-24.71207428
-17.53816032
-15.93858910
-26.96218491
-16.30762482
-11.86435795
-16.58272743
-11.66100693
-16.83222008
-19.38787079
-24.86872101
-20.42464447
-11.55658627
-13.71375942
-19.45105743
-13.70463467
-21.31793976
-20.95308304
-23.51696777
-17.10817146
-20.22363663
-21.35995293
-20.67231560
-17.17004967
-18.54037285
-26.95019913
-39.87253571
-48.29475021
-50.72063828
-151.13514709
-44.07870865
-22.84618950
-14.49341869
-19.28113747
-26.06587219
-110.11665344
-17.40229607
-13.72812462
-12.31620979
-16.47460747
-21.77727318
-12.20390892
-20.40573883
-30.49072838
-157.40998840
-42.20602036
-143.61119080
-180.57034302
-33.78506088
-40.89654160
-34.04029465
-17.76484299
-18.75145912
-27.45540237
-27.67899704
-14.15508461
-18.15789032
-19.34721756
-15.27382278
-28.32041740
-13.66032982
-16.36946487
-17.05030441
-24.35342026
-28.26411247
-30.18093109
-32.37895966
-17.09768867
-11.52161503
-22.41926193
-21.09334564
-11.84198761
-19.91667175
-23.91261673
-32.01577759
-10.17757797
-13.80064487
-22.81946945
-19.17653656
-25.48158836
-20.00344658
-21.15511131
-9.34578609
-17.42234993
-30.74396133
-42.65578079
-33.27054977
-21.20178795
-8.37649822
-19.87870598
-10.06577492
-18.68561745
-24.03755379
-7.01619244
-36.41123199
-27.42911720
-16.86331367
-18.68060684
-6.50678205
-17.01579094
-13.61256409
-7.92760754
-25.58121490
-15.96788406
-6.07939577
-24.80656624
-41.83361435
-28.16474724
-5.86129093
-31.13537598
-33.15292740
-31.22581291
-28.84901428
-39.86581421
-57.41578674
-35.45251465
-7.16961050
-19.02544403
-6.58236170
-31.33228493
-7.40040064
-8.79888058
-27.04389763
-40.98876190
-23.84492493
-28.22691345
-9.29293537
-16.45772743
-19.70035362
-35.45646667
-15.58197594
-18.31451225
-15.06797314
-7.88511562
-29.72850800
-43.29151154
-25.20464134
-6.62467003
-14.46855068
-8.74416637
-18.33512878
-29.60291100
-6.65051889
-7.43163681
-17.05699158
-9.57499981
-8.78986835
-11.16509151
-14.64895153
-14.54566097
-6.48043871
-7.93554020
-23.64510536
-21.94453239
-26.64294434
-32.94300079
-64.97254181
-54.29019928
-19.59884834
-11.11747456
-29.45783043
-13.23687935
-57.34489059
-66.67858124
-291.33190918
-86.02115631
-76.00009155
-61.60289001
-27.59060860
-19.91156387
-33.40220261
-58.34039307
-74.74552917
-79.19668579
-76.81624603
-43.90123749
-48.93395615
-65.90780640
-59.59785080
-42.62812805
-19.25801277
-24.60288620
-22.18460274
-36.28206253
-20.11530304
-10.63499641
-14.45798016
-88.11000061
-35.87636185
-12.90733624
-43.44784546
-10.12523556
-10.23518944
-44.77430344
-32.63681412
-32.73540115
-29.86659241
-18.54127312
-43.96329117
-35.67957687
-56.65587234
-27.86558723
-34.15494919
-24.06451607
-43.75147247
-9.96708870
-12.15463638
-40.86994934
-45.93639755
-37.54364777
-54.36666107
-55.61597824
-63.75223923
-39.13309097
-53.18497467
-17.91433144
-13.68646526
-15.55680752
-49.94269180
-74.36678314
-57.05165482
-148.19639587
-814.36029053
-240.75097656
-567.47070312
-103.31615448
-110.07632446
-174.77082825
-186.79641724
-227.37310791
-107.99368286
-107.25849915
-244.00488281
-54.35410309
-92.28409576
-197.28289795
-241.51315308
-152.94796753
-30.80364037
-49.88762283
-22.29067421
-65.57041168
-145.45753479
-93.70100403
-138.35278320
-24.50109863
-65.89604950
-54.82832718
-60.90336609
-67.04057312
-22.99346542
-84.11743927
-71.88658142
-56.81776428
-56.31727600
-60.22918320
-81.26274872
-20.34998131
-105.61524200
-88.44822693
-13.72586441
-61.52003479
-74.71961975
-57.99779892
-58.55330276
-49.78192139
-20.29539108
-99.17169189
-46.62936783
-70.74815369
-33.94245148
-91.27928162
-101.63933563
-51.10655212
-60.37494278
-39.49050140
-47.51012039
-20.98560143
-25.52857018
-62.22592926
-56.48749924
-53.56305695
-56.32040024
-40.29042435
-28.33813477
-80.49010468
-158.10488892
-10.12554073
-18.87431908
-91.52552795
-75.44509125
-28.53367805
-28.49133492
-58.04460526
-35.24267578
-45.27978516
-31.25411987
-23.77224159
-44.82563019
-18.04499054
-170.43783569
-283.22515869
-323.90429688
-202.80455017
-22.36748314
-34.63769531
-40.77416992
-40.14539719
-32.09415054
-67.07191467
-24.95916557
-26.65701866
-19.54492569
-255.96289062
-405.06069946
-269.72717285
-54.63333893
-422.72659302
-346.76296997
-228.05938721
-328.39538574
-137.51617432
-192.75753784
-290.22274780
-58.85299683
-49.04622650
-54.39818573
-47.71520615
-51.57326889
-42.40802765
-43.55891418
-49.77732086
-101.96634674
-264.23391724
-30.32668877
-189.19586182
-26.15404701
-253.10636902
-33.71184158
-61.44321060
-228.72268677
-263.11877441
-250.05670166
-192.21495056
-227.13265991
-193.21138000
-162.60668945
-270.35983276
-785.71575928
-523.06152344
-314.09265137
-340.15988159
-13.39769268
-379.64245605
-162.57914734
-21.74730110
-263.48129272
-785.28796387
-1570.93591309
-41.75786972
-202.84399414
-26.65740013
-35.79791260
-14.71905327
-71.55087280
-76.69180298
-79.09012604
-1563.07666016
-10631.93359375
-23.10964203
-28.45344162
-460.80081177
-47.78968430
-1182.47216797
-60.81867599
3.83364081
-60.10290527
-55.56024551
-43.15100098
-8.11289406
-8.23208523
-17.90653038
-7.44675398
-24.45922279
-13.74166107
-817.60034180
-610.21752930
-981.99212646
-801.11352539
-567.06188965
-1307.73632812
-476.11785889
-26.11803818
-931.64691162
-71.33152008
-2966.82592773
-497.49658203
-1375.80957031
-1031.63403320
-2406.83837891
-462.36331177
-1570.59948730
-2376.27294922
-1736.16369629
-627.70159912
-2255.77880859
-865.83917236
-983.11602783
-262.03152466
-740.58648682
-573.22442627
-577.34149170
-617.99700928
-55.42716217
-1133.63830566
-705.21185303
-478.41564941
-11.53376484
-59.63762283
-55.89369202
-41.71739960
47.78850174
44.81323624
-1355.30395508
47.55937195
47.58873367
-451.32666016
-984.55841064
48.08201981
-315.86297607
-59.15038300
15.98200321
-581.98382568
-1927.40563965
-745.18621826
-1104.82312012
-148.11117554
46.08414078
-1660.93823242
49.97925186
43.84415054
-1697.19750977
-189.49618530
-853.50805664
-1592.68676758
-2702.18969727
-2651.95532227
-1397.34130859
-522.56188965
-641.27868652
26.17686844
44.78284454
-1842.52148438
8.97845650
44.32279968
-159.05412292
32.29262161
-1741.69799805
12.36163616
-2270.83691406
-1158.01647949
-82.31658936
-5.84949780
-2783.03271484
-2629.79174805
-1810.56152344
10.45848560
-1924.87426758
-2081.13891602
-1986.90698242
-1874.77148438
-1879.69580078
-1893.57641602
-1896.90478516
-348.68771362
-1920.45788574
-307.12939453
-2038.45129395
-1140.73706055
-1007.88726807
-1934.47949219
-670.74011230
-1990.87402344
63.34781647
25.25651169
-2055.24438477
-2436.45532227
-1524.47460938
-2736.44409180
-3173.39355469
-2216.93554688
63.18620300
-101.84694672
-682.81915283
-20.25976753
-9.51324463
-2195.25805664
-2256.01757812
-2200.12524414
-2277.96435547
-30.03336716
46.89064026
-13.71624660
73.35283661
-1521.66174316
-1854.29980469
-2150.59667969
-2357.14013672
-2757.07836914
-3236.35351562
-2492.53320312
-32.84809875
-2795.20312500
-2819.51196289
-2148.41699219
-1648.21655273
-1240.37438965
-2727.88964844
-15.92199802
-4.53719759
32.62036133
37.54347229
-112.78060150
-44.67947769
36.54336166
-2649.31835938
-3080.45166016
-292.30358887
80.67092896
-460.28442383
-92.88349915
-55.88638687
-1005.00415039
-985.53704834
-2531.34472656
-2857.81787109
-2695.49438477
-12.32406521
-2931.84692383
-2720.25488281
-2973.82080078
-1189.72961426
-3321.49096680
-3288.62426758
-2991.04321289
-2916.93945312
-100.52224731
-5.04837322
-3285.82714844
-4.66531181
3.82570839
19.26797295
15.72315025
-9.63141727
-54.71482468
-3539.91284180
86.45216370
-3811.09033203
39.32853699
-464.89694214
-3126.39135742
-3692.64624023
-339.61383057
-792.90521240
-888.50500488
-3948.07836914
76.78601074
-3576.63598633
-21.99050713
84.10819244
-3476.80957031
-3751.90625000
74.13833618
1.04988790
-514.12988281
-3418.23974609
57.79810715
70.48693848
-1.10433769
57.02067947
-25.80552483
72.36579132
-3881.99584961
-3869.82202148
-3943.69165039
-3520.83837891
-1129.66699219
-4227.07763672
-4227.14550781
-4153.83740234
-180.70332336
-716.76910400
-1035.30749512
-1395.00122070
-1367.17675781
29.88234520
-3791.33715820
-92.51253510
-3235.50976562
-97.77977753
0.65128607
-1242.83679199
-3567.29614258
-2293.08032227
-1500.80297852
40.43968201
-153.26248169
-751.08270264
-3156.34301758
-3461.62084961
-3021.98950195
-3254.52148438
-3140.22973633
-3113.25415039
-44.22533035
-34.36812592
-214.34970093
-28.29308128
-3104.94726562
-62.67790604
-3054.33203125
-3294.30932617
-298.62329102
-257.11764526
-3996.89526367
-350.74389648
-4970.58105469
-406.92724609
-228.59518433
-300.77978516
-257.65487671
-259.99847412
-154.77813721
-156.88598633
-3865.70361328
-179.27003479
-214.94161987
-4115.61865234
-110.52436829
-3201.60400391
-300.01629639
-600.74969482
-191.90608215
-3086.61499023
-150.83280945
-115.60166168
-1803.50012207
-3290.85620117
-318.87780762
-106.46953583
-3362.16479492
-3973.78247070
-4356.14794922
-4190.55273438
-4420.56250000
-5047.53710938
-526.22698975
-7917.11279297
-3486.14990234
-80.31892395
-105.50020599
-183.36141968
-132.72578430
-94.83177948
-427.41326904
-229.75474548
-103.52318573
-72.51747894
-296.03903198
-396.93106079
-4236.12695312
-237.32011414
-127.67759705
-4268.34277344
-2804.90356445
-2724.51318359
-91.51326752
-3789.58227539
-2851.40429688
-2595.20629883
-2800.30737305
-2669.25952148
-380.74496460
-4517.06005859
-486.03314209
-5156.97656250
-510.82995605
-271.54336548
-1744.67370605
-3152.03564453
-3158.02001953
-3109.04223633
-248.56039429
-3042.86718750
-3237.90258789
-3555.44482422
-3005.98608398
-3423.29077148
-3612.05371094
-3786.38818359
-3079.92260742
-6826.37841797
-852.45269775
-2095.45385742
-270.62960815
-3600.02124023
-3827.43481445
-3826.30151367
-2624.00488281
-3493.41601562
-2096.84985352
-538.95593262
-4493.53369141
-4113.38427734
-3055.61401367
-96.93461609
-3567.04052734
-3434.72412109
-4933.16943359
-4626.72460938
-96.49650574
-47.96938705
-4081.42480469
-22.87890053
-26.74750137
-35.50979233
-4528.83447266
-159.69711304
-4145.08105469
-3261.34838867
-93.06173706
-302.52749634
-4623.97314453
-239.00616455
-4594.98291016
-5028.10351562
-5146.57714844
-75.99853516
-4439.62939453
-5139.27441406
-6039.22558594
-5609.77392578
-5043.91845703
-52.78475952
-341.21026611
-521.23052979
-343.34478760
-3922.95996094
-66.97981262
-6124.15234375
-483.82772827
-4566.03857422
-70.22614288
-6583.50683594
-5202.82812500
-4108.92285156
-655.80554199
-3919.24780273
-4067.04565430
-527.62976074
-354.06100464
-324.85833740
-820.33990479
-8005.72021484
-4058.48120117
-768.96856689
-4393.60058594
-4451.02392578
-4746.07958984
-6123.05712891
-7122.22900391
-7296.70263672
-4636.92187500
-7661.56152344
-7835.38378906
-7034.44775391
-5920.57324219
-18.41517067
-7605.07373047
-7608.46923828
-158.78649902
-7218.39843750
-6293.36035156
-6290.97802734
-7283.53369141
-7298.07373047
-7504.73242188
-7850.89843750
-95.41864014
-1764.84997559
-306.85241699
-174.10386658
-7887.82324219
-263.50885010
-140.05142212
-7331.33496094
-7855.25292969
-266.42459106
-4124.54199219
73.78337097
-16.82914543
-1641.28308105
-6366.26269531
-7026.66650391
-6475.04394531
-333.94619751
-6804.84130859
-4268.41650391
-60.83434677
-70.87969971
-1225.50061035
-4092.11669922
-1375.96643066
-4341.28369141
-4887.24511719
-962.87377930
-72198.52343750
-322.17721558
-7935.15722656
-7198.67529297
-9486.93164062
-4591.49365234
-6844.62744141
-4521.74365234
-4853.63964844
-4572.30908203
-4478.04833984
-127.47283936
-166.04383850
-4962.79443359
-6235.16552734
289.70562744
-5906.32958984
-5820.91796875
-4295.25683594
322.24145508
-4508.12695312
321.95153809
-4116.79589844
328.25436401
-7515.36572266
315.21301270
-6834.06152344
-8116.43457031
-9051.13671875
-6562.37109375
301.49575806
-8061.09619141
285.02392578
-4446.42236328
-5772.80175781
290.08761597
313.72634888
-5950.81689453
-3785.03710938
312.00921631
-6402.02734375
166.32225037
-26.50727463
124.23685455
302.77801514
-6892.65185547
-7100.22607422
66.14761353
112.50561523
-7085.44238281
-0.92450798
179.97753906
-6830.58886719
-3858.69482422
318.93453979
51.52443695
303.52374268
-4261.61279297
-3368.67944336
325.14624023
-3643.65527344
315.18774414
-3544.05688477
-3544.26586914
320.99923706
-3607.39233398
-3654.09448242
330.63491821
-3646.76342773
126.72900391
-4459.16601562
-3653.86865234
-5222.28222656
-955.86633301
-4236.60839844
-3702.27392578
-154.64624023
-788.07281494
-4016.24365234
344.01486206
-3759.80029297
-3727.41113281
260.33068848
-3846.76440430
339.25015259
-3872.82568359
350.99447632
270.68707275
333.73098755
-3974.85253906
-3871.92944336
316.43334961
324.42272949
334.35968018
-4084.51074219
-3874.82910156
-3951.80712891
-54.26367950
-3654.33789062
-112.26869202
156.38894653
314.40872192
-3329.13623047
-674.15618896
-84.88504791
-2021.55603027
319.43011475
313.60958862
-5227.12597656
-4449.15625000
51.87224960
-2132.33032227
280.15911865
-1140.59497070
-892.33221436
211.05773926
-4904.74218750
292.81332397
-4440.79150391
270.50054932
-4225.49853516
276.84255981
-4576.85498047
-243.67277527
-6671.68505859
-1808.06469727
-6813.34375000
-6286.90820312
-4414.41406250
-7203.93164062
-1874.31494141
-1930.89160156
-6515.62402344
-5028.68994141
-3968.12231445
-600.90673828
255.17784119
-368.58456421
79.87371063
-409.53549194
-2071.94921875
-5499.99609375
-354.55081177
-806.10894775
76.54300690
-938.01446533
-7893.79589844
-4433.40380859
-3532.44140625
-2912.82055664
-7951.78906250
86.70426178
-136.64779663
89.90068817
-1391.66076660
-3357.38232422
-1291.44860840
-1900.65722656
-3273.42553711
-470.80328369
-6004.17675781
-2609.94360352
-3009.22802734
-2746.20214844
-4776.74365234
-95.56977081
-195.44670105
-2705.04150391
-3527.55883789
-9080.82324219
-9091.48632812
-4061.56225586
-8572.34375000
-2837.14941406
-9175.15039062
-9643.28417969
-1251.64135742
-1170.77185059
-1710.40100098
-7221.56347656
-1323.25720215
-1888.31115723
-164.45780945
-8122.83740234
-9579.67089844
-619.70239258
-961.39501953
-890.14849854
-9721.96191406
-8775.23339844
-10046.11132812
-3520.55371094
-3515.56835938
-2651.00805664
-4373.14892578
-10296.98046875
-173.33982849
-1053.94921875
-562.46331787
-9568.07910156
-2051.60791016
-8494.05957031
-572.02478027
-468.68225098
-8313.16406250
-6922.97363281
-4988.49414062
-580.26379395
-1829.20910645
-434.14599609
-4680.00146484
-1985.95605469
-876.11645508
-4690.60058594
-2393.34863281
-4697.85546875
-934.69512939
-4810.02587891
-5247.80371094
-4720.66503906
-750.74475098
-431.94540405
-5031.18359375
-8932.36035156
-5364.19921875
-163.62040710
-6171.05322266
-477.67947388
-4661.98730469
-572.39172363
-4827.17626953
-461.40655518
-587.99310303
-337.83230591
-764.86785889
-779.32397461
-6140.03173828
-2131.40063477
-898.86975098
-385.65884399
-3323.07421875
-2354.62988281
-2721.30175781
-4909.15039062
-1431.47363281
-5125.20556641
-5853.03027344
-2469.68676758
-5048.37500000
-7944.06884766
-2161.92871094
-1250.33166504
-6018.74853516
-1697.97949219
-1948.92956543
-1441.18920898
-6164.75000000
-6184.64746094
-706.92767334
-3918.25854492
-1808.29199219
-4296.00000000
-4838.63037109
-6190.78271484
-4772.39062500
-5007.80566406
-818.38507080
-7157.54199219
-4131.34423828
-6506.19335938
-4683.56005859
-632.32586670
-542.01446533
-5320.38623047
-4821.06298828
-2135.98315430
-5927.09375000
-1388.25683594
-1654.33435059
-1061.34277344
-585.96844482
-7121.86035156
-1079.63696289
-5774.75488281
-4486.57080078
-4659.08203125
-1343.14208984
-4322.30615234
-1239.69299316
-5695.52832031
-6037.34375000
-6242.71240234
-6664.02929688
-718.98791504
-885.03259277
-5989.97998047
-4356.81298828
-888.46441650
-877.49841309
-5528.66796875
-1553.00866699
-2290.34423828
-1524.06726074
-902.53674316
-4221.45703125
-589.04333496
-4929.59277344
-7263.66406250
-9951.24316406
-4419.39453125
-6435.64648438
-6759.47167969
-599.19805908
-6744.74902344
-4972.02539062
-7968.16015625
-6975.83105469
-6084.75488281
-5958.98779297
-816.54235840
-6572.87548828
-2069.00219727
-6786.31933594
-5613.20312500
-1531.70458984
-1876.48034668
-6138.63134766
-1457.55114746
-7415.94970703
-1554.33044434
-6973.96533203
-6017.11181641
-3566.51318359
-4680.55371094
-3563.87744141
-3700.53857422
-11238.06640625
-3417.48461914
-4448.78564453
-7242.72851562
-5538.67236328
-3796.81762695
-3904.27539062
-866.78417969
-2407.93408203
-8451.16796875
-2293.39965820
-2359.08837891
-1927.04064941
-3025.52856445
-11113.11035156
-8881.64453125
-6040.52734375
-2624.68481445
-1186.37976074
-6386.85595703
-669.87597656
-6104.53027344
-7421.63085938
-7302.03515625
-10666.16796875
-6017.60156250
-4503.24511719
-1649.88830566
-2040.62158203
-10732.95214844
-7227.68603516
-6861.23437500
-4783.50781250
370.08581543
-4664.61083984
-6035.96142578
-2644.97045898
-119.04862976
-12012.98046875
-12011.38281250
-1936.83703613
-8776.50488281
-2257.65307617
-4599.06005859
-5032.55126953
-4357.01904297
-5224.45507812
-3425.83374023
-8824.45703125
-11962.69921875
-9240.11132812
-7531.40234375
-8533.68261719
-2246.91479492
-3118.98999023
-9706.12695312
-5351.56884766
746.33398438
678.86572266
-10911.31933594
661.04748535
-7500.31250000
-10695.64257812
-6217.14648438
-3578.93261719
-8784.62890625
-12142.07910156
-6011.60595703
-274.53457642
-12004.70605469
-7492.69628906
-2756.07202148
-5230.46337891
-153.40643311
-4815.51416016
-8492.42089844
-13874.23437500
877.29449463
771.27679443
-9627.21679688
-1743.44885254
-3323.90112305
-6172.21289062
-2136.03710938
-289.53411865
-7678.16406250
-367.30831909
-1847.49694824
-808.04016113
858.57513428
-3554.21582031
-6179.93945312
-15882.37011719
-3832.83789062
-12722.31152344
-4312.97021484
-2766.16088867
-4088.83349609
658.41442871
-702.61029053
-4892.30517578
-10336.28125000
-3885.69555664
-4536.05859375
856.80364990
775.98907471
-3036.45751953
-8554.14453125
-7861.99609375
-11617.28222656
-3207.12231445
-20635.61328125
-25835.49218750
-6263.58447266
-13139.06250000
-6279.49902344
-3120.04541016
728.76074219
-1482.63159180
-11063.52832031
-6828.16113281
-8612.05078125
-10567.87402344
-3000.01855469
-3575.44921875
-4093.23632812
-6105.99609375
-5208.15625000
-4375.97021484
-3996.18237305
-446.37826538
-4905.10351562
-3286.69165039
-32.19444275
791.37377930
-3924.58105469
-3682.18530273
-10983.14648438
-7961.29687500
-4534.88720703
-3803.01245117
-3879.23535156
-3978.68408203
-3799.07861328
-800.24743652
-4303.55712891
164.45582581
-128.17742920
-3938.96533203
-8119.06396484
-4018.10913086
-4018.83886719
-4184.27392578
-12791.79394531
-4162.70556641
65.47080994
-3801.01708984
-4512.59179688
-4561.16992188
-6961.46875000
-10893.36230469
-4061.92651367
-11633.41308594
-4132.70019531
-4198.91943359
-7557.98388672
-41720.33593750
-6178.94238281
-1438.92895508
-6179.03613281
-2136.28393555
-6939.09375000
-2277.01928711
-7140.18994141
-10005.61132812
-5047.58642578
-9223.79296875
-5980.65625000
-10091.38378906
-385560.25000000
-4579.83789062
-7047.27685547
-4564.09179688
-9158.51562500
-1591.13708496
-4823.44091797
-4846.63232422
-5030.92578125
-7265.68310547
-6268.12451172
-5612.42333984
-4817.95019531
-4618.58251953
-4368.05615234
-3364.88061523
-2494.90136719
-1958.19152832
-3898.22558594
-3805.21655273
-3853.69262695
-3679.11157227
-8965.90429688
-1837.16357422
-9739.71582031
-5442.43798828
-14161.56542969
-5735.55908203
-21374.04882812
-16129.37011719
-13598.79296875
-4920.96630859
-5426.40136719
-7098.40966797
-4331.90673828
-6417.76806641
-8602.03417969
-2186.56347656
-4105.29882812
-5251.52880859
-6422.27392578
-5850.60058594
-3859.89062500
-7424.36376953
-4337.48291016
-4086.31054688
-8364.24121094
-5864.37011719
-5137.25341797
-18003.29687500
-6419.81103516
-6778.44970703
-4259.41552734
-4488.15917969
-5434.06689453
-8414.21679688
-2790.36035156
-5855.73632812
-8242.48437500
-7016.33935547
-6899.95751953
-25292.16992188
-27040.66015625
-5045.53759766
-25152.26171875
-7361.94677734
-10825.24804688
-6980.79589844
-11932.47265625
-7757.16015625
-6146.84472656
-9067.22460938
-11766.19628906
-10837.05664062
-7110.19335938
-9827.87109375
-11876.02050781
-12777.02734375
-4558.77783203
-6384.88769531
-12669.12207031
-12612.90820312
-5208.61279297
-14225.17675781
-7899.55371094
-13465.00878906
-7907.13769531
-14110.72949219
-22251.29492188
-3960.94262695
-3805.30883789
-4017.92163086
-7600.70263672
-10733.98632812
-4096.15673828
-4215.70117188
-3648.67041016
-3574.83911133
-3969.49536133
-22297.46679688
-19950.44921875
-26140.16601562
-4231.01269531
-4966.37011719
-32638.92773438
-4597.98193359
-31780.01367188
-4943.70263672
-3838.83618164
-3831.08471680
-3873.93627930
-4054.49902344
-3958.76416016
-8464.19140625
-3999.15136719
-9430.10351562
-4075.00439453
-20447.91601562
-5362.92919922
-5580.04296875
-6339.31347656
-17567.66992188
-5021.97705078
-5332.62548828
-6018.28369141
-6141.24462891
-6235.35205078
-6216.10888672
-6879.10644531
-9938.31738281
-11980.72851562
-7187.23437500
-10064.05859375
-9623.25683594
-6615.56689453
-8737.44140625
-6624.18847656
-7434.71777344
-7930.16748047
-8149.65039062
-8535.55273438
-16586.22070312
-7781.30224609
-3659.02392578
-6960.03808594
-14834.73144531
-5136.21826172
-3911.66650391
-2228.88696289
-8830.41308594
-11789.38769531
-137.50541687
-1990.06286621
-4292.62597656
-9171.11328125
-6128.45117188
-1835.51635742
-2651.43554688
-1564.38916016
-3934.26318359
-6983.09912109
-2336.12939453
-3137.58740234
-2790.47485352
-2707.15673828
-5026.54931641
-13596.81054688
-2618.53833008
158.98033142
-2040.98168945
-8081.56738281
-6334.88378906
-8439.34667969
-7816.05517578
-10375.06152344
-12202.33300781
-6524.81835938
-7370.98828125
-7932.50537109
-7427.25537109
-9417.49511719
-9490.63281250
-9175.11132812
-5889.00683594
-9406.66015625
-7216.37646484
-2308.09301758
-10530.08886719
-10471.35156250
-8945.49511719
-1879.98779297
-5245.68847656
-2609.89843750
-5594.13427734
-5901.33349609
-2213.97216797
-4612.07177734
-4211.05712891
-645.88372803
-3435.51171875
-22884.66210938
-2386.91137695
-16301.65527344
-2619.59472656
-5471.64111328
-278.71563721
-12285.25683594
-10762.70507812
-14875.95019531
-12364.36718750
-6144.92480469
-986.38836670
-8272.86425781
-11399.07226562
-13493.24511719
-9330.16406250
-12048.35351562
-14346.53515625
-10021.41894531
-11945.99414062
-3715.97924805
-8482.34472656
-219604.09375000
-208045.00000000
-9452.29785156
-5522.71582031
-4009.67602539
-3891.94677734
-3180.50512695
-11238.69726562
-9404.35253906
-2269.96972656
-3921.63574219
-7494.08789062
-4489.45996094
-9371.83398438
-132518.57812500
-10903.51855469
-155993.39062500
-6201.97509766
-7118.99072266
-5333.78564453
-3945.12524414
-3235.83300781
-5333.02734375
-4974.09667969
-3304.52148438
-17309.99609375
-5828.07177734
-8481.37402344
-7168.30078125
-6925.76464844
-7651.12060547
-7288.68750000
-7677.81152344
-8881.82128906
-5499.71533203
-4941.44482422
-8696.64257812
-7680.37695312
-10750.18261719
-5921.20556641
-7255.61083984
-9147.48730469
-8402.62695312
-5943.81933594
-9581.97167969
-8369.35644531
-4506.54101562
-9263.95996094
-11242.39746094
-7732.27734375
-7884.61279297
-12863.93750000
-6412.92138672
-6860.12841797
-6593.14892578
-10682.76269531
-19707.97851562
-5135.98242188
-4467.08203125
-10034.09863281
-6996.39013672
-9474.56152344
-8248.85546875
-9237.16601562
-13870.45605469
-10495.63476562
-7364.22216797
-9525.18066406
-5500.15234375
-5256.99951172
-13719.98730469
-13941.60253906
-10408.88769531
-11699.20019531
-15493.60253906
-13062.67578125
-10333.15136719
-10450.40136719
-51792.73046875
-14372.47949219
-13138.08105469
-13893.38378906
-21623.01367188
-30556.21484375
-12291.59570312
-7677.92919922
-11965.50292969
-22852.10546875
-14523.27441406
-12920.28808594
-15147.52343750
-14138.73925781
-12133.29492188
-12704.34179688
-10254.23144531
-12056.26855469
-12762.52539062
-8206.37109375
-14252.02441406
-27297.62695312
-13551.68457031
-6585.65771484
-7808.80468750
-10225.49023438
-13984.40136719
-9958.44335938
-36771.80468750
-13359.99609375
-10965.26660156
-10523.75097656
-7232.54589844
-11979.48925781
-13598.63378906
-19874.20507812
-22756.67187500
-8480.16015625
-7769.00244141
-13284.24121094
-7596.00244141
-11137.38476562
-10661.70019531
-30984.80859375
-44510.83984375
-9032.49023438
-5549.18017578
-6704.00585938
-4959.85058594
-10965.24902344
-5659.08544922
-5972.40478516
-6834.16357422
-6938.21435547
-5205.14892578
-10389.81347656
-19783.20312500
-24881.16796875
-15171.39648438
-8733.46386719
-18227.12109375
-6865.63916016
-6887.51025391
-6011.95800781
-5706.78515625
-6379.73681641
-49132.99218750
-5201.51513672
-7191.50976562
-27875.93945312
-36820.19921875
-13264.24707031
-14857.37109375
-6787.32031250
-5828.77050781
-5368.18554688
-5582.81982422
-7690.14550781
-10222.21777344
-14763.80078125
-18589.47265625
-31537.75390625
-314860.28125000
-294839.50000000
-29163.60546875
-9824.98046875
-11918.31835938
-35229.40625000
-5657.41503906
-5571.71972656
-7751.23437500
-7036.51025391
-6376.72314453
-5494.58740234
-5565.57470703
-5400.43603516
-5418.71582031
-6816.74609375
-22908.69921875
-23903.17773438
-25422.71875000
-88004.37500000
-9166.26660156
-64230.83203125
-6218.06494141
-6945.00781250
-20331.86328125
-6063.76269531
-5775.82470703
-12686.56250000
-25955.05664062
-9568.80566406
-6888.00292969
-10061.37988281
-14509.13867188
-22190.10937500
-26640.50195312
-19240.44531250
-20825.06250000
-29859.08593750
-35492.21484375
-5820.72216797
-96073.43750000
-7322.74511719
-58028.13281250
-47935.88281250
-5199.07226562
-5435.38085938
-46849.32812500
-4969.43408203
-5863.18408203
-7285.31787109
-21811.89648438
-21564.95507812
-19910.60156250
-5792.06591797
-23600.65039062
-5320.54980469
-8008.33056641
-6403.88037109
-6186.36523438
-7815.29052734
-6382.68798828
-11889.12890625
-19080.42382812
-33282.34375000
-8739.38671875
-74609.44531250
-9458.48242188
-78067.57812500
-63820.39062500
-54372.90234375
-18901.76953125
-20411.61132812
-6545.36718750
-27238.00195312
-30847.08398438
-7248.45117188
-6592.74169922
-27905.78710938
-24816.06250000
-7285.18994141
-5807.60546875
-9886.41601562
-21462.15625000
-9928.76074219
-52842.67187500
-9445.29101562
-11272.31152344
-21391.82226562
-8779.50878906
-10253.83691406
-10405.18164062
-22839.21093750
-25149.95898438
-10823.53515625
-19905.91015625
-41221.13281250
-10665.31835938
-20274.69726562
-10959.21386719
-41905.42187500
-29756.35937500
-35860.07421875
-14701.04101562
-6463.51806641
-23141.90820312
-15256.83886719
-21797.38671875
-21493.87304688
-33590.89843750
-22956.68554688
-22647.00781250
-32897.58984375
-34139.48828125
-22139.32421875
-21793.58593750
-5205.44482422
-7315.01123047
-19015.92187500
-18265.50390625
-21637.36523438
-29934.91601562
-27349.16796875
-32905.83203125
-21586.27148438
-37014.66015625
-8398.26269531
-5239.99316406
-34902.07812500
-6899.68408203
-9957.80566406
-10531.02246094
-21937.57617188
-18503.88671875
-23071.60742188
-11900.65527344
-11552.49609375
-17644.09960938
-18612.97070312
-22348.33203125
-19348.18554688
-30402.08007812
-38220.71093750
-17617.50976562
-19162.87109375
-21855.08984375
-51944.91796875
-13706.53515625
-12334.58203125
-42857.64843750
-18587.03710938
-9679.54687500
-12382.98242188
-10350.37207031
-13904.36035156
-20766.46679688
-22030.60742188
-16882.32421875
-20370.08789062
-37249.35937500
-31407.66406250
-32463.72070312
-10820.75781250
-13442.05468750
-33379.06250000
-28411.91015625
-12278.39746094
-18691.30468750
-10460.02343750
-24374.78710938
-20633.97460938
-30807.82031250
-18772.81250000
-20556.12304688
-25352.79882812
-22740.51171875
-44161.57812500
-42627.00000000
-10996.21386719
-117699.00000000
-14205.04296875
-11897.03222656
-17002.07812500
-7781.67187500
-6578.31933594
-86188.42187500
-70365.97656250
-16516.94921875
-31382.93359375
-17838.97656250
-12093.00292969
-13187.80664062
-12358.72363281
-57906.21484375
-9837.56738281
-10064.94531250
-29730.06445312
-26986.14648438
-21167.78906250
-45483.64453125
-20613.36328125
-53210.12500000
-39624.03515625
-53754.65625000
-31937.19921875
-6496.98681641
-51008.12109375
-6510.11914062
-22755.62500000
-39688.87890625
-22511.89062500
-6630.69726562
-6291.37207031
-8652.73046875
-8439.99218750
-42233.32031250
-6675.57226562
-103395.17187500
-8732.78710938
-22533.68554688
-14503.45800781
-14282.61035156
-40046.41015625
-46739.96484375
-45633.99609375
-46136.64453125
-19617.06445312
-43091.51953125
-45682.36328125
-23640.72656250
-17315.38671875
-9823.12890625
-69479.57031250
-10390.47070312
-9994.15332031
-8929.04492188
-21859.50390625
-20633.68750000
-8817.02929688
-43944.76953125
-70672.37500000
-10871.35058594
-11010.60449219
-8871.69238281
-10125.97851562
-152283.31250000
-10767.44824219
-8854.26660156
-10379.80468750
-15987.18750000
-10867.80664062
-20003.02343750
-13087.23144531
-40496.84765625
-41253.24218750
-21563.42773438
-9099.35058594
-9393.64746094
-45625.48828125
-11544.68261719
-12673.79785156
-32426.63281250
-10589.11718750
-43873.10546875
-17657.93164062
-10799.48828125
-13190.96875000
-7660.98046875
-10029.17480469
-13999.71582031
-11282.14941406
-19196.83789062
-13928.74609375
-17445.10351562
-11346.90527344
-8768.82519531
-19015.39062500
-16153.95312500
-17393.01953125
-15686.71093750
-11451.02636719
-16646.30859375
-10860.24804688
-11819.64453125
-14498.03222656
-12984.60742188
-16565.82031250
-18275.72460938
-19293.80664062
-20430.40625000
-98274.72656250
-30727.41406250
-13681.96191406
-73254.12500000
-17784.59960938
-17764.25585938
-18797.33007812
-18971.04882812
-17338.48242188
-26076.06250000
-79581.54687500
-17461.31640625
-24933.46289062
-15619.73828125
-16622.46289062
-14560.21972656
-23729.62304688
-17537.23437500
-15368.31933594
-16882.18164062
-22717.08593750
-17992.26367188
-22896.02734375
-22946.19726562
-25108.97851562
-16235.12402344
-20670.62304688
-18354.95117188
-113887.07812500
-17908.62109375
-20033.08203125
-10702.15039062
-9824.32910156
-14755.08593750
-161731.90625000
-13833.42773438
-6207.63769531
-6415.54394531
-59073.73828125
-21747.14257812
-6407.62500000
-12992.82226562
-16059.33007812
-6321.89550781
-18553.47265625
-17735.15039062
-12940.48828125
-29908.80664062
-7812.67138672
-8459.97167969
-6727.72509766
-7182.10400391
-21836.19531250
-22456.11328125
-16965.80078125
-15263.40234375
-23530.24218750
-13426.30078125
-19579.94140625
-6722.54687500
-21321.90625000
-13002.33691406
-13898.80468750
-14972.83496094
-13956.17578125
-59121.83203125
-91584.62500000
-24064.76562500
-99401.64062500
-29605.61914062
-24524.67578125
-22295.92968750
-8317.54003906
-6805.71044922
-22877.11914062
-25059.80859375
-21381.45117188
-27945.79101562
-56039.63671875
-51554.75000000
-32722.13671875
-6480.09863281
-13640.56640625
-7171.08154297
-25103.38476562
-14990.27636719
-36043.47265625
-18964.58984375
-52082.77343750
-7378.70849609
-50821.16406250
-89247.39843750
-23980.52929688
-8895.79394531
-33893.96875000
-8576.15625000
-42142.77343750
-11035.09765625
-13731.23437500
-7440.99511719
-33980.56250000
-9244.49707031
-7507.15478516
-9050.91894531
-7691.71142578
-34782.46875000
-10964.25195312
-12178.77832031
-10748.72460938
-12368.75097656
-41013.28515625
-7981.41406250
-10838.30957031
-37513.21875000
-15676.11914062
-13934.91308594
-15356.05859375
-9057.89843750
-110870.72656250
-11946.52050781
-15684.51660156
-23846.83007812
-10658.15625000
-14089.34082031
-15861.38085938
-18178.53320312
-17064.08398438
-11790.74902344
-18449.53515625
-18461.67382812
-19048.80859375
-19789.13671875
-14624.78417969
-10157.72851562
-138605.73437500
-173170.45312500
-57797.39062500
-23077.91601562
-18361.80468750
-15520.35644531
-44559.35546875
-17888.44140625
-6368.05810547
-6957.07031250
-22651.21679688
-26174.11132812
-20305.71484375
-69980.43750000
-32027.54101562
-26758.59570312
-17186.04492188
-15561.19140625
-22648.29492188
-6493.27539062
-21450.57226562
-20485.04101562
-5313.26220703
-57187.24609375
-23200.16015625
-20123.60937500
-21540.54882812
-9540.19824219
-20044.14843750
-7346.24365234
-17798.36132812
-6832.71191406
-20485.72265625
-7934.94091797
-7119.70458984
-8047.76708984
-7707.57861328
-8413.51757812
-40259.76562500
-18117.99218750
-25010.05273438
-14647.62695312
-183460.73437500
-7740.09228516
-7457.18750000
-8095.97656250
-7530.77880859
-77006.64062500
-5162.12353516
-7402.67480469
-8444.07714844
-81420.91406250
-7374.28369141
-8167.35058594
-7912.02978516
-11293.16601562
-61724.80078125
-8389.29785156
-8386.52832031
-158411.25000000
-8329.80273438
-69590.29687500
-6717.91650391
-6314.94628906
-7643.84960938
-6840.99121094
-6692.58447266
-6460.65380859
-7253.55761719
-7033.91064453
-6242.19873047
-20227.67773438
-5796.93115234
-7219.24218750
-174248.76562500
-6323.81933594
-6712.63037109
-13039.47265625
-5758.16699219
-5362.80615234
-17765.27734375
-6264.45312500
-50848.50000000
-5646.27978516
-58692.93750000
-5788.20703125
-61802.06250000
-21584.54882812
-7198.82421875
-58569.43750000
-7396.62353516
-12425.74218750
-14054.51171875
-10146.19238281
-9117.55859375
-4951.13232422
-12244.20800781
-10990.22460938
-31473.85937500
-38754.33984375
-74725.78125000
-6948.81640625
-5996.19531250
-13735.95800781
-15060.95898438
-107129.82812500
-5944.39501953
-21600.33789062
-7637.19042969
-7000.37939453
-143149.64062500
-10177.59277344
-124156.07031250
-74651.84375000
-139387.67187500
-93931.31250000
-6047.37744141
-6404.42724609
-13599.60937500
-9369.59667969
-9495.24121094
-89788.85937500
-6119.56201172
-9855.82031250
-8638.38769531
-9772.83300781
-7983.73876953
-7527.55712891
-8636.14160156
-20984.74414062
-9354.72363281
-11278.08007812
-13473.44140625
-36144.55078125
-28388.39843750
-28921.72070312
-17188.76953125
-9651.04296875
-29731.32226562
-14396.43847656
-15695.22558594
-25444.66992188
-21271.45117188
-36146.46484375
-36420.64062500
-22249.45507812
-38271.28906250
-30141.11914062
-8269.93847656
-33001.30859375
-28799.00390625
-12335.72753906
-7342.79248047
-10253.99804688
-40858.64843750
-16845.86718750
-6841.31054688
-24452.80273438
-5595.26660156
-6281.68505859
-4527.47949219
283.96377563
-38510.31640625
-12645.39843750
-22267.62500000
-27556.36132812
4679.22509766
-26666.45312500
-21317.62109375
-43274.77343750
-12140.51953125
-29258.72070312
-32611.65820312
-86316.05468750
-31955.00000000
448.91088867
17786.06835938
-69105.71093750
-9443.29296875
-22256.65429688
-133973.04687500
-23300.35156250
-8125.22753906
-8553.30859375
-49486.64453125
-41143.14453125
-149645.78125000
-6003.34130859
-16433.93359375
-32285.58398438
-55669.15625000
-68579.86718750
-8116.21679688
-55806.98828125
-38239.91406250
-8707.62500000
-840.72937012
1163.87268066
-234.04557800
-34333.14453125
-3264.97363281
-38376.68359375
-145862.82812500
-16042.38671875
-107029.23437500
-64615.98046875
-62831.42578125
-5831.67187500
-4499.62011719
6919.75781250
9391.82519531
10991.23242188
-6246.26269531
-17565.72851562
-8043.49121094
-82769.52343750
-7837.74023438
-15355.10449219
-92738.80468750
-29613.87695312
11456.47656250
-62874.03125000
12783.31640625
13063.45605469
13187.52539062
13255.15332031
13501.46777344
-122616.18750000
-237024.42187500
-110815.24218750
14599.67773438
-188550.67187500
14303.69433594
14504.98730469
-178500.62500000
14630.20996094
14178.08691406
14646.90917969
-9815.95996094
-1422.25695801
14694.29492188
14417.09960938
13547.89550781
14424.57910156
-2283.43334961
14689.76367188
15038.54980469
14859.45800781
15383.72265625
-207030.50000000
-431467.87500000
-127730.81250000
15988.08300781
15020.24511719
14847.46875000
16806.35937500
-13127.68164062
17901.66015625
-47248.32812500
17240.83984375
16981.88867188
2196.46459961
16114.60546875
13235.18847656
4216.61230469
-29537.90625000
6749.50097656
8738.26855469
-1140.43066406
20064.44531250
9819.72753906
13594.49804688
-13077.03906250
-458.24719238
7698.01611328
14252.12695312
14068.81933594
10518.82421875
12101.63281250
787.49670410
1041.69567871
7191.51806641
5581.19970703
11057.89355469
12283.23144531
3232.37255859
2939.91723633
-4992.26464844
-7683.12695312
2168.60107422
4929.32910156
-9496.15527344
-275.88339233
-7319.90869141
-4398.07861328
-8663.36621094
-4103.57861328
2727.73999023
-9890.31640625
9765.48437500
-1287.02453613
-39058.11718750
1332.83264160
3128.40600586
-36795.87890625
-1276618.62500000
-12682.70703125
-457468.65625000
-19080.95507812
-1095.45727539
8304.81640625
-8817.33886719
3955.97534180
7890.96142578
-90.86892700
-3169115.50000000
-62313.69921875
1297.85583496
-18755.05273438
-1565.38684082
14158.06738281
-22453.28320312
11742.82519531
-41210.20703125
20048.09765625
-13234.30566406
-49294.13281250
-43870.90234375
-2302.24145508
-63967.25390625
-82863.00781250
1564.67749023
-703002.87500000
25786.19726562
-23211.17578125
5607.56201172
-9238.76757812
-74145.60156250
1574.65795898
-56686.80468750
3326.00854492
18631.14648438
766.01452637
-51070.84375000
-53775.88281250
-39277.25390625
24636.29687500
16472.02929688
288.47415161
-8219.98144531
-16232.22753906
-23289.66992188
-32436.96093750
-26879.80859375
-21039.91992188
-19042.40625000
-20765.48437500
-10697.78125000
-11132.80761719
-23620.66601562
-23440.77929688
-19615.92968750
-23624.22265625
-12071.36328125
-31923.80468750
-42724.77343750
-10124.90136719
-13781.10742188
-16493.22656250
-14377.70800781
-7987.28564453
-6190.45947266
-6720.17626953
-2603.76367188
-5458.78564453
-16795.07031250
-11705.73242188
-18832.48437500
132.87051392
4311.10302734
-17572.40234375
-9756.48925781
-12956.96777344
-20689.93945312
-16226.61914062
-8046.07666016
245.23663330
-10657.83496094
-2793.49609375
-3208.54833984
-17709.33203125
-26842.55664062
-8513.26464844
-36144.51562500
-37268.39062500
-33580.46484375
-23809.15039062
-17066.37500000
-45616.67968750
-25495.63671875
-26307.40429688
-5647.51562500
-28023.85546875
-55766.49609375
3144.34033203
-21488.08593750
-57883.48046875
-9840.91113281
-61351.81640625
-34919.39062500
-51520.14062500
-64807.61718750
-15973.38183594
-16126.55468750
-38876.07812500
-71823.18750000
-39436.03515625
-72043.22656250
-76384.08593750
-82378.68750000
-63390.74609375
-54244.19531250
6463.17236328
919.21600342
-1202.35632324
-6988.68310547
-39439.66406250
2112.34570312
2698.83593750
7708.05810547
5598.95507812
-2356.69531250
-70176.22656250
-61982.78906250
180.34718323
2980.60791016
1841.30114746
-72302.81250000
-74189.21875000
-27597.95898438
4389.30419922
-79.92378998
5972.96044922
534.94744873
7672.33251953
8098.60888672
-640.97106934
-12442.26171875
8293.05078125
-454.44686890
-12967.07812500
16479.14062500
-69010.16406250
-6856.77832031
16577.41015625
-13322.11816406
-21424.16796875
6992.16064453
-51037.55468750
-1405683.75000000
-21526.35156250
6599.57763672
-63011.47265625
-20548.58984375
-52404.23437500
-708.72521973
-16314.10644531
-24344.23242188
-64357.35546875
-16694.45117188
-70789.04687500
-27116.81445312
-42787.76171875
-81390.96875000
-71017.20312500
-28521.65625000
24695.45117188
-77548.17187500
-17000.62890625
-15931.71679688
-22341.00781250
-73132.78906250
-91076.57812500
-85883.21093750
-53833.49218750
-63481.89843750
-100151.83593750
-104041.46875000
-97190.61718750
21601.42187500
-21028.64843750
15160.26269531
-69255.71875000
-64628.14453125
-54776.58593750
-57639.42968750
-52240.28125000
-54033.08984375
-33086.68359375
-108292.02343750
-126456.87500000
-97371.29687500
-15833.51757812
-65367.51953125
24267.63085938
-96789.05468750
-38813.29296875
24453.00195312
-58468.41796875
-126842.32031250
-58232.09375000
23851.84960938
-39068.77734375
-67881.41406250
-61897.85546875
-68381.33593750
-63068.32812500
-63684.32421875
-61380.79296875
-61951.54687500
-138783.01562500
-80910.39062500
-38874.23046875
22630.98242188
-62432.82421875
23609.80078125
-51201.43359375
-65383.45703125
-113309.51562500
-112936.70312500
-124861.82812500
-78198.89062500
-108223.18750000
-92933.36718750
-95359.03125000
-112926.61718750
-108243.90625000
-114105.78125000
-130175.41406250
-97815.53125000
-107365.89062500
-79547.14062500
-94401.70312500
17371.02539062
-93845.55468750
-111973.25000000
-131349.53125000
20865.66406250
-122763.00781250
-106557.55468750
19922.53125000
-52649.37890625
-101002.23437500
21942.99023438
-121427.09375000
-121434.60156250
-113585.96093750
-57699.40625000
-91238.19531250
-62457.87500000
-99116.85156250
-63428.00000000
-65682.41406250
-87709.42968750
-110929.79687500
-79142.75000000
-98269.63281250
-105464.57812500
-77214.47656250
-99747.03125000
-81048.00781250
-87756.47656250
-105833.89843750
22146.84570312
-122685.17968750
-126210.62500000
-83920.27343750
-79578.50000000
-119901.83593750
-108907.44531250
-109199.40625000
-121791.74218750
-116008.64062500
-123190.52343750
-110642.55468750
-119638.01562500
12157.89843750
-123838.52343750
-67767.36718750
-53867.95703125
-61667.28906250
-91782.86718750
-114803.60937500
-2917.97875977
-58049.80468750
-65599.51562500
-105236.63281250
10832.05566406
-90075.76562500
-112457.17187500
-104491.68750000
10211.74414062
-109754.49218750
-105729.09375000
-105281.74218750
-81402.60937500
-114505.35156250
-39016.60156250
-77448.86718750
-92084.42968750
-92565.42968750
-112101.89062500
-109695.96093750
-110082.47656250
1995.15197754
-111044.88281250
-1269.31726074
-110669.29687500
-99708.32812500
-106290.62500000
-57734.42578125
-63545.33203125
-113637.26562500
-96763.40625000
-540090.37500000
-123340.80468750
-107010.89843750
-119632.20312500
-117108.65625000
-109819.98437500
-109449.45312500
-118918.60937500
-90718.43750000
-128329.88281250
-133291.50000000
-131860.51562500
-120482.39062500
-88908.93750000
-135467.15625000
-12248.74316406
-136977.85937500
-107633.26562500
-56218.74218750
-56046.05859375
-65218.91406250
-53701.37109375
-23994.53710938
-53753.39062500
-53666.56250000
-58111.94921875
-54095.85156250
-11016.78125000
-53442.82031250
-102957.54687500
-53798.68359375
-55719.91015625
-69408.42968750
-61424.15234375
-67891.57812500
-72629.46093750
-82116.85937500
-73758.15625000
-79277.65625000
-78383.18750000
-75316.50000000
-75954.89062500
-66774.31250000
-69570.39843750
-71157.34375000
-69346.67187500
-77684.25781250
-3239.59130859
-82720.00000000
-82513.89062500
-81586.69531250
-91383.23437500
-89589.69531250
-90293.94531250
-85811.25781250
-52793.76953125
-82939.52343750
-79106.30468750
-86093.53125000
-52990.08593750
-57576.07421875
-49833.05859375
-6433.01025391
-48348.26562500
-47371.47656250
-49258.50000000
-49096.50781250
-47104.18359375
-49662.67578125
-46941.95703125
-47647.84375000
-56558.97265625
-48936.12890625
-6127.65087891
-77707.29687500
-73227.79687500
-23433.82812500
-66868.64843750
-70011.53125000
-68930.98437500
-73260.52343750
-66636.86718750
-66364.00781250
-69757.95312500
-74999.80468750
-75074.08593750
-71812.18750000
-71086.19531250
-69220.17187500
-68443.52343750
-8022.52148438
-72321.99218750
-74467.22656250
-76374.50781250
-78194.60156250
-77105.26562500
-79741.26562500
-17744.03906250
-86922.12500000
-87810.01562500
-81161.23437500
-86741.61718750
-13493.81835938
-89031.32031250
-823.58789062
-80779.35156250
-1243.60437012
-87071.44531250
-7532.63476562
-88422.96875000
-14845.41113281
-83374.22656250
-84375.17968750
-84768.94531250
-85403.16406250
-85356.62500000
-84776.53125000
-85087.92187500
-85735.17187500
-87181.98437500
-90567.09375000
-86808.51562500
-84205.39062500
-85094.85937500
-85284.28906250
-84749.76562500
-89900.83593750
-87028.00781250
-87222.39843750
-72161.35937500
-83725.33593750
-84341.84375000
-7480.72216797
-87939.24218750
-82527.52343750
-91705.54687500
-116558.67968750
-80650.19531250
-119739.76562500
-114162.28125000
-90428.34375000
-103924.14843750
-82376.93750000
-104998.51562500
-127812.03906250
-134017.62500000
-136726.62500000
-87695.73437500
-122974.90625000
-98158.67968750
-102843.64843750
9822.38378906
-92028.17968750
-102049.80468750
-122653.14062500
-95464.74218750
-127729.21093750
-85744.15625000
-75239.47656250
-78554.50781250
11166.77734375
-180718.01562500
-111777.64062500
-48823.26171875
-46724.65625000
-167396.03125000
-1674569.50000000
-138039.43750000
-1308186.87500000
-82938.92187500
-46312.23828125
-46597.66796875
-49762.52343750
-50294.68750000
-106481.74218750
-50060.17968750
-49713.87890625
-49768.45703125
-48773.20312500
-48357.05468750
-62592.26171875
-100399.89843750
-78869.71093750
-48351.47265625
-46670.97656250
-44278.58593750
-44720.24609375
-72529.53906250
-46231.71093750
-51154.25781250
-44599.16406250
-49634.47656250
-48184.26562500
-46458.75000000
-50525.19531250
-43709.73437500
-43227.49218750
-47688.90234375
-47722.66406250
-48009.42578125
-50465.59375000
-53035.83203125
-101595.08593750
-72039.06250000
-45170.05078125
-53759.05859375
-50937.50000000
-51197.01953125
-58628.85546875
-73367.28906250
-49860.52343750
-63548.57421875
-63960.57031250
-54366.28125000
-96795.97656250
-97847.09375000
-77348.85937500
-42626.51171875
-71426.62500000
-80363.34375000
-81023.32812500
-74485.62500000
-78608.85937500
-73849.95312500
-88989.85937500
-75501.80468750
-85036.66406250
-86312.36718750
-92354.10937500
-97498.67968750
-105392.85937500
-93731.50781250
-99956.32812500
-92200.78906250
-50597.88671875
-91153.89843750
-98263.83593750
-99612.36718750
-43136.14843750
-90340.31250000
-80776.44531250
-77065.44531250
-52960.99218750
-41505.24609375
-100009.79687500
-84853.11718750
-72037.42187500
-85642.10937500
-99415.60156250
-90815.43750000
-87260.45312500
-80954.56250000
-69334.21093750
-64196.38281250
-68700.85156250
-92456.48437500
-95806.32812500
-94606.12500000
-101041.25000000
-81568.12500000
-98209.85937500
-54791.24609375
-122698.87500000
-96463.86718750
-86586.77343750
-91492.43750000
-87825.08593750
-104657.64062500
-99076.07812500
-86577.78125000
-79206.67968750
-102040.86718750
-111113.84375000
-85836.07812500
-88701.48437500
-103184.05468750
-233893.76562500
-227661.20312500
-215224.29687500
-117888.54687500
-115263.28906250
-106360.55468750
-101356.63281250
-122207.08593750
-105330.94531250
-112801.23437500
-58175.39453125
-119921.05468750
-120239.28906250
-113869.42968750
-100423.43750000
-110155.97656250
-213511.98437500
-204027.06250000
-118233.94531250
-116326.35156250
-64311.96875000
-85983.84375000
-90604.30468750
-105428.89843750
-85341.77343750
-54890.19140625
-125015.38281250
-126764.51562500
-52653.08984375
-202071.68750000
-129263.64843750
-131972.35937500
-135313.28125000
-52857.87109375
-132361.29687500
-123904.61718750
-131030.93750000
-211389.28125000
-71085.49218750
-58921.11328125
-126707.71093750
-104636.03906250
-213906.34375000
-75018.60937500
-56646.99218750
-57346.48437500
-140983.50000000
-220280.96875000
-129999.14843750
-134501.10937500
-140580.06250000
-137448.95312500
-135560.12500000
-131263.35937500
-221861.84375000
-78128.10937500
-53653.00000000
-136222.01562500
-58257.17187500
-122321.42968750
-131783.23437500
-146865.51562500
-192467.98437500
-200171.50000000
-131118.93750000
-135775.32812500
-150590.54687500
-147904.68750000
-82938.15625000
-84710.35937500
-61534.94921875
-86202.32031250
-85491.14843750
-88209.57812500
-100184.98437500
-104497.89062500
-117575.15625000
-65361.26953125
-95875.54687500
-89257.14062500
-95638.51562500
-93663.58593750
-88991.79687500
-96560.64062500
-81574.85937500
-104147.39062500
-85545.75000000
-197020.76562500
-102609.92187500
-101771.22656250
-114965.47656250
-110636.95312500
-112586.84375000
-89858.60156250
-180682.92187500
-105855.44531250
-104832.96093750
-73159.74218750
-58353.62500000
-91502.95312500
-115477.00781250
-87703.32031250
-77797.60156250
-57394.12890625
-69081.05468750
-105979.35937500
-101119.54687500
-114934.62500000
-100531.89843750
-100294.66406250
-73397.54687500
-113630.92968750
-94002.84375000
-100050.50000000
-55417.17187500
-55491.87109375
-186349.17187500
-54502.29296875
-71080.64843750
-57782.98046875
-63144.96093750
-74610.41406250
-82086.72656250
-76515.60156250
-53264.55468750
-188479.32812500
-98268.31250000
-101800.67187500
-104952.08593750
-106909.57812500
-105102.26562500
-78552.60156250
-136915.20312500
-57436.24609375
-109036.71875000
-107200.85937500
-108639.41406250
-96155.09375000
-92979.47656250
-132745.14062500
-119569.87500000
-225085.01562500
-175743.92187500
-82486.89062500
-54962.00000000
-114392.65625000
-118047.27343750
-117277.54687500
-120613.98437500
-116451.31250000
-78743.84375000
-115731.42968750
-67183.13281250
-185746.50000000
-225855.32812500
-118522.45312500
-102998.97656250
-106408.27343750
-183221.04687500
-129873.48437500
-112989.67968750
-110802.60937500
-135515.85937500
-136922.71875000
-105847.45312500
-106837.25781250
