-4.90454865
-6.45866060
-7.76234198
-11.88991737
-1.54712069
-7.97376442
-10.19854736
-8.11339474
-7.19717264
-16.64434052
-17.45694733
-13.84256935
-11.19341564
-17.31080055
-22.34202003
-10.99126720
-31.30586052
-25.22465324
-27.39193916
-12.68712807
-25.56100273
-38.03670883
-2.52112412
-37.04878235
-17.62686348
-38.56339264
-18.68011665
-3.23596835
-26.28779984
-37.92279816
-62.00019073
-21.88706398
-64.39209747
-50.86722183
-44.41527557
-14.91347218
-42.88279343
-30.20979309
-64.28033447
-33.44351196
-53.98122025
-31.44731712
-65.33294678
-52.89788055
-39.35618210
-93.04505920
-57.69582748
-52.00511932
-62.85432434
-48.36336136
-62.40562820
-42.29923630
-70.13500214
-43.56051636
-77.21147919
-90.72673798
-90.53993225
-53.72315216
-101.29106140
-60.46420288
-66.47656250
-59.50426865
-79.53394318
-89.03897858
-74.81696320
-67.75492096
-94.90176392
-51.15251923
-85.32810974
-67.79241943
-77.37170410
-98.61628723
-37.24346924
-118.28849030
-111.11047363
-87.69130707
-92.08845520
-113.14884186
-102.63269806
-38.48718262
-124.39115143
-110.67358398
-95.64215088
-124.25261688
-124.89746857
-102.71831512
-128.63621521
-110.93282318
-128.18331909
-130.24348450
-134.89888000
-115.86054993
-67.98398590
-147.54321289
-137.38446045
-109.21191406
-140.09220886
-124.64423370
-106.73657990
-112.19818115
-155.35925293
-128.84031677
-132.64009094
-131.27214050
-100.53836823
-135.64598083
-126.66545105
-161.85816956
-135.86328125
-72.68122101
-123.27108002
-121.40099335
-106.60450745
-145.61149597
-153.58256531
-130.66400146
-149.84660339
-176.22297668
-114.03528595
-80.57189941
-144.52099609
-179.30326843
-140.87838745
-156.35766602
-155.04568481
-140.44580078
-180.97183228
-161.95365906
-171.25064087
-158.92944336
-171.13475037
-155.31443787
-185.50325012
-165.36535645
-159.54193115
-147.92399597
-169.75158691
-192.49877930
-196.37495422
-176.36231995
-184.77676392
-189.69760132
-200.42558289
-172.77822876
-187.56268311
-190.58439636
-210.31153870
-209.46415710
-195.32754517
-206.84399414
-200.75312805
-203.76751709
-208.92967224
-198.84547424
-211.31390381
-168.09489441
-217.60968018
-211.16227722
-165.50177002
-223.50450134
-206.04869080
-193.02542114
-198.87475586
-169.38992310
-196.39541626
-232.96791077
-227.02542114
-167.27738953
-219.29405212
-218.30035400
-188.09881592
-207.47637939
-237.69290161
-220.82807922
-226.54598999
-226.11395264
-225.57142639
-234.52461243
-231.70030212
-225.51325989
-225.81860352
-194.09524536
-247.22291565
-245.52835083
-233.40592957
-243.43273926
-230.96887207
-197.24436951
-239.84783936
-236.42897034
-246.08036804
-231.62882996
-226.27700806
-242.71810913
-205.93241882
-255.98960876
-234.50158691
-220.22218323
-246.39450073
-225.16323853
-283.82232666
-242.05992126
-211.41946411
-233.40150452
-215.55921936
-169.70497131
-263.23175049
-246.47219849
-253.89279175
-288.49926758
-248.59780884
-257.54342651
-260.72189331
-275.41903687
-126.28278351
-248.94165039
-230.94755554
-265.51019287
-260.76593018
-217.12413025
-282.26412964
-272.34017944
-245.27978516
-270.19854736
-273.93548584
-236.66571045
-281.23913574
-283.22125244
-286.66796875
-305.49438477
-246.93925476
-288.59249878
-284.15368652
-305.85955811
-295.99740601
-214.37026978
-298.48126221
-309.61468506
-315.04553223
-236.94326782
-280.08612061
-308.74215698
-252.67610168
-227.35211182
-249.22634888
-295.37759399
-219.46455383
-253.87149048
-308.66033936
-299.37377930
-216.49986267
-321.08483887
-299.73632812
-249.12727356
-318.23861694
-256.08886719
-314.21298218
-290.73367310
-242.88404846
-214.46076965
-317.74276733
-304.99011230
-326.46597290
-315.88293457
-319.41323853
-343.40179443
-316.41360474
-349.15698242
-330.80181885
-323.13497925
-249.37481689
-329.60446167
-326.47906494
-307.22189331
-318.96841431
-332.28695679
-329.73706055
-328.33840942
-330.70022583
-316.03100586
-334.92803955
-337.47714233
-279.28616333
-236.78198242
-283.16815186
-331.78762817
-315.05676270
-340.38879395
-219.17240906
-346.39743042
-278.53594971
-353.92810059
-355.56393433
-352.76477051
-321.81408691
-278.80001831
-283.14462280
-278.54861450
-338.64944458
-345.48446655
-360.53753662
-260.75869751
-332.35870361
-362.45858765
-332.22946167
-368.43685913
-369.20611572
-323.84655762
-385.27072144
-389.28872681
-370.98098755
-387.21463013
-370.17871094
-391.37503052
-331.60980225
-376.30892944
-368.17352295
-374.47875977
-352.16671753
-259.42041016
-235.82495117
-299.49700928
-367.87649536
-376.19461060
-407.81332397
-388.40979004
-377.86520386
-384.65936279
-393.64901733
-386.51672363
-401.18750000
-384.13348389
-383.71252441
-385.62216187
-385.71533203
-388.47219849
-399.24548340
-379.79730225
-387.57809448
-247.23181152
-323.75067139
-389.42620850
-416.88897705
-415.12628174
-387.43399048
-406.63714600
-383.60546875
-351.76843262
-313.11639404
-345.04757690
-357.37954712
-396.07360840
-276.65679932
-387.99035645
-419.20468140
-294.36260986
-324.19082642
-350.77590942
-403.47958374
-414.88540649
-422.38873291
-397.02230835
-411.89221191
-400.07949829
-323.18917847
-426.47424316
-355.12405396
-322.10516357
-295.84335327
-343.61413574
-358.68975830
-407.84237671
-301.79425049
-266.62115479
-393.03759766
-431.65780640
-426.15179443
-398.35717773
-427.63027954
-416.78817749
-413.92318726
-411.57434082
-274.92132568
-265.01220703
-424.30273438
-426.73992920
-376.23461914
-449.31085205
-424.28634644
-303.18722534
-426.18511963
-325.06054688
-425.21969604
-278.31378174
-443.53073120
-283.39746094
-431.82168579
-425.56665039
-432.39038086
-453.61468506
-433.27081299
-424.88677979
-434.23999023
-395.15478516
-394.21920776
-434.56732178
-436.72589111
-436.26019287
-439.66192627
-430.30236816
-452.62954712
-440.24621582
-437.84774780
-441.88735962
-349.92962646
-440.98233032
-442.30831909
-353.71438599
-444.07028198
-429.82235718
-420.78747559
-325.32217407
-338.65731812
-330.97216797
-436.20803833
-465.57821655
-453.79455566
-454.66220093
-395.57870483
-460.89739990
-462.71389771
-468.15505981
-448.51531982
-417.33532715
-481.20639038
-486.17846680
-406.96997070
-296.64172363
-442.15808105
-475.37088013
-421.37924194
-452.59628296
-434.97521973
-486.08996582
-320.40173340
-362.98562622
-383.14074707
-487.63439941
-333.46112061
-467.65893555
-421.63476562
-456.34475708
-347.99438477
-335.05035400
-425.27362061
-344.08526611
-389.91912842
-419.27822876
-297.39559937
-470.94964600
-481.03781128
-382.93969727
-491.71917725
-470.92218018
-469.23718262
-484.74627686
-443.22570801
-468.25494385
-469.71969604
-332.12390137
-494.44680786
-473.46884155
-467.98233032
-474.52267456
-275.12680054
-437.42468262
-482.82229614
-485.55819702
-302.46380615
-368.69854736
-353.51968384
-329.11648560
-467.68756104
-473.14279175
-463.70941162
-366.42205811
-444.23074341
-327.96768188
-479.23013306
-351.04000854
-505.43789673
-334.53436279
-495.23550415
-497.76074219
-495.69265747
-488.85696411
-486.37686157
-500.05493164
-496.29901123
-494.58267212
-464.09710693
-477.29678345
-501.37130737
-325.79699707
-500.61993408
-516.95599365
-508.80957031
-318.45727539
-490.27731323
-522.94500732
-485.60891724
-514.83215332
-421.06433105
-514.66558838
-511.26074219
-451.39865112
-519.80895996
-341.96719360
-504.74298096
-437.36749268
-345.02536011
-294.54586792
-516.38928223
-342.12966919
-363.08328247
-516.97650146
-365.89483643
-530.13250732
-416.83947754
-376.04507446
-508.41830444
-531.53320312
-513.38500977
-312.10952759
-523.30981445
-427.18811035
-522.29858398
-365.58807373
-266.38925171
-500.57363892
-528.04711914
-405.67160034
-524.81781006
-525.50793457
-354.16436768
-411.85284424
-512.89776611
-364.34701538
-545.97253418
-500.84259033
-436.89666748
-493.88125610
-539.58251953
-525.01678467
-509.76412964
-526.29516602
-533.26916504
-521.55377197
-488.47039795
-512.67700195
-482.26034546
-464.56970215
-452.55911255
-374.31298828
-439.27932739
-482.87203979
-421.46078491
-486.96365356
-508.74859619
-578.29223633
-518.17553711
-514.01391602
-458.54342651
-535.16815186
-470.92742920
-486.97329712
-511.84280396
-509.99371338
-372.68231201
-462.58114624
-548.38806152
-518.42382812
-507.40081787
-512.24353027
-361.02761841
-379.41052246
-563.47131348
-464.20870972
-529.67114258
-519.01348877
-527.22210693
-416.03970337
-387.40475464
-488.79394531
-536.00854492
-312.86636353
-483.16778564
-530.75164795
-514.53002930
-372.81671143
-359.67224121
-432.83035278
-555.11602783
-556.38836670
-347.30230713
-550.81927490
-505.74664307
-552.92663574
-512.14068604
-360.38592529
-350.45150757
-316.96597290
-492.94290161
-408.81158447
-399.31793213
-511.36911011
-488.94586182
-544.08544922
-479.76065063
-569.55004883
-573.21801758
-566.28051758
-517.43383789
-366.21139526
-584.90753174
-546.08825684
-503.09161377
-568.22497559
-560.13696289
-296.68859863
-440.00805664
-472.71322632
-562.67926025
-466.20220947
-594.88299561
-488.34228516
-577.74047852
-527.28570557
-501.59841919
-472.24206543
-598.70458984
-493.05398560
-417.56011963
-567.92041016
-402.09487915
-577.57641602
-462.04248047
-561.75524902
-598.66308594
-586.75817871
-557.07653809
-499.00817871
-574.49993896
-322.37570190
-417.38793945
-307.04971313
-568.64526367
-446.82254028
-571.03094482
-390.18344116
-414.29611206
-533.16192627
-567.51373291
-492.21966553
-576.98864746
-386.42593384
-538.51019287
-506.71817017
-574.47241211
-580.57019043
-588.81146240
-609.27893066
-419.86148071
-457.16104126
-583.46295166
-583.29376221
-429.14779663
-587.66424561
-585.85845947
-490.87515259
-416.42788696
-583.69281006
-413.56875610
-433.47766113
-473.52035522
-596.06274414
-496.97903442
-596.90209961
-548.80194092
-424.08517456
-552.06445312
-556.37811279
-596.71038818
-402.64685059
-607.80865479
-598.15753174
-401.59823608
-596.89324951
-364.12405396
-565.88220215
-350.20080566
-387.92034912
-453.28363037
-587.66015625
-427.81726074
-568.65295410
-610.89337158
-603.64886475
-320.58947754
-596.74877930
-615.66070557
-617.98876953
-574.03680420
-571.70538330
-538.30346680
-516.17181396
-425.81271362
-622.63049316
-601.92352295
-555.79101562
-408.78259277
-567.15063477
-555.07604980
-334.94534302
-583.13409424
-424.30282593
-617.93670654
-368.54183960
-536.92730713
-500.59994507
-601.68487549
-535.49218750
-433.68893433
-570.00341797
-572.08325195
-374.83370972
-604.38897705
-536.33441162
-580.76031494
-599.35253906
-646.61431885
-599.20037842
-427.75772095
-354.44458008
-635.04284668
-606.18713379
-616.28033447
-412.40142822
-474.02587891
-650.88159180
-579.47442627
-624.96374512
-621.30615234
-383.56222534
-635.80761719
-577.34954834
-447.49066162
-436.65322876
-621.64727783
-620.93249512
-632.12121582
-632.96197510
-393.11117554
-386.60263062
-628.62554932
-557.73364258
-647.05316162
-627.04229736
-498.70336914
-571.37866211
-631.77325439
-610.63726807
-632.36016846
-632.59271240
-438.99102783
-611.18334961
-597.48303223
-583.73895264
-340.13488770
-460.13052368
-571.37170410
-636.76129150
-530.36480713
-640.70764160
-464.87310791
-396.85729980
-331.46890259
-648.71557617
-649.19830322
-441.51028442
-602.50408936
-654.04455566
-431.31845093
-649.09246826
-640.48168945
-463.78518677
-633.98004150
-632.11743164
-637.69995117
-650.74072266
-371.81176758
-639.35168457
-487.26138306
-637.12768555
-419.99447632
-582.53656006
-437.57623291
-571.51605225
-321.97094727
-644.63043213
-604.74688721
-554.07592773
-564.66455078
-640.43988037
-638.90606689
-593.51226807
-574.50750732
-641.18536377
-594.95941162
-448.50979614
-642.12268066
-651.38623047
-649.71997070
-677.13922119
-545.42956543
-441.00100708
-582.07800293
-656.44323730
-538.00775146
-416.68185425
-634.06103516
-589.43414307
-463.80917358
-562.59429932
-595.54730225
-663.13427734
-383.79183960
-657.08532715
-676.37860107
-356.45504761
-425.83459473
-658.63708496
-587.40844727
-656.87841797
-662.98834229
-661.20465088
-664.06164551
-541.89727783
-671.83514404
-424.16336060
-627.39093018
-669.39062500
-617.16693115
-604.84783936
-602.73583984
-628.73083496
-371.92526245
-664.11145020
-678.99462891
-579.47698975
-681.62304688
-470.23385620
-457.06140137
-671.53857422
-621.46307373
-635.14031982
-613.72705078
-442.48477173
-459.55020142
-696.49102783
-444.55435181
-525.16259766
-540.81567383
-673.87976074
-403.14282227
-675.46691895
-652.91992188
-691.33801270
-587.06671143
-671.25231934
-706.83477783
-674.36071777
-431.52740479
-680.05108643
-683.00231934
-502.45770264
-680.73223877
-413.50445557
-649.50634766
-679.81127930
-531.37957764
-430.63400269
-571.54498291
-679.68621826
-379.47528076
-685.19067383
-707.31091309
-677.57763672
-632.81298828
-399.74325562
-683.53912354
-690.56182861
-533.59020996
-413.06127930
-683.92248535
-474.70529175
-390.61209106
-709.18817139
-687.31640625
-510.54614258
-479.88827515
-514.33569336
-684.59185791
-684.61926270
-630.52642822
-692.90588379
-657.65179443
-460.77758789
-703.83374023
-430.46826172
-645.94091797
-689.34509277
-563.64306641
-461.15115356
-409.36752319
-703.05316162
-691.74005127
-645.58856201
-708.85754395
-708.90747070
-544.16705322
-440.81646729
-644.46209717
-498.78195190
-460.85205078
-697.41479492
-424.59365845
-419.72808838
-666.41540527
-685.29309082
-592.49053955
-690.71997070
-701.04205322
-412.20266724
-574.54302979
-495.02770996
-408.65625000
-679.17419434
-686.14440918
-384.50213623
-461.19656372
-686.48620605
-677.34381104
-507.73550415
-431.00924683
-696.34912109
-700.50805664
-692.12145996
-610.18377686
-499.11932373
-470.87304688
-669.03656006
-713.16271973
-575.66528320
-386.72143555
-478.56732178
-441.06622314
-678.24389648
-609.96752930
-422.31185913
-680.05322266
-703.08856201
-375.81118774
-561.43634033
-596.90600586
-433.06051636
-711.57360840
-375.35067749
-476.30187988
-445.45614624
-578.15496826
-608.59332275
-697.74188232
-709.44909668
-631.89630127
-432.92337036
-693.89685059
-483.91903687
-363.08773804
-703.42944336
-702.35186768
-696.28161621
-694.38708496
-511.56890869
-618.76287842
-706.82965088
-586.53765869
-588.73901367
-711.54089355
-705.18402100
-701.43548584
-703.91815186
-714.66870117
-649.79284668
-455.49691772
-434.70776367
-436.82461548
-450.40054321
-553.75354004
-521.48962402
-588.87921143
-702.27038574
-464.97430420
-607.34649658
-696.19348145
-568.78570557
-367.96115112
-574.02203369
-652.38403320
-720.11218262
-370.83450317
-626.09692383
-653.47589111
-719.03149414
-706.03460693
-435.75292969
-677.93164062
-616.14642334
-377.01470947
-514.20410156
-708.93316650
-655.57421875
-694.32501221
-575.87072754
-700.15686035
-691.90301514
-729.04376221
-372.19216919
-486.65509033
-615.41705322
-691.19891357
-691.04589844
-576.44799805
-520.71911621
-413.21337891
-687.71429443
-680.30401611
-597.87927246
-486.14370728
-606.76898193
-682.77709961
-535.47741699
-462.87557983
-685.56439209
-687.73870850
-474.86560059
-729.07531738
-690.92578125
-608.92382812
-411.14254761
-455.91607666
-510.36071777
-540.63049316
-695.66265869
-604.15362549
-694.19396973
-611.48797607
-453.55722046
-648.20068359
-699.73736572
-534.77789307
-627.81243896
-697.36773682
-641.60705566
-702.05651855
-460.78027344
-405.05828857
-707.33038330
-709.75988770
-719.44506836
-550.23968506
-601.26477051
-706.09307861
-639.33386230
-709.34606934
-448.32199097
-634.56146240
-479.42047119
-723.97167969
-729.31488037
-728.10723877
-633.20703125
-655.81262207
-708.07250977
-700.64599609
-599.95880127
-585.17260742
-713.53576660
-464.64761353
-731.44329834
-688.37243652
-476.11096191
-701.57031250
-733.45312500
-625.71960449
-708.67272949
-423.68777466
-529.15197754
-641.96044922
-483.60906982
-707.48980713
-715.37115479
-555.57061768
-533.88726807
-646.92205811
-734.83306885
-470.11630249
-591.06201172
-711.46203613
-710.25262451
-420.17425537
-437.21401978
-632.07250977
-454.38290405
-653.85687256
-715.15020752
-710.95623779
-713.33715820
-472.13858032
-724.47808838
-703.86779785
-704.94866943
-618.51721191
-586.92919922
-514.24591064
-624.17364502
-715.79132080
-446.73376465
-726.46643066
-712.60504150
-469.72393799
-717.01251221
-649.28460693
-743.51104736
-715.65209961
-503.05523682
-733.25274658
-712.58233643
-582.00109863
-714.03082275
-729.76086426
-580.66937256
-709.01684570
-712.06774902
-734.13647461
-622.97222900
-686.54333496
-645.92456055
-449.15319824
-705.98596191
-648.61175537
-729.01159668
-728.49865723
-708.10699463
-706.45037842
-704.97015381
-615.20684814
-624.93127441
-721.03570557
-709.15673828
-727.90887451
-440.44775391
-714.07879639
-707.11505127
-709.70416260
-534.54510498
-451.94665527
-695.36126709
-549.42022705
-705.60821533
-489.10848999
-732.34313965
-726.32293701
-644.91424561
-439.81500244
-581.25146484
-622.08361816
-716.29754639
-641.72686768
-446.42672729
-459.26736450
-722.08618164
-729.00482178
-544.06256104
-620.64965820
-473.63723755
-711.76239014
-624.40283203
-488.34240723
-708.59167480
-647.72027588
-709.67889404
-491.71835327
-548.40759277
-693.47070312
-738.36694336
-731.62408447
-532.86950684
-650.89068604
-697.58294678
-577.49517822
-656.46557617
-578.80694580
-541.79766846
-713.64526367
-599.02496338
-712.40106201
-713.65411377
-588.48712158
-708.89276123
-713.22253418
-465.23275757
-736.90942383
-720.41522217
-656.34222412
-717.95190430
-693.91107178
-727.87719727
-644.28521729
-709.82733154
-545.76403809
-490.10040283
-699.50292969
-709.05322266
-706.36932373
-511.54473877
-655.43670654
-484.18795776
-714.67871094
-642.49169922
-469.34191895
-716.97766113
-637.98699951
-713.00421143
-728.01098633
-713.75354004
-715.71154785
-598.61962891
-649.64697266
-731.15771484
-715.74432373
-567.14843750
-503.07415771
-721.10937500
-717.14324951
-525.93145752
-512.06109619
-521.58361816
-722.13104248
-719.91632080
-708.05645752
-733.82647705
-484.09445190
-557.87536621
-734.76068115
-488.20031738
-715.60650635
-711.25323486
-736.84771729
-719.23071289
-731.61724854
-438.52148438
-633.99810791
-578.65606689
-708.06634521
-720.35522461
-718.85174561
-621.11309814
-615.23602295
-687.74615479
-481.74819946
-476.79794312
-622.03955078
-688.86700439
-736.26416016
-683.80841064
-717.39093018
-687.97283936
-711.11791992
-700.77838135
-518.35699463
-726.76452637
-701.79766846
-704.92126465
-487.50466919
-499.17752075
-649.29498291
-726.88494873
-522.72448730
-728.55780029
-730.26702881
-535.78582764
-453.43981934
-714.44866943
-739.71331787
-719.00256348
-736.18646240
-713.51867676
-709.79174805
-712.64904785
-719.48895264
-718.68066406
-575.13781738
-723.31744385
-462.14913940
-485.46289062
-651.71002197
-502.68246460
-475.50433350
-721.47595215
-519.87127686
-505.27166748
-722.77642822
-722.91625977
-633.94177246
-560.23040771
-558.38433838
-615.32836914
-717.41003418
-717.42858887
-719.77813721
-720.15686035
-646.35107422
-736.41937256
-607.32073975
-548.71649170
-495.19003296
-740.92095947
-525.49218750
-474.16305542
-630.61108398
-740.63055420
-703.24426270
-551.82354736
-725.02996826
-512.56250000
-736.91369629
-608.99804688
-496.64678955
-597.49371338
-743.50555420
-714.76788330
-574.45404053
-477.34588623
-654.10687256
-732.91387939
-521.28338623
-748.31207275
-738.32916260
-742.13909912
-506.17962646
-495.44360352
-741.96441650
-500.64654541
-561.23736572
-479.56921387
-477.58578491
-594.76159668
-668.55780029
-639.48858643
-732.98260498
-665.32360840
-517.27508545
-561.73608398
-718.58117676
-644.16687012
-500.95452881
-477.78387451
-586.08062744
-584.26495361
-560.30291748
-479.17279053
-664.02954102
-558.99652100
-721.17138672
-748.60675049
-497.97500610
-725.83770752
-728.17706299
-720.97052002
-726.84197998
-563.79223633
-745.08990479
-726.31665039
-658.12353516
-520.60729980
-502.43914795
-618.72442627
-723.76104736
-508.44311523
-501.84555054
-723.53497314
-738.60992432
-724.79632568
-467.70690918
-540.56658936
-597.58374023
-557.87469482
-667.78509521
-537.55328369
-483.18344116
-714.78894043
-468.97323608
-574.25170898
-746.04595947
-723.99725342
-545.29888916
-652.11279297
-509.68081665
-749.91790771
-750.00476074
-716.90942383
-614.83941650
-539.36260986
-722.32415771
-718.79980469
-748.72692871
-488.29501343
-746.68054199
-657.72100830
-579.75885010
-751.84362793
-524.29455566
-671.55047607
-752.78723145
-729.45666504
-515.02502441
-465.88269043
-495.38793945
-629.45837402
-723.35211182
-525.68579102
-740.62023926
-659.06707764
-717.17382812
-600.94244385
-725.39245605
-741.99780273
-541.94787598
-745.58770752
-726.87103271
-724.92321777
-583.96490479
-524.03411865
-728.02197266
-664.59289551
-518.15350342
-733.30364990
-522.01678467
-509.44943237
-563.25170898
-576.93664551
-596.41888428
-720.91333008
-720.46270752
-509.08920288
-536.76263428
-645.46331787
-538.30163574
-724.00836182
-733.53503418
-463.81375122
-726.54956055
-540.90240479
-724.81311035
-612.17864990
-487.75793457
-524.41925049
-513.89208984
-458.77005005
-744.27270508
-488.79010010
-716.37084961
-732.90032959
-618.71490479
-544.13134766
-725.50604248
-462.62026978
-729.65185547
-726.94177246
-510.09512329
-726.08465576
-558.68188477
-505.96267700
-512.65527344
-476.67495728
-673.51593018
-731.81170654
-729.97882080
-471.74426270
-611.38293457
-635.12377930
-611.19763184
-611.39324951
-735.11920166
-611.41467285
-730.38049316
-486.71725464
-735.64324951
-499.81344604
-617.69317627
-745.28637695
-731.93664551
-510.69671631
-733.39727783
-561.81701660
-589.21923828
-648.14166260
-728.80749512
-545.95977783
-733.17956543
-731.35339355
-642.96490479
-730.34271240
-734.79473877
-539.26361084
-731.44268799
-754.92120361
-478.19201660
-758.58508301
-726.14501953
-757.12658691
-762.27844238
-756.69671631
-635.94238281
-667.46466064
-485.38012695
-611.97106934
-735.10620117
-565.61236572
-736.41510010
-750.01239014
-583.70446777
-499.72769165
-471.01202393
-735.12066650
-677.24218750
-738.93225098
-582.33276367
-527.17852783
-617.80902100
-529.98632812
-607.58612061
-747.60205078
-739.83245850
-639.16180420
-574.06732178
-495.54641724
-505.88320923
-540.84216309
-488.88067627
-581.46600342
-604.97985840
-740.75366211
-477.43298340
-627.16961670
-741.12335205
-640.13647461
-523.43621826
-599.22521973
-592.30859375
-547.46228027
-736.42138672
-739.26745605
-489.22238159
-539.48059082
-678.88793945
-504.97372437
-650.57080078
-597.35833740
-739.38879395
-761.02148438
-758.72137451
-765.25927734
-646.96789551
-529.12286377
-748.43872070
-764.79162598
-593.78698730
-739.91156006
-632.79608154
-742.32159424
-475.24420166
-745.62084961
-744.54364014
-768.39624023
-512.64556885
-782.69989014
-674.51129150
-613.48571777
-740.98333740
-771.89660645
-680.26647949
-545.48699951
-750.17340088
-746.96038818
-748.12738037
-776.74353027
-752.16662598
-509.03762817
-646.30187988
-686.26641846
-744.05676270
-672.89337158
-504.86120605
-629.42028809
-612.98297119
-633.44439697
-584.65417480
-683.13153076
-579.29852295
-751.69165039
-749.54498291
-663.34143066
-588.18908691
-601.89538574
-755.22302246
-596.36932373
-749.28137207
-751.99871826
-764.72473145
-778.28582764
-769.24487305
-675.30987549
-752.16882324
-547.23278809
-754.23364258
-763.34820557
-661.33660889
-671.65045166
-490.07287598
-563.00457764
-501.23794556
-582.39843750
-755.29162598
-687.69696045
-557.19647217
-560.43792725
-645.93481445
-540.37854004
-689.75018311
-651.18640137
-777.29553223
-774.63867188
-760.58795166
-525.37799072
-554.39068604
-683.08734131
-762.20074463
-757.91687012
-759.27777100
-559.70257568
-759.67150879
-625.54498291
-763.35784912
-645.47802734
-775.24047852
-667.95117188
-764.13916016
-557.64416504
-759.90802002
-790.19439697
-759.86199951
-556.93511963
-563.08392334
-775.61511230
-781.96954346
-667.06134033
-636.84936523
-612.93585205
-786.49810791
-650.17382812
-675.38262939
-562.15252686
-525.28540039
-765.40795898
-618.02709961
-539.36151123
-590.16058350
-712.80633545
-757.30035400
-532.08673096
-608.23010254
-668.94195557
-659.02850342
-684.43414307
-545.25836182
-753.34454346
-780.66442871
-531.52478027
-753.61071777
-620.84222412
-524.62866211
-648.88568115
-753.18218994
-527.18157959
-777.32513428
-637.65466309
-751.53656006
-770.28704834
-781.05120850
-523.25799561
-516.11578369
-635.00744629
-758.67883301
-525.72467041
-571.63000488
-774.81976318
-548.70538330
-591.97924805
-535.60327148
-547.16436768
-576.88171387
-756.21466064
-755.53051758
-770.90380859
-530.85620117
-543.96813965
-615.54998779
-543.94860840
-765.54760742
-777.61578369
-594.38366699
-594.42584229
-759.18652344
-757.35375977
-530.77923584
-526.49786377
-544.22674561
-521.34301758
-676.58557129
-547.72784424
-686.65417480
-693.29980469
-764.69702148
-536.81945801
-549.77648926
-758.02545166
-762.11895752
-535.69244385
-549.76812744
-760.86010742
-757.79705811
-780.27990723
-772.84124756
-517.80804443
-761.01214600
-786.44720459
-579.01824951
-591.73968506
-621.11248779
-686.78564453
-693.89776611
-553.73980713
-572.23492432
-600.26745605
-552.36846924
-782.52160645
-685.05029297
-559.73602295
-781.59747314
-750.16711426
-553.71502686
-549.95544434
-784.51397705
-760.20886230
-778.28656006
-503.28323364
-565.13159180
-765.64685059
-501.61679077
-676.68951416
-622.03149414
-759.29144287
-669.45989990
-636.75079346
-767.17327881
-497.19799805
-760.18951416
-664.46691895
-757.31231689
-763.13232422
-556.52258301
-621.23858643
-556.01208496
-763.15399170
-763.09368896
-662.50152588
-627.09948730
-666.08410645
-762.70715332
-599.85333252
-762.58453369
-779.91961670
-785.30737305
-763.04498291
-783.70202637
-784.61914062
-550.80676270
-785.93975830
-612.91918945
-691.13104248
-570.38977051
-759.48388672
-763.43359375
-776.37738037
-525.23504639
-635.55560303
-686.87109375
-653.79302979
-761.10974121
-768.44342041
-558.32373047
-774.40728760
-770.51239014
-530.34277344
-643.32104492
-745.65576172
-599.87078857
-646.06738281
-579.46423340
-754.01220703
-487.03659058
-776.65130615
-549.90399170
-780.55255127
-643.80883789
-582.25762939
-774.95800781
-546.63317871
-778.06103516
-596.07318115
-688.72973633
-762.00982666
-756.54547119
-755.38018799
-676.67120361
-776.01708984
-557.59301758
-759.26098633
-759.20629883
-549.47149658
-750.57641602
-760.12475586
-617.41650391
-571.04522705
-773.00537109
-614.97546387
-567.91418457
-750.42083740
-769.46148682
-753.94464111
-693.67321777
-763.12597656
-531.12701416
-689.75720215
-521.48114014
-744.78881836
-752.77874756
-767.75933838
-521.65844727
-766.58862305
-764.32238770
-606.26092529
-750.86669922
-767.90356445
-738.01336670
-765.86975098
-753.05236816
-694.34106445
-761.52697754
-612.53247070
-753.95812988
-632.05517578
-749.87023926
-570.05737305
-750.47406006
-593.91076660
-594.48632812
-588.47241211
-751.46850586
-549.84899902
-551.47644043
-523.44299316
-517.72149658
-690.07092285
-575.62860107
-530.98968506
-777.04949951
-741.12744141
-752.14154053
-621.03747559
-624.92993164
-753.41448975
-591.59069824
-750.49066162
-582.54663086
-739.35198975
-677.15545654
-538.16503906
-758.97998047
-507.55871582
-747.09777832
-698.12548828
-666.26788330
-533.54351807
-607.19616699
-663.83868408
-748.58135986
-756.44445801
-746.29724121
-774.38696289
-687.24328613
-738.98370361
-626.90606689
-696.60308838
-765.74401855
-730.89355469
-695.43658447
-609.17749023
-745.70819092
-767.35504150
-610.29406738
-749.24090576
-773.60784912
-546.30072021
-773.76098633
-682.92883301
-748.25531006
-647.49060059
-745.57397461
-583.29418945
-771.81518555
-608.83752441
-685.88452148
-749.11492920
-751.12200928
-666.27038574
-766.83947754
-752.15777588
-747.23516846
-575.32952881
-537.83642578
-693.03662109
-600.98095703
-568.64532471
-641.56756592
-637.51916504
-765.88201904
-645.93078613
-688.49548340
-773.56616211
-557.65350342
-753.67437744
-749.29943848
-580.42901611
-553.93084717
-750.02587891
-776.03735352
-751.28631592
-696.04528809
-579.21252441
-655.82153320
-699.16870117
-613.19061279
-771.27148438
-752.57098389
-677.20928955
-751.76959229
-661.22674561
-682.06842041
-643.36346436
-750.13427734
-607.16192627
-572.79022217
-688.02563477
-684.45050049
-770.00921631
-622.35589600
-758.21343994
-780.11444092
-710.79315186
-594.72277832
-754.66809082
-614.80163574
-759.11975098
-784.84857178
-680.12036133
-753.52441406
-667.08679199
-767.92248535
-777.45910645
-782.93847656
-705.99707031
-761.00006104
-695.71618652
-761.99310303
-538.66632080
-755.83349609
-680.92871094
-758.94586182
-756.06561279
-568.71789551
-571.38281250
-757.60809326
-757.52008057
-762.09393311
-579.61627197
-668.50189209
-603.50891113
-656.74707031
-766.91741943
-706.61376953
-563.70880127
-613.48150635
-783.16448975
-575.33734131
-700.22735596
-656.38116455
-664.76696777
-769.25341797
-676.32763672
-595.25518799
-641.91815186
-703.71362305
-706.43548584
-788.14855957
-783.75708008
-687.44604492
-701.20849609
-757.30847168
-785.23413086
-649.56341553
-643.94976807
-757.42346191
-761.68286133
-765.46630859
-762.14801025
-602.71704102
-611.71612549
-763.90802002
-608.19433594
-672.71862793
-754.04394531
-711.20513916
-676.01074219
-697.29559326
-630.70489502
-676.36779785
-777.36700439
-762.25103760
-661.08355713
-524.63476562
-535.83660889
-769.67254639
-762.81573486
-790.25927734
-762.09838867
-775.94531250
-787.78747559
-690.95709229
-601.14251709
-667.03472900
-763.59472656
-602.43048096
-786.12304688
-652.16406250
-693.70117188
-654.03887939
-672.27673340
-766.60302734
-670.50347900
-775.65789795
-764.68505859
-764.83862305
-607.89514160
-695.10894775
-779.91796875
-781.51702881
-763.70379639
-663.71466064
-712.74542236
-702.75244141
-758.07635498
-611.04486084
-771.65344238
-581.73413086
-789.42089844
-697.24481201
-771.60589600
-634.80975342
-666.60845947
-789.81909180
-761.69696045
-759.14416504
-664.61297607
-689.77191162
-778.48742676
-664.51226807
-685.30981445
-715.83734131
-756.30743408
-585.67895508
-653.77825928
-765.59735107
-780.79034424
-613.64556885
-718.40203857
-539.14617920
-659.36285400
-761.67053223
-563.63635254
-596.96350098
-759.68164062
-776.15777588
-780.72534180
-592.59985352
-665.61358643
-758.16754150
-777.76281738
-612.90399170
-622.94049072
-692.44012451
-770.45239258
-688.38995361
-566.38739014
-594.38372803
-652.71337891
-612.50189209
-538.43621826
-637.90313721
-596.50854492
-674.43548584
-706.32238770
-643.52215576
-760.96118164
-757.18487549
-662.34039307
-766.71520996
-583.82904053
-586.72229004
-755.35968018
-607.63226318
-584.04095459
-764.25006104
-674.17089844
-712.45532227
-672.78332520
-759.97436523
-709.52484131
-757.81146240
-601.99908447
-767.48413086
-758.96179199
-774.45819092
-658.73266602
-770.11810303
-778.03790283
-766.30163574
-750.60388184
-779.56085205
-756.97625732
-587.64001465
-718.94714355
-644.82849121
-708.10491943
-767.10839844
-778.19055176
-651.50250244
-588.20495605
-758.17712402
-648.29516602
-609.65985107
-689.02996826
-755.66503906
-716.74584961
-601.16821289
-547.34344482
-624.82220459
-760.45458984
-756.80432129
-666.62097168
-757.90386963
-777.60961914
-570.42340088
-630.00122070
-714.76074219
-619.13110352
-593.16284180
-759.52453613
-754.49005127
-678.35876465
-626.35034180
-783.61041260
-583.13562012
-781.24987793
-779.40466309
-693.36804199
-663.39025879
-775.32769775
-766.53295898
-760.04956055
-760.29565430
-712.42187500
-669.82196045
-585.92047119
-752.10314941
-555.95050049
-761.42993164
-755.14855957
-763.09918213
-615.38903809
-758.01110840
-557.28942871
-776.93890381
-547.59259033
-779.85583496
-719.87536621
-571.56677246
-531.02484131
-766.55621338
-760.10681152
-588.44848633
-781.01068115
-576.94897461
-621.99682617
-774.71063232
-635.21716309
-653.79193115
-605.33032227
-719.94964600
-637.87048340
-767.23718262
-719.65991211
-669.30456543
-715.15832520
-698.16058350
-785.66687012
-784.73522949
-759.94549561
-650.09320068
-761.46282959
-769.04028320
-761.55517578
-653.31060791
-745.40325928
-773.92993164
-709.01147461
-603.80816650
-773.35882568
-772.06689453
-690.51086426
-684.05603027
-582.07690430
-590.54760742
-723.74755859
-644.11029053
-783.55615234
-759.18408203
-540.73693848
-725.83020020
-624.97729492
-604.53442383
-673.77600098
-782.87164307
-651.49066162
-759.49761963
-763.88403320
-728.53991699
-729.47973633
-681.08520508
-762.09082031
-777.45111084
-761.19842529
-763.29986572
-598.38665771
-602.98437500
-599.03509521
-761.12145996
-558.53674316
-770.30828857
-692.92785645
-608.55157471
-598.42828369
-531.97625732
-786.66784668
-775.87115479
-728.15618896
-784.68377686
-698.34552002
-601.20251465
-592.31054688
-762.87414551
-764.98406982
-564.66961670
-777.28631592
-767.60229492
-788.20373535
-789.51007080
-619.24438477
-771.87744141
-507.96218872
-771.15441895
-759.99658203
-580.83856201
-718.24511719
-733.60681152
-763.13269043
-739.13879395
-535.91284180
-591.36968994
-772.49536133
-593.75860596
-582.54931641
-793.86956787
-725.52221680
-764.95758057
-547.79711914
-776.20916748
-764.39801025
-518.95233154
-762.54248047
-735.91735840
-549.55346680
-724.35198975
-659.64587402
-743.69897461
-705.50091553
-631.18780518
-616.04803467
-763.63250732
-739.69360352
-767.26983643
-570.76330566
-687.67132568
-736.29522705
-527.97796631
-753.08288574
-526.12145996
-587.84118652
-550.47204590
-767.87194824
-520.80218506
-543.48370361
-750.52154541
-527.66003418
-742.42102051
-778.65960693
-728.31695557
-606.66558838
-519.54370117
-769.18395996
-663.46337891
-709.18847656
-744.57385254
-644.33764648
-754.80261230
-792.19757080
-770.22583008
-681.52642822
-770.17694092
-721.37023926
-526.81738281
-778.33703613
-640.25708008
-748.44946289
-681.01965332
-770.65454102
-765.20513916
-745.29766846
-769.58435059
-622.17205811
-590.21020508
-551.19073486
-783.24993896
-582.97680664
-548.34051514
-771.17767334
-768.61639404
-565.22241211
-692.21423340
-793.05267334
-774.40313721
-761.85125732
-632.88812256
-724.66394043
-798.82604980
-784.63146973
-583.74047852
-714.54290771
-771.08294678
-554.29565430
-623.32031250
-569.19708252
-781.54620361
-681.11602783
-695.36523438
-686.51330566
-596.57373047
-775.55487061
-773.22644043
-795.56115723
-802.66149902
-591.68780518
-713.65893555
-775.08996582
-765.46148682
-800.76342773
-764.58380127
-775.36248779
-694.10192871
-797.56243896
-773.31268311
-765.49414062
-614.58276367
-600.25079346
-799.11822510
-792.02239990
-794.36535645
-771.86505127
-721.74639893
-644.05004883
-793.86071777
-626.23754883
-757.09289551
-797.29583740
-757.96325684
-563.88153076
-779.87609863
-627.63391113
-606.44970703
-773.72863770
-788.98162842
-780.91381836
-724.78918457
-799.75640869
-777.84197998
-783.70587158
-611.28033447
-786.79199219
-778.40020752
-787.47894287
-774.71569824
-776.00720215
-708.73492432
-615.49816895
-792.54125977
-644.71075439
-688.28094482
-551.65551758
-776.26245117
-788.62487793
-770.64288330
-774.75646973
-775.09893799
-538.17169189
-797.84930420
-753.14855957
-780.38659668
-778.35852051
-798.42529297
-518.78259277
-790.09265137
-779.65466309
-799.13543701
-784.76611328
-793.16595459
-791.92791748
-759.48913574
-607.69250488
-663.55554199
-791.41400146
-538.43212891
-766.26123047
-787.29901123
-778.99847412
-775.28900146
-798.33935547
-747.33105469
-762.55273438
-789.09045410
-792.54034424
-603.83520508
-804.54406738
-801.93798828
-766.68426514
-517.74981689
-804.36907959
-776.62225342
-536.99121094
-488.16015625
-782.22772217
-737.70477295
-810.71197510
-788.30090332
-732.98388672
-753.76196289
-531.67749023
-647.98327637
-770.49414062
-795.23388672
-764.06451416
-776.48919678
-770.29644775
-635.02471924
-764.47399902
-643.98834229
-768.15502930
-814.62158203
-551.53411865
-766.22338867
-771.03594971
-594.14257812
-773.47509766
-653.33972168
-660.11853027
-655.30676270
-672.90173340
-809.28784180
-654.80273438
-815.10913086
-772.84899902
-782.18328857
-664.78308105
-774.40350342
-744.36224365
-702.73620605
-764.68786621
-641.01232910
-764.90167236
-643.65606689
-761.18804932
-782.05938721
-821.81091309
-662.60327148
-781.59417725
-765.57891846
-643.15917969
-774.81982422
-824.15490723
-777.84069824
-635.30316162
-677.71093750
-822.56854248
-778.04895020
-787.00097656
-746.22515869
-770.89697266
-783.11987305
-794.02593994
-770.94000244
-756.81799316
-677.61627197
-747.60241699
-771.24127197
-648.65881348
-759.20239258
-750.81298828
-576.95544434
-663.01635742
-679.49774170
-756.57781982
-826.50384521
-744.20141602
-822.02221680
-768.09246826
-741.93957520
-776.65081787
-757.05804443
-810.85156250
-772.65979004
-774.64636230
-700.58325195
-821.50952148
-765.18298340
-743.46740723
-698.34930420
-642.45642090
-791.59313965
-781.80450439
-763.66430664
-613.77966309
-679.54437256
-756.09179688
-745.36456299
-658.68365479
-750.97656250
-561.50372314
-614.25482178
-745.23858643
-765.44042969
-746.25152588
-782.65869141
-753.98004150
-741.93865967
-760.00299072
-746.47656250
-748.01452637
-797.00488281
-815.02465820
-638.01617432
-756.74890137
-599.90948486
-744.90612793
-774.46673584
-819.15625000
-822.17248535
-765.20812988
-637.37957764
-658.70056152
-675.09552002
-727.82415771
-595.81140137
-631.61322021
-738.73901367
-756.34649658
-762.52410889
-727.09667969
-755.31359863
-738.73883057
-779.82873535
-777.81439209
-751.30615234
-746.61096191
-844.68865967
-746.50994873
-756.78802490
-831.11901855
-562.01245117
-776.95544434
-731.50006104
-639.55474854
-815.44293213
-777.82037354
-797.76458740
-719.70086670
-740.78045654
-760.63354492
-777.23278809
-727.53900146
-833.99322510
-639.82458496
-725.33007812
-746.96948242
-630.29431152
-727.47186279
-752.87139893
-731.07446289
-735.70062256
-748.24792480
-747.44140625
-810.42620850
-835.46362305
-610.03039551
-723.97222900
-604.25549316
-813.39996338
-728.38641357
-849.67785645
-638.22973633
-654.94580078
-835.90277100
-836.59460449
-749.13372803
-835.15966797
-773.66241455
-843.02227783
-860.13006592
-766.34698486
-570.54864502
-656.86236572
-751.22845459
-819.06024170
-712.76513672
-743.71453857
-837.56250000
-564.75726318
-776.44146729
-710.82135010
-743.18176270
-707.56921387
-819.20867920
-679.28930664
-774.98199463
-568.20239258
-575.61352539
-804.84973145
-715.68969727
-802.25915527
-771.77947998
-723.71215820
-742.46063232
-834.57696533
-839.66571045
-652.52807617
-744.21832275
-731.59918213
-710.77697754
-713.52581787
-714.43463135
-713.77722168
-584.05718994
-554.30249023
-715.48583984
-715.02581787
-715.07061768
-720.17767334
-740.57275391
-565.06945801
-810.23327637
-720.57891846
-737.97680664
-670.11218262
-739.75549316
-716.10766602
-722.29541016
-812.34912109
-716.96179199
-711.30383301
-569.24230957
-652.27685547
-781.96270752
-735.65118408
-697.61804199
-666.15393066
-737.57702637
-765.67706299
-707.56237793
-738.80883789
-731.78637695
-740.15826416
-738.65045166
-586.20495605
-558.97937012
-822.77001953
-712.34808350
-600.93414307
-719.68365479
-669.68536377
-804.95190430
-644.73425293
-776.21606445
-616.37750244
-716.25042725
-703.74182129
-724.88714600
-714.90563965
-814.71405029
-737.95861816
-682.34405518
-687.53289795
-726.02569580
-808.39721680
-683.85144043
-708.68750000
-718.74365234
-708.73712158
-735.10290527
-807.28240967
-647.48699951
-712.35729980
-810.32293701
-738.80615234
-794.32067871
-695.19641113
-733.82684326
-775.54473877
-710.71130371
-810.42633057
-713.00042725
-709.39270020
-650.50256348
-736.26525879
-740.87927246
-727.06555176
-847.50030518
-826.91790771
-568.41180420
-704.60650635
-812.01525879
-734.00451660
-736.49127197
-642.67950439
-693.36645508
-715.00299072
-710.38195801
-712.43225098
-700.55944824
-636.75103760
-735.04357910
-854.03735352
-780.12542725
-707.90350342
-833.84722900
-725.64569092
-722.50640869
-540.05786133
-822.55645752
-701.85937500
-874.17871094
-869.94024658
-823.61193848
-839.87994385
-673.26855469
-700.81420898
-661.60345459
-724.68829346
-706.37463379
-740.73583984
-706.42724609
-811.37554932
-708.19415283
-870.83612061
-706.25659180
-830.44805908
-531.98394775
-731.09069824
-707.45349121
-860.35534668
-843.25433350
-875.07019043
-733.42749023
-724.97576904
-768.49810791
-703.62322998
-710.86212158
-764.15441895
-707.60009766
-747.77587891
-737.14495850
-735.18249512
-736.89544678
-710.02642822
-740.10900879
-733.06866455
-762.38458252
-738.83892822
-877.12176514
-520.04107666
-710.81787109
-708.40991211
-860.50177002
-866.11523438
-821.21124268
-711.80950928
-711.84936523
-702.63586426
-739.33734131
-774.63073730
-736.75433350
-717.19189453
-797.30731201
-705.76898193
-778.84051514
-690.09954834
-709.39044189
-710.98889160
-868.05572510
-751.17950439
-787.80889893
-738.78295898
-740.06225586
-844.66320801
-731.28826904
-663.34649658
-783.96203613
-781.77478027
-794.54467773
-714.45996094
-715.29132080
-712.88830566
-739.80554199
-717.26812744
-677.30541992
-578.98162842
-758.41766357
-859.16461182
-735.79266357
-823.48254395
-861.63977051
-738.98394775
-782.32977295
-713.47760010
-725.85388184
-732.69543457
-739.62359619
-722.07800293
-803.04370117
-789.46844482
-721.20941162
-713.51190186
-710.31689453
-630.44512939
-740.83050537
-738.65405273
-808.37145996
-734.90393066
-733.55316162
-703.33148193
-694.95654297
-821.95556641
-707.90582275
-697.86975098
-719.53839111
-798.38092041
-722.51617432
-728.01837158
-713.36572266
-817.25854492
-710.79833984
-714.62408447
-732.24536133
-822.28778076
-727.81030273
-739.39843750
-740.73986816
-705.10229492
-736.45355225
-702.35296631
-724.33270264
-840.11865234
-712.22631836
-737.61614990
-806.18829346
-704.88555908
-736.87139893
-696.29315186
-836.51110840
-708.28051758
-699.81909180
-624.80108643
-829.31323242
-832.25585938
-719.97265625
-735.34594727
-824.79364014
-733.92303467
-840.35589600
-602.81268311
-712.34039307
-824.19384766
-723.93566895
-773.86236572
-709.43096924
-813.55621338
-708.62762451
-721.84411621
-707.05859375
-721.95086670
-693.49017334
-711.68774414
-697.30236816
-834.12695312
-706.62322998
-826.63909912
-825.22656250
-816.27185059
-713.22015381
-708.00573730
-729.51184082
-699.35565186
-721.54241943
-725.71075439
-816.40673828
-709.30413818
-595.27740479
-727.20660400
-823.01318359
-723.74108887
-789.48675537
-707.50219727
-711.32574463
-826.99621582
-700.89996338
-708.53472900
-806.61773682
-773.10845947
-661.49755859
-704.09912109
-690.88165283
-844.86334229
-672.63183594
-799.70019531
-619.65527344
-812.17169189
-705.08935547
-713.91168213
-706.39422607
-704.92913818
-704.70568848
-706.30780029
-711.36688232
-703.14282227
-708.16992188
-711.52886963
-734.05480957
-712.47674561
-719.12768555
-809.45996094
-862.39904785
-809.29638672
-847.33850098
-749.18872070
-705.15216064
-825.31066895
-659.71252441
-737.05749512
-667.20330811
-871.97595215
-704.60021973
-864.26586914
-736.80285645
-773.41015625
-743.30017090
-644.59283447
-737.50592041
-717.66766357
-736.67132568
-738.26550293
-830.51654053
-870.46740723
-838.61846924
-606.41833496
-711.21295166
-781.29260254
-839.64080811
-711.99188232
-581.70172119
-641.39361572
-866.70379639
-724.06817627
-702.08483887
-712.14642334
-574.50561523
-738.07324219
-731.86907959
-706.42169189
-810.49444580
-720.92083740
-713.51434326
-733.26721191
-807.17047119
-731.36889648
-709.37335205
-833.37860107
-805.82946777
-857.68157959
-788.17858887
-717.26464844
-805.49114990
-720.25134277
-713.00988770
-557.70489502
-826.78747559
-712.03424072
-783.52697754
-856.56542969
-713.13909912
-809.76568604
-710.64001465
-783.13061523
-715.79669189
-713.96643066
-854.83636475
-796.44506836
-633.40979004
-796.49505615
-706.26806641
-710.75708008
-708.11834717
-708.39697266
-725.98498535
-706.44915771
-708.19177246
-879.39501953
-807.26885986
-735.44085693
-677.97357178
-820.73834229
-826.64813232
-712.90222168
-733.11730957
-831.02410889
-647.81030273
-735.36547852
-694.44573975
-638.84155273
-652.46380615
-580.14532471
-740.94921875
-599.74291992
-669.55743408
-671.83520508
-502.88861084
-852.91290283
-741.92913818
-715.16577148
-869.74468994
-664.81640625
-745.75073242
-533.61682129
-893.05175781
-760.93841553
-632.05255127
-815.66790771
-740.52569580
-527.38958740
-734.84503174
-713.57299805
-736.56945801
-709.25616455
-890.12701416
-718.97247314
-564.15423584
-729.03741455
-720.57745361
-875.77185059
-729.67419434
-865.92437744
-705.23052979
-718.22174072
-828.96875000
-617.51129150
-714.70379639
-731.40093994
-727.04809570
-556.48480225
-690.31915283
-566.89050293
-725.68902588
-717.73199463
-719.36730957
-780.43743896
-720.67932129
-707.80670166
-747.84716797
-831.20947266
-722.47222900
-723.17639160
-831.67700195
-674.38861084
-747.22363281
-833.18927002
-901.77587891
-877.47583008
-891.81976318
-785.79309082
-753.05554199
-751.80023193
-754.55364990
-856.79449463
-827.26898193
-651.32733154
-728.73419189
-840.02539062
-750.17437744
-722.41693115
-721.07244873
-724.73034668
-578.17877197
-881.78857422
-838.71044922
-880.00604248
-751.40051270
-649.20800781
-727.56958008
-730.63458252
-725.26977539
-728.68322754
-842.52294922
-724.96087646
-744.90936279
-769.29571533
-819.74884033
-776.56604004
-725.83288574
-726.71588135
-545.31848145
-885.72363281
-667.01489258
-735.87170410
-606.10125732
-721.84265137
-735.09301758
-736.57952881
-710.02239990
-767.49487305
-642.12731934
-891.22784424
-749.47113037
-727.06524658
-789.55200195
-828.57226562
-740.38696289
-745.99340820
-733.43304443
-887.42474365
-755.70452881
-777.83178711
-748.60693359
-749.28332520
-759.41632080
-819.45050049
-627.70886230
-757.58087158
-681.10284424
-745.08111572
-671.86517334
-598.13592529
-736.00073242
-737.81994629
-827.99176025
-745.72363281
-794.95941162
-736.11859131
-620.07177734
-727.47930908
-762.54455566
-754.64953613
-762.80950928
-827.71466064
-736.20269775
-814.58197021
-706.42462158
-741.61322021
-903.33331299
-738.28332520
-756.52258301
-714.33422852
-744.91772461
-737.33605957
-893.73620605
-617.45574951
-750.14868164
-895.57598877
-615.07019043
-773.25085449
-735.73730469
-886.16351318
-733.98046875
-589.38537598
-888.14666748
-650.66552734
-635.04711914
-738.61767578
-583.56353760
-750.07446289
-746.99041748
-735.14538574
-734.21026611
-674.24615479
-601.52453613
-865.47454834
-879.75622559
-743.48510742
-768.17224121
-735.51690674
-629.27545166
-893.59814453
-666.50177002
-728.49560547
-595.60620117
-901.49810791
-879.95947266
-722.36468506
-760.61602783
-651.25872803
-720.53039551
-621.90081787
-733.42169189
-735.04895020
-758.13647461
-733.13555908
-612.26568604
-855.22326660
-738.09246826
-868.61895752
-739.87530518
-655.60101318
-582.54650879
-732.25225830
-676.78039551
-767.81939697
-642.41900635
-761.54516602
-834.19073486
-764.84204102
-621.92150879
-681.11553955
-764.18237305
-757.80096436
-727.70739746
-757.70092773
-670.37652588
-852.17449951
-686.23388672
-730.66650391
-762.75830078
-760.38098145
-764.34246826
-911.17694092
-764.69909668
-913.71789551
-732.04779053
-734.80627441
-559.10028076
-732.04101562
-817.78869629
-890.41967773
-762.57067871
-755.23199463
-656.39190674
-733.54394531
-832.92950439
-733.03546143
-733.00036621
-736.37371826
-750.72839355
-872.03253174
-641.74810791
-910.27349854
-569.92224121
-900.31506348
-761.83282471
-538.91864014
-735.54736328
-551.71661377
-870.99945068
-628.01000977
-710.90069580
-743.39910889
-868.37316895
-855.74035645
-735.13110352
-826.65142822
-751.91577148
-763.55718994
-856.16589355
-767.17321777
-907.59478760
-844.49389648
-876.72204590
-835.21044922
-741.63055420
-736.89135742
-887.88275146
-777.77575684
-759.14434814
-750.24224854
-732.56445312
-739.91241455
-900.23498535
-682.22796631
-765.09454346
-746.12371826
-884.06695557
-765.82775879
-727.10198975
-663.02471924
-731.37750244
-552.67419434
-810.73046875
-629.92022705
-740.60540771
-838.20324707
-826.48455811
-765.78613281
-868.28649902
-751.93536377
-766.39257812
-834.85186768
-845.05261230
-735.49182129
-739.70715332
-877.82531738
-760.37774658
-743.06756592
-801.82226562
-795.14080811
-704.28588867
-544.91217041
-627.82727051
-734.86761475
-539.96685791
-771.01965332
-733.49139404
-608.95733643
-766.71337891
-889.51745605
-881.58343506
-597.73223877
-704.67102051
-742.39581299
-798.26794434
-757.14001465
-741.45513916
-759.69415283
-766.61975098
-636.65417480
-669.54803467
-762.99566650
-815.11279297
-703.19281006
-640.80828857
-741.92169189
-620.94567871
-771.10443115
-659.11529541
-754.81481934
-762.41625977
-661.38232422
-824.70001221
-773.51135254
-763.23773193
-897.52459717
-743.22137451
-717.23486328
-620.53967285
-758.60992432
-765.14276123
-894.39001465
-868.04370117
-749.78186035
-741.67230225
-743.19720459
-788.28265381
-881.67700195
-740.01434326
-741.80700684
-865.13049316
-844.88354492
-853.81622314
-724.20098877
-694.49365234
-551.45410156
-744.42816162
-659.53015137
-665.21539307
-751.95343018
-862.68627930
-735.62017822
-679.05480957
-847.33557129
-703.07879639
-679.87823486
-742.00445557
-801.16564941
-663.60894775
-631.17291260
-728.92803955
-857.24627686
-776.36212158
-649.37207031
-867.77313232
-749.94042969
-834.84643555
-857.36621094
-763.42938232
-763.87664795
-732.78540039
-869.95239258
-748.00750732
-628.72497559
-893.80426025
-850.60589600
-765.30346680
-753.11761475
-870.03710938
-656.49212646
-897.17089844
-755.44970703
-867.99121094
-847.31256104
-762.89343262
-597.34643555
-845.50317383
-766.41821289
-737.14691162
-746.03631592
-834.94427490
-613.78656006
-600.42871094
-736.19165039
-824.50061035
-741.20770264
-726.40948486
-869.74639893
-841.11596680
-703.90045166
-706.85180664
-865.98388672
-893.80651855
-771.45935059
-736.71661377
-738.27990723
-892.78137207
-859.09942627
-735.31872559
-732.33319092
-718.18939209
-667.32098389
-746.22473145
-877.33410645
-760.52532959
-762.23480225
-760.41021729
-740.58923340
-848.88232422
-857.97033691
-855.22393799
-763.24432373
-821.83648682
-843.38995361
-798.52239990
-753.79052734
-729.62255859
-734.64508057
-823.15826416
-814.90374756
-712.36389160
-833.89624023
-673.70446777
-743.88781738
-567.26959229
-716.57989502
-743.81634521
-730.18560791
-749.47497559
-730.09875488
-729.99566650
-899.79382324
-879.80847168
-741.95166016
-802.30133057
-841.90179443
-738.70501709
-749.47857666
-745.85009766
-754.79809570
-861.98718262
-758.95458984
-743.37121582
-738.06048584
-717.93518066
-745.92718506
-699.61968994
-747.01800537
-812.49035645
-879.07995605
-873.58129883
-729.75231934
-737.97766113
-685.80737305
-893.34509277
-900.42156982
-885.11962891
-759.31213379
-714.49090576
-716.75537109
-820.95031738
-570.55731201
-847.15539551
-731.93579102
-732.70251465
-856.35400391
-725.21478271
-765.67248535
-887.91094971
-756.61071777
-760.96197510
-727.21063232
-731.51715088
-759.87487793
-737.50720215
-680.67486572
-877.87414551
-839.61181641
-721.17663574
-840.30517578
-759.36639404
-873.20129395
-899.20953369
-873.05676270
-570.04858398
-876.25476074
-733.27020264
-865.25598145
-845.22589111
-762.99468994
-720.93664551
-664.22052002
-891.84686279
-714.29498291
-728.56060791
-688.14660645
-760.00134277
-732.24639893
-699.40203857
-740.86102295
-791.13934326
-737.55145264
-892.86175537
-741.75061035
-740.40692139
-620.70959473
-747.54162598
-574.85998535
-742.85333252
-590.43621826
-758.80981445
-581.98608398
-741.07550049
-732.96441650
-818.90106201
-732.47656250
-767.17364502
-743.92694092
-837.71820068
-768.68914795
-914.50622559
-822.18902588
-610.73541260
-770.27838135
-771.59155273
-877.89111328
-752.60412598
-892.94732666
-768.32061768
-596.09454346
-741.18377686
-740.60131836
-752.20019531
-693.12988281
-741.13177490
-887.93078613
-868.42047119
-741.33355713
-661.89715576
-769.92993164
-887.72198486
-914.99298096
-743.57281494
-832.42382812
-745.20355225
-899.00244141
-747.87835693
-742.28277588
-873.42810059
-636.42730713
-745.96557617
-689.73968506
-574.98638916
-874.81091309
-748.46423340
-770.54925537
-897.82244873
-675.20928955
-919.89587402
-779.60211182
-573.97460938
-745.14923096
-859.83569336
-878.00518799
-774.06445312
-878.40264893
-931.55059814
-771.54827881
-756.90820312
-608.09509277
-847.85894775
-886.62847900
-904.35736084
-783.66021729
-761.04577637
-781.07397461
-752.19293213
-767.91247559
-759.48266602
-721.47448730
-752.78491211
-751.67382812
-780.95098877
-746.39672852
-924.53942871
-614.09307861
-734.48529053
-716.07458496
-931.61981201
-768.68701172
-896.57128906
-694.65075684
-754.18615723
-665.40478516
-787.95758057
-676.26916504
-791.11352539
-757.34411621
-638.48260498
-679.91363525
-787.96655273
-578.21124268
-795.59368896
-779.14129639
-859.69244385
-757.44732666
-755.03509521
-756.66186523
-629.21618652
-780.61187744
-845.62554932
-817.75268555
-946.92810059
-664.39074707
-580.61492920
-770.16516113
-760.55572510
-936.57037354
-683.46264648
-763.40777588
-896.43969727
-887.73895264
-759.60894775
-777.62658691
-916.06494141
-800.98297119
-773.70867920
-822.68115234
-713.63366699
-731.96820068
-828.17596436
-764.38031006
-802.78662109
-769.81811523
-879.24011230
-902.39062500
-734.57183838
-741.76110840
-615.62756348
-790.76959229
-766.84246826
-680.99615479
-730.64184570
-685.20324707
-890.81048584
-801.18469238
-800.75354004
-961.90277100
-628.21551514
-772.07464600
-889.69146729
-810.50073242
-891.71392822
-930.40362549
-907.56695557
-777.22344971
-661.33184814
-961.06066895
-773.65667725
-778.11901855
-779.78955078
-919.90747070
-775.68853760
-804.95489502
-775.17523193
-927.90551758
-948.23657227
-584.94726562
-799.88891602
-792.72088623
-920.49035645
-775.03179932
-994.46679688
-781.97283936
-817.97485352
-818.78710938
-814.97875977
-818.80651855
-789.59576416
-932.58892822
-751.06463623
-991.28155518
-959.95568848
-810.44555664
-781.28082275
-982.04437256
-971.59289551
-966.05993652
-817.56402588
-863.66339111
-806.73345947
-804.02838135
-730.12091064
-1006.55444336
-642.51220703
-944.60070801
-779.68188477
-997.90869141
-782.28094482
-793.56420898
-815.72229004
-986.48956299
-794.33203125
-753.08648682
-764.39874268
-817.35675049
-1012.71673584
-788.76055908
-944.03955078
-654.56896973
-942.28851318
-785.63525391
-1002.48730469
-785.89916992
-787.42626953
-957.69750977
-785.49511719
-745.16284180
-984.79870605
-849.24530029
-777.82073975
-824.89251709
-937.42272949
-993.09558105
-817.35662842
-787.81561279
-794.89495850
-640.63854980
-1014.28924561
-1004.52789307
-979.60888672
-662.67846680
-821.68304443
-633.63958740
-711.71881104
-806.31243896
-813.47485352
-822.40649414
-786.90789795
-914.02612305
-656.42205811
-821.60601807
-793.85638428
-990.02276611
-781.83239746
-911.72528076
-765.07330322
-920.94042969
-746.77185059
-1003.63079834
-820.52209473
-1038.45898438
-614.95263672
-926.81262207
-788.87646484
-790.19091797
-784.12451172
-786.79272461
-817.45605469
-783.02447510
-757.09338379
-787.74169922
-754.64624023
-990.19464111
-1001.74914551
-822.14270020
-700.96014404
-1022.68511963
-821.97534180
-794.87365723
-789.80529785
-789.42755127
-811.75256348
-676.83782959
-976.89147949
-790.84277344
-671.20812988
-788.81268311
-789.44970703
-962.00048828
-785.28656006
-789.50708008
-788.43499756
-943.59558105
-892.36065674
-788.05950928
-787.35357666
-963.82196045
-811.26525879
-859.18469238
-1048.85900879
-666.45812988
-939.91510010
-913.76489258
-794.48474121
-789.66412354
-848.24627686
-799.72216797
-793.12652588
-1038.70056152
-907.40374756
-791.54394531
-647.13928223
-1063.39428711
-890.00054932
-1017.63049316
-739.20214844
-835.86138916
-1018.56976318
-815.61676025
-838.15979004
-787.80999756
-1050.63916016
-831.11688232
-722.05596924
-759.01995850
-805.92504883
-727.45697021
-824.66876221
-803.84356689
-750.93133545
-831.80773926
-739.26293945
-811.68212891
-917.25476074
-836.39257812
-1040.08496094
-788.99072266
-1052.54736328
-819.09582520
-1062.74328613
-1029.96643066
-802.42175293
-1031.99169922
-839.05914307
-851.42449951
-971.21221924
-984.74493408
-1069.86413574
-1051.23730469
-706.03948975
-1046.30590820
-800.19317627
-671.53295898
-1053.54260254
-839.68084717
-961.28436279
-811.26287842
-978.33197021
-748.56927490
-811.40155029
-833.24737549
-969.48114014
-805.72430420
-804.86553955
-1030.11547852
-943.96893311
-838.73858643
-838.89807129
-1016.00585938
-1052.80407715
-811.44421387
-956.25512695
-806.68072510
-1068.36279297
-974.60009766
-1019.93963623
-969.47473145
-674.22460938
-811.71789551
-841.23699951
-703.76129150
-817.36077881
-846.05419922
-611.24908447
-811.68255615
-1062.74169922
-850.01538086
-1111.61560059
-1036.37915039
-829.56872559
-735.02185059
-1092.07788086
-931.94689941
-874.57141113
-845.48162842
-849.94073486
-839.37750244
-687.66741943
-718.54901123
-839.98211670
-843.76611328
-805.75305176
-710.40051270
-749.48449707
-844.80535889
-863.28985596
-843.38958740
-763.98895264
-822.26434326
-828.54675293
-673.67913818
-816.02124023
-739.36077881
-1110.32836914
-785.28637695
-799.45233154
-834.42987061
-1115.19567871
-1037.27685547
-842.67681885
-1097.79565430
-820.27410889
-1079.04321289
-809.31585693
-1058.92138672
-656.28082275
-1027.52099609
-1088.58300781
-868.30664062
-809.73144531
-810.25238037
-826.30841064
-806.00646973
-810.93951416
-687.77392578
-936.29913330
-797.93072510
-770.83770752
-1013.75921631
-1113.77160645
-826.51104736
-808.05401611
-807.89862061
-966.19750977
-648.88293457
-1006.42449951
-1048.67053223
-835.58709717
-755.61267090
-857.59936523
-759.98791504
-887.06219482
-925.15325928
-816.69116211
-810.26757812
-810.38262939
-729.25079346
-851.04669189
-811.88104248
-1117.02416992
-718.62139893
-819.82556152
-808.57873535
-1075.21801758
-771.80523682
-801.46252441
-707.53332520
-812.51934814
-636.59967041
-674.10339355
-1011.50250244
-735.30004883
-765.45715332
-996.51165771
-973.04217529
-841.54083252
-1142.07653809
-1148.77709961
-853.97503662
-1080.25708008
-849.01934814
-844.23834229
-822.54406738
-902.87927246
-728.11694336
-832.22180176
-1087.30090332
-1006.92272949
-851.06134033
-858.06250000
-1124.71301270
-1107.76489258
-1047.17700195
-816.38110352
-1186.58496094
-791.33264160
-738.15539551
-753.92083740
-843.03436279
-1133.26721191
-839.07751465
-821.08087158
-1131.79357910
-984.11370850
-828.40698242
-858.18499756
-773.25158691
-786.22174072
-869.34765625
-848.42663574
-868.49145508
-961.31225586
-841.69451904
-859.67236328
-1152.12719727
-816.72399902
-1011.39843750
-911.05883789
-750.81079102
-859.66699219
-722.28784180
-944.33227539
-1054.15893555
-835.93939209
-723.74902344
-856.75518799
-781.95971680
-1045.58044434
-703.76562500
-832.95147705
-1046.53515625
-1175.11938477
-849.24737549
-723.33416748
-827.41235352
-852.49896240
-966.62420654
-861.18090820
-840.93365479
-1147.25207520
-843.85540771
-857.41455078
-830.77191162
-829.47479248
-831.30731201
-836.27569580
-865.67266846
-1185.85314941
-853.07171631
-1163.03405762
-869.52563477
-863.04162598
-1084.38781738
-955.01928711
-950.91082764
-705.47845459
-733.79180908
-860.66546631
-846.89916992
-830.42639160
-896.58331299
-871.70727539
-1042.89990234
-1240.18493652
-1062.08447266
-799.77569580
-811.24993896
-825.91748047
-839.97723389
-1036.42004395
-827.76562500
-903.32464600
-1152.31323242
-902.01599121
-827.27294922
-1149.03588867
-1259.44274902
-825.01196289
-827.26611328
-717.70257568
-1138.26538086
-1177.12402344
-849.74835205
-857.49096680
-827.25341797
-724.67144775
-810.46197510
-832.86071777
-874.00457764
-843.60333252
-1030.11523438
-831.15740967
-1067.18212891
-874.09985352
-695.31518555
-1127.23889160
-1248.19091797
-784.37353516
-840.92993164
-867.06951904
-1031.04272461
-828.11358643
-1069.29492188
-839.73913574
-1011.58569336
-857.14404297
-1205.57214355
-1226.26953125
-859.58905029
-959.53826904
-1123.20239258
-853.81811523
-877.78198242
-770.17529297
-835.00207520
-1177.19677734
-1170.75585938
-880.31176758
-832.17407227
-791.52111816
-733.35241699
-777.95281982
-825.87188721
-856.82366943
-1117.93408203
-1117.80883789
-863.14776611
-1118.00085449
-1235.77685547
-750.28649902
-818.58648682
-843.06652832
-825.38531494
-826.08819580
-1254.62182617
-792.66040039
-876.91857910
-875.09277344
-861.64355469
-846.05883789
-874.15270996
-1031.68933105
-1159.31994629
-868.58758545
-873.10693359
-874.04394531
-879.86541748
-1138.12109375
-836.17138672
-833.88177490
-1275.09094238
-656.89233398
-836.60333252
-1281.96936035
-881.49566650
-1282.58056641
-860.79846191
-1276.97998047
-854.51971436
-869.92266846
-1216.98828125
-1239.87243652
-856.01220703
-853.00891113
-1220.16357422
-836.54138184
-878.47808838
-722.08868408
-722.21923828
-852.45880127
-656.75695801
-853.52325439
-856.30511475
-878.89184570
-917.58795166
-814.95379639
-782.48345947
-838.17150879
-842.60229492
-870.88684082
-1161.92089844
-855.52947998
-900.32989502
-869.96960449
-879.48590088
-863.07885742
-775.62811279
-841.13226318
-1082.36230469
-848.84008789
-822.60076904
-1164.18005371
-851.46118164
-1085.66870117
-965.53161621
-1018.71093750
-872.00872803
-879.22668457
-678.97271729
-828.65332031
-827.81494141
-847.16693115
-1083.02014160
-836.72003174
-849.03247070
-841.39154053
-932.00628662
-1066.29223633
-698.09600830
-927.50915527
-836.76629639
-838.54095459
-644.64453125
-1320.27001953
-840.17407227
-878.86694336
-862.46166992
-843.09588623
-704.85668945
-850.01135254
-1300.64758301
-1006.14459229
-1152.75415039
-1045.95214844
-849.12145996
-852.89129639
-845.60327148
-1254.72766113
-686.16967773
-945.51055908
-1207.56738281
-1356.02246094
-847.16259766
-855.57122803
-733.82348633
-1318.85998535
-871.15155029
-985.46020508
-888.19238281
-854.50579834
-1046.86669922
-899.51953125
-841.76727295
-920.68176270
-735.56970215
-1062.41845703
-1101.55651855
-1373.63647461
-826.35266113
-852.07531738
-869.66412354
-896.70697021
-894.56707764
-685.93261719
-910.02752686
-823.04327393
-899.53619385
-855.51226807
-1330.07177734
-918.71777344
-939.36260986
-979.10607910
-731.02990723
-893.02734375
-892.89672852
-863.06274414
-868.62896729
-871.84649658
-1118.66870117
-891.30053711
-738.29223633
-902.13952637
-715.13330078
-896.06781006
-1171.41296387
-861.63116455
-1033.54113770
-824.27703857
-888.74688721
-863.13848877
-895.51635742
-854.38519287
-1341.81652832
-1258.42468262
-988.83801270
-1169.76892090
-868.31445312
-860.62695312
-868.93383789
-740.46856689
-882.72973633
-764.43957520
-858.75787354
-917.36413574
-1089.90734863
-866.65338135
-868.89447021
-1027.32299805
-898.27410889
-1222.38256836
-866.69970703
-864.67163086
-1133.09033203
-888.49334717
-873.15203857
-900.45349121
-1030.59094238
-859.05352783
-1177.13671875
-1264.23303223
-866.37335205
-1109.12854004
-880.26593018
-974.82067871
-946.87854004
-906.54370117
-954.85137939
-851.60766602
-866.75689697
-1093.08898926
-1407.38146973
-1201.30493164
-1228.18823242
-1387.44995117
-911.87347412
-875.41723633
-894.96533203
-761.04278564
-756.27307129
-904.99859619
-875.16217041
-1063.18212891
-1349.75268555
-882.12762451
-905.86511230
-873.40716553
-785.97131348
-868.47882080
-872.94360352
-929.44403076
-1268.03332520
-1396.20263672
-865.83789062
-866.39837646
-1319.33886719
-876.53991699
-852.48223877
-849.61059570
-819.93792725
-896.23516846
-878.77740479
-891.30694580
-869.79968262
-1304.76367188
-910.14941406
-1397.05798340
-924.06665039
-891.78942871
-1118.01953125
-918.79901123
-868.75903320
-908.44049072
-930.33972168
-859.43011475
-913.23535156
-1358.54040527
-869.75433350
-773.17169189
-756.57159424
-1268.19982910
-828.25988770
-927.06262207
-879.72082520
-883.01025391
-878.60174561
-720.36230469
-1006.21911621
-904.64746094
-1118.47180176
-873.13580322
-869.83502197
-990.76684570
-1340.16918945
-882.47448730
-919.03643799
-914.42663574
-1458.27014160
-1008.00476074
-886.96966553
-876.78015137
-871.64013672
-897.98461914
-782.09570312
-914.95025635
-894.39996338
-1438.20825195
-912.47271729
-913.08300781
-1013.42999268
-830.83691406
-1420.37536621
-1240.05493164
-892.30126953
-1312.59631348
-888.59521484
-1104.88537598
-1297.39013672
-778.18084717
-1267.62670898
-887.74212646
-866.38702393
-890.07861328
-957.05493164
-1447.63220215
-903.98199463
-873.24426270
-1368.09753418
-816.35906982
-928.71209717
-866.10211182
-1056.09460449
-927.56524658
-1494.21948242
-916.59570312
-1501.77014160
-883.09686279
-927.93542480
-1112.09619141
-1517.73889160
-1103.19409180
-927.62115479
-1491.52331543
-914.79711914
-882.00213623
-1363.49609375
-880.39709473
-923.90295410
-778.56872559
-1047.18530273
-1455.41455078
-877.12329102
-1272.14184570
-1490.94384766
-1317.27368164
-1483.08764648
-876.23895264
-880.45550537
-799.61352539
-904.03308105
-1263.78015137
-1170.47729492
-1187.61645508
-886.28668213
-896.83197021
-762.83135986
-907.03881836
-895.18798828
-1111.09545898
-1028.24975586
-1341.76208496
-903.43109131
-881.31665039
-1339.36303711
-872.30224609
-1320.50170898
-993.26904297
-1085.85290527
-882.21350098
-798.32189941
-881.42358398
-884.11401367
-786.59619141
-808.35076904
-1025.22583008
-887.47082520
-904.99609375
-908.43072510
-1418.21984863
-885.75769043
-907.53967285
-787.20666504
-1484.25231934
-971.39007568
-1546.90856934
-877.28485107
-873.59301758
-1517.30712891
-1052.67858887
-882.53869629
-1439.93835449
-874.01617432
-1219.04992676
-911.95562744
-1329.52587891
-889.67968750
-885.67553711
-1383.17309570
-1088.26574707
-1422.30444336
-912.20654297
-1350.16137695
-1041.15173340
-884.57275391
-959.47631836
-882.38336182
-910.18713379
-1342.09338379
-1424.98229980
-1194.22204590
-884.76306152
-1459.41833496
-1481.06542969
-1359.89758301
-920.63751221
-1110.56079102
-764.29833984
-913.90399170
-888.46752930
-791.64978027
-918.82653809
-889.43121338
-1025.60949707
-883.19030762
-885.92211914
-841.73657227
-821.19360352
-899.52844238
-922.65637207
-1623.93762207
-899.92932129
-1537.41955566
-1241.89013672
-916.60870361
-920.97625732
-809.14031982
-1623.68603516
-1506.64624023
-1224.88964844
-1252.25671387
-1542.86389160
-1092.95751953
-751.47857666
-1601.28247070
-914.42333984
-868.22607422
-902.50628662
-877.39294434
-880.05297852
-910.16436768
-1155.37695312
-874.93414307
-876.61621094
-1416.04663086
-747.34570312
-988.15435791
-880.44500732
-714.78356934
-1002.32617188
-882.84796143
-1396.28894043
-1403.74975586
-732.09942627
-1478.54492188
-812.88885498
-1012.66119385
-815.86785889
-936.34881592
-944.34350586
-839.65698242
-1551.92492676
-895.56237793
-824.86419678
-763.49597168
-1073.53662109
-1533.94628906
-949.68847656
-899.31005859
-910.12896729
-896.27551270
-899.61425781
-1297.25231934
-1420.23034668
-1444.49902344
-900.80218506
-954.18200684
-944.48547363
-953.96624756
-963.86096191
-758.91003418
-914.65020752
-903.33789062
-1015.12750244
-902.12945557
-1372.17553711
-1530.69201660
-921.20477295
-908.90728760
-1559.05334473
-904.94757080
-795.86108398
-958.43347168
-754.22082520
-935.97137451
-1618.76904297
-919.71936035
-1065.15625000
-954.58679199
-1668.99438477
-1356.72302246
-970.46179199
-779.77380371
-985.91522217
-954.66625977
-917.16387939
-1494.42028809
-698.64172363
-935.18151855
-1080.42749023
-922.51269531
-922.51910400
-1148.14221191
-967.50695801
-1476.17749023
-969.14978027
-1049.10717773
-1062.43005371
-931.81652832
-1159.26013184
-854.15576172
-938.67279053
-930.36724854
-888.38458252
-811.38677979
-939.72454834
-1657.62951660
-1378.35668945
-1665.99877930
-941.47491455
-1652.89489746
-927.19873047
-936.42370605
-1645.44677734
-1157.29150391
-945.85278320
-972.00152588
-926.59234619
-933.42919922
-930.94750977
-1248.41479492
-935.58392334
-975.88830566
-1391.57080078
-952.23162842
-1703.48425293
-932.84521484
-934.12640381
-970.92327881
-1626.78967285
-978.38336182
-978.95715332
-964.51123047
-1692.53027344
-742.25799561
-1592.86230469
-951.91271973
-954.47705078
-932.39190674
-976.34796143
-975.54931641
-924.36419678
-1296.30664062
-1711.83068848
-777.74389648
-971.36914062
-1703.15051270
-1282.71423340
-928.95477295
-949.22491455
-1318.10363770
-960.65191650
-898.43316650
-1022.48876953
-947.67999268
-1422.98425293
-939.94024658
-973.05072021
-1165.65234375
-948.69006348
-938.03411865
-961.40771484
-1265.86694336
-1479.33410645
-919.90014648
-930.61822510
-1641.83752441
-937.11254883
-938.56701660
-946.35278320
-1587.26538086
-1156.13793945
-1312.37866211
-1360.68139648
-931.61315918
-962.96166992
-908.13122559
-947.51208496
-931.29547119
-942.25085449
-932.07714844
-1310.29772949
-1020.12609863
-963.17749023
-970.35815430
-988.10906982
-937.54370117
-1550.41455078
-931.72143555
-938.04351807
-1589.69714355
-1014.57812500
-847.06439209
-953.28167725
-933.81359863
-1640.50781250
-941.24523926
-930.33715820
-962.74896240
-674.58013916
-1242.61291504
-950.83258057
-990.24902344
-755.09252930
-960.07421875
-657.47796631
-948.69091797
-937.28173828
-944.96887207
-1471.48059082
-944.92126465
-996.09289551
-1637.44433594
-1477.73010254
-946.90692139
-988.83453369
-974.45941162
-977.79107666
-1729.03479004
-993.71588135
-925.15808105
-952.85852051
-969.01373291
-988.73370361
-758.36987305
-977.57672119
-936.44372559
-1073.00366211
-993.57458496
-1736.41296387
-981.21325684
-1078.68420410
-826.90972900
-646.77374268
-940.44750977
-639.04309082
-1192.03088379
-1126.94079590
-1115.20458984
-943.63763428
-940.96807861
-1356.18835449
-1650.13562012
-1548.42944336
-1010.88494873
-941.37817383
-1460.72814941
-965.21014404
-1615.73059082
-860.68322754
-987.29382324
-966.32763672
-940.87487793
-967.35778809
-718.51202393
-990.63037109
-1618.54321289
-944.53454590
-954.48840332
-1142.56396484
-935.80389404
-1319.47521973
-1051.67529297
-994.08276367
-901.27044678
-760.16064453
-968.23895264
-995.38421631
-1318.53149414
-1136.38623047
-954.37182617
-616.98590088
-959.96112061
-1700.75012207
-1507.55358887
-965.00018311
-956.39312744
-971.24493408
-1689.38818359
-1074.52478027
-986.80059814
-670.36968994
-961.75726318
-768.29614258
-1001.15979004
-1145.39343262
-1767.77819824
-1468.32556152
-987.74938965
-1792.66430664
-1541.27941895
-874.52996826
-1339.55480957
-968.30889893
-1462.73608398
-960.68841553
-972.68524170
-979.85894775
-1451.54040527
-952.04174805
-833.59741211
-1178.75390625
-1515.76806641
-760.94659424
-967.56134033
-975.36938477
-649.57189941
-1213.59167480
-1086.01037598
-1749.64562988
-674.11199951
-1232.44104004
-1675.96398926
-760.27081299
-1824.74719238
-1292.32226562
-994.32415771
-1767.11938477
-1431.58374023
-981.46166992
-1039.71838379
-1792.41296387
-1839.05456543
-1428.84619141
-983.26556396
-1239.09094238
-1821.24853516
-1639.90319824
-787.10931396
-980.86621094
-1015.56176758
-1812.94030762
-1018.44946289
-981.57342529
-1660.42236328
-977.06109619
-994.33349609
-1350.91442871
-975.53369141
-972.04669189
-1014.82366943
-998.25921631
-1576.11535645
-996.63098145
-967.09411621
-1003.14324951
-1777.88061523
-988.29394531
-1779.60375977
-968.16033936
-961.87249756
-1647.86535645
-1053.79699707
-944.40985107
-1511.05615234
-705.46875000
-1747.99499512
-1008.49908447
-1013.34167480
-1110.02905273
-688.00280762
-1686.79235840
-996.21105957
-996.14685059
-1418.54492188
-823.98101807
-1591.00390625
-950.24847412
-1618.61706543
-1663.11254883
-969.09600830
-1581.75524902
