-5.80882835
-11.40244484
-11.13000584
-10.77345943
-7.33572435
-12.10609627
-10.72558498
-10.97743130
-12.95639515
-12.42615414
-10.39695358
-12.88824558
-17.72539711
-18.86771584
-20.67506599
-22.28970909
-23.71865463
-24.95578384
-23.63678741
-25.87761307
-23.77378273
-29.67628860
-31.62028694
-33.49757004
-32.78060150
-35.28442001
-40.43052292
-42.48253250
-43.95963669
-45.42250824
-47.52987289
-42.18525696
-35.80217743
-44.81267548
-54.61993027
-52.99745560
-55.89115906
-59.32094193
-58.50105286
-39.05724716
-51.50302887
-66.79996490
-67.93437958
-68.34522247
-43.58013153
-63.02308273
-41.92730713
-56.21908951
-43.35234451
-64.30925751
-65.78984070
-45.17018127
-51.65930176
-73.53981781
-56.74640274
-57.67725754
-84.74979401
-92.49210358
-95.83893585
-70.35923767
-97.96431732
-74.90670013
-87.97275543
-77.56990051
-100.41747284
-99.90960693
-83.44690704
-104.18314362
-106.90722656
-101.47364807
-81.46240997
-108.54401398
-100.32423401
-101.61778259
-100.97535706
-116.44219971
-108.90132904
-30.67070770
-112.90661621
-115.82932281
-56.21935654
-113.92352295
-99.68521881
-77.58454132
-111.58400726
-107.29935455
-57.12942505
-136.91748047
-71.49527740
-109.16378784
-77.08007050
-15.48418713
-17.17103386
-54.83513641
-111.02258301
-116.85127258
-122.30870056
-5.26383257
-88.60187531
-36.61202240
-31.98126984
-85.36513519
-163.74006653
-161.91308594
-11.78393650
-22.74255943
-75.18225861
-71.09302521
-95.60427094
-156.63293457
-177.31666565
-142.50669861
-6.83363390
-104.44492340
-127.19006348
-57.36219406
-141.32801819
-39.98755646
-16.93752861
-98.81652832
-126.70712280
-16.96814919
-37.12689209
-28.72942352
-122.25085449
-141.56884766
-32.07013702
-30.26971436
-26.83816528
-132.86380005
-150.36187744
-24.02575684
-106.51613617
-93.70868683
-102.67970276
-21.64551353
-155.67506409
-183.63755798
-39.79569626
-229.64421082
-170.21992493
-169.56645203
-118.79893494
-83.69252777
-58.26961136
-160.27217102
-169.85946655
-45.15580750
-186.34024048
-118.09863281
-60.13143921
-66.53964996
-193.31013489
-45.66888428
-173.13800049
-185.86549377
-177.55863953
-38.96538544
-161.31466675
-168.84849548
-113.40961456
-133.04902649
-315.40841675
-45.59597015
-106.50852966
-323.43191528
-201.52703857
-204.50679016
-166.96728516
-105.63717651
-168.92730713
-39.42217255
-125.43446350
-97.01970673
-106.75413513
-232.18310547
-72.24897766
-87.79988861
-185.66986084
-122.47525787
-145.52030945
-146.80099487
-198.74278259
-208.37966919
-192.68559265
-181.44485474
-205.86743164
-117.90381622
-155.07304382
-259.08325195
-131.19483948
-160.52825928
-167.54283142
-178.57736206
-219.39645386
-155.56422424
-259.77734375
-227.95991516
-125.05045319
-205.05158997
-188.04721069
-261.31201172
-193.98153687
-246.73136902
-258.51306152
-144.69303894
-276.21841431
-74.92114258
-236.57446289
-179.72557068
-217.67625427
-278.88000488
-214.79200745
-214.21321106
-286.96121216
-288.56570435
-200.32061768
-213.64836121
-162.79310608
-247.32751465
-213.72340393
-208.85563660
-229.35888672
-188.76589966
-307.54608154
-101.75981140
-212.95469666
-273.13842773
-253.52383423
-256.90591431
-257.83932495
-285.81039429
-304.46350098
-195.87419128
-269.59265137
-256.08859253
-180.61985779
-183.15499878
-252.78511047
-224.89753723
-179.05801392
-329.33856201
-238.30897522
-283.00680542
-284.20471191
-242.74653625
-290.11016846
-191.65272522
-243.14816284
-202.64807129
-219.86639404
-244.38099670
-242.09773254
-221.69345093
-209.52798462
-318.72058105
-306.24319458
-159.76641846
-150.52488708
-479.80911255
-212.61289978
-255.14007568
-278.13641357
-202.11320496
-349.21795654
-230.11378479
-210.86177063
-260.87149048
-248.57080078
-201.88058472
-208.06964111
-328.93423462
-260.51461792
-168.67500305
-245.07635498
-270.77380371
-340.71286011
-198.29556274
-177.52310181
-224.51013184
-192.67614746
-205.99844360
-254.49403381
-201.78288269
-243.34310913
-224.06764221
-218.78338623
-236.92121887
-217.21649170
-163.59994507
-206.12695312
-260.01489258
-235.77494812
-193.15638733
-244.97225952
-216.65882874
-289.32434082
-205.61553955
-222.14356995
-205.77188110
-240.28964233
-230.95312500
-226.83598328
-253.72016907
-259.77014160
-246.25679016
-251.98466492
-252.84584045
-222.50839233
-258.85308838
-150.46826172
-221.34857178
-187.31201172
-261.24371338
-215.34094238
-218.76237488
-228.90072632
-278.49508667
-272.69088745
-257.21469116
-279.36801147
-231.08900452
-219.40409851
-260.34814453
-264.16201782
-247.08108521
-239.89657593
-258.26138306
-231.46318054
-301.35052490
-229.71044922
-289.39791870
-298.25027466
-281.06018066
-306.33309937
-231.18092346
-310.76953125
-216.19210815
-194.67881775
-205.99742126
-198.78433228
-259.82446289
-198.50263977
-274.81039429
-218.89894104
-274.28887939
-202.31909180
-234.52963257
-274.04989624
-245.58657837
-232.11128235
-291.39498901
-227.57469177
-267.39004517
-226.28550720
-214.34104919
-239.34985352
-289.52349854
-301.93704224
-312.82604980
-268.52319336
-247.70718384
-296.20669556
-198.98637390
-201.09092712
-251.20837402
-300.81997681
-203.36381531
-184.23912048
-214.29743958
-217.29808044
-236.53901672
-194.97192383
-189.87338257
-191.17440796
-189.51986694
-191.01962280
-222.86410522
-191.30354309
-185.92346191
-329.14059448
-248.28135681
-229.02839661
-191.76977539
-297.76300049
-189.58154297
-190.08300781
-182.53649902
-185.54687500
-301.93630981
-180.38372803
-183.45596313
-185.38090515
-279.81549072
-324.80245972
-312.49197388
-264.18209839
-301.71029663
-252.87120056
-188.41082764
-184.57635498
-185.12933350
-183.77375793
-185.46440125
-184.40161133
-182.91964722
-181.79788208
-185.09347534
-181.59797668
-176.26226807
-174.46546936
-246.15405273
-172.08016968
-174.03512573
-177.15982056
-173.38528442
-173.04132080
-175.54669189
-177.37747192
-177.86157227
-280.97320557
-179.31713867
-175.10993958
-169.46891785
-168.60581970
-167.97477722
-169.62403870
-169.67388916
-166.99449158
-166.05043030
-170.62680054
-164.55770874
-164.80685425
-165.16432190
-166.00997925
-165.16011047
-170.62036133
-170.88789368
-163.51603699
-162.65010071
-163.91424561
-167.49870300
-164.39192200
-166.13627625
-272.49459839
-311.93896484
-160.30084229
-159.02503967
-159.05720520
-158.57766724
-157.98191833
-157.46553040
-161.56675720
-321.44604492
-271.59500122
-283.85797119
-157.49438477
-165.95768738
-155.83103943
-156.67918396
-158.60598755
-156.98600769
-156.48307800
-161.34542847
-154.94557190
-153.58842468
-155.65705872
-152.62750244
-151.81562805
-151.38276672
-154.72601318
-152.88151550
-151.60485840
-151.26861572
-149.75648499
-149.47505188
-152.37979126
-152.90542603
-149.58013916
-148.88645935
-151.02758789
-147.90176392
-147.68043518
-148.60279846
-147.64530945
-149.91070557
-151.44607544
-150.29373169
-148.48881531
-147.65084839
-155.65982056
-298.40454102
-149.25267029
-148.73406982
-145.45500183
-147.27308655
-145.55545044
-149.21134949
-144.29692078
-142.05368042
-145.00982666
-144.21665955
-141.84939575
-153.17192078
-149.22146606
-145.84667969
-141.97009277
-142.22776794
-140.18800354
-140.67703247
-146.08769226
-142.99143982
-138.99893188
-140.89367676
-140.02803040
-138.74757385
-137.87261963
-138.55737305
-138.07958984
-140.41871643
-136.39910889
-146.22113037
-152.05264282
-258.54931641
-305.03903198
-268.92843628
-144.53007507
-140.77243042
-281.87991333
-135.16744995
-159.05209351
-324.24371338
-132.74510193
-134.31901550
-137.02336121
-132.92214966
-130.96853638
-136.93498230
-134.05009460
-136.82798767
-138.28041077
-138.78236389
-128.68907166
-134.36997986
-130.15771484
-130.67227173
-131.24623108
-128.79669189
-130.57766724
-130.02145386
-131.01144409
-130.57585144
-127.56359863
-126.38978577
-130.99079895
-126.74329376
-130.62222290
-129.75279236
-127.66912079
-126.08438110
-128.26348877
-126.95983887
-128.25054932
-127.96448517
-126.29019165
-134.44462585
-131.32641602
-127.12115479
-128.18869019
-130.85270691
-122.74397278
-122.56304169
-123.96326447
-127.77607727
-124.98127747
-121.67107391
-122.76670074
-123.20227051
-119.87396240
-129.06152344
-122.49568939
-123.38710785
-120.70346832
-119.31390381
-118.96168518
-118.97241211
-118.97803497
-122.09887695
-120.43428040
-118.93671417
-117.23707581
-117.82241821
-121.22593689
-117.64067078
-117.93263245
-128.57469177
-130.80932617
-123.54830933
-123.33092499
-238.60975647
-222.52574158
-124.70391846
-133.95939636
-126.82680511
-139.82444763
-128.84320068
-121.51660919
-110.29368591
-110.56621552
-113.32106018
-113.82598877
-111.82373047
-110.47153473
-110.49450684
-114.67575836
-117.19885254
-110.52684784
-110.96026611
-109.32952881
-111.21707153
-110.29051971
-106.47048950
-112.77503204
-108.51925659
-110.06034851
-107.83359528
-108.67549896
-106.74798584
-106.91213226
-108.82522583
-106.78588867
-108.36331940
-107.04027557
-108.22760773
-109.21003723
-108.63403320
-574.86236572
-108.42141724
-108.48671722
-210.00904846
-106.58196259
-107.24439240
-106.51804352
-105.70779419
-105.63599396
-105.27838135
-103.71680450
-105.94303131
-104.17089081
-104.52875519
-103.55775452
-103.97448730
-112.99212646
-294.72396851
-241.88825989
-291.91885376
-370.96325684
-294.83053589
-581.82897949
-100.06449127
-100.60947418
-101.34995270
-100.87653351
-102.02443695
-100.77742004
-626.16052246
-104.49063110
-99.90396881
-100.36727142
-100.91864777
-98.19361877
-97.85211945
-99.23531342
-101.06243896
-100.06354523
-101.10979462
-102.56093597
-97.64076996
-97.22026062
-101.16645813
-100.84282684
-572.06005859
-95.32019043
-96.60189056
-97.98209381
-97.48804474
-97.15635681
-95.92376709
-95.45764923
-93.96187592
-110.53685760
-114.72852325
-133.92213440
-217.24606323
-132.74430847
-184.80223083
-221.80279541
-104.83110046
-215.53433228
-113.86661530
-226.97235107
-113.28507996
-259.71551514
-96.03796387
-93.94944763
-94.79596710
-94.21099091
-97.27030945
-95.23977661
-95.43015289
-93.69422150
-98.87472534
-269.31567383
-96.69048309
-222.69015503
-211.60269165
-90.43776703
-93.38031006
-91.66858673
-89.46825409
-89.54593658
-88.58406067
-92.13060760
-94.68450928
-91.89314270
-92.55358887
-91.52478790
-88.73636627
-88.02030182
-89.05212402
-90.05948639
-89.72613525
-90.32113647
-95.28327179
-94.33236694
-95.97694397
-87.93653107
-87.65524292
-91.83061218
-88.27983856
-86.79855347
-87.39929199
-88.54773712
-89.71942902
-88.20318604
-92.43767548
-95.98323059
-91.93814850
-183.99087524
-97.59313965
-92.37642670
-85.99832916
-85.94956970
-85.83427429
-84.58944702
-84.33304596
-84.36855316
-85.43387604
-85.78644562
-89.60579681
-84.49228668
-90.35691071
-92.65179443
-93.58374023
-93.65014648
-83.47292328
-84.08780670
-87.78153992
-83.01670837
-84.54611969
-84.68408966
-87.88849640
-83.32524872
-81.78713226
-85.93490601
-84.45659637
-89.42763519
-85.78428650
-83.38916779
-85.33917236
-80.88481903
-80.83650970
-80.12995148
-80.29888916
-85.01333618
-81.54274750
-83.97360992
-83.70720673
-80.39404297
-80.26721191
-86.24335480
-83.75838470
-81.11275482
-82.87081909
-85.11463165
-80.25673676
-84.12055206
-78.36340332
-82.19460297
-82.81415558
-82.90010834
-86.92962646
-86.84008789
-81.00600433
-79.79746246
-85.87647247
-82.47071838
-90.00939941
-185.52305603
-88.42668152
-82.84190369
-76.91736603
-76.71082306
-79.98487854
-79.30570984
-82.50377655
-83.21972656
-77.40735626
-81.00863647
-76.18866730
-79.48325348
-75.64322662
-77.46576691
-78.85313416
-74.59451294
-76.85543823
-79.45389557
-75.06468201
-80.41286469
-77.37759399
-77.84431458
-75.81329346
-76.26831055
-80.77127838
-77.80359650
-73.39147949
-79.85189819
-72.79176331
-75.00874329
-84.19727325
-74.18562317
-77.44053650
-81.25969696
-73.43997192
-74.70226288
-79.80518341
-78.75839233
-74.02831268
-72.97590637
-72.12429810
-80.55919647
-90.71403503
-77.86338043
-77.58888245
-71.53338623
-71.60298157
-73.55699158
-72.70912933
-85.72523499
-79.40068054
-74.88658142
-72.04786682
-72.88921356
-73.80373383
-81.64871216
-80.67681122
-79.26166534
-75.24896240
-70.57694244
-76.08590698
-89.00242615
-92.92029572
-83.83351135
-90.23488617
-80.42681885
-82.81957245
-79.41627502
-78.25340271
-72.63678741
-68.49905396
-72.43695831
-68.41996002
-75.91540527
-69.97380066
-69.00125122
-68.46336365
-67.60874176
-72.60546875
-71.51527405
-67.46250916
-71.68409729
-72.44155884
-70.38368225
-69.56881714
-75.37967682
-70.66471100
-68.13430023
-67.13869476
-67.39433289
-72.34735107
-69.79161835
-72.28607941
-71.40773010
-68.35378265
-67.20925903
-68.29241943
-85.25885010
-65.63797760
-65.04804230
-66.31938171
-71.37278748
-65.42971802
-69.75225830
-65.09474945
-69.67442322
-67.95156860
-67.18487549
-68.22774506
-72.47829437
-67.22689819
-64.34714508
-69.07585907
-65.09886932
-75.21721649
-69.26118469
-66.35672760
-65.50717926
-76.08148193
-80.17565918
-63.28543472
-73.12400055
-69.05341339
-63.59015274
-64.67227173
-67.68577576
-65.94232178
-76.33342743
-73.32456970
-68.39117432
-71.73347473
-66.49803925
-62.59815598
-69.93175507
-69.97790527
-68.61682129
-62.05744553
-61.65475464
-65.32572174
-69.39305115
-67.85863495
-73.46083069
-76.51937866
-80.30158234
-86.51036072
-70.88482666
-60.86334229
-73.81324005
-67.41024017
-63.54845810
-76.19586182
-69.96858978
-66.91618347
-67.24047089
-69.67910004
-78.15969849
-82.99187469
-62.76240921
-66.26033783
-60.37197495
-62.53072357
-67.06501770
-61.58304977
-60.94254303
-68.58392334
-63.37027359
-64.99324036
-61.71100616
-68.83866882
-61.02921677
-60.74159622
-67.14532471
-88.50479126
-77.17518616
-84.23468018
-91.58677673
-320.45703125
-88.44726562
-89.09133911
-76.26000214
-70.97396851
-61.88323212
-65.52933502
-62.10770416
-71.57300568
-67.17422485
-71.48165131
-66.02180481
-78.97662354
-66.03167725
-66.53995514
-68.64823151
-61.35219574
-58.46328354
-57.52607346
-62.83654404
-57.67565918
-71.23167419
-60.65486145
-56.68714905
-73.70871735
-77.53384399
-89.57506561
-95.85229492
-258.61837769
-239.53282166
-63.89803314
-60.94638824
-69.97210693
-70.22935486
-59.66363144
-68.33644104
-80.12520599
-66.67307281
-72.35845184
-65.63629913
-79.11381531
-59.82014847
-71.92556763
-67.79581451
-66.46693420
-62.98129654
-67.17227173
-79.08873749
-57.71365356
-79.15718079
-74.56789398
-75.66341400
-65.45871735
-62.07909012
-63.66026306
-62.48049164
-78.49537659
-75.19708252
-88.13259888
-80.88802338
-72.58594513
-74.39030457
-63.10334396
-77.45407104
-60.05220795
-66.53959656
-76.65010834
-79.11001587
-82.95122528
-65.46385193
-59.70820618
-76.74488068
-71.10041046
-64.84872437
-78.23315430
-66.01294708
-76.85176849
-57.76319122
-75.64592743
-60.54823685
-60.74157333
-66.93762970
-60.61991119
-67.16479492
-74.78971863
-94.88888550
-82.65413666
-74.71791840
-69.85904694
-69.51625061
-75.23921204
-100.49577332
-90.84382629
-72.55299377
-63.11062622
-74.91133118
-73.37577820
-94.53602600
-112.31241608
-81.89526367
-61.23778915
-69.30301666
-71.92665863
-89.23461914
-70.13298798
-88.02356720
-99.23905945
-112.61040497
-120.42189789
-118.73953247
-116.97065735
-82.86782837
-71.95110321
-72.52645111
-67.53702545
-74.69102478
-98.61759186
-99.26606750
-113.90462494
-135.68437195
-79.51161194
-68.19157410
-80.98956299
-76.28726196
-107.85544586
-92.15901184
-137.25149536
-72.65164185
-117.35090637
-114.55898285
-162.77113342
-105.51476288
-130.70079041
-95.32920837
-170.33676147
-123.27499390
-124.41100311
-126.15003967
-90.17761993
-116.25984955
-130.72500610
-67.06755066
-82.67282867
-150.47251892
-71.05634308
-145.55784607
-137.75439453
-114.11051178
-127.51088715
-114.69929504
-86.24713135
-88.00424957
-122.63318634
-137.74926758
-89.46199036
-134.07713318
-72.00786591
-235.56410217
-229.64796448
-153.94200134
-148.72058105
-135.71951294
-104.75969696
-81.12744141
-112.51171112
-167.43061829
-127.01432800
-137.35449219
-155.06967163
-134.70429993
-175.87802124
-271.95520020
-259.57458496
-150.73187256
-101.67788696
-111.82910156
-102.54830933
-179.31959534
-144.50836182
-145.26641846
-154.88630676
-138.34686279
-130.09385681
-99.30467987
-155.40159607
-246.99061584
-207.12187195
-123.38554382
-173.20420837
-251.84269714
-80.07327271
-115.88647461
-79.83677673
-113.13674164
-198.22079468
-159.95910645
-102.41696167
-201.02467346
-70.09469604
-97.91915131
-111.75802612
-80.49670410
-127.50784302
-130.57780457
-87.23013306
-89.12716675
-149.82890320
-116.73070526
-124.78331757
-72.15933990
-86.05286407
-115.30146027
-238.13893127
-329.98068237
-161.66868591
-202.95925903
-415.26748657
-289.20693970
-128.80125427
-91.87918091
-95.85009003
-159.12486267
-151.94197083
-110.84291840
-105.49301910
-152.13072205
-167.75285339
-158.67672729
-184.99815369
-155.30134583
-75.54153442
-184.25813293
-161.08778381
-113.35107422
-331.23043823
-88.40943146
-88.18728638
-133.70259094
-117.71755219
-148.27104187
-190.28752136
-107.28194427
-143.23478699
-172.00486755
-94.02343750
-343.47442627
-217.83601379
-112.15921021
-151.42033386
-174.35179138
-115.84780884
-222.31584167
-186.99037170
-206.81245422
-107.42503357
-132.67269897
-187.22789001
-99.52910614
-168.59381104
-144.72097778
-503.75988770
-152.49150085
-211.07427979
-193.60488892
-116.06063080
-226.98587036
-190.22027588
-379.02117920
-111.49131775
-200.31413269
-133.27188110
-128.48635864
-133.42269897
-233.75708008
-267.80368042
-167.29946899
-136.54365540
-409.23022461
-142.69670105
-436.88162231
-360.93896484
-396.71258545
-313.49655151
-149.62904358
-433.53836060
-120.43323517
-231.66716003
-166.76290894
-170.84609985
-424.04238892
-368.09878540
-354.28295898
-339.55050659
-138.24807739
-353.32556152
-552.67633057
-492.98373413
-343.20639038
-305.23837280
-596.48883057
-362.45272827
-587.82324219
-512.54669189
-188.40136719
-300.44369507
-165.86709595
-155.50877380
-339.14703369
-338.28250122
-2617.84326172
-2259.71582031
-419.43249512
-533.74230957
-390.72424316
-516.04583740
-692.34442139
-470.88790894
-536.75646973
-440.34616089
-442.41989136
-515.75170898
-469.65219116
-271.92025757
-377.56240845
-524.87683105
-408.22238159
-1290.53173828
-568.82885742
-526.14459229
-249.45582581
-1375.06311035
-812.22241211
-229.69599915
-373.10751343
-325.10348511
-1324.35607910
-313.66476440
-1325.65197754
-1121.03137207
-1022.31347656
-457.08087158
-504.79916382
-1522.70654297
-559.47009277
-1572.89367676
-302.90319824
-204.67663574
-278.37747192
-308.69985962
-250.34869385
-230.23638916
-192.29983521
-1417.76879883
-808.69775391
-735.72515869
-1291.80700684
-1650.91857910
-693.78594971
-1673.19067383
-1145.97521973
-1246.27380371
-528.11578369
-1592.72229004
-907.89495850
-379.42507935
-315.32550049
-385.84365845
-501.25439453
-275.33334351
-1235.54394531
-638.55187988
-625.72515869
-296.40545654
-1248.34033203
-1662.67370605
-433.84631348
-300.36975098
-948.42395020
-549.13220215
-756.53076172
-932.65100098
-1065.56335449
-1168.52795410
-1168.70104980
-2816.18041992
-1271.04235840
-460.87509155
-383.32608032
-336.11254883
-276.40707397
-360.42663574
-423.91790771
-821.81329346
-1108.80407715
-1803.80505371
-286.14508057
-909.03973389
-495.79202271
-498.75366211
-585.55780029
-773.37164307
-1093.81774902
-1472.10266113
-935.67596436
-1013.16064453
-1342.44970703
-991.31414795
-629.04772949
-348.15631104
-413.25830078
-449.72729492
-1691.59179688
-1475.26513672
-1549.65478516
-3505.26025391
-458.90438843
-622.13128662
-1027.91357422
-1819.30883789
-400.43154907
-805.09484863
-925.53619385
-1331.78906250
-852.46594238
-486.71960449
-921.94195557
-920.00885010
-466.95999146
-557.97192383
-760.22906494
-419.78710938
-1097.96069336
-645.98022461
-521.59564209
-1153.73693848
-849.93469238
-1061.22424316
-1601.29650879
-1456.27209473
-1272.67517090
-1074.79992676
-1699.87060547
-1776.78210449
-2200.92773438
-842.45690918
-734.38446045
-1460.78747559
-663.54602051
-779.06976318
-1703.35595703
-1899.69152832
-1687.60510254
-1875.75305176
-854.63421631
-1338.65844727
-1121.65368652
-726.69006348
-1634.84814453
-1464.31115723
-1719.67065430
-1544.37133789
-998.84277344
-1677.14562988
-1204.04248047
-1963.00463867
-1725.03222656
-1181.01196289
-825.00500488
-1787.35180664
-873.28747559
-1681.65710449
-1183.83044434
-1124.11437988
-1162.85961914
-1792.36694336
-1537.03942871
-1232.01049805
-668.07482910
-1779.83105469
-1321.18591309
-1655.96838379
-1615.33117676
-1669.63598633
-1160.85656738
-823.70916748
-1508.78979492
-955.43975830
-1803.27880859
-1011.33221436
-1440.42614746
-1585.65100098
-1255.02221680
-1624.30700684
-2889.21484375
-2257.70849609
-1359.26989746
-1874.74389648
-1398.94128418
-1258.73852539
-1215.49108887
-1390.44921875
-1547.54589844
-1357.50292969
-848.41796875
-1674.18725586
-1641.88061523
-1802.71081543
-3679.49536133
-1802.28454590
-1124.94750977
-1075.13867188
-1369.47387695
-1723.34130859
-1536.06359863
-1454.59240723
-1945.11596680
-1779.55187988
-1642.47583008
-2375.45092773
-1597.88952637
-1547.94482422
-1468.50830078
-1307.59997559
-1807.67968750
-1090.46496582
-1287.90795898
-1053.73071289
-1234.87634277
-1139.70300293
-951.62664795
-1464.73217773
-1719.26892090
-1214.09838867
-3049.54028320
-1452.30187988
-1280.84191895
-1656.74694824
-1174.37121582
-1778.63098145
-1662.42663574
-1420.63061523
-1424.43750000
-1278.66760254
-1434.28283691
-1390.52685547
-1346.00097656
-1250.88989258
-1042.55200195
-2041.92407227
-1091.17785645
-1725.39123535
-1144.24633789
-3426.61425781
-1049.84521484
-1230.18334961
-695.01348877
-1723.04296875
-1156.24829102
-1658.67639160
-1054.13940430
-3801.50610352
-1528.96533203
-1280.06774902
-1337.46423340
-1356.69714355
-1570.53210449
-629.53228760
-1635.21276855
-1612.97790527
-1433.73718262
-1292.14025879
-1438.28125000
-720.61700439
-871.20812988
-1459.64257812
-1398.06652832
-1535.49475098
-1767.28442383
-1554.10473633
-1452.17626953
-1256.06652832
-1723.40893555
-1661.34265137
-1813.75512695
-906.79272461
-1594.61193848
-1224.97448730
-1373.72998047
-1585.39379883
-1522.27111816
-1840.43652344
-1436.16491699
-1826.50573730
-1503.85876465
-1339.44152832
-1436.84851074
-1631.13305664
-1789.04211426
-1858.67443848
-2508.57348633
-1213.75109863
-1402.65930176
-600.12316895
-1735.45458984
-1687.39562988
-1672.62023926
-1420.40039062
-1684.47399902
-1717.58630371
-1786.04003906
-1783.22998047
-1566.38525391
-1671.08435059
-1859.25036621
-1687.34570312
-1593.42736816
-1751.05944824
-1416.96752930
-1540.89697266
-616.25408936
-1812.73632812
-1733.23474121
-1604.64990234
-1578.18090820
-1789.88623047
-1646.86291504
-1677.79577637
-1775.58569336
-927.86779785
-1730.10046387
-1737.14257812
-1749.81359863
-1664.36071777
-776.11462402
-1655.65429688
-1578.35778809
-1979.69177246
-1631.81335449
-3418.66577148
-1541.46594238
-2564.16503906
-1533.43066406
-1536.27380371
-1703.90686035
-1687.53112793
-1702.77685547
-1744.98364258
-4204.81396484
-2282.56909180
-3113.43261719
-1702.06506348
-2003.78186035
-1549.01660156
-2238.73364258
-1551.19335938
-1562.22827148
-1554.79016113
-1566.68225098
-1548.01501465
-1532.73876953
-2361.73925781
-1539.59289551
-1258.04577637
-1526.07592773
-3817.85205078
-1517.57385254
-1513.76892090
-1501.03015137
-1483.88500977
-2256.60400391
-1569.54943848
-960.61840820
-1460.39465332
-1546.08276367
-1557.29418945
-1550.41369629
-3146.91381836
-1532.78259277
-2299.05468750
-1533.77685547
-1532.25170898
-1719.10412598
-1539.58081055
-1516.08911133
-1510.37268066
-1517.03991699
-1516.54504395
-1493.90759277
-2831.75805664
-1523.19958496
-1506.47985840
-1524.28625488
-1537.70397949
-1383.33691406
-1555.67126465
-1844.34838867
-3900.07299805
-1519.76696777
-1525.56860352
-2255.05493164
-1694.05957031
-1723.39501953
-1536.27941895
-2280.29418945
-3554.18896484
-2805.60424805
-1677.48852539
-2573.21166992
-1378.47937012
-1773.83312988
-2479.28491211
-3364.86669922
-2450.15161133
-1615.04858398
-2781.59545898
-3095.60473633
-1907.26464844
-1932.54064941
-2662.28955078
-1892.22216797
-2270.89575195
-2135.20239258
-2710.91333008
-2171.26025391
-2744.68090820
-1933.56372070
-2205.97045898
-2093.97387695
-2471.64233398
-2170.60278320
-1667.30163574
-2224.99414062
-2248.33789062
-5813.48779297
-7204.29541016
-3526.15356445
-2594.83789062
-2251.80444336
-2262.69018555
-3412.08837891
-2267.05322266
-2179.27734375
-3558.28881836
-2191.43310547
-2126.89111328
-2456.18334961
-3637.68701172
-2227.69311523
-2385.03442383
-2192.54223633
-2176.14501953
-2051.09057617
-2044.23425293
-2054.19531250
-2313.36743164
-2445.52343750
-2421.37670898
-2126.74218750
-2873.70263672
-2408.63696289
-5498.52783203
-2873.41479492
-2063.96752930
-1996.31091309
-1916.90136719
-1901.41638184
-1844.46826172
-3572.85107422
-1865.92163086
-3872.06445312
-1851.54553223
-1916.26147461
-1901.43762207
-2270.42163086
-1889.57434082
-2003.26098633
-2313.29980469
-3165.61767578
-2229.45214844
-1750.76794434
-1836.44238281
-1785.35717773
-1825.67565918
-1771.83337402
-1761.78271484
-1768.77172852
-1713.20935059
-1725.20336914
-1739.94238281
-1788.68981934
-1796.43493652
-9828.41406250
-1830.83422852
-1916.37011719
-1803.00292969
-1831.37329102
-1802.85083008
-1800.57995605
-1835.54943848
-1820.44677734
-1790.85266113
-1876.68249512
-1844.02233887
-5132.79833984
-1838.30212402
-1858.16516113
-1860.88427734
-1899.29931641
-2072.94165039
-4968.73632812
-2071.15039062
-1852.71166992
-2991.45117188
-1502.02172852
-1780.54431152
-7149.37792969
-1526.09289551
-3131.48730469
-1992.76440430
-3588.84228516
-1860.54284668
-2110.08007812
-1522.50390625
-2732.31469727
-2041.37731934
-1966.64611816
-2590.06079102
-3248.14233398
-1668.76940918
-1902.63122559
-2063.67919922
-3062.01684570
-3232.15356445
-3252.03125000
-2862.03491211
-2517.71386719
-2250.97753906
-3112.43969727
-1754.05798340
-2187.72143555
-2214.58593750
-2562.31958008
-2176.41235352
-2351.90209961
-4900.42236328
-2719.29809570
-2456.36450195
-1875.72888184
-1707.06176758
-1989.15161133
-2601.54833984
-2262.75146484
-4651.28466797
-1341.85021973
-1344.59167480
-1342.76098633
-1328.28356934
-1306.12219238
-1342.66369629
-1382.14062500
-1352.31994629
-1309.47131348
-1308.17565918
-1316.78149414
-1333.76623535
-1427.11828613
-1311.71826172
-1473.87646484
-1477.07824707
-1464.67089844
-1191.71630859
-1784.64868164
-1838.95593262
-3425.51147461
-1613.92907715
-1198.31127930
-1170.60778809
-1268.18505859
-1509.33740234
-1485.59582520
-3209.48828125
-1336.98242188
-2008.99719238
-1983.28271484
-1737.78186035
-1775.56713867
-1707.04663086
-2096.94360352
-1891.55712891
-1781.93188477
-1884.40759277
-3135.91259766
-3909.50927734
-1660.24670410
-2201.32690430
-2802.58837891
-2768.14941406
-2033.70214844
-2827.32543945
-2812.21679688
-2909.82861328
-2069.53637695
-1471.56433105
-3565.33129883
-2755.21264648
-1621.21520996
-1867.85363770
-2842.58129883
-1654.35839844
-2221.57250977
-1785.92321777
-2260.25854492
-1865.42297363
-2201.92358398
-1659.66088867
-1806.84887695
-1697.78393555
-1929.87353516
-1521.62890625
-1898.46984863
-1757.67687988
-1654.34790039
-1820.40637207
-1739.26098633
-2607.50219727
-1775.16882324
-2332.56738281
-1828.45532227
-3860.68530273
-1830.96704102
-1843.63671875
-2846.63745117
-1361.68701172
-1462.38110352
-1833.94445801
-1719.08850098
-1755.90087891
-1844.61169434
-1798.20422363
-1653.84802246
-1874.10327148
-1743.37670898
-4159.63525391
-1583.19824219
-1575.13940430
-1453.09155273
-1519.62084961
-1501.45007324
-1425.86486816
-1453.83483887
-1435.48937988
-1368.20397949
-1342.07849121
-1476.96252441
-2682.16186523
-1336.10607910
-1327.24511719
-1692.82080078
-1715.37670898
-1457.81677246
-1208.46875000
-1751.20288086
-1738.38623047
-1294.36779785
-1484.45678711
-1754.15063477
-1593.12329102
-2804.14965820
-1369.73156738
-1302.89892578
-1656.96215820
-2581.96093750
-2761.10864258
-2411.10278320
-2507.16088867
-1716.23120117
-1880.13061523
-1847.49768066
-1799.78149414
-1922.64245605
-1865.52465820
-1601.08203125
-1876.16711426
-1833.22888184
-1958.50903320
-1892.37658691
-1822.79077148
-1589.62841797
-1583.49243164
-3488.72998047
-1287.87243652
-1348.46325684
-1585.41613770
-1594.29919434
-1852.33459473
-1837.97119141
-1947.55102539
-2076.79785156
-1796.09277344
-2168.41137695
-1559.75146484
-1927.64477539
-1754.71154785
-1739.59948730
-1587.90380859
-4131.94091797
-1567.15356445
-1545.98510742
-1600.51428223
-1550.70886230
-1515.10131836
-1491.51855469
-1647.49743652
-1643.21203613
-1657.02441406
-5922.55273438
-1635.17358398
-1678.87072754
-1693.41979980
-5543.35156250
-1680.00268555
-1637.70129395
-1573.11914062
-1611.42297363
-1621.20373535
-1669.72363281
-1660.70471191
-1647.76074219
-1608.50964355
-1589.52014160
-1607.44055176
-1585.41796875
-1567.18872070
-1605.85412598
-4805.88574219
-1601.37695312
-3196.80517578
-1627.42810059
-1620.38061523
-1578.38500977
-1409.72863770
-1163.92663574
-1240.77819824
-1236.90698242
-1199.91967773
-1194.75952148
-1406.76452637
-1414.22778320
-1066.72448730
-2624.26879883
-1533.69958496
-1482.45031738
-1181.78588867
-3718.53662109
-1440.98852539
-1271.81591797
-1366.24963379
-1163.93408203
-2691.19458008
-1425.22875977
-1325.46447754
-1443.50244141
-1435.79370117
-1405.04455566
-1421.24475098
-1239.63378906
-1371.92309570
-1271.40393066
-1246.88293457
-2452.12670898
-3149.83227539
-1367.34765625
-1225.16882324
-2752.56176758
-1405.80957031
-1466.20446777
-1398.84301758
-1431.68298340
-1488.16162109
-1397.99572754
-1352.42260742
-1337.26477051
-1246.76464844
-1359.93273926
-1309.95690918
-1419.38671875
-1366.67749023
-2640.85498047
-1394.60168457
-2602.22314453
-1378.30273438
-1323.60583496
-4221.04882812
-1552.24560547
-1358.77880859
-1469.71179199
-1578.34826660
-1322.82629395
-1620.76281738
-1454.80017090
-1471.83691406
-1401.61035156
-1500.67199707
-1390.54858398
-1461.96142578
-1405.62878418
-1406.09533691
-2810.22290039
-1393.34423828
-1382.84143066
-1365.99255371
-1358.87365723
-1348.24560547
-3771.73779297
-1289.97033691
-1243.69091797
-1216.27258301
-1174.62756348
-1131.09582520
-3554.77978516
-1200.01354980
-1198.81311035
-1225.29626465
-1299.23840332
-3303.92260742
-1053.37121582
-5733.26562500
-1215.06225586
-4139.70751953
-1158.10217285
-1265.93615723
-936.90075684
-1506.44079590
-1457.98742676
-1536.19885254
-1076.16101074
-922.71624756
-1216.37390137
-1313.54174805
-7738.05615234
-1333.49597168
-1244.84301758
-1056.11669922
-1165.83715820
-1428.14672852
-1263.63269043
-1061.34265137
-1282.57324219
-1270.16992188
-1154.63073730
-1217.84399414
-1127.65930176
-1198.98095703
-1065.41442871
-1228.20617676
-1034.71130371
-1161.89257812
-1050.99768066
-1087.77453613
-1289.06237793
-1206.03088379
-4916.66699219
-5133.88427734
-1054.90539551
-1109.70922852
-1066.26647949
-966.72387695
-1517.74340820
-1039.54821777
-1179.96569824
-1381.25915527
-1124.83544922
-1159.82470703
-1149.16101074
-980.56903076
-967.73333740
-971.69555664
-975.26708984
-996.80352783
-5060.55371094
-969.84216309
-974.87133789
-980.20623779
-1986.86865234
-1066.91687012
-1204.13708496
-7591.82324219
-978.02728271
-990.71032715
-1004.03118896
-1016.53277588
-1011.22973633
-1016.88781738
-6454.34326172
-1008.60314941
-6886.16503906
-958.49804688
-4980.23144531
-953.68914795
-964.22265625
-960.59094238
-1005.36840820
-6093.52685547
-1044.46044922
-1255.25073242
-4919.22119141
-964.46441650
-988.42535400
-976.97607422
-1023.05053711
-992.20452881
-970.50640869
-1002.77581787
-984.60949707
-983.97167969
-976.95812988
-974.58294678
-977.48175049
-975.50598145
-7480.63964844
-982.43518066
-963.00024414
-976.74597168
-1005.30847168
-975.44396973
-977.83648682
-970.55279541
-981.77966309
-993.70153809
-978.34191895
-996.78942871
-998.08538818
-1023.11456299
-1008.47045898
-1013.49798584
-1012.81274414
-9270.41699219
-1017.11682129
-1037.94543457
-1049.95043945
-1029.51416016
-1016.03930664
-1008.83532715
-1031.65954590
-5463.32421875
-1008.76727295
-1030.95153809
-1049.19238281
-1061.18212891
-1046.89697266
-1021.47290039
-5686.09521484
-1029.26110840
-1056.02832031
-1015.29467773
-1033.18676758
-1045.30651855
-1013.03265381
-996.21856689
-1037.84313965
-1048.68774414
-5962.20312500
-1062.96215820
-1049.04711914
-1032.97399902
-1071.02148438
-7608.50146484
-1062.35571289
-1033.40234375
-1037.85449219
-8193.31542969
-1050.46154785
-1058.45593262
-1063.73498535
-1077.70544434
-1052.50659180
-1077.30053711
-1064.75158691
-1037.74365234
-1073.76525879
-1051.66369629
-1050.38378906
-1019.76977539
-1002.50897217
-996.15447998
-974.23419189
-919.12310791
-903.47241211
-932.44927979
-879.70068359
-990.42437744
-977.84973145
-1199.07751465
-1182.66540527
-992.16534424
-1194.15649414
-1091.83642578
-1125.21899414
-1155.79101562
-1034.25769043
-6903.75244141
-949.13818359
-1020.00378418
-999.06451416
-1165.59765625
-1121.71667480
-1285.63415527
-1121.84851074
-998.35821533
-981.27154541
-1054.29675293
-1014.76055908
-1077.89819336
-980.30810547
-984.96832275
-6691.48632812
-1136.78137207
-6960.99804688
-1125.40405273
-973.31616211
-1126.33935547
-6801.45800781
-1074.34191895
-909.39831543
-914.60266113
-910.21643066
-1004.90692139
-911.19409180
-975.70068359
-1152.34118652
-914.99829102
-915.16534424
-904.35095215
-910.86682129
-912.74261475
-914.01025391
-912.74096680
-916.61492920
-1025.53417969
-1039.54199219
-1070.96435547
-1110.66772461
-987.64068604
-913.47888184
-10224.97460938
-921.38177490
-946.30841064
-1088.26318359
-1067.69665527
-922.67852783
-966.50195312
-1037.07006836
-1079.99890137
-967.57250977
-1128.33837891
-1152.18591309
-979.46875000
-1127.87353516
-955.41925049
-950.41345215
-921.75976562
-946.34112549
-946.82275391
-924.09783936
-944.58435059
-943.35339355
-929.27081299
-7128.58300781
-929.73840332
-938.31433105
-1127.17895508
-1211.67114258
-1074.41833496
-7226.71728516
-10810.10351562
-958.56390381
-993.05242920
-1113.11157227
-938.28649902
-931.77691650
-1027.05603027
-931.59759521
-922.90649414
-1359.57470703
-1434.36242676
-1172.22863770
-1111.90136719
-1066.03833008
-1490.24572754
-1498.86267090
-1509.04028320
-10793.66406250
-1431.09838867
-1655.44677734
-1160.83996582
-1290.85375977
-1609.77062988
-1162.41284180
-8794.68261719
-1430.51318359
-1088.82958984
-1348.05969238
-981.47253418
-1438.40759277
-1478.29785156
-1464.53710938
-1393.63513184
-1092.01281738
-1193.35620117
-7953.74267578
-1218.38354492
-1211.75085449
-9147.93750000
-1181.76416016
-1171.51977539
-1264.65356445
-1256.66186523
-1269.01525879
-8082.29248047
-1283.81384277
-1296.63696289
-1181.82080078
-1303.03698730
-1216.05371094
-1249.20190430
-1287.70007324
-8460.60742188
-1370.43176270
-1361.93493652
-1283.17651367
-1054.15966797
-1003.90325928
-1021.97241211
-1018.15576172
-915.63287354
-985.59185791
-962.97302246
-9389.05078125
-10974.52050781
-979.61694336
-1003.70452881
-13060.24316406
-916.14379883
-944.77130127
-975.97387695
-937.40606689
-915.62396240
-910.90222168
-922.24774170
-913.10174561
-9712.17871094
-8393.91406250
-922.16693115
-956.94134521
-956.25177002
-922.82287598
-10150.46875000
-966.75592041
-937.07263184
-11266.89062500
-10172.87890625
-1012.04254150
-949.29888916
-1077.71118164
-1094.32348633
-1118.23107910
-956.82611084
-949.83850098
-975.12756348
-976.82281494
-1008.72003174
-1029.01818848
-997.65643311
-1103.46496582
-986.95635986
-1087.40185547
-9766.82910156
-13079.94238281
-1192.60363770
-1071.90905762
-1092.80078125
-12701.26953125
-1045.08105469
-1042.50830078
-1038.87744141
-1049.08142090
-1044.08166504
-1057.58203125
-1067.41870117
-1081.11645508
-11900.70214844
-1097.18200684
-1101.90136719
-1118.44226074
-1128.27893066
-1133.93212891
-1139.95336914
-1188.04333496
-1209.78491211
-1237.06164551
-1255.58264160
-1213.89575195
-1136.20104980
-1254.44128418
-1330.80310059
-1315.71362305
-1335.00366211
-1219.23986816
-1281.87072754
-1268.08032227
-1339.61315918
-1386.78027344
-1256.10559082
-1331.26159668
-1307.91760254
-1267.54125977
-14636.42382812
-1513.71606445
-1371.17932129
-1478.36511230
-1330.87304688
-1326.55175781
-1230.59692383
-1343.37500000
-1233.74841309
-1276.45397949
-1402.93078613
-1426.92919922
-1700.52136230
-1490.95129395
-1536.59362793
-1083.68371582
-1287.12817383
-18270.95117188
-1637.25744629
-1413.56921387
-19153.30859375
-941.34918213
-943.33612061
-15495.67089844
-18545.35937500
-1524.77185059
-1602.05676270
-959.00677490
-980.46392822
-964.23999023
-988.56134033
-970.33813477
-1049.44604492
-999.70074463
-16718.18554688
-978.89764404
-971.18023682
-996.13104248
-1059.07031250
-1070.11230469
-1010.43212891
-1044.10571289
-1113.68640137
-1084.39575195
-14697.95117188
-1010.76275635
-17844.35742188
-1094.57800293
-1181.28247070
-1249.65429688
-1162.64318848
-1037.28479004
-1090.86157227
-1180.91308594
-1235.81591797
-1061.04772949
-1101.16662598
-18332.01757812
-1148.75793457
-1236.13928223
-17837.12304688
-1313.67102051
-1566.54968262
-20828.04687500
-1089.86193848
-1590.41796875
-1587.91455078
-22829.45703125
-1769.36682129
-1667.00329590
-1005.22137451
-1453.56701660
-1145.55810547
-1728.94140625
-1271.69714355
-1815.56347656
-972.30194092
-16022.91406250
-993.60144043
-1054.99707031
-1645.43811035
-1363.14465332
-1145.81384277
-1300.14453125
-1156.81152344
-1808.78125000
-16627.24218750
-21658.65234375
-19151.55468750
-1069.56323242
-1050.68994141
-1339.21875000
-1443.39624023
-1422.85766602
-1296.44506836
-1613.00769043
-1226.11462402
-1653.63464355
-1526.90856934
-18277.56250000
-1043.54687500
-991.42303467
-24633.69140625
-1108.76184082
-1070.89196777
-1107.75646973
-1056.26086426
-1021.92224121
-1008.32238770
-949.52966309
-1047.43664551
-993.50787354
-1041.52502441
-18598.73437500
-1003.04034424
-1058.57458496
-1028.72448730
-991.26831055
-1027.77624512
-1009.61730957
-1016.69567871
-1038.81115723
-1101.76110840
-1041.38220215
-1167.07507324
-1141.29931641
-1052.60705566
-1324.54931641
-1067.09289551
-1289.65600586
-1092.75976562
-1319.32336426
-17519.67968750
-1343.17065430
-1230.84484863
-1318.79150391
-1359.16064453
-1096.19531250
-1380.87170410
-1529.41723633
-1583.06298828
-1111.53100586
-27518.50390625
-1500.11779785
-1205.63024902
-1611.85595703
-1485.62536621
-1480.72534180
-1193.95520020
-1408.93762207
-1400.01318359
-1521.09484863
-25979.84570312
-1320.67419434
-930.81213379
-1173.45971680
-1184.92785645
-17719.87109375
-1063.52587891
-19754.67578125
-1070.09985352
-1251.25769043
-1873.19604492
-905.81970215
-893.18041992
-907.03729248
-908.35192871
-907.39550781
-887.98962402
-1397.01550293
-907.44946289
-903.06939697
-902.56750488
-1080.84753418
-922.20690918
-933.58563232
-940.53314209
-945.56018066
-937.72930908
-940.30963135
-24549.96679688
-927.68890381
-1865.84167480
-940.01245117
-947.22894287
-969.63311768
-978.55572510
-980.81658936
-981.32861328
-997.05053711
-1005.40618896
-1015.94317627
-1008.89770508
-1007.36737061
-1006.98657227
-1033.50427246
-1046.47521973
-1041.93896484
-1078.67187500
-1083.14648438
-1101.23352051
-1071.99365234
-1078.05175781
-1104.44702148
-23791.58789062
-1082.92907715
-1109.31665039
-1116.01855469
-1127.94226074
-1139.07922363
-1156.13879395
-1148.32348633
-1132.47827148
-1150.53833008
-1143.63244629
-1136.82995605
-1191.22216797
-1166.52319336
-1130.86987305
-1185.97888184
-18391.26367188
-1244.69067383
-1254.13415527
-1211.82641602
-1204.27026367
-1157.95141602
-1154.22900391
-1195.50683594
-17431.81835938
-1156.32116699
-26263.28515625
-1253.94653320
-1162.89758301
-1263.46154785
-1196.96130371
-1158.46044922
-1319.46716309
-1418.68395996
-1367.79833984
-1433.73303223
-1399.16149902
-1230.51342773
-1393.99365234
-1458.30834961
-1442.75415039
-1444.57556152
-1469.10034180
-1434.14868164
-1472.41210938
-21521.62500000
-1473.26269531
-1596.21545410
-1519.48120117
-1540.79016113
-1531.67944336
-21882.59960938
-1588.63403320
-1580.54772949
-1532.80017090
-1671.48608398
-1723.09680176
-1824.78137207
-27810.52343750
-1447.08471680
-1938.51989746
-1933.60778809
-1729.50659180
-1926.96594238
-1340.42028809
-1740.60009766
-2263.04589844
-2224.91625977
-19165.88671875
-967.44213867
-1558.26708984
-1590.93359375
-1529.98132324
-1550.23706055
-1608.77648926
-1577.19299316
-1624.25158691
-1603.69738770
-1604.78601074
-1640.22839355
-1624.12805176
-1622.15991211
-1568.68664551
-1526.78723145
-1651.90490723
-1669.66125488
-1580.47521973
-1359.85620117
-30203.41015625
-1599.13940430
-1536.65258789
-1375.71618652
-1034.33459473
-1549.86120605
-957.98718262
-849.62115479
-918.79724121
-1054.23449707
-31804.54492188
-1065.32727051
-888.24334717
-1063.29821777
-929.82141113
-1420.08642578
-1292.81542969
-1447.51574707
-1461.59533691
-948.95465088
-1485.95434570
-1478.52575684
-1305.46887207
-1570.65917969
-1559.35815430
-1535.59143066
-1253.00537109
-1413.48754883
-1225.38647461
-1404.95959473
-1442.09033203
-29658.54687500
-1518.28320312
-1456.20019531
-1488.16442871
-947.33044434
-1611.44226074
-1521.27722168
-1461.22045898
-1594.01269531
-968.78271484
-1484.10083008
-1414.32519531
-1520.47424316
-1394.54675293
-2154.90332031
-1258.79821777
-916.48028564
-1232.80590820
-1791.54980469
-1327.43884277
-1406.87780762
-1244.28369141
-1526.58666992
-1253.75073242
-1044.41247559
-981.09387207
-1383.86572266
-1558.56494141
-1257.06689453
-30601.45703125
-1290.35803223
-1201.16528320
-998.42382812
-932.04504395
-942.72009277
-944.56365967
-959.99884033
-976.86108398
-941.71099854
-1073.83874512
-947.30297852
-930.66406250
-975.47882080
-1000.64459229
-1331.58496094
-27100.90625000
-1106.73242188
-1099.40661621
-1014.24896240
-1267.28662109
-1436.39062500
-1089.27380371
-1222.06677246
-1642.17053223
-1703.76428223
-1723.75048828
-1733.79040527
-947.48022461
-26925.34765625
-928.75567627
-1405.70996094
-1785.70800781
-26901.05664062
-1715.84130859
-1681.44799805
-1748.85192871
-48472.05078125
-1666.78747559
-1706.00817871
-1632.45214844
-1642.72949219
-1595.38330078
-1805.08154297
-1501.20581055
-1671.31140137
-1563.70556641
-20922.14453125
-1661.75830078
-1619.47985840
-1422.60351562
-1414.42114258
-1802.75903320
-1594.23510742
-1517.21142578
-1220.35595703
-1272.86096191
-1600.14245605
-1280.02307129
-18914.90039062
-1357.88769531
-1056.85998535
-1000.19543457
-1015.93133545
-1309.91369629
-1116.22119141
-1031.61071777
-1223.40869141
-1047.06445312
-1386.39709473
-1450.28771973
-32504.35742188
-1591.36071777
-1227.56152344
-21802.21679688
-1821.84082031
-32783.17187500
-1852.92724609
-1885.55957031
-1436.71264648
-1054.86950684
-1286.87902832
-1481.94372559
-1859.00451660
-1906.66796875
-1649.70056152
-1089.39013672
-1468.44567871
-1312.99353027
-1350.30627441
-1252.56860352
-1319.18664551
-1403.18518066
-1534.18115234
-1559.98254395
-1398.07067871
-1158.06091309
-1133.62866211
-1584.30004883
-1028.96875000
-1096.60339355
-1873.36083984
-1048.94726562
-1129.79956055
-1186.79516602
-27913.09179688
-1323.79724121
-1652.25000000
-1393.25463867
-1655.01135254
-1582.94702148
-1335.92858887
-1555.87426758
-49428.74609375
-51117.35937500
-1572.39440918
-1435.44421387
-1588.38403320
-1743.05285645
-1682.68273926
-46584.00390625
-1497.39135742
-1508.40698242
-1281.24731445
-1604.38439941
-1528.67114258
-1573.08789062
-35393.17968750
-1181.53869629
-1251.96984863
-24841.78906250
-1260.75244141
-1344.42358398
-44930.51953125
-1445.85717773
-1266.71020508
-1445.94116211
-1002.38269043
-971.38049316
-952.55126953
-1839.99279785
-1543.98400879
-1333.04064941
-1014.95715332
-1447.97973633
-1873.90283203
-1957.37097168
-1851.50256348
-1773.06909180
-1716.20202637
-1515.71447754
-1416.16186523
-1000.89080811
-1276.71887207
-1771.87927246
-978.10040283
-1276.60510254
-39065.39453125
-1048.34643555
-1176.93469238
-1339.81762695
-1383.62377930
-1527.90417480
-1174.55419922
-1230.40466309
-1451.01159668
-1561.33789062
-1397.58105469
-1204.57507324
-1315.62036133
-1484.25061035
-1331.16857910
-1590.58801270
-1378.87695312
-52905.06250000
-1550.23510742
-1145.30187988
-1088.03857422
-1095.10400391
-1462.60241699
-1022.10046387
-1095.82128906
-1021.64703369
-1077.80834961
-1072.29150391
-1152.06274414
-1451.52917480
-1251.01464844
-1520.05212402
-1722.33557129
-1920.17993164
-1728.89672852
-1887.87255859
-1639.47363281
-1721.67797852
-1224.58679199
-1004.15295410
-29763.16601562
-1154.44421387
-1268.73291016
-1938.10705566
-1678.14318848
-1573.16735840
-1430.72143555
-36339.95703125
-1948.84631348
-2004.41149902
-2150.36914062
-2104.97216797
-2095.25634766
-1703.78930664
-1913.30200195
-1830.84655762
-1461.27404785
-1763.68518066
-1172.66296387
-1989.03112793
-2001.18383789
-2035.51782227
-1940.77612305
-2073.17407227
-1867.70874023
-36712.63671875
-37941.73437500
-2139.30859375
-31617.65820312
-2143.97558594
-2043.56945801
-2046.80688477
-31818.65039062
-1108.33105469
-1732.64245605
-1775.79504395
-2254.03759766
-2170.42651367
-2038.55151367
-2230.46069336
-37930.64062500
-2296.22045898
-2267.09448242
-2254.55102539
-2382.03564453
-43669.05078125
-31639.05078125
-2402.53906250
-2333.47534180
-2353.43237305
-2365.99755859
-2109.52172852
-2272.12646484
-1102.15246582
-1676.54675293
-1856.24963379
-2383.39331055
-1953.41906738
-1622.04516602
-1979.64672852
-1669.61804199
-2415.16357422
-1698.77368164
-1944.73828125
-2017.94909668
-1875.03369141
-55955.12890625
-68087.17968750
-2371.36547852
-1554.82507324
-55556.46484375
-1605.75756836
-43738.40625000
-46382.00390625
-2288.23388672
-2100.75976562
-2845.88110352
-1555.90649414
-1693.57617188
-2366.43066406
-1878.41040039
-1953.90600586
-1729.78845215
-1543.93457031
-1962.57751465
-1974.10241699
-2398.62524414
-2286.20361328
-2039.87707520
-2053.42968750
-2572.04272461
-2662.24145508
-2242.31445312
-2248.93115234
-1774.37390137
-1454.13623047
-1040.21655273
-1025.35571289
-1137.16979980
-56917.91796875
-984.96875000
-73874.64843750
-999.03881836
-1244.76916504
-1016.45587158
-982.25524902
-979.05609131
-979.80340576
-977.83837891
-1522.49243164
-1430.93774414
-997.68280029
-1268.35644531
-1001.76538086
-1542.74450684
-1527.71240234
-62871.41015625
-1981.82470703
-3486.49438477
-3056.16918945
-3188.33422852
-2818.47583008
-1646.57971191
-1139.64367676
-56888.12109375
-1005.52416992
-1089.19213867
-795.68109131
-58496.79687500
-954.06896973
-1291.78601074
-1142.42858887
-1401.16906738
-1138.11828613
-1257.42773438
-1270.61694336
-1311.40625000
-1202.11669922
-989.44555664
-969.06658936
-1087.53210449
-1239.39367676
-1515.99682617
-1297.33605957
-58137.42578125
-1533.39746094
-1592.30749512
-1564.07092285
-1496.46484375
-1271.99633789
-1531.64892578
-1718.80529785
-1674.71105957
-1697.44799805
-1728.52246094
-1557.08850098
-87682.09375000
-1483.36621094
-1517.01049805
-1824.09838867
-82464.15625000
-1400.16760254
-1015.56719971
-3614.99804688
-3127.14062500
-3128.36132812
-1020.67596436
-52233.09765625
-1082.13708496
-1265.83227539
-1099.46069336
-1189.74084473
-1388.73168945
-48787.07031250
-3282.91479492
-82288.18750000
-2468.10449219
-2983.71289062
-3072.04516602
-3331.47412109
-3176.66162109
-3354.91723633
-3264.72875977
-3114.49243164
-2273.54809570
-1678.38269043
-1608.63476562
-3312.20166016
-2850.46679688
-2759.02124023
-1639.54980469
-3282.66943359
-3034.21972656
-1632.52954102
-3552.10571289
-1815.94738770
-1809.40026855
-2639.71215820
-2057.39868164
-2598.72485352
-2571.65478516
-65069.62500000
-70979.70312500
-2325.74658203
-2229.81811523
-76481.78125000
-3027.55249023
-2904.57885742
-3369.09985352
-3740.09008789
-4233.79052734
-4215.17724609
-56224.24609375
-4084.80053711
-4163.46923828
-3669.98754883
-4354.57275391
-4164.49658203
-53992.56640625
-3920.32202148
-4242.12109375
-3532.56811523
-4103.68017578
-57141.65234375
-2510.85839844
-3978.63818359
-4480.10449219
-5592.76171875
-4843.45068359
-2384.22363281
-3165.19360352
-2911.32250977
-1636.59484863
-2746.28808594
-2641.41455078
-3068.96484375
-2465.36987305
-2396.44628906
-85911.27343750
-3064.19506836
-2696.51611328
-59661.40234375
-2629.26342773
-2878.30151367
-3120.75903320
-3268.37622070
-3668.50854492
-2042.49096680
-2239.60839844
-4377.34423828
-2379.05712891
-3113.58374023
-2936.71582031
-3378.56396484
-4100.19384766
-55922.59765625
-3356.30981445
-3202.22363281
-3354.69091797
-3662.18896484
-2974.15380859
-3080.50073242
-3030.49365234
-4661.88916016
-5140.03710938
-5405.59033203
-5851.45800781
-3146.81542969
-3241.89843750
-5002.37451172
-55775.84375000
-3382.97900391
-5795.32666016
-5958.66015625
-4480.80029297
-2295.59667969
-2264.99487305
-2346.56005859
-2356.35131836
-2370.79272461
-53426.98437500
-2370.22314453
-2105.89111328
-2220.39233398
-2273.48559570
-2067.06079102
-2204.71240234
-1980.27478027
-49662.79687500
-2098.36889648
-2366.27026367
-2436.48828125
-2323.99438477
-2464.56152344
-2331.53564453
-2739.80468750
-2734.21606445
-2757.24462891
-2551.55493164
-2682.16015625
-3036.10522461
-2771.78686523
-3083.16381836
-3155.01025391
-2916.38916016
-2964.05834961
-2764.69409180
-3499.12817383
-2973.48461914
-3378.29028320
-3033.41088867
-3040.96606445
-3104.48144531
-3213.62133789
-3335.48828125
-3513.67187500
-3628.72290039
-51455.72656250
-3403.94750977
-3073.25585938
-3291.42529297
-3754.32495117
-3821.77563477
-3594.02929688
-3786.59448242
-3449.48657227
-4304.05957031
-4492.40527344
-4177.50585938
-4564.99414062
-4263.99365234
-46964.18750000
-4872.24169922
-5117.12207031
-4553.53320312
-3468.05590820
-3099.91333008
-61916.70312500
-46519.25781250
-4086.75317383
-5357.67773438
-4099.79101562
-4550.78857422
-3631.97534180
-3256.76831055
-3527.46875000
-2693.75537109
-2926.84570312
-5020.19140625
-4331.43017578
-4558.88574219
-3925.76538086
-5416.47021484
-4948.45166016
-2979.62915039
-4226.30322266
-2747.50122070
-4613.92041016
-4907.09619141
-44098.49218750
-3192.00585938
-3013.82250977
-3241.51806641
-55626.03515625
-4641.69091797
-4922.07861328
-44656.52343750
-4913.46679688
-56067.83984375
-5094.70703125
-3175.64184570
-5392.41992188
-75993.37500000
-4723.29345703
-5324.07128906
-5108.27685547
-4784.26220703
-3890.41967773
-5703.33496094
-5466.87011719
-4034.49707031
-52837.42187500
-50820.74609375
-7475.98339844
-6968.12695312
-78180.52343750
-7341.04052734
-53728.85937500
-4146.88916016
-5776.96240234
-7532.87646484
-3870.89282227
-3390.22485352
-2931.35424805
-2702.45263672
-3918.78857422
-3555.81494141
-2688.74414062
-5038.71044922
-82547.23437500
-3519.02490234
-4109.49755859
-3833.57031250
-66921.19531250
-4057.85717773
-4486.85595703
-3719.64746094
-3797.53393555
-4962.31054688
-4491.94970703
-4767.52294922
-4773.96923828
-3086.77270508
-4898.49804688
-3999.54980469
-5254.16943359
-3548.54101562
-5201.49609375
-5193.55615234
-5134.10400391
-6053.21240234
-6010.94970703
-5795.12988281
-4563.29541016
-59843.24218750
-58952.25000000
-4920.70849609
-5872.82812500
-59114.30078125
-6371.84082031
-5786.02001953
-4751.25000000
-6526.74365234
-71226.35937500
-6940.51806641
-5952.53027344
-6687.97802734
-65784.06250000
-5704.30175781
-6726.67333984
-5528.93066406
-6887.74218750
-6077.00048828
-99332.07031250
-6979.68554688
-6410.00634766
-86821.18750000
-5631.61865234
-6539.00488281
-5226.77148438
-6324.65087891
-6252.98583984
-7328.98681641
-5132.57470703
-6600.21679688
-6355.94091797
-5912.57080078
-5848.55908203
-8025.16015625
-65759.35937500
-8613.43457031
-7761.13574219
-57397.67187500
-7189.57080078
-5896.89306641
-7521.16455078
-5912.80175781
-7299.17041016
-6170.83496094
-6933.34521484
-84513.46875000
-4089.87011719
-4750.41894531
-95370.79687500
-4280.93847656
-125553.04687500
-4008.89916992
-4073.74438477
-81002.99218750
-86966.35937500
-4568.27294922
-4000.50439453
-4265.13671875
-4296.72656250
-4088.58789062
-4115.48535156
-4342.47460938
-4196.08789062
-4441.90185547
-4086.92016602
-5126.04248047
-4525.58349609
-4313.75927734
-4557.69970703
-119331.89062500
-4716.81933594
-4571.36669922
-4910.16210938
-6504.58593750
-6139.47900391
-6008.50781250
-4345.90966797
-5110.60888672
-4649.50781250
-4923.73876953
-8086.87841797
-4758.62548828
-4640.25488281
-9038.67089844
-4890.38623047
-6004.59960938
-4764.16992188
-5177.83447266
-5078.18701172
-5587.85302734
-88205.53906250
-7602.81884766
-74830.66406250
-5677.08496094
-5292.46923828
-5394.14355469
-6495.13378906
-7638.27490234
-60484.00000000
-6605.80957031
-5431.97656250
-5508.65283203
-5345.28759766
-6169.04980469
-7485.22607422
-8244.08691406
-7916.15869141
-84017.17968750
-9340.91406250
-8403.70507812
-124143.03125000
-11285.59960938
-8919.48144531
-5481.99902344
-4841.05224609
-4778.00097656
-5226.66308594
-5521.51660156
-4860.96630859
-5112.57080078
-4792.14111328
-5457.59521484
-5500.70751953
-5937.93261719
-189424.29687500
-171432.76562500
-6328.51220703
-172605.45312500
-4990.52343750
-4919.58691406
-5535.13330078
-104194.14062500
-5471.76806641
-5586.03515625
-5764.31933594
-6807.84033203
-6048.58593750
-5753.78027344
-6394.25341797
-6599.90722656
-6233.22216797
-6221.69091797
-6011.56542969
-6322.76660156
-6507.57763672
-6525.14501953
-119535.13281250
-6726.59814453
-5142.27490234
-7028.74609375
-6333.73291016
-6808.26953125
-6863.81152344
-6238.29101562
-6872.08349609
-6644.37890625
-6621.74707031
-6382.54492188
-7088.98486328
-4741.69287109
-6351.94091797
-5877.28759766
-4672.54882812
-7051.98632812
-6013.39550781
-6846.23876953
-8574.52539062
-8664.92675781
-10651.40039062
-8747.28320312
-6775.57031250
-6307.04492188
-6044.25292969
-6045.32568359
-7886.92626953
-7204.60644531
-7186.55566406
-7317.65234375
-7398.15820312
-8824.58300781
-86155.05468750
-85777.67968750
-8059.06884766
-7130.74902344
-6808.81884766
-8182.30615234
-6704.53271484
-6545.30126953
-6209.20214844
-9564.51269531
-8858.89941406
-117209.35937500
-7396.99414062
-8321.84570312
-11462.61035156
-9945.15039062
-9726.68750000
-6350.72949219
-9299.89160156
-10168.35742188
-10132.59472656
-7518.86523438
-8673.64941406
-5202.14111328
-7024.36914062
-8618.12304688
-12390.17382812
-7962.23339844
-10987.20703125
-8046.37353516
-14279.80957031
-9151.01074219
-7782.85791016
-7937.14746094
-6112.40234375
-9000.69531250
-10259.65234375
-158012.31250000
-7113.47412109
-7415.90039062
-7046.99365234
-7147.44873047
-9394.08300781
-7562.72949219
-148202.14062500
-7344.91845703
-7235.00634766
-7778.44775391
-6336.27587891
-7417.40527344
-7371.25195312
-139181.12500000
-6852.22509766
-7059.57470703
-7086.44873047
-6920.82373047
-119649.96093750
-6945.18261719
-7339.69677734
-8389.17089844
-7643.09814453
-219631.79687500
-9460.90332031
-9384.76074219
-7137.72851562
-7432.45361328
-6637.72119141
-6690.93017578
-6761.45166016
-6607.54345703
-6475.42285156
-6379.56298828
-6402.69580078
-6481.07373047
-6334.78710938
-6308.10791016
-6448.11962891
-6413.07128906
-6595.17578125
-7108.37158203
-7192.93750000
-8003.32714844
-7125.34423828
-6976.44677734
-6349.92529297
-6365.33642578
-180394.64062500
-6463.34472656
-6168.39111328
-154878.21875000
-153334.48437500
-6186.63623047
-6437.96972656
-6604.47949219
-6696.79199219
-6207.08300781
-6474.93603516
-6340.23144531
-6408.90185547
-6719.25634766
-6164.56103516
-6099.75195312
-6372.16455078
-6443.92529297
-6620.95751953
-6447.75488281
-6438.16308594
-6525.11816406
-6155.37890625
-6982.77783203
-6958.12548828
-6464.26220703
-6874.45117188
-6289.77685547
-6782.55957031
-6676.05810547
-6489.73974609
-115091.38281250
-6491.78759766
-6387.57861328
-6385.63818359
-6400.74853516
-6240.09863281
-6576.81054688
-6376.39941406
-6276.97314453
-6124.69091797
-5979.33984375
-6523.25585938
-5926.00488281
-6540.45654297
-150374.89062500
-6660.29443359
-6628.08349609
-6735.71679688
-7016.28466797
-6837.68896484
-7091.85156250
-7025.79248047
-6901.12548828
-7016.81445312
-6856.63671875
-7019.09277344
-6904.11474609
-6851.28515625
-7122.89697266
-7448.83837891
-6969.52929688
-7337.18505859
-7106.15087891
-7395.19091797
-7508.51220703
-7351.85009766
-7271.76806641
-7295.80078125
-7427.49218750
-183265.34375000
-210726.45312500
-7399.85302734
-7622.17480469
-7420.65917969
-7679.86523438
-7684.71826172
-7863.19482422
-7495.14648438
-162084.37500000
-7740.10400391
-7771.55078125
-7795.23583984
-7525.97998047
-132079.60937500
-5314.75830078
-5071.94628906
-5622.30419922
-5174.25781250
-5138.44335938
-6059.47412109
-127472.79687500
-7449.69287109
-8694.38281250
-5725.66650391
-11147.21386719
-9213.61328125
-10870.48730469
-8990.75976562
-6081.07470703
-6897.39550781
-8173.42333984
-6580.37158203
-8363.36230469
-6160.45019531
-7514.36376953
-9355.47851562
-6068.44042969
-7611.42285156
-6796.85302734
-5813.25048828
-10212.52734375
-6151.40429688
-5601.95312500
-9991.44335938
-8070.59375000
-6882.25732422
-8824.41894531
-8219.37011719
-9168.62011719
-7668.03125000
-8671.88574219
-9496.14160156
-8500.93261719
-7461.95898438
-6309.89013672
-7469.58349609
-7437.86669922
-5008.49707031
-5095.47998047
-6964.35791016
-4938.46875000
-8196.34765625
-8426.06542969
-7614.57226562
-8826.35644531
-4650.04296875
-4515.47509766
-4580.63867188
-115261.13281250
-4474.76806641
-4838.34521484
-3929.64379883
-5069.69921875
-5897.57812500
-4287.14160156
-4630.64208984
-7668.18847656
-6354.89160156
-4259.48730469
-6163.00634766
-4682.01757812
-3620.38525391
-7801.69335938
-4358.50390625
-6651.16650391
-118337.53125000
-6796.37988281
-6868.08642578
-5639.60107422
-5492.92822266
-6496.81298828
-6418.49169922
-5170.66455078
-7701.58203125
-6865.56689453
-6438.89892578
-5850.87207031
-7603.95312500
-7796.85302734
-6733.19091797
-5634.08789062
-6063.05371094
-5963.31933594
-7108.67333984
-7346.22900391
-8046.00537109
-6376.23730469
-7113.81591797
-8368.02343750
-6681.47412109
-7079.86279297
-143012.54687500
-159585.10937500
-9357.40136719
-130615.42187500
-7385.37744141
-7369.48437500
-7383.63134766
-8065.08447266
-126272.34375000
-7828.87011719
-7765.24658203
-7856.26562500
-7355.30029297
-7737.70263672
-170535.95312500
-8086.62402344
-7749.54443359
-7449.27343750
-7894.45019531
-9483.70507812
-8285.11328125
-132026.65625000
-7699.20849609
-6869.37597656
-130891.18750000
-8035.04736328
-157726.68750000
-8183.06250000
-8092.29003906
-8343.49609375
-8123.84179688
-8262.44726562
-205778.04687500
-8096.76708984
-8785.97753906
-8384.07714844
-9897.08496094
-7995.09912109
-8170.87695312
-9998.43847656
-8152.64648438
-8203.47851562
-178189.40625000
-7965.42187500
-8883.40136719
-7472.86621094
-7955.90234375
-9652.41796875
-145228.10937500
-10393.66406250
-8436.06347656
-128518.85156250
-118962.79687500
-7830.89111328
-7844.65820312
-10283.89941406
-7292.80322266
-165234.40625000
-9927.65039062
-10454.85156250
-243197.85937500
-7757.54882812
-7758.35888672
-9881.26074219
-10755.74902344
-144376.01562500
-7436.58740234
-7434.26416016
-164930.59375000
-7287.49316406
-10031.66503906
-10596.55175781
-7639.91699219
-7194.25830078
-9689.19238281
-7661.25439453
-7956.45312500
-141226.04687500
-8376.24414062
-6982.41259766
-8577.60546875
-8945.73144531
-8719.77636719
-5976.98583984
-8243.62890625
-8767.72460938
-9795.72949219
-9145.15332031
-9061.78417969
-246282.45312500
-9413.44628906
-6406.87500000
-231250.07812500
-6217.57177734
-6048.05566406
-9546.07714844
-209287.54687500
-9693.69042969
-9527.01953125
-8133.05078125
-9359.81152344
-9869.69824219
-8562.96093750
-10462.40722656
-246026.04687500
-9732.22070312
-253290.39062500
-9014.17578125
-308552.62500000
-10658.20312500
-9752.87792969
-155385.85937500
-6813.12597656
-8866.00390625
-130053.47656250
-8759.53515625
-9108.06835938
-8898.24902344
-6953.05712891
-10373.33398438
-8715.68261719
-9119.49414062
-9564.19726562
-8791.26562500
-9723.12597656
-9004.00000000
-8549.14648438
-9922.46875000
-9171.63867188
-8684.64355469
-9191.48730469
-9666.77441406
-10405.14160156
-203703.68750000
-7844.54345703
-8160.01416016
-10432.17187500
-10041.34960938
-7440.52978516
-7477.94921875
-7794.49853516
-116878.25000000
-7432.89550781
-163424.20312500
-7760.70410156
-7131.88964844
-7717.29443359
-7493.95068359
-7087.55517578
-9425.76855469
-6852.83251953
-7341.46679688
-7212.63818359
-7120.50634766
-7014.44433594
-7144.30078125
-7259.37890625
-7303.54589844
-7338.39355469
-7230.91992188
-7262.07861328
-7270.75683594
-7261.47119141
-7282.47021484
-7297.66308594
-7304.18066406
-7353.35498047
-7379.14697266
-7429.36621094
-7384.66699219
-7373.11035156
-7446.20166016
-7410.35693359
-7396.94384766
-7454.65771484
-193807.87500000
-7530.63818359
-7653.98730469
-7577.45410156
-114821.99218750
-7514.80078125
-7545.90136719
-7545.94531250
-7721.57568359
-7634.06347656
-7771.98730469
-7946.04101562
-7958.50732422
-7781.48242188
-7526.69140625
-7883.84375000
-123102.62500000
-7991.08300781
-8140.17285156
-117055.23437500
-7815.93261719
-7645.29394531
-7632.58886719
-8073.21582031
-7390.93310547
-8450.72167969
-8429.90527344
-7830.50390625
-8139.06494141
-7868.74267578
-7907.33251953
-7396.72265625
-6659.75732422
-7788.00195312
-7625.30224609
-7966.32763672
-6989.77539062
-8166.86035156
-7603.28369141
-7565.07128906
-7792.43115234
-7877.07617188
-7871.74853516
-7847.98339844
-8037.24023438
-8043.73388672
-7394.55468750
-268008.21875000
-7781.41943359
-7591.91503906
-7393.20458984
-7354.16357422
-7089.60302734
-149956.90625000
-8010.38085938
-8075.39941406
-8370.56738281
-162705.39062500
-7345.76953125
-7510.81298828
-7506.70166016
-8022.82714844
-7626.86865234
-7812.49609375
-8442.82324219
-7319.76953125
-8046.65283203
-7508.58593750
-7941.98632812
-7876.22070312
-7904.15283203
-7507.83007812
-164942.92187500
-7537.94482422
-8522.25976562
-8082.95166016
-7972.10253906
-7495.14697266
-7523.14648438
-8399.27929688
-8583.99609375
-8408.45117188
-226523.68750000
-8639.56640625
-8662.44531250
-8313.48828125
-8775.15625000
-8518.62304688
-8738.37988281
-8342.82519531
-8705.53417969
-8594.13183594
-197942.65625000
-8153.67285156
-9050.87792969
-7824.78906250
-8687.93261719
-8065.08789062
-7729.60986328
-8116.71240234
-6282.78369141
-6641.13964844
-7629.80126953
-8247.35742188
-8217.47460938
-8589.23242188
-8757.94921875
-8503.81347656
-9070.30664062
-9105.96289062
-146070.46875000
-9061.09082031
-9042.72167969
-9017.07714844
-9021.50585938
-9002.38964844
-9005.25097656
-8814.29980469
-8421.72558594
-8730.34082031
-8938.06640625
-139772.70312500
-8795.54687500
-8811.98144531
-8632.30078125
-8594.29199219
-8488.47167969
-8082.26708984
-236424.64062500
-8806.17187500
-8594.36230469
-8383.28125000
-7225.90625000
-7563.75195312
-8679.44726562
-7848.86816406
-6988.94824219
-8483.27050781
-7406.17773438
-8303.81054688
-8092.67382812
-8422.51562500
-8567.33593750
-8637.54589844
-8615.81250000
-6320.91992188
-6022.85986328
-9020.21777344
-147044.28125000
-7801.73730469
-7206.48437500
-6099.56494141
-6401.45458984
-7936.65576172
-7928.13427734
-7846.31103516
-6252.47607422
-7310.56738281
-6157.03759766
-6590.47558594
-6457.23535156
-9130.77734375
-344256.84375000
-6436.35253906
-6559.60107422
-6547.24218750
-6506.82373047
-7240.78320312
-151102.68750000
-6276.66845703
-161426.60937500
-7143.95214844
-142339.64062500
-6980.51318359
-7563.60986328
-6657.47460938
-6837.13769531
-169935.56250000
-7021.88964844
-7050.18896484
-7996.27001953
-7101.30029297
-7730.55371094
-7444.70703125
-7007.23388672
-7641.55078125
-142149.46875000
-8096.75000000
-201282.54687500
-6381.01806641
-6538.90185547
-9139.88476562
-6998.99609375
-8772.76367188
-6879.24951172
-7688.27246094
-6703.50683594
-6844.52392578
-8289.09277344
-7835.85302734
-7521.90576172
-8289.49121094
-8696.89160156
-6982.57617188
-139659.21875000
-6904.54394531
-8390.11035156
-7848.73632812
-7097.46289062
-200870.03125000
-7073.23974609
-7165.48632812
-7844.94238281
-8069.97070312
-81815.78125000
-6995.00976562
-7791.59521484
-1084033.62500000
-1024846.68750000
-8478.98242188
-8751.24609375
-525024.81250000
-823955.00000000
-265652.03125000
-9030.81054688
-207611.40625000
-6346.46044922
-7697.39501953
-7391.73876953
-5167.33300781
-7373.27343750
-8604.55175781
-8095.16552734
-6161.26904297
-5057.68066406
-6184.87255859
-5866.27197266
-276847.37500000
-6791.76660156
-6158.09375000
-6815.78759766
-7155.92968750
-7040.19189453
-7106.56103516
-7304.25097656
-7285.05566406
-7699.62060547
-7622.66259766
-7326.29345703
-8299.62011719
-8943.79492188
-7069.77539062
-192351.10937500
-9653.12695312
-8626.77148438
-8668.54687500
-8729.23339844
-7508.70507812
-8461.48632812
-11804.14257812
-9809.79101562
-10117.42382812
-14234.72363281
-13337.14160156
-11061.28417969
-14521.56347656
-10789.62402344
-14810.55566406
-9677.66503906
-256693.54687500
-15414.05566406
-9304.65625000
-16353.62597656
-19481.65234375
-25510.93164062
-11297.70800781
-30088.00000000
-29791.43750000
-33953.20312500
-34172.09765625
-35009.82812500
-34994.83203125
-36227.42968750
-25597.70703125
-45451.62500000
-8503.99902344
-10424.70800781
-32789.21875000
-23712.70507812
-39272.27343750
-22876.29687500
-9923.83398438
-191222.79687500
-183956.29687500
-21223.61914062
-10518.19042969
-195327.73437500
-184740.93750000
-9540.47070312
-7833.90917969
-8875.76269531
-8534.52148438
-8604.77636719
-9596.49316406
-31713.66796875
-29924.17382812
-18668.93945312
-36281.92578125
-26472.87890625
-7570.01318359
-9054.72363281
-197953.89062500
-8492.38281250
-7741.12353516
-17249.34179688
-15870.51953125
-54613.70312500
-48004.98046875
-36068.48437500
-52323.83593750
-52511.16796875
-4735.91552734
-32830.57421875
-37697.48046875
-5123.57128906
-37860.31640625
-5665.04833984
-35492.69921875
-189947.29687500
-3581.30688477
-9022.38281250
-10963.97265625
-10674.90136719
-8704.85546875
-11713.01464844
-12617.77050781
-13983.81542969
-177389.42187500
-11792.17871094
-5040.93505859
-9848.04101562
-14837.95410156
-16064.89257812
-16322.96191406
-316978.68750000
-13939.06640625
-12305.26367188
-5619.42089844
-8376.36621094
-17447.35742188
-18866.67578125
-16710.06250000
-17562.71289062
-17914.73828125
-6519.05761719
-15644.22167969
-13093.74511719
-15152.73046875
-10783.15625000
-7812.79443359
-166176.48437500
-20974.51562500
-22139.41015625
-17398.46875000
-225781.90625000
-19618.59960938
-22668.65429688
-15697.22753906
-12492.69140625
-181715.92187500
-11918.00585938
-15624.16503906
-159221.46875000
-10884.21582031
-21854.21093750
-23045.16406250
-418711.96875000
-16061.70507812
-12053.61230469
-27874.45898438
-161972.82812500
-28777.74804688
-9731.84472656
-438411.62500000
-18526.47265625
-22879.59765625
-21001.77929688
-13031.67773438
-21835.80859375
-17262.11718750
-18812.94726562
-14906.16894531
-20804.21679688
-411188.43750000
-18840.46093750
-19911.66210938
-17909.00195312
-16948.67187500
-300369.46875000
-15978.58105469
-17138.89648438
-26617.76562500
-24507.36718750
-15845.47363281
-19521.70703125
-17583.15820312
-24716.85937500
-16071.71191406
-18096.89843750
-20963.77929688
-14178.54492188
-15899.29492188
-13943.47167969
-191628.14062500
-21315.37695312
-29832.30273438
-26015.39257812
-19756.96289062
-22631.18164062
-24722.33593750
-22723.64453125
-20303.56250000
-22719.64257812
-24929.59375000
-25881.84179688
-27014.40625000
-25640.55859375
-22008.17773438
-161956.67187500
-15949.46191406
-24010.16992188
-22888.65625000
-22416.11523438
-24502.08203125
-20909.14453125
-28376.29492188
-20286.71289062
-20983.72070312
-29727.55664062
-29231.53125000
-28132.33007812
-30025.93164062
-26956.00976562
-21687.53125000
-25313.15234375
-21464.61523438
-30867.06835938
-25529.76757812
-30644.86718750
-28765.61132812
-21884.54687500
-29622.20117188
-352403.71875000
-22554.43554688
-6099.61328125
-31633.77539062
-26315.75195312
-27705.60351562
-27867.27343750
-32318.98242188
-31803.16210938
-6572.99267578
-193610.12500000
-8292.47753906
-18613.26171875
-5715.48486328
-6020.97558594
-7787.52343750
-37497.44531250
-26629.33789062
-30636.53320312
-36734.04296875
-33104.63281250
-37853.37109375
-29327.25000000
-36085.36718750
-35872.55078125
-37157.66796875
-23991.84179688
-23598.04296875
-209198.67187500
-18111.22070312
-18584.62890625
-13724.91894531
-31113.26757812
-30789.37109375
-12183.10742188
-25940.12890625
-25111.94140625
-33509.57812500
-33001.50390625
-29973.26367188
-7524.78320312
-7635.50292969
-26279.41796875
-21684.61914062
-29471.43554688
-9059.93652344
-32315.86328125
-225594.53125000
-229396.04687500
-5589.50781250
-5465.37841797
-33025.10156250
-181348.78125000
-9792.83886719
-29784.33984375
-25354.45117188
-31255.97460938
-34005.97656250
-14285.18652344
-6094.14111328
-191239.34375000
-5667.91894531
-8269.06738281
-25038.88867188
-353779.78125000
-34683.39453125
-25639.49414062
-26418.61523438
-31108.63085938
-29611.03320312
-5506.29052734
-34608.52343750
-29497.84375000
-203099.60937500
-31949.82031250
-22589.01953125
-27187.80273438
-33572.39843750
-263915.12500000
-30597.86523438
-27709.48046875
-25997.47851562
-28812.93750000
-33161.11328125
-9122.85546875
-224820.81250000
-5180.82910156
-7942.72802734
-4975.29248047
-5809.52343750
-19814.84570312
-28887.33789062
-213726.43750000
-10033.92968750
-11113.40039062
-5972.56591797
-14680.73535156
-11662.00292969
-5089.37011719
-13156.81054688
-15636.31250000
-16369.79296875
-15077.22363281
-17784.35156250
-15725.19140625
-17765.61132812
-14054.72851562
-18878.88281250
-19211.86132812
-20980.54101562
-23980.25195312
-487293.68750000
-19082.74804688
-18640.17187500
-32595.05468750
-37236.56640625
-32464.99414062
-37045.99609375
-36959.46875000
-211585.42187500
-37962.04296875
-37498.86328125
-39966.15625000
-31184.84570312
-36556.87500000
-34460.90625000
-29771.65039062
-43243.30468750
-29130.39843750
-198257.32812500
-37129.46484375
-185573.31250000
-27923.88085938
-38684.62500000
-35381.48046875
-17720.93554688
-33935.07031250
-182531.87500000
-40729.59765625
-32442.32812500
-202309.45312500
-16691.33984375
-365140.40625000
-39290.98828125
-11523.51953125
-49114.61328125
-49842.71484375
-47360.24218750
-224793.56250000
-46227.39453125
-46987.66015625
-43674.57812500
-36734.11718750
-44943.71484375
-36326.03125000
-35524.16796875
-251838.03125000
-39017.55859375
-40253.61718750
-45330.96484375
-35454.17578125
-41060.31250000
-31909.21484375
-14103.66308594
-40492.51562500
-39803.12500000
-206327.51562500
-43905.75390625
-38852.16796875
-43680.72265625
-186717.12500000
-177904.35937500
-183773.01562500
-20646.12890625
-38037.75390625
-11841.53613281
-27332.31250000
-30465.13281250
-29147.71875000
-33010.67968750
-41542.25390625
-18213.35742188
-26239.32617188
-29512.70507812
-29857.22851562
-26265.14257812
-32132.24804688
-23705.57226562
-34230.83984375
-31158.35156250
-25505.15039062
-208393.14062500
-27564.36328125
-20125.11328125
-26701.30859375
-27367.60351562
-25771.43750000
-31713.57031250
-21545.73046875
-14382.93652344
-449952.68750000
-396480.06250000
-15024.33007812
-193759.40625000
-195451.48437500
-194649.34375000
-24646.03125000
-28142.62890625
-19815.56250000
-202012.01562500
-45277.98046875
-22483.91015625
-25082.03515625
-196735.60937500
-29665.77539062
-50573.25390625
-14963.93554688
-14368.17871094
-11275.94531250
-13917.57519531
-10518.91308594
-22450.67382812
-53874.51562500
-54334.88671875
-52067.67968750
-27503.48632812
-56639.75000000
-36420.00000000
-13175.19335938
-16421.12304688
-20159.63867188
-18502.50195312
-16714.36328125
-24987.24023438
-16780.41015625
-23130.14062500
-24496.90625000
-23800.07226562
-23366.16406250
-25631.49218750
-24773.85156250
-19095.85156250
-42923.79296875
-53278.75781250
-53941.55078125
-215940.82812500
-53955.05859375
-51062.61718750
-9798.52246094
-23094.42773438
-23016.34179688
-24183.77539062
-140818.51562500
-22307.16406250
-151288.40625000
-11075.48339844
-21218.60546875
-21544.46484375
-56427.94531250
-14052.97167969
-24670.38476562
-26639.69140625
-26408.66015625
-27112.19335938
-32258.12500000
-31927.74609375
-29198.95312500
-28199.72656250
-132129.96875000
-28591.61523438
-34327.08593750
-32714.15820312
-35622.98828125
-31499.68945312
-138979.64062500
-24221.97460938
-48967.96093750
-45331.12500000
-2656201.75000000
-177179.82812500
-46825.25781250
-53683.70703125
-31320.49609375
-12829.25976562
-25809.94140625
-13415.54394531
-34084.09765625
-23336.14257812
-20321.45898438
-16667.69335938
-14103.56738281
-53452.06640625
-14559.76171875
-67060.07031250
-44198.36328125
-16621.89257812
-146674.68750000
-1201141.50000000
-70668.56250000
-50134.53515625
-64326.48437500
-3124684.25000000
-66469.38281250
-145478.96875000
-16894.08984375
-17957.36132812
-149122.32812500
-27715.83007812
-36231.46484375
-15347.30859375
-16355.37109375
-17831.12500000
-196689.93750000
-22027.79492188
-32838.78906250
-15268.28027344
-151611.64062500
-14641.96582031
-19796.85156250
-34301.87890625
-19544.41210938
-19339.25000000
-15744.26855469
-149039.03125000
-16895.76953125
-18495.54687500
-17861.06445312
-14443.05859375
-14480.15332031
-16471.32617188
-16732.31250000
-18617.57226562
-16091.38378906
-15811.66015625
-15617.76953125
-17421.02539062
-20030.11132812
-163408.81250000
-15739.69531250
-15700.36523438
-16886.39062500
-151979.00000000
-18100.93359375
-17842.08789062
-22253.92773438
-19020.22851562
-18965.67578125
-19421.51367188
-147119.67187500
-18383.89453125
-18468.51953125
-18503.64843750
-18475.62695312
-18467.19531250
-17868.77148438
-18352.06640625
-20857.15234375
-24240.46875000
-20904.56445312
-18067.94140625
-18687.55859375
-18270.10742188
-18694.89257812
-19396.24804688
-139398.15625000
-23083.66601562
-22699.34375000
-22475.12109375
-137489.37500000
-21101.54492188
-20660.85546875
-20238.26367188
-20718.16210938
-21284.18750000
-24022.85937500
-22808.79492188
-20531.46679688
-20944.64257812
-21068.67968750
-21907.46484375
-20844.30664062
-139583.67187500
-19995.68945312
-19458.68945312
-19448.31835938
-19296.06054688
-20297.95117188
-19740.38085938
-20771.47656250
-20802.77539062
-20142.39843750
-19875.21679688
-20002.97851562
-20793.04101562
-20973.57617188
-20157.05273438
-20339.90625000
-20529.50195312
-136870.64062500
-132612.50000000
-20956.59375000
-21104.62109375
-138140.26562500
-21238.56640625
-21170.34179688
-131239.18750000
-125687.70312500
-21945.14257812
-22282.52148438
-22655.91992188
-22751.11523438
-22928.33789062
-22572.91015625
-22933.82812500
-22629.98828125
-22757.05859375
-22924.15820312
-22879.28906250
-147424.29687500
-23824.53710938
-131046.76562500
-148590.84375000
-119611.86718750
-24696.30078125
-28150.66015625
-31905.76953125
-24729.49414062
-25212.20507812
-24255.36718750
-23130.22265625
-146867.50000000
-22472.90625000
-22460.09179688
-22218.01367188
-22190.61523438
-129300.06250000
-22748.34960938
-22735.80468750
-22446.67382812
-22528.77929688
-23252.33984375
-23694.99609375
-24296.42773438
-24050.04296875
-23420.41015625
-23530.26757812
-23458.46484375
-23603.80078125
-23543.18554688
-23761.22265625
