-1188.52642349
-1347.97604671
-1396.67220360
-1425.23604987
-1406.27869965
-1450.89752024
-1424.84518740
-1435.99661008
-1443.70340419
-1448.38313815
-1445.12738090
-1439.79057965
-1425.74957399
-1409.04563355
-1385.62031838
-1385.73077069
-1392.91363865
-1395.53660679
-1395.68769815
-1398.36905502
-1397.98529646
-1395.19327680
-1391.70317802
-1394.39263106
-1404.06569804
-1399.63956453
-1415.70151290
-1416.11088236
-1416.83603261
-1416.32639013
-1419.32842125
-1421.38636302
-1423.47353785
-1421.75083889
-1425.64612129
-1424.43140963
-1420.24311187
-1419.31271002
-1421.18772607
-1423.51053924
-1427.22771419
-1430.76177680
-1431.65236302
-1431.71719659
-1431.23663995
-1427.61959088
-1428.03978269
-1428.07791229
-1427.16855353
-1425.12544630
-1424.71883662
-1426.43921090
-1427.86632758
-1422.93587919
-1420.35900764
-1419.64169886
-1421.01612739
-1422.67539634
-1421.85118414
-1420.85884237
-1420.43923962
-1421.28088485
-1421.19776325
-1422.17480431
-1424.68312516
-1424.86168185
-1423.92115314
-1424.35273294
-1423.10202172
-1424.07906925
-1420.40947569
-1421.28259528
-1419.23986520
-1418.02852618
-1415.15310741
-1415.44800135
-1417.32189485
-1415.71801933
-1414.72569074
-1418.30872487
-1417.03519976
-1418.43618066
-1419.55935024
-1402.71355002
-1403.65806234
-1402.11752054
-1386.07681943
-1387.37766249
-1388.67545675
-1391.51789802
-1390.16796289
-1390.12230158
-1391.28309331
-1387.54758419
-1387.26190982
-1387.38742366
-1383.55528953
-1379.35088309
-1379.83201661
-1380.98789642
-1381.01936593
-1384.28688540
-1384.98991928
-1382.39645041
-1381.62633739
-1383.33993162
-1384.44758825
-1385.26800330
-1382.52212535
-1381.68769326
-1381.73895888
-1382.27428884
-1381.60035578
-1382.54220944
-1382.64836963
-1383.69067100
-1384.81891016
-1385.38434442
-1386.67382808
-1385.67448596
-1383.97243136
-1372.73872623
-1372.65959827
-1370.68248714
-1371.61000023
-1372.51533362
-1372.76548562
-1373.66356905
-1374.14522059
-1375.08546272
-1376.17057032
-1376.67211579
-1376.96163189
-1376.23091237
-1366.08549243
-1367.08138944
-1368.50138010
-1368.90279803
-1369.81986128
-1370.34427144
-1370.87688087
-1371.75173051
-1370.42106546
-1371.24734525
-1371.40909939
-1371.72055598
-1370.61420576
-1362.29360821
-1362.64397799
-1362.93072664
-1361.11783593
-1360.19252370
-1351.35895328
-1350.54980408
-1349.82619971
-1352.03881616
-1351.32359879
-1350.88217781
-1349.83346237
-1349.90685944
-1350.66390684
-1349.87748850
-1349.22941688
-1347.85652520
-1349.07802910
-1349.19689001
-1348.38530443
-1347.47085663
-1346.33249204
-1346.94063718
-1346.65518668
-1344.65332165
-1346.35975401
-1342.43638646
-1337.81060880
-1333.96909087
-1327.99041426
-1327.97677754
-1321.80584099
-1317.42072892
-1318.73102853
-1319.84350265
-1320.83162432
-1322.32301886
-1323.78460304
-1323.96325685
-1321.66445522
-1319.40760380
-1319.55326737
-1313.90772821
-1314.78463586
-1314.97654071
-1314.44093405
-1308.32087415
-1306.47050060
-1307.97321692
-1309.64942047
-1303.07625034
-1301.83071786
-1302.75243606
-1302.28841385
-1303.94054922
-1305.20596043
-1306.18170223
-1306.37535574
-1308.05696942
-1308.71073077
-1308.94612304
-1308.40171064
-1310.00628563
-1310.45967053
-1310.12501676
-1309.36600779
-1310.33874570
-1311.90790918
-1310.80713085
-1312.33119049
-1311.84107029
-1311.26916027
-1309.74579125
-1310.11143316
-1311.06195733
-1312.15661741
-1313.40120168
-1313.85231116
-1312.24261688
-1313.62258615
-1312.23659224
-1311.68490808
-1312.39335588
-1312.69651392
-1313.56801634
-1314.17049854
-1314.89184933
-1315.28007076
-1313.69580033
-1313.84630013
-1313.54957856
-1314.51507548
-1315.46374042
-1316.20470201
-1315.63380864
-1316.41797590
-1316.35553173
-1317.38465189
-1317.37111520
-1318.06035967
-1318.88801640
-1318.96920316
-1318.53692733
-1318.59948617
-1319.35166383
-1318.96845825
-1317.92087654
-1316.47541730
-1317.55013887
-1317.95840081
-1317.83707861
-1316.99007585
-1317.22723315
-1317.70892711
-1318.86778601
-1320.13316940
-1320.62197421
-1321.34973563
-1322.02820571
-1322.33356431
-1321.73828599
-1322.38620549
-1323.30675109
-1324.47841497
-1324.00063379
-1324.73629765
-1325.81935313
-1326.41500148
-1326.38140977
-1326.53908465
-1327.23067497
-1328.20810252
-1327.62707662
-1328.94481879
-1329.45966535
-1329.94413971
-1330.60556606
-1331.12380744
-1331.28534824
-1331.47111520
-1332.18936161
-1331.22450898
-1330.74830836
-1330.41940934
-1330.44098061
-1329.87660443
-1329.94221870
-1330.08903220
-1329.23244990
-1330.00511876
-1330.96197676
-1330.41515312
-1330.97784330
-1332.02915361
-1331.95019557
-1330.96348840
-1329.72483192
-1330.59763133
-1331.49659360
-1332.44241674
-1332.74890007
-1332.66375285
-1333.16908090
-1332.01196558
-1332.52410831
-1333.37912717
-1332.88372505
-1333.83094918
-1334.59112839
-1335.15271938
-1336.11514045
-1336.57019869
-1337.08558228
-1337.00011193
-1337.50118162
-1337.98485370
-1338.47508471
-1337.29780955
-1338.26553836
-1338.64302550
-1339.46487449
-1340.23533366
-1339.30483527
-1339.28068763
-1339.79195643
-1340.32712341
-1339.72522027
-1339.52923443
-1340.25696190
-1340.78069356
-1341.28028826
-1341.50304658
-1341.97224857
-1342.26178486
-1343.14828682
-1342.73379752
-1342.05275367
-1342.31964479
-1341.93758407
-1342.43311027
-1342.77133042
-1341.62661247
-1340.79217749
-1339.13875582
-1337.98234862
-1337.96779875
-1337.72403352
-1336.78111934
-1336.63928660
-1336.46910605
-1336.31009343
-1335.63265410
-1335.23974694
-1335.30902789
-1334.90508608
-1333.86190221
-1332.17580217
-1330.58607779
-1329.35392277
-1328.02548415
-1326.88873180
-1325.63084148
-1324.41982114
-1323.23333202
-1322.40088671
-1321.20665417
-1320.42962766
-1319.62614721
-1319.03458234
-1318.32149548
-1317.22993758
-1316.64763712
-1315.59806783
-1314.63337907
-1313.45365830
-1312.85800065
-1312.48490532
-1311.36487730
-1310.13442463
-1308.37891384
-1306.32749678
-1304.55564913
-1301.55792240
-1300.03961612
-1298.55135885
-1297.09430525
-1295.63458166
-1293.28949729
-1291.63040312
-1290.51626344
-1287.29949161
-1286.76147665
-1285.08169290
-1281.89000183
-1279.00368744
-1277.68237851
-1276.90937575
-1275.24659175
-1274.71659970
-1274.40568384
-1271.89606869
-1270.51205707
-1267.71644850
-1267.03156258
-1264.54143718
-1263.55268437
-1263.12372525
-1262.54238577
-1262.51396715
-1262.05906371
-1261.37151284
-1259.83760927
-1257.73651524
-1254.75381351
-1252.35084460
-1250.34509936
-1248.26692153
-1246.18340657
-1244.16252054
-1241.86079918
-1240.69098711
-1239.82287969
-1237.55742351
-1235.24317536
-1232.68797759
-1230.93397438
-1229.12075973
-1228.02352339
-1225.47043989
-1223.24127575
-1221.56397279
-1219.85874824
-1217.70226584
-1216.11497356
-1214.47571501
-1212.30048840
-1210.14341524
-1207.99801460
-1205.57439935
-1203.15081138
-1200.99269241
-1199.15404213
-1196.76735673
-1196.35005529
-1193.96428023
-1191.89742097
-1190.14491824
-1188.97851562
-1188.37194097
-1187.08845226
-1185.64946112
-1183.93597820
-1181.39585103
-1179.93240464
-1179.06733981
-1178.11166336
-1176.43366940
-1175.27244931
-1173.05118250
-1171.34151691
-1169.38172824
-1168.38897004
-1167.42394518
-1165.73017594
-1163.52739110
-1161.32190187
-1159.12374842
-1156.94001072
-1154.51495034
-1152.36927538
-1149.96108636
-1148.07618815
-1145.68768990
-1143.30826914
-1144.10462100
-1141.97590116
-1140.13752763
-1138.30180299
-1136.23456684
-1134.65940411
-1132.57665467
-1130.26427122
-1131.00326921
-1129.99708710
-1127.70503196
-1126.20055352
-1124.66081008
-1122.63980242
-1122.54120961
-1120.28705095
-1118.04078972
-1116.51661714
-1115.02980128
-1113.04313992
-1111.28552806
-1109.58247468
-1108.38753473
-1106.65663734
-1104.95161501
-1103.01730410
-1101.08599385
-1098.92520111
-1097.00116203
-1095.31646620
-1093.43869433
-1091.31071702
-1089.65581945
-1088.01090887
-1086.12727599
-1084.25077614
-1082.39194046
-1080.57082506
-1079.21607397
-1077.62156447
-1076.24816015
-1074.43425432
-1072.61679746
-1070.80251752
-1068.99737712
-1067.48711021
-1065.71184155
-1064.16003596
-1062.16244013
-1062.68013362
-1061.21050639
-1060.99645863
-1061.66736129
-1062.51709722
-1063.49230374
-1064.49118698
-1065.28909230
-1063.94199900
-1062.68279124
-1060.71980316
-1060.88347245
-1059.85015575
-1058.73961886
-1057.24120390
-1055.53508478
-1053.61044214
-1053.23611238
-1051.32369787
-1049.63617115
-1047.73328201
-1045.83552340
-1044.16145163
-1042.73942291
-1041.40781598
-1040.00346407
-1038.59057581
-1036.95823524
-1035.53871009
-1034.12066658
-1032.69187215
-1031.24876255
-1029.85890627
-1028.26277291
-1026.65500967
-1025.07033961
-1023.26595197
-1021.46666206
-1019.89170770
-1018.32688449
-1016.98176193
-1015.43478032
-1013.87289973
-1012.67505882
-1011.14109569
-1011.23834443
-1009.70432793
-1009.29414517
-1007.76004551
-1006.42073811
-1004.90761452
-1003.41211568
-1001.91174786
-1000.57391662
-998.86618921
-997.58993440
-996.48149096
-995.00412971
-993.93116097
-992.24901983
-990.57159512
-989.72868498
-988.48055070
-988.33671995
-987.76369146
-986.31115436
-986.28175398
-985.03604685
-983.97057321
-982.33631798
-980.90799753
-979.28034777
-979.80442987
-978.38871028
-976.97207241
-975.86120132
-974.45032061
-973.24952093
-972.03201169
-970.43993590
-969.05048087
-967.66872744
-966.48002527
-965.09533714
-963.52800843
-962.15391810
-961.16503500
-959.79922308
-958.25008774
-957.07346218
-955.71749140
-954.18177853
-953.02882532
-951.70041523
-950.54113430
-949.21823572
-948.31435131
-948.01063625
-946.69985062
-945.38207752
-944.07434340
-942.77552722
-941.47104676
-939.98940782
-938.50940628
-937.22631214
-936.11745699
-935.03005710
-933.77092802
-932.52277279
-931.26574991
-930.01800394
-928.95127791
-927.50963199
-926.25654633
-925.39838202
-924.33514717
-922.90913931
-921.68406823
-920.63616496
-919.40621521
-918.18694981
-916.78434631
-915.57603484
-914.17885459
-912.97603953
-911.77048254
-910.56079394
-909.36561228
-908.54345631
-908.52475329
-907.89607312
-906.52905770
-905.35792950
-904.17913681
-903.19050033
-902.20388111
-901.40490867
-900.44740225
-899.48099130
-898.33043666
-897.90047326
-896.74184575
-895.41150461
-894.27315886
-893.13032945
-892.40491377
-891.26185961
-890.73457914
-890.52630614
-889.56688101
-889.70691625
-888.57740090
-887.45638029
-886.33145632
-885.04019897
-884.12160804
-883.02185265
-881.92187940
-880.81635105
-879.88868938
-879.67918152
-878.58564303
-877.67542342
-876.58561395
-876.81269597
-877.19562579
-877.53869602
-877.91546870
-877.16454422
-876.08789617
-874.84227401
-873.96655664
-872.72621472
-873.70819362
-872.84230017
-871.60844266
-870.54749780
-869.49210613
-868.45040078
-867.39723126
-866.65661317
-865.44338185
-865.83583326
-864.80569053
-863.94193372
-862.89613599
-861.85850619
-860.99217777
-859.95855484
-859.28994812
-858.27060211
-857.26203019
-856.24270648
-855.22976318
-854.38595832
-853.53224905
-852.52579647
-851.52261605
-850.71450288
-849.55131085
-848.39295815
-847.56057118
-846.87741216
-846.05493857
-845.38364991
-844.23780180
-843.25798652
-842.60971650
-841.63405311
-840.83216515
-839.87274585
-838.89865526
-837.94303809
-837.13919837
-836.34673590
-835.22762752
-834.27249721
-834.30033521
-833.65388967
-832.83868606
-832.18513969
-831.08225013
-831.30769886
-830.52955262
-829.58980707
-828.98422967
-828.72580901
-827.79152269
-826.85597573
-826.22418484
-825.46497285
-824.53577310
-823.89581318
-822.97415997
-822.05646189
-821.13821637
-820.22586796
-819.31497527
-818.41245514
-817.50709484
-816.61278265
-816.19298072
-815.77420562
-814.88191403
-814.28402583
-813.38339683
-812.95858891
-812.07950361
-811.20516611
-810.33182113
-809.29704783
-808.72922493
-807.85969687
-806.97706356
-806.72397511
-806.01031376
-805.13713753
-804.43048887
-803.56078534
-802.69294645
-801.82834446
-801.12549789
-800.26858399
-799.40549595
-798.70927251
-797.85926146
-797.00823517
-796.29600510
-795.68355507
-794.87779629
-795.34903903
-795.82400581
-796.44260847
-796.72725875
-797.00234375
-797.12624663
-797.04689435
-796.20398038
-795.36679956
-794.53839771
-793.70049358
-793.02162753
-792.20330881
-791.50472379
-790.67919826
-789.86567646
-789.04984118
-788.23306933
-787.69691506
-786.87596042
-786.32231503
-785.51611076
-784.56393752
-783.75422845
-783.08343557
-782.28334682
-781.48126407
-780.68590670
-779.90760078
-779.56884309
-780.05853793
-779.55782012
-778.77154608
-777.97793698
-777.34621631
-776.56021408
-775.97599485
-775.31860476
-774.68624066
-774.04519421
-773.26947972
-772.49481862
-771.87675196
-771.26146616
-770.49443888
-769.85990464
-768.95561839
-768.18420211
-767.43642790
-766.82651553
-766.07170592
-765.17491346
-764.43322699
-763.93543721
-763.19474218
-762.45246367
-762.00335459
-761.26133824
-760.51999285
-760.66257582
-760.34410606
-759.60132751
-758.87297106
-758.13137355
-757.39475774
-756.79847213
-756.06844199
-755.33320827
-754.73144243
-754.00944054
-753.28149689
-752.69195349
-752.09619061
-751.65182244
-750.93246602
-750.39955277
-749.54522589
-748.83331867
-748.52786367
-748.08983950
-747.38079542
-746.80671120
-746.35634237
-745.65255833
-744.94706421
-744.10805685
-743.40652334
-742.70955354
-742.00857570
-741.31320460
-740.75406210
-740.06291337
-739.61992699
-739.04782820
-738.36315611
-737.66654282
-736.98315073
-736.30199433
-735.61281089
-734.93315473
-734.37732959
-733.69779788
-733.15275718
-732.74265105
-732.18563941
-731.51524195
-731.13586300
-730.46489809
-729.79525496
-729.12352522
-728.32453811
-727.66227931
-727.00425121
-726.45640667
-725.92882189
-725.26316356
-724.71934999
-724.17952340
-723.39318103
-722.74063469
-722.08766736
-721.56148185
-720.90835962
-720.26096485
-719.75681502
-719.11178171
-718.46701689
-717.82547594
-717.17604454
-716.53487396
-716.01782617
-715.37951668
-714.74025069
-714.10089596
-713.46724906
-712.70593086
-712.22267368
-711.72263264
-711.09736690
-710.47513846
-709.84456903
-709.36277252
-708.73788496
-708.11542154
-707.49437345
-706.87688579
-706.49845977
-705.75590959
-705.14208939
-704.53023624
-703.91641040
-703.30281894
-702.57106293
-701.96619269
-701.36339128
-700.98858869
-700.50663769
-699.90652093
-699.17781710
-698.69047569
-698.20976795
-697.61154582
-697.01081964
-696.29050926
-695.69181292
-695.09427972
-694.49878381
-693.90514031
-693.31674243
-692.60354413
-692.00898451
-691.42518466
-690.83412507
-690.24619109
-689.65682753
-689.08051795
-688.37616882
-687.79911267
-687.21878864
-686.64321867
-686.30862331
-685.85568384
-685.28682248
-684.83684765
-684.26595240
-683.81382108
-683.47735386
-683.02234003
-682.56543455
-681.99555534
-681.30892516
-680.75154098
-680.19149677
-679.50794721
-679.06270533
-678.69612116
-678.13818514
-677.57613220
-677.51849173
-677.20520219
-676.64600386
-676.21454878
-675.79024187
-675.24019443
-674.81232467
-674.25984004
-673.71157550
-673.41317129
-672.86200435
-672.54912263
-672.00667639
-671.57917430
-671.04102003
-670.49558255
-669.95673800
-669.41117367
-668.75459003
-668.21520521
-667.67315510
-667.13827982
-666.60418228
-665.95321615
-665.42470404
-664.89828023
-665.00177145
-664.47085638
-663.94256398
-663.41869958
-662.89235460
-662.24998223
-661.60905070
-661.09206532
-660.45299160
-659.93290654
-659.76852997
-659.13266031
-658.72105790
-658.21031818
-657.70098861
-657.18795250
-656.67047612
-656.15533494
-655.64345509
-655.24713828
-654.73712172
-654.11202152
-653.71963886
-653.21620944
-652.70701502
-652.35260652
-652.06779652
-651.67838332
-651.06126122
-650.66582963
-650.34449025
-649.84224307
-649.23042025
-648.87970355
-648.49134645
-648.10273837
-647.60494628
-647.10893315
-646.73215419
-646.45216798
-646.18703121
-645.80392136
-645.31847372
-644.83467780
-644.34449697
-644.06574263
-643.68652303
-643.19950977
-642.71169609
-642.42953445
-641.94697418
-641.35100065
-641.08007201
-640.59944775
-640.23132254
-639.74654810
-639.26710447
-638.68021087
-638.30720262
-637.82969696
-637.47210893
-637.12487319
-636.86190655
-636.27738281
-635.69707747
-635.33240831
-634.97796830
-634.39818359
-633.93474028
-633.67992552
-633.20603608
-632.73549018
-632.37204781
-631.79730448
-631.44710695
-630.87387657
-630.40932289
-629.94270070
-629.37261667
-628.91396984
-628.45571329
-628.10231151
-627.64294006
-627.18935039
-626.82970691
-626.37245723
-626.12205918
-625.87845726
-625.43160503
-624.97753000
-624.64091483
-624.41359026
-624.06846110
-623.51104332
-623.05916440
-622.70711544
-622.25578138
-621.81395469
-621.46770771
-621.03099850
-620.69781659
-620.35203028
-619.91378383
-619.36498487
-618.92117247
-618.48387701
-618.26047952
-617.82489271
-617.63295544
-617.98228644
-617.98466834
-617.55223574
-617.11877008
-616.57699262
-616.26198203
-616.04744192
-615.50857122
-615.07776442
-614.64202727
-614.10616370
-613.67555399
-613.34110237
-612.91200927
-612.58795205
-612.26419044
-611.83826496
-611.51292890
-611.09269668
-610.56376402
-610.13466894
-609.71086585
-609.18478481
-608.76539072
-608.24145792
-608.02736296
-607.60783201
-607.08510317
-606.56319716
-606.25259762
-605.93147135
-605.41405715
-604.99329613
-604.57816190
-604.16278008
-603.64974804
-603.23212578
-602.82185759
-602.41059855
-601.99653004
-601.58406390
-601.17094993
-600.76159693
-600.35262908
-599.84410654
-599.43869233
-599.03837759
-598.72971871
-598.32934266
-598.15186767
-597.74357103
-597.33990632
-597.12892486
-596.72796617
-596.98170364
-596.48057460
-596.08024029
-595.78024614
-595.48671274
-595.09461770
-594.69121015
-594.29313169
-593.90053570
-593.68456415
-593.29115703
-592.79681959
-592.59085014
-592.28656827
-591.90033273
-591.50324656
-591.20215076
-590.80927293
-590.41814995
-589.92951817
-589.63930487
-589.44961116
-589.06087422
-588.67465886
-588.39042508
-588.20956571
-587.82983818
-587.44410672
-587.05939655
-586.67875564
-586.29800724
-586.02840997
-585.65074891
-585.17237945
-584.88825626
-584.50640420
-584.22602109
-583.85295332
-583.68107065
-583.30684757
-582.93056251
-582.65982894
-582.28120185
-582.00717310
-581.53685048
-581.33162293
-580.96205118
-580.58696645
-580.38803027
-580.02125073
-579.55423338
-579.19111907
-578.82541029
-578.35937438
-577.99219636
-577.62872077
-577.26840927
-577.65512529
-577.88278141
-577.72669907
-577.36528676
-577.09748907
-576.63634025
-576.17586184
-576.01080681
-575.73974246
-576.09545919
-575.91687566
-575.96099429
-575.59779574
-575.32987415
-575.26999674
-574.90615170
-574.54767920
-574.09295626
-573.82776464
-573.46836148
-573.11128292
-572.85188988
-572.40024488
-572.04450416
-571.68929280
-571.23963552
-570.88260172
-570.61531441
-570.26418921
-569.91352548
-569.56130169
-569.20403252
-568.85213554
-568.49846245
-568.34037144
-568.08697750
-567.73312913
-567.39126647
-567.03971070
-566.86887920
-566.76197483
-566.42383757
-566.07461065
-565.81912152
-565.56158716
-565.31714846
-564.97327725
-564.72454280
-564.29018079
-563.94685060
-563.60075599
-563.35370349
-563.01774435
-562.68215881
-562.43595223
-562.19250278
-561.85368361
-561.67708254
-561.34548003
-561.00851383
-560.67280868
-560.53354184
-560.20221131
-559.86603905
-559.44065040
-559.10790587
-558.68212698
-558.51305252
-558.18262981
-557.84703470
-557.60330734
-557.18012988
-556.94493934
-556.70934171
-556.56289366
-556.23262216
-555.90197178
-555.65630873
-555.23678823
-554.91601476
-554.58831028
-554.34634027
-554.20888921
-554.08515434
-553.85029885
-553.60680708
-553.28169317
-553.04138880
-552.88720381
-552.56532198
-552.33964219
-552.01627472
-552.06949972
-551.65729895
-551.33602768
-551.01361907
-550.77598322
-550.46048490
-550.32010175
-550.00001739
-549.68635322
-549.27924400
-548.96027682
-548.64361943
-548.41663490
-548.19357659
-547.87902906
-547.64573362
-547.42055931
-547.26533117
-546.86185086
-546.55130539
-546.23925767
-545.92230423
-545.68854442
-545.37849473
-544.97854770
-544.75180987
-544.44273374
-544.20981553
-543.90047311
-543.58929579
-543.27759339
-542.88090806
-542.64739800
-542.33739123
-542.02853462
-541.71957648
-541.41548737
-541.11142955
-540.89103500
-540.58266412
-540.36655523
-539.97478439
-539.67130595
-539.37051081
-539.14749497
-538.92888167
-538.53949602
-538.23646222
-537.84838117
-537.46174074
-537.16045773
-536.86574583
-536.56489957
-536.17935949
-535.79532644
-535.49862661
-535.29219725
-535.08334863
-534.87199834
-534.65233233
-534.44104958
-534.14331242
-533.84699717
-533.65406308
-533.48764193
-533.19889391
-532.90118637
-532.60914809
-532.40728207
-532.11506467
-531.91430627
-531.53702792
-531.39366969
-531.27037074
-530.97419410
-530.67878032
-530.39576101
-530.02098408
-529.73914939
-529.44766113
-529.33420475
-529.12868036
-528.84074520
-528.55336927
-528.27117988
-527.98535103
-527.69827552
-527.32809190
-527.04379634
-526.67520282
-526.39517725
-526.19198407
-526.06215250
-525.78195967
-525.57407586
-525.29569852
-525.01696991
-524.89078279
-524.52737869
-524.24408480
-524.04436384
-523.84986573
-523.66127391
-523.38046545
-523.18800702
-522.91728092
-522.72056980
-522.35959194
-522.08725649
-521.72674017
-521.61634112
-521.51412665
-521.23702528
-520.96579229
-520.77148183
-520.49534018
-520.29733962
-520.02039860
-519.74410482
-519.47112984
-519.19807900
-518.92628577
-518.65076215
-518.37701688
-518.10332736
-518.16797965
-517.89379115
-517.62229299
-517.26949943
-517.00132056
-516.73406953
-516.38265784
-516.03142607
-515.76143070
-515.65242658
-515.46056000
-515.11112142
-514.98837025
-514.71872207
-514.45290631
-514.18623372
-513.98952691
-513.72913025
-513.59149621
-513.24531804
-513.05608971
-512.71190836
-512.44974305
-512.18939784
-511.92631187
-511.65935757
-511.40058474
-511.29152995
-511.11034370
-510.85586047
-510.60021909
-510.25888735
-509.99530871
-509.73258593
-509.47373452
-509.37744232
-509.11538878
-508.93895415
-508.75828783
-508.49907763
-508.24269530
-508.06270319
-507.88427529
-507.70219435
-507.53113480
-507.27620524
-507.01827135
-506.75991513
-506.57866450
-506.32939260
-506.14442459
-506.01439412
-505.89286308
-505.63688719
-505.38365079
-505.12719292
-504.95613374
-504.70538234
-504.37536250
-504.04405566
-503.71329636
-503.46050603
-503.28047879
-503.02712963
-502.77511375
-502.52328107
-502.27715952
-502.02622214
-501.93412141
-501.60677051
-501.42750252
-501.25996166
-501.08091959
-500.83247634
-500.72425346
-500.55079720
-500.29974229
-500.13295009
-499.88743736
-499.64167150
-499.46826139
-499.29404322
-499.04592724
-498.93594849
-498.68862104
-498.44188834
-498.19661303
-497.95050783
-497.78497438
-497.61834341
-497.37518095
-497.12851147
-496.80922235
-496.64421895
-496.40659482
-496.08825041
-495.85139015
-495.53366750
-495.36707497
-495.05021043
-494.73374073
-494.66257069
-494.57722908
-494.34175891
-494.10442584
-494.01976387
-493.85725328
-493.62063112
-493.38596892
-493.15053966
-492.91634590
-492.67766680
-492.44151481
-492.42780069
-492.34448331
-492.10687829
-491.94484879
-491.71468654
-491.48092379
-491.32234639
-491.01405177
-490.78827732
-490.47940863
-490.25158986
-490.01817314
-489.85978410
-489.70361819
-489.54593821
-489.31627241
-489.15633012
-489.32596410
-489.09730582
-488.86870324
-488.77904414
-488.54538298
-488.31422583
-488.08658490
-487.78326067
-487.63347486
-487.55917823
-487.47164536
-487.32490406
-487.02162716
-486.79091809
-486.62847433
-486.40649104
-486.24623174
-486.09204032
-485.86455338
-485.56536738
-485.65600009
-485.57891784
-485.35186131
-485.05284180
-484.89534117
-484.76897030
-484.61705865
-484.46158862
-484.23690960
-483.93840503
-483.71802982
-483.56507443
-483.41286861
-483.18943937
-482.97070301
-482.75002147
-482.59752771
-482.44823421
-482.22533059
-482.00276560
-481.78093201
-481.55968445
-481.26630259
-481.04943835
-480.90731697
-480.68965545
-480.54385610
-480.40839698
-480.18921797
-480.04825103
-479.90571026
-479.61570979
-479.47130094
-479.25423905
-479.03584230
-478.88906894
-478.73775919
-478.52413308
-478.30826733
-478.09426118
-477.95735194
-477.74338711
-477.53074498
-477.31475982
-477.20482042
-477.05572843
-476.76831763
-476.55329222
-476.34462225
-476.20079281
-476.13387381
-475.99547624
-475.78524742
-475.57150479
-475.44751949
-475.23295789
-475.02212693
-474.73776442
-474.59627266
-474.52766161
-474.38245099
-474.17242604
-473.96080753
-473.75186510
-473.54119585
-473.32906551
-473.12457067
-472.84303209
-472.63121209
-472.53181398
-472.32596911
-472.18217247
-472.49243801
-472.28932468
-472.15634746
-471.95004002
-471.67075782
-471.53006624
-471.25184621
-471.11743243
-470.90721036
-470.70118167
-470.64708391
-470.51166605
-470.45352048
-470.32273991
-470.18555814
-469.97972691
-469.91704887
-469.64329226
-469.36785994
-469.16568520
-468.96496944
-468.82699070
-468.69096360
-468.48715140
-468.28250134
-468.08296310
-467.88177187
-467.60884173
-467.40881190
-467.27432137
-467.06850835
-466.92835204
-466.78956627
-466.65385502
-466.67297417
-466.60834941
-466.40763705
-466.20815611
-466.00919883
-465.80759709
-465.68034090
-465.61716214
-465.41522756
-465.28187774
-465.01329330
-464.81556127
-464.61572640
-464.41790558
-464.57412055
-464.30667607
-464.17310162
-463.90602851
-463.70590734
-463.51011325
-463.31546513
-463.18389993
-463.10476831
-462.91019100
-462.77989571
-462.71146978
-462.51516408
-462.31892143
-462.18998641
-462.05900493
-461.86452227
-461.79513382
-461.66788651
-461.47623705
-461.27814668
-461.26163634
-461.06749483
-460.87416689
-460.76202096
-460.63563563
-460.57714910
-460.38187237
-460.18963677
-460.11063192
-460.07169428
-459.87821344
-459.68908186
-459.55735136
-459.43433748
-459.24273948
-458.98344640
-458.87729731
-458.68693095
-458.49589006
-458.41362815
-458.22392232
-458.03358890
-457.84346344
-457.72605620
-457.68052126
-457.48730528
-457.36505295
-457.17615414
-457.05552616
-456.86849539
-456.67732677
-456.55244327
-456.50603131
-456.38682103
-456.20229558
-456.01127962
-455.75818784
-455.57061789
-455.44965029
-455.33559883
-455.14690832
-454.96381105
-454.84280890
-454.59031504
-454.40183445
-454.43524513
-454.25224485
-454.06659399
-453.94290118
-453.87658868
-453.69069794
-453.50611083
-453.32090987
-453.13354877
-452.94756644
-452.76355033
-452.58007117
-452.33025480
-452.26888786
-452.02027616
-451.90180873
-451.71759730
-451.53768386
-451.41538787
-451.23238287
-451.04765718
-450.86998629
-450.69114886
-450.44514655
-450.26117073
-450.07699003
-449.89474310
-449.71223501
-449.73739925
-449.99918560
-449.95648650
-449.84564677
-449.66636134
-449.48499819
-449.38444226
-449.74162779
-449.55937334
-449.44357531
-449.26651633
-449.08924615
-448.97292395
-448.79456482
-448.61973221
-448.43896399
-448.76995412
-448.52732979
-448.70158458
-449.08480597
-448.90658204
-448.72615713
-448.55183842
-448.57288757
-448.46450258
-448.34509095
-448.37469729
-448.32416498
-448.20902321
-447.96829801
-447.79372741
-447.61822577
-447.50525288
-447.38989879
-447.21345365
-447.04047707
-446.92860266
-446.87650365
-446.76470115
-446.58980079
-446.41284094
-446.30160184
-446.12814349
-445.88971608
-445.77838135
-445.66178973
-445.48502142
-445.37372017
-445.26354123
-445.09093931
-444.97777077
-444.80489490
-444.63126000
-444.45834435
-444.34026090
-444.23049647
-444.05909263
-443.88595037
-443.71525329
-443.54500620
-443.43396727
-443.26320197
-443.09151912
-442.91979924
-442.87850821
-442.76986618
-442.59763587
-442.42955392
-442.32201028
-442.15136702
-441.98436718
-441.81683273
-441.64543261
-441.41341000
-441.24232326
-441.07565238
-440.84399003
-440.67826421
-440.50729169
-440.34024658
-440.23562590
-440.13274928
-439.96224626
-439.85135876
-439.68324551
-439.51852350
-439.35295396
-439.25109670
-439.14691837
-438.97989312
-438.88694382
-438.72031836
-438.55319851
-438.45249172
-438.22442867
-438.18088251
-438.01595527
-437.91751063
-437.75271826
-437.65345726
-437.49202531
-437.33082238
-437.16742205
-437.00561244
-436.84562453
-436.74089646
-436.57704692
-436.54489243
-436.38182565
-436.21958936
-436.12110208
-435.96261179
-435.85751720
-435.69466195
-435.53503339
-435.36941678
-435.20709458
-435.04722792
-434.88476862
-434.66224792
-434.50323723
-434.28030737
-434.18035323
-434.12007473
-433.95905857
-433.85663888
-433.70040090
-433.59912789
-433.49457587
-433.39487569
-433.42132362
-433.20007174
-433.10581001
-433.00347616
-432.78276621
-432.81879375
-432.85581701
-432.75583090
-432.65582349
-432.55747805
-432.45850784
-432.30024202
-432.14262852
-432.04768730
-431.94889324
-431.79047535
-431.69066888
-431.58889904
-431.42913808
-431.26965898
-431.11660100
-431.35457527
-431.25283574
-431.09712210
-431.05524636
-430.83779100
-430.68467390
-430.52650497
-430.42725754
-430.33220024
-430.24149696
-430.14300635
-430.04100837
-429.88363870
-429.72944109
-429.63493840
-429.54521884
-429.39171800
-429.30153162
-429.20510249
-428.99074991
-428.83831766
-428.73884714
-428.58994620
-428.49603328
-428.46471826
-428.31009376
-428.09645626
-427.88450164
-427.73221418
-427.63514754
-427.48262851
-427.32671986
-427.17171030
-427.01897385
-426.86854436
-426.71719606
-426.66466733
-426.51019101
-426.35897010
-426.27056399
-426.17880124
-426.02757958
-425.87828541
-426.10521588
-426.46914320
-426.77105969
-426.80745361
-426.65470359
-426.50330135
-426.40880815
-426.49221672
-426.39808407
-426.29854519
-426.67000292
-426.82813113
-426.94887035
-427.10131363
-427.25983339
-427.29219599
-427.14212861
-426.99244817
-426.78345558
-426.68873446
-426.54026033
-426.56508759
-426.41548041
-426.42057251
-426.37655043
-426.16860913
-426.01882747
-425.87041588
-425.72030162
-425.62346567
-425.58718338
-425.43736380
-425.28798456
-425.08129086
-424.98718313
-424.95714902
-424.80985389
-424.60374192
-424.57122048
-424.42226814
-424.33699136
-424.18999662
-423.98488566
-423.89103664
-423.74235928
-423.69793625
-423.55126184
-423.45839646
-423.31382441
-423.16620378
-422.96196336
-422.81576700
-422.67096588
-422.62738691
-422.48217003
-422.33435561
-422.13104250
-421.92809358
-421.78285149
-421.58043619
-421.43631224
-421.29652850
-421.15366092
-421.06571118
-420.91948600
-420.77618998
-420.57475934
-420.37353211
-420.23062548
-420.08443025
-420.00602099
-419.80560597
-419.78224660
-419.69822915
-419.61935903
-419.47879585
-419.38886612
-419.24822404
-419.21862581
-419.07586210
-418.93373543
-418.79226219
-418.70749650
-418.62530680
-418.48408641
-418.39992471
-418.31450267
-418.23585900
-418.15670951
-418.01548772
-417.87551974
-417.79719122
-417.59955784
-417.57277652
-417.54180976
-417.40268067
-417.26255533
-417.22872103
-417.08958885
-417.12477844
-416.92843881
-416.79122180
-416.71200798
-416.57645259
-416.43959618
-416.44226040
-416.40680581
-416.26881843
-416.25558201
-416.24097445
-416.21795849
-416.02336861
-415.88610908
-416.31260534
-416.17338998
-416.59357001
-416.60155732
-416.52289017
-417.02523892
-417.45528790
-417.31962582
-417.23876612
-417.10160894
-417.45054327
-417.31111947
-417.53623998
-417.34195070
-417.25932888
-417.39573575
-417.25727955
-417.12029715
-416.92656977
-416.89417173
-416.75737381
-417.04411886
-417.01910189
-417.50404713
-417.36757997
-417.78120847
-417.69966795
-417.56419915
-417.37117880
-417.34795939
-417.26938750
-417.07811730
-417.10637583
-417.32539996
-417.51969579
-417.60131409
-417.51870799
-417.38342705
-417.87500585
-417.74107866
-417.60813345
-417.63681281
-417.61181472
-417.47766749
-417.45514579
-417.48301751
-417.34926795
-417.21606974
-417.08270254
-416.94731697
-416.81179003
-416.67376151
-416.53900705
-416.40371707
-416.21408429
-416.71678276
-416.63867836
-416.50549981
-417.00700260
-417.09464504
-417.33305649
-417.76255561
-418.24231265
-418.77466851
-419.22802423
-419.68230614
-420.11393039
-420.63694104
-421.16179806
-421.63416963
-422.12810065
-422.55307457
-423.02959386
-422.89683755
-423.25472610
-423.61120187
-423.89834212
-424.23040939
-424.14937296
-424.62820181
-424.59748086
-424.45954383
-424.64798255
-424.45787655
-424.38058862
-424.24658189
-424.11079173
-424.08114905
-424.39795998
-424.26271743
-424.36599975
-424.23180448
-424.68706319
-424.84293228
-424.65237073
-424.56868733
-424.84356513
-424.70640841
-425.16442764
-425.55199005
-425.93660432
-425.79885698
-425.66359301
-426.03048495
-425.89533947
-425.76040043
-426.17324723
-426.09507722
-425.96086813
-425.77110014
-425.69341731
-425.72648862
-425.58962651
-425.45709118
-425.26801668
-425.13433398
-424.94584551
-425.21973993
-425.08652456
-424.95064082
-424.86914235
-424.73296725
-425.17203624
-425.03729210
-425.40236674
-425.73529255
-425.60419496
-425.41605781
-425.82820278
-426.20251542
-426.57780525
-426.44280165
-427.04109746
-427.59481978
-428.16014845
-428.71896641
-429.26217412
-429.79857950
-430.33045196
-430.19413020
-430.67871392
-430.54086516
-431.00766586
-430.87099715
-430.78803475
-431.25554395
-431.12300733
-431.59338739
-431.50883817
-431.37325638
-431.86892178
-432.25393306
-432.39101824
-432.75559961
-433.16665139
-433.54931271
-433.73990542
-434.03058465
-433.89437722
-434.02370895
-433.94294318
-434.44224999
-434.91064714
-435.40701057
-435.94939109
-435.92072888
-435.78614841
-435.70383165
-435.57013271
-435.43094152
-435.29616582
-435.16122621
-435.62559105
-436.08401048
-435.94892429
-436.40508845
-436.26856518
-436.77690618
-437.25137379
-437.71062656
-437.52178652
-437.75030577
-438.19007910
-438.05557715
-437.91735107
-437.72857067
-437.54012642
-437.40291498
-437.37618889
-437.18823995
-437.65530299
-438.11099285
-437.92291260
-438.16087522
-438.07944859
-437.94238456
-437.80879259
-437.67398616
-437.80486145
-438.24557663
-438.69319122
-439.14951723
-438.96159768
-439.42312253
-439.86353462
-440.33185111
-440.14389091
-440.59486763
-441.04424090
-441.50652176
-441.94525326
-441.86277677
-441.67467591
-442.12181935
-441.98656123
-441.79845573
-441.71473305
-441.52702649
-441.39036923
-441.20320663
-441.63873671
-441.45241508
-441.89679381
-441.76058740
-441.62638925
-442.05699859
-442.51285137
-442.37557364
-442.24174925
-442.20961868
-442.65379981
-442.51594743
-442.96686879
-442.82872096
-442.74751539
-443.22185661
-443.69607615
-443.55792946
-443.42153180
-443.28796202
-443.72068360
-443.58280152
-443.76008589
-443.57352449
-443.43986869
-443.50537818
-443.37150192
-443.85731922
-444.34167642
-444.81730364
-445.13587939
-445.00144227
-445.44623365
-445.89123729
-446.35551033
-446.21960642
-446.08468451
-446.10462032
-445.96877680
-445.83376977
-445.69841857
-446.22406005
-446.14074832
-446.73630770
-446.55045059
-446.68790919
-446.55337498
-446.41777443
-446.28316411
-446.19970011
-446.16986729
-446.03171105
-445.94965242
-446.55329614
-447.15230450
-447.28877357
-447.81882830
-448.37954343
-448.97211961
-448.83644223
-448.87349008
-448.91078204
-448.77601496
-449.32466974
-449.46055260
-450.01107646
-450.53388224
-450.40004416
-450.31927159
-450.75886195
-450.67813936
-451.11191813
-450.97895597
-451.05413711
-451.08726671
-451.11255548
-450.92720837
-450.95347534
-450.87149001
-451.30439451
-451.22326525
-451.14146186
-451.57624208
-451.44197993
-451.92555574
-451.84299027
-451.65789735
-451.62419617
-452.17530026
-452.04111458
-451.85624643
-451.71907032
-452.17165050
-452.08977476
-452.00808161
-452.52700562
-453.03269249
-453.47774520
-453.91289323
-454.33788044
-454.75878104
-454.57460033
-454.38955125
-454.82664808
-454.69163026
-454.50680084
-454.48003014
-454.29568730
-454.11154611
-453.92751948
-453.95400449
-453.92805603
-453.74409254
-453.60892929
-453.42565393
-453.85638377
-453.77447064
-453.69103210
-454.15856608
-454.65297413
-455.13710781
-454.95343108
-455.49055787
-455.98316133
-456.42332236
-456.99670252
-457.41432342
-457.23130670
-457.66756238
-457.53271219
-457.96428537
-457.98372292
-457.85024713
-457.71393666
-458.14657910
-458.56106598
-458.97946306
-458.84519953
-459.30445138
-459.72199399
-459.58692310
-459.45181167
-459.86375414
-459.77942105
-460.19438739
-460.59292706
-460.45741809
-460.27334347
-460.18943432
-460.00644249
-460.42176257
-460.84619749
-461.26545245
-461.68882785
-462.09621881
-461.95854723
-461.77451405
-462.17824362
-462.58499161
-463.06549295
-462.88147498
-463.30222645
-463.73449070
-464.13990061
-464.55059500
-464.46823783
-464.28460812
-464.67788317
-464.49398233
-464.35913719
-464.27364952
-464.69293229
-464.50937618
-464.95407272
-465.38948912
-465.20594494
-465.06846822
-465.49613091
-465.41162080
-465.84247365
-466.27041089
-466.68638497
-466.54893511
-466.99303100
-467.42650640
-467.82139844
-468.23305198
-468.62481573
-468.53834287
-468.40008823
-468.31729461
-468.18219922
-468.57511472
-468.39154216
-468.77456983
-468.63723052
-469.08566951
-468.90241282
-469.30190485
-469.72896414
-470.17347172
-470.04063664
-470.47729966
-470.87772789
-470.74532286
-470.60836228
-470.52493612
-470.34132647
-470.46227610
-470.86035492
-470.72816698
-471.13245947
-471.54719987
-471.94790638
-472.38288580
-472.78714846
-473.21105286
-473.52715061
-473.91411782
-474.27557615
-474.65811520
-475.03769482
-474.90208320
-475.30048307
-475.69279341
-475.55424298
-475.94367275
-476.34727654
-476.75166615
-477.15925799
-477.55262246
-477.90140796
-478.29229014
-478.20461521
-478.06829299
-477.93191116
-477.79580393
-478.19597888
-478.05854418
-477.91884644
-478.31093640
-478.70141748
-478.51762045
-478.96697506
-478.83007261
-478.69401036
-478.55765292
-478.94821478
-479.34681805
-479.74934997
-479.56584452
-479.99127779
-480.46666480
-480.32793193
-480.14379966
-479.96000147
-480.41340136
-480.27584362
-480.74366831
-481.19222483
-481.05616621
-481.20614538
-481.11619606
-481.53260209
-481.93169152
-482.34332598
-482.84074553
-483.28054689
-483.70248737
-484.19508886
-484.65290798
-485.17931721
-484.99460781
-484.90484206
-485.29662346
-485.59196279
-485.45525707
-485.87374681
-486.24062074
-486.69909612
-486.51448931
-486.98436113
-486.84576476
-487.38143598
-487.24537122
-487.70197134
-487.56476844
-487.94396954
-488.32466813
-488.71241227
-489.08989243
-489.00048690
-489.38816404
-489.29612003
-489.68062728
-490.05741432
-489.96714341
-489.83079218
-490.26060372
-490.75018723
-490.65825659
-491.09369872
-490.95465337
-490.86541266
-490.72802787
-490.59104412
-490.97536925
-491.36869175
-491.18427104
-491.09593002
-491.47780888
-491.33942455
-491.20388346
-491.60117981
-492.13854426
-491.99736603
-491.85880510
-491.67488634
-492.13977823
-492.63947543
-492.45637155
-492.91304974
-492.82062882
-493.27723838
-493.73747113
-493.59977194
-494.06395463
-494.51975980
-494.42643609
-494.85724274
-494.67295540
-495.13139623
-495.58026234
-496.06088185
-496.06441993
-496.48331600
-496.97897439
-496.88728039
-496.84487872
-497.31616805
-497.13162326
-497.56628752
-498.01946130
-497.92726269
-498.43439830
-498.29643389
-498.72855843
-498.54397426
-498.35953627
-498.21940170
-498.60025878
-498.98301629
-498.84561700
-498.75544386
-498.61527199
-498.99141441
-499.37210705
-499.74554068
-499.60771241
-500.04208690
-499.94785594
-499.80722888
-499.66892879
-500.03444625
-499.94005898
-499.79887950
-499.70509530
-499.56645441
-499.47735923
-499.84584265
-500.22494778
-500.13320907
-499.94979051
-499.85754628
-499.67627160
-499.49325921
-499.35650528
-499.72939589
-499.54668544
-499.94892311
-499.76625837
-500.13146577
-500.04009701
-500.40546182
-500.26674661
-500.62701544
-500.48786889
-500.85100472
-501.21085732
-501.57680114
-501.93786293
-501.80038626
-501.65962748
-502.01867719
-502.39327258
-502.77275015
-502.68179655
-502.49962112
-502.40870357
-502.27287814
-502.18650038
-502.00441014
-502.36956099
-502.18784126
-502.05177092
-501.91324245
-501.82351142
-502.17154416
-502.03529397
-501.94597496
-501.80755315
-502.16207771
-502.02315809
-501.93504565
-501.79940644
-501.70941018
-501.62020441
-501.52923832
-501.43728878
-501.30022653
-501.16353542
-501.07428988
-500.93583376
-500.75563723
-500.62083640
-500.98391170
-500.80391788
-500.66686900
-500.57951410
-500.49059848
-500.84647112
-501.20282953
-501.06828223
-501.43322961
-501.29511110
-501.63053055
-501.98307497
-501.84784829
-501.71351660
-501.62395879
-501.98207660
-501.84500248
-501.70965901
-501.53054001
-501.86805598
-502.22262991
-502.18163304
-502.09217829
-502.00122917
-502.36371666
-502.72481317
-503.07892550
-502.90001811
-502.72094452
-502.63034503
-502.49312683
-502.83918060
-502.70524873
-502.61794961
-502.43929983
-502.78916898
-502.70445466
-503.05675608
-502.92360576
-502.78832819
-503.16318494
-503.55209187
-504.03790622
-503.85934936
-503.72206916
-503.63318444
-504.06561219
-503.88727870
-503.75436352
-504.16621749
-504.02937342
-504.46476170
-504.32945111
-504.75690119
-504.62110447
-505.06483880
-504.93194577
-504.75428099
-505.16804168
-505.58146597
-505.99636637
-505.85895387
-505.72160970
-505.58796987
-506.00639495
-505.82925869
-506.26455392
-506.12934576
-505.99632720
-505.90935165
-505.82218738
-505.73682275
-505.65050502
-505.51405247
-505.42738107
-505.25153349
-505.07477541
-504.98718507
-504.90105209
-505.29245514
-505.15736386
-505.53074244
-505.89164547
-505.71499955
-506.10889620
-506.01965456
-505.88360696
-505.70712981
-506.05649009
-505.88041601
-505.70438414
-505.61665477
-505.96150259
-506.30818564
-506.17376579
-506.03755339
-505.90274094
-505.76854379
-506.19790382
-506.65048337
-507.09839234
-507.53885975
-507.36290823
-507.68936357
-507.55685136
-507.38096092
-507.77621689
-507.64376027
-507.55426911
-507.91708196
-508.35444459
-508.22106816
-508.55988041
-508.47260721
-508.29754349
-508.12223076
-507.99120613
-508.33743171
-508.16204333
-508.54362080
-508.98261968
-509.40017075
-509.26625681
-509.70823909
-509.57341449
-509.94407659
-510.29692396
-510.63338216
-510.96675853
-510.79169307
-510.65782012
-511.02198137
-511.47018737
-511.33574021
-511.20010705
-511.55648091
-511.42188375
-511.24666683
-511.07178759
-510.98270772
-511.47155465
-511.33797915
-511.73238511
-512.10354968
-512.48143774
-512.30649673
-512.63834973
-512.98787513
-512.85196133
-512.71671853
-512.58405121
-512.95914360
-513.30799994
-513.64139379
-513.98323236
-513.80835499
-514.15432074
-514.02246371
-514.38355585
-514.72274012
-514.58756004
-514.49423031
-514.83604960
-514.66142700
-515.00189017
-514.86726419
-515.21138133
-515.61884947
-515.48336050
-515.83998104
-516.30863870
-516.77502764
-516.60022927
-517.03026855
-517.42143549
-517.76721294
-517.59207193
-518.04453626
-518.47205602
-518.29681761
-518.16500732
-518.25329845
-518.12072260
-517.94596362
-517.77141547
-517.68508209
-517.85566920
-518.18499988
-518.51063022
-518.33605371
-518.20228709
-518.11455517
-517.98276413
-518.35326886
-518.17893870
-518.04481748
-518.38215821
-518.29323175
-518.12007131
-518.46827147
-518.82099489
-518.73146796
-518.55747519
-518.42425093
-518.29192185
-518.11850202
-518.02913129
-517.89769003
-518.29057038
-518.11741912
-518.43278130
-518.75921134
-518.62465776
-518.98784849
-519.37567879
-519.24405272
-519.60173056
-519.51150220
-519.83642238
-520.16251863
-520.48651351
-520.31319187
-520.63636376
-520.54777401
-520.45522809
-520.36515532
-520.27540424
-520.60659596
-520.97192635
-520.83997285
-520.66695296
-520.98985897
-520.81698251
-521.13964969
-521.43293917
-521.34211286
-521.25316654
-521.57924756
-521.90191643
-522.22255635
-522.09160736
-522.42142173
-522.72445945
-522.63382058
-522.95200369
-522.86397310
-522.72957584
-523.02011402
-523.33647104
-523.16378516
-522.99155611
-523.33528904
-523.16327433
-522.99138948
-523.36526288
-523.35887940
-523.35566690
-523.71566893
-523.54337784
-523.45685848
-523.36943153
-523.28277838
-523.15040503
-523.06169192
-523.37943246
-523.28986764
-523.11803167
-522.98775370
-523.31908848
-523.63382326
-523.46213540
-523.80447389
-524.13755364
-524.04730325
-524.39523639
-524.72326812
-524.59304099
-524.50271299
-524.41303147
-524.72212394
-524.58829927
-524.45395141
-524.36312396
-524.19203877
-524.05979601
-524.40380207
-524.27052321
-524.14073030
-523.97154269
-523.80077787
-523.71155074
-523.97658618
-524.29345950
-524.61384017
-524.92846429
-524.79858777
-524.71009478
-524.62287963
-524.53392537
-524.85282415
-525.20797948
-525.59841514
-525.42790178
-525.80081410
-525.66885765
-525.53926410
-525.40880286
-525.81308116
-526.20831866
-526.03828455
-525.90509777
-525.77634527
-526.17923797
-526.54282297
-526.91285235
-527.30132383
-527.17115899
-527.52868432
-527.39672956
-527.26531300
-527.63940550
-527.54995193
-527.93258771
-528.30950772
-528.66373973
-528.53121706
-528.93147417
-528.76143637
-528.59141444
-528.95577276
-529.33558348
-529.20652170
-529.07651207
-529.47339527
-529.30334873
-529.71915066
-530.13745410
-529.96759087
-530.08799500
-530.42046173
-530.25140471
-530.08153749
-529.95086477
-530.26722283
-530.13699263
-530.46336860
-530.77329835
-530.68596053
-530.99274410
-530.86308325
-530.73364849
-530.89443769
-530.72503426
-531.03400014
-530.90678333
-531.22146597
-531.09229821
-531.46175041
-531.87241275
-532.24654701
-532.11713070
-531.98783097
-532.38580921
-532.78071886
-533.22219868
-533.63583202
-534.01542071
-533.88271066
-533.74916148
-534.11173991
-534.47387306
-534.81711777
-534.68731591
-534.55545417
-534.46409376
-534.29470580
-534.61604890
-534.48548463
-534.78063159
-534.65028305
-534.51935592
-534.39039592
-534.66790378
-534.97809719
-535.28080835
-535.59574759
-535.46880191
-535.77119882
-535.64249785
-535.55045524
-535.46348614
-535.76747034
-536.08690450
-536.40097954
-536.23201733
-536.61920767
-536.98476890
-536.81615110
-536.76978988
-537.08712395
-536.91833656
-537.22474535
-537.52638218
-537.39738823
-537.26624104
-537.13536179
-537.00524850
-536.87686041
-536.78573676
-536.65654091
-536.96114324
-537.26217839
-537.13066404
-537.00168165
-536.83364505
-536.70398726
-537.00262225
-536.87160795
-537.17209943
-537.00413509
-537.30552256
-537.62224498
-537.92401081
-538.21636242
-538.51118321
-538.38040171
-538.68430810
-538.98893754
-539.28498580
-539.11821412
-538.98888749
-539.28466520
-539.57450406
-539.44502054
-539.74189655
-540.03829490
-540.33220364
-540.24438415
-540.54283564
-540.41402495
-540.81154514
-541.19402090
-541.54751240
-541.90407620
-541.77346595
-542.13630105
-542.50127015
-542.89818410
-543.23953027
-543.58301170
-543.45382229
-543.32121534
-543.19245237
-543.49815039
-543.79335281
-543.66367877
-543.95528926
-543.82393071
-544.12195201
-544.45021679
-544.81167540
-545.16289028
-545.50129988
-545.90508212
-545.77325859
-545.64396288
-545.51497367
-545.88218471
-545.75219680
-546.04979649
-546.34393433
-546.64229084
-546.51292866
-546.75251955
-547.03386546
-547.30234065
-547.59991527
-547.90859372
-548.20043494
-548.49479861
-548.36251979
-548.23244375
-548.51045904
-548.34311957
-548.62928545
-548.93132783
-549.19979096
-549.46675694
-549.75787065
-550.06211865
-550.35252081
-550.64201709
-550.51214738
-550.80298192
-550.67029319
-550.96260750
-550.83313977
-551.18181498
-551.56701737
-551.39954053
-551.68256639
-551.51443209
-551.38239441
-551.25033077
-551.65074733
-551.85504426
-552.19077439
-552.02377575
-552.41380909
-552.28210629
-552.65095519
-552.95032040
-552.82157681
-553.17827096
-553.55513213
-553.90378031
-554.29286359
-554.16162907
-554.54882102
-554.41922699
-554.29021392
-554.57824434
-554.86043153
-555.14555332
-555.42839540
-555.71302160
-555.98332069
-556.24135155
-556.52809680
-556.81187330
-557.07865242
-557.34103688
-557.62165173
-557.78870959
-557.62107460
-557.90409802
-558.15315761
-558.02008930
-558.29789484
-558.57795425
-558.85337537
-558.83311410
-559.17197478
-559.53486339
-559.90098242
-559.80803910
-559.71558500
-560.05098699
-560.42103884
-560.25272773
-560.55409595
-560.42307502
-560.76233907
-560.63162045
-560.95552097
-561.31004055
-561.17748781
-561.47918186
-561.73954973
-561.99671821
-562.25187882
-562.12118480
-562.02724781
-561.89401349
-562.17098047
-562.46110445
-562.33078623
-562.23720144
-562.06966460
-561.93853950
-561.84680131
-562.16573803
-562.46769264
-562.58977141
-562.66153883
-562.98892292
-563.05004358
-563.37732791
-563.66676927
-563.98254360
-563.85139347
-563.75924934
-563.62871770
-563.97118829
-564.27368166
-564.61096615
-564.93801590
-565.00218705
-565.28051819
-565.40479064
-565.31086664
-565.21843130
-565.08649455
-565.42132032
-565.77240754
-566.09070968
-566.37073193
-566.67382841
-566.54253271
-566.81679359
-567.06486369
-567.33807288
-567.61261406
-567.86323739
-568.13866963
-568.38232482
-568.25038580
-568.11855432
-568.45993171
-568.74990176
-568.61982626
-568.48650198
-568.78209201
-568.61495313
-568.88143268
-569.17435984
-569.00713569
-569.30184041
-569.59109015
-569.94086031
-570.22811270
-570.09612280
-569.96782221
-570.24332736
-570.15134579
-570.44670011
-570.31653957
-570.62893597
-570.85920512
-570.69195858
-571.01449692
-571.34631294
-571.62362254
-571.49240903
-571.76591096
-571.67118607
-571.50423971
-571.37445375
-571.64556476
-571.95509927
-571.82504067
-572.15522808
-572.47752877
-572.75230949
-572.62190709
-572.45538215
-572.73044849
-572.56330872
-572.43470974
-572.69112984
-572.96538513
-572.83478735
-573.10178319
-573.37276516
-573.63761065
-573.47066604
-573.33865364
-573.61041149
-573.93831924
-574.20536745
-574.03842512
-574.25265648
-574.48686025
-574.72315975
-574.59056737
-574.85955868
-575.10686640
-575.35995323
-575.26639353
-575.54986510
-575.82400470
-576.09699633
-575.93042406
-576.24273279
-576.57471492
-576.85175989
-577.13583972
-577.00240725
-577.32953143
-577.19757993
-577.47710285
-577.76381065
-578.05177298
-578.35455602
-578.22376394
-578.05685716
-577.89024690
-577.79507841
-578.06420021
-578.34114730
-578.20900632
-578.51324590
-578.38083839
-578.21430740
-578.04794109
-577.91658439
-578.23912724
-578.54100844
-578.87467558
-579.21788001
-579.08642038
-579.42272345
-579.75231426
-580.06759949
-580.39647082
-580.73009595
-581.04513217
-580.91297784
-580.78118576
-580.64917099
-580.92238557
-580.79193590
-581.09890849
-581.42354978
-581.75215330
-582.08454414
-582.41406342
-582.24759584
-582.59314240
-582.91875708
-582.75261945
-582.61932980
-582.45303474
-582.32266793
-582.57339203
-582.88392942
-583.14213893
-583.47046414
-583.79158647
-584.08178942
-584.33485397
-584.20452913
-584.07377394
-584.10703725
-584.13641201
-584.04256014
-584.30428338
-584.56864891
-584.43713451
-584.80361693
-585.16187735
-585.47998758
-585.78090165
-586.09822148
-586.42187119
-586.75595481
-587.09843475
-587.42589799
-587.77213030
-587.64250241
-587.47661648
-587.38102335
-587.21482980
-587.47702946
-587.34390979
-587.60908513
-587.90633081
-587.74008080
-588.08220556
-588.38138438
-588.70591219
-588.57375239
-588.87708031
-589.19177588
-589.49104504
-589.75407207
-589.58778265
-589.42164834
-589.72211895
-590.05860697
-589.92760125
-589.76151722
-590.02624513
-589.89457616
-590.15617629
-589.99068605
-589.82489467
-590.16675755
-590.52562972
-590.35969241
-590.69520442
-591.00077963
-591.32210493
-591.57778552
-591.83676075
-591.70511973
-591.98996138
-591.85672714
-592.18335087
-592.53432631
-592.81330300
-593.17437297
-593.46648229
-593.75179912
-594.07083070
-593.94090084
-593.77480467
-594.07210015
-593.90622514
-594.15234441
-594.01982419
-593.88636347
-593.75468218
-593.62361107
-593.49236364
-593.80047180
-593.63490507
-593.50288775
-593.83286216
-594.14578140
-594.05008009
-593.95504349
-594.25489241
-594.59225776
-594.85833080
-594.69295140
-594.94113129
-594.77591626
-595.02506134
-595.27299253
-595.14131429
-595.40420477
-595.66511888
-595.92432112
-595.79317759
-595.66084870
-595.91730940
-595.78488062
-595.61977850
-595.86921569
-595.73939089
-596.00206958
-595.83747366
-595.74267955
-595.61341315
-595.90090342
-596.17276115
-596.07707070
-596.34108917
-596.21136824
-596.07984601
-595.94790391
-595.81870504
-595.68921482
-595.55926524
-595.43078390
-595.71465376
-595.98643407
-596.27136895
-596.59356321
-596.88721721
-597.18535116
-597.46922628
-597.33955483
-597.60473670
-597.47288150
-597.75209787
-597.58815058
-597.83293101
-598.14862052
-598.12292953
-598.36468636
-598.61477979
-598.83245942
-598.70299731
-598.53891353
-598.37475141
-598.66482906
-598.96646110
-599.22552033
-599.48734828
-599.72612979
-599.99907264
-600.24859491
-600.49549540
-600.74585315
-600.99790395
-600.86645483
-600.70225463
-600.93436682
-601.15913959
-600.99494449
-601.23788263
-601.49383170
-601.74457249
-601.99896500
-602.26006420
-602.50005326
-602.72149138
-602.97502357
-602.84444723
-602.74905796
-602.98931813
-603.23079074
-603.47634559
-603.71583357
-603.62012763
-603.52451378
-603.77416110
-603.61023201
-603.85783030
-603.69389642
-603.94386240
-604.17334488
-604.43576373
-604.30379905
-604.20686610
-604.11228940
-604.35227136
-604.59338306
-604.85007466
-604.71825703
-604.95214600
-605.24343934
-605.50219742
-605.75104231
-606.09522580
-605.93125548
-605.79990595
-606.06596106
-605.93601686
-606.19297691
-606.47435781
-606.74353280
-607.01294626
-606.84927252
-607.13072693
-607.42204316
-607.66893070
-607.50508701
-607.74327811
-608.03219307
-608.30803329
-608.59986090
-608.84728742
-608.68339195
-609.00228474
-609.27993571
-609.14993024
-609.42904386
-609.71667148
-609.95895518
-609.82905372
-610.08713442
-610.40585837
-610.72349864
-610.99428578
-610.83033275
-611.18406786
-611.02032404
-611.28234938
-611.15024057
-611.46123256
-611.77613988
-612.00632427
-612.22033212
-612.40492345
-612.64123489
-612.95163615
-613.18615587
-613.42202118
-613.32560992
-613.62615794
-613.86980193
-613.70616273
-613.97772520
-614.22523446
-614.47855014
-614.31464505
-614.18320370
-614.51326754
-614.38383586
-614.25120230
-614.48314742
-614.71490987
-614.97840172
-615.25529795
-615.12415955
-615.36339914
-615.64088451
-615.91150983
-616.21679131
-616.51547934
-616.38526748
-616.69268029
-616.95843773
-617.19032422
-617.02684658
-617.30424792
-617.55413686
-617.42395048
-617.67885104
-617.88622572
-617.75603860
-617.98928098
-617.85686863
-617.69357150
-617.96292464
-618.23106583
-618.43044636
-618.64645983
-618.88259101
-619.13342915
-618.96981322
-619.22066136
-619.08797915
-619.36423296
-619.61905459
-619.48752338
-619.72848458
-619.59634401
-619.84598414
-620.11608677
-619.98549159
-620.23241139
-620.50025211
-620.75313602
-621.02433080
-620.92745143
-620.79696235
-621.03617107
-621.26838238
-621.13853241
-621.00580604
-621.23518205
-621.10342737
-620.97417557
-621.20681903
-621.46434468
-621.69935081
-621.93000619
-622.15816351
-621.99493604
-622.20047620
-622.39566847
-622.23254886
-622.10205475
-622.33083941
-622.56254860
-622.39979983
-622.26803628
-622.13813705
-622.00778898
-622.25039653
-622.48553476
-622.35430270
-622.59168540
-622.80056129
-623.03146595
-623.25786105
-623.12720846
-623.36004596
-623.59422393
-623.87458484
-624.19872860
-624.06668388
-623.93676287
-623.80654254
-624.12225485
-624.42506788
-624.26258930
-624.49321268
-624.77009713
-625.05895118
-625.32091724
-625.57587020
-625.82281443
-626.09038939
-625.92768124
-625.79641966
-626.07101587
-626.33437123
-626.59837223
-626.90350523
-627.17430603
-627.04256795
-626.94377510
-626.81288153
-627.05140723
-626.91895705
-626.85299274
-627.15549919
-627.40809850
-627.31216186
-627.52052055
-627.74422366
-627.95807837
-627.82707104
-627.69580229
-627.88637949
-627.75368145
-627.97826556
-628.20041717
-628.43575034
-628.69582406
-628.94241270
-629.17274875
-629.39888208
-629.66578412
-629.92848588
-629.79593310
-629.66417102
-629.53298984
-629.82163950
-630.12591414
-630.39840630
-630.23624840
-630.10759512
-629.94552244
-629.78356947
-629.65290102
-629.96872534
-629.83927010
-629.70839007
-629.93066022
-630.18798888
-630.02621840
-630.24630261
-630.08458338
-630.28601301
-630.49897774
-630.74742175
-630.97079982
-630.80936608
-631.07497141
-631.26404300
-631.51698471
-631.74386293
-631.97087420
-632.20625636
-632.39906841
-632.61859926
-632.52025242
-632.78026317
-633.02557227
-633.22847962
-633.09669459
-633.31592413
-633.53619002
-633.72647578
-633.59638385
-633.85124505
-634.05497200
-633.89339320
-633.73195644
-633.96262434
-634.19786381
-634.41990940
-634.63779971
-634.47634206
-634.69579855
-634.89874448
-635.11236836
-635.32495759
-635.54045459
-635.78843376
-635.65762120
-635.52641164
-635.36501550
-635.23361170
-635.45453634
-635.70328838
-635.57175116
-635.83715999
-635.70636647
-635.57752082
-635.81709119
-636.07115918
-636.31573336
-636.15556017
-635.99449911
-636.22102574
-636.43802098
-636.30913204
-636.54791386
-636.38696336
-636.61321368
-636.85992802
-636.76105867
-636.60037239
-636.85699928
-637.13124746
-637.38480071
-637.25340798
-637.49785037
-637.33726777
-637.53023474
-637.39902633
-637.66869188
-637.94819421
-638.20044364
-638.52942173
-638.85495516
-639.13826544
-638.97743301
-638.84919225
-638.71807198
-638.55800538
-638.39754114
-638.69218640
-638.99513974
-639.26404529
-639.55744343
-639.42661938
-639.29685378
-639.16622653
-639.43898241
-639.30837531
-639.61871857
-639.90321138
-640.18864468
-640.06026877
-639.96377431
-640.24158041
-640.52724760
-640.39707231
-640.65641804
-640.52689575
-640.81923390
-641.10477292
-641.41711467
-641.66201368
-641.96106502
-642.27536841
-642.59165516
-642.86267272
-643.16774650
-643.03779856
-643.35986208
-643.65286100
-643.55408130
-643.84900264
-643.71970665
-643.93130939
-644.22087471
-644.06049637
-644.26807522
-644.53661068
-644.40606146
-644.70186122
-644.57213440
-644.86623343
-644.73688157
-644.60615899
-644.88784823
-644.72831427
-645.02021131
-645.27108811
-645.48078477
-645.35279789
-645.19311489
-645.06621826
-645.28221837
-645.51809389
-645.77686345
-645.98946309
-645.85954725
-646.11493848
-646.40510704
-646.63636111
-646.84361864
-646.71345849
-646.91225407
-647.12193875
-646.99169192
-646.86337018
-647.07535923
-646.91666209
-647.12651875
-647.34093510
-647.54496980
-647.75909697
-647.63003934
-647.93844686
-648.21129814
-648.46041735
-648.71389244
-648.58440652
-648.45558956
-648.69788991
-648.94823690
-649.19945959
-649.46104720
-649.71371560
-649.99014801
-650.21220599
-650.44086673
-650.31137407
-650.54059432
-650.38117016
-650.58962514
-650.79085055
-650.75301533
-650.65680819
-650.85768483
-651.06561612
-650.93723811
-650.80768637
-650.77516189
-650.98210812
-651.18333127
-651.05479764
-651.26003421
-651.47006739
-651.31053976
-651.51318610
-651.35391809
-651.56049335
-651.40110251
-651.27196824
-651.47405481
-651.31499797
-651.15583038
-651.02803001
-651.25828142
-651.44275109
-651.69034344
-651.95137280
-652.17861126
-652.38520762
-652.22611604
-652.06708993
-652.26584536
-652.13633439
-652.34196423
-652.54366088
-652.41514165
-652.60685017
-652.81408899
-653.01270637
-653.21960602
-653.38059471
-653.55302924
-653.73058675
-653.60246855
-653.80279518
-653.98390567
-653.88467327
-653.75415436
-653.59571024
-653.81908055
-654.03927758
-653.88060058
-654.14229204
-654.38693100
-654.60576574
-654.82359029
-655.01476513
-654.88437083
-655.04227033
-654.91412957
-655.16854049
-655.44551754
-655.75286861
-656.06018317
-655.93143384
-656.22093846
-656.06239783
-655.96372873
-656.21232524
-656.08415979
-656.27565314
-656.14696612
-656.04867955
-656.15052056
-656.43552332
-656.72231076
-656.99204003
-656.83369674
-656.70594893
-656.54772407
-656.77206552
-656.67689233
-656.85606093
-656.75805945
-656.62793396
-656.90181751
-656.77256891
-657.02582933
-657.28081612
-657.51703751
-657.75292589
-658.00494556
-657.87628346
-657.74681822
-657.61723363
-657.85768173
-657.75846941
-657.99833256
-658.23885061
-658.10877592
-658.34539229
-658.57788477
-658.80073947
-658.67071346
-658.54148236
-658.77708759
-659.00960104
-659.23650243
-659.46778454
-659.33831425
-659.57711737
-659.79936865
-660.02792647
-660.24830706
-660.09054708
-659.96124699
-659.89344156
-660.08856195
-660.30244438
-660.52391748
-660.72906962
-660.60142739
-660.79967011
-660.67065349
-660.85368290
-661.07314587
-660.94505743
-661.17409809
-661.39649453
-661.62732237
-661.85550109
-662.10285683
-662.36877128
-662.27134956
-662.47006456
-662.68077549
-662.88469350
-662.72741609
-662.59891421
-662.82598364
-663.00734064
-663.24022492
-663.45912244
-663.65580930
-663.84801498
-663.71825489
-663.94122675
-664.15811904
-664.37861281
-664.58154128
-664.45231735
-664.65750271
-664.84121880
-665.03650873
-665.23572393
-665.41030067
-665.60907321
-665.78525213
-665.96497421
-666.16332163
-666.38417271
-666.58100428
-666.77449330
-666.95976905
-667.15546439
-667.32876857
-667.52210340
-667.36457553
-667.23511657
-667.07790588
-667.10476112
-667.36348845
-667.49170242
-667.71233862
-667.92806514
-667.79915801
-668.02668383
-668.27035565
-668.48459216
-668.72842702
-668.77401179
-668.67679971
-668.88521608
-669.10982368
-669.26370849
-669.10701639
-669.30270880
-669.14576895
-669.33094252
-669.17394724
-669.37302555
-669.57908154
-669.77864374
-669.95557711
-670.14036173
-669.98333834
-670.23744245
-670.22783841
-670.07185126
-670.24534518
-670.43796316
-670.28125087
-670.47480444
-670.31812215
-670.50782806
-670.70048861
-670.54389298
-670.73699589
-670.93009988
-671.12393411
-671.30497215
-671.17729640
-671.02075578
-670.89291415
-671.11679435
-671.29065701
-671.48416525
-671.67322065
-671.86615287
-672.06922555
-672.27362338
-672.45082763
-672.66010541
-672.83168934
-673.03397255
-673.19454728
-673.37773081
-673.57015096
-673.73550462
-673.92890683
-674.12131329
-674.29890690
-674.49213005
-674.33570795
-674.51172375
-674.69967196
-674.91261479
-675.12870806
-675.32262582
-675.49416459
-675.68421294
-675.87782255
-676.06860244
-675.91285280
-675.75628875
-675.92531606
-675.76911789
-675.96870070
-676.15066533
-676.35987021
-676.55251689
-676.39637526
-676.59308997
-676.43661457
-676.28038697
-676.48838332
-676.69002862
-676.86556570
-677.06103166
-677.25575959
-677.45382553
-677.62966152
-677.47332575
-677.64643648
-677.84309777
-678.03174733
-677.87588290
-678.09349022
-678.28585809
-678.12965526
-678.32293996
-678.48976646
-678.70192176
-678.84856690
-679.03714193
-679.22857691
-679.40567526
-679.60009248
-679.80081087
-679.99928695
-680.19128949
-680.35762223
-680.55221297
-680.73911862
-680.91239630
-681.08236812
-681.26174952
-681.45396705
-681.67011514
-681.89405225
-682.13816693
-682.29754871
-682.50593971
-682.72780266
-682.93529103
-683.13111108
-683.33361830
-683.48890337
-683.67264779
-683.85668153
-684.07030797
-684.29921316
-684.45527307
-684.64855933
-684.49256798
-684.66041672
-684.84755404
-685.01698615
-685.20110438
-685.39029216
-685.58618149
-685.79578760
-685.96326901
-686.14505304
-685.98889102
-686.16287365
-686.00656598
-686.17931584
-686.37505836
-686.21945342
-686.39899839
-686.58193289
-686.76305922
-686.94809902
-686.81505057
-686.84538599
-687.02482433
-687.20105896
-687.38423256
-687.56583795
-687.75783222
-687.96039197
-688.15941971
-688.31664859
-688.54451066
-688.72736623
-688.88765784
-689.07986063
-689.24192879
-689.40613975
-689.55384866
-689.39810972
-689.58344554
-689.73443726
-689.93047998
-690.11918493
-690.30171739
-690.49418129
-690.67130536
-690.83996225
-691.01161524
-691.20561279
-691.38165701
-691.56315732
-691.40685060
-691.59029334
-691.43431287
-691.59749644
-691.77335863
-691.95839314
-692.19356666
-692.36347591
-692.47519791
-692.69151267
-692.87573869
-693.05728173
-693.23026360
-693.07421830
-693.23552230
-693.07961278
-693.26156909
-693.44215392
-693.28605319
-693.46766428
-693.64049365
-693.83040513
-693.67438348
-693.84577280
-694.01162589
-694.16040007
-694.33077749
-694.51829704
-694.68013017
-694.85499476
-695.06335855
-695.23581433
-695.44845726
-695.61466129
-695.45875588
-695.66829711
-695.51258545
-695.73393014
-695.90396382
-696.08514611
-696.26059067
-696.43571974
-696.62849370
-696.81880498
-696.99892885
-697.20602439
-697.40148785
-697.57901840
-697.75501978
-697.94888567
-698.15490625
-698.32919231
-698.48635941
-698.65074195
-698.49478588
-698.66223450
-698.83756445
-699.01343625
-698.85764980
-699.04488741
-699.22028271
-699.06465152
-699.24536635
-699.42637169
-699.27081825
-699.42193772
-699.60517344
-699.77988302
-699.98036312
-700.13673364
-700.31806605
-700.49924877
-700.67160547
-700.82676293
-701.01152276
-701.19244396
-701.36869964
-701.53708425
-701.71513723
-701.90071638
-702.10913743
-702.30746158
-702.51656431
-702.70498919
-702.54923312
-702.70194680
-702.88981712
-703.04810433
-703.26067442
-703.43206496
-703.62566406
-703.80747433
-703.97392629
-704.16446902
-704.41855102
-704.59858104
-704.77467824
-704.61915308
-704.80007638
-704.96412726
-705.16455451
-705.41547767
-705.63633499
-705.81492725
-705.65958732
-705.84829611
-706.08476206
-706.29834730
-706.17117019
-706.35307799
-706.53927914
-706.71857618
-706.56284292
-706.73850434
-706.93706729
-707.10812706
-707.34139551
-707.53506543
-707.38007950
-707.61209164
-707.80270726
-708.00344804
-708.18501530
-708.35933361
-708.53183731
-708.37625272
-708.55291351
-708.39729039
-708.57416733
-708.75002068
-708.92110415
-709.14058879
-709.35647886
-709.53689412
-709.66899238
-709.68857897
-709.85628441
-710.02877604
-710.21061434
-710.38506796
-710.54525887
-710.71877670
-710.88837110
-711.05349101
-711.22411331
-711.39377744
-711.55377804
-711.71390105
-711.88262617
-712.05809296
-711.90259390
-712.07556199
-712.24342062
-712.50199984
-712.70121811
-712.91805329
-713.16173362
-713.00658027
-713.22144378
-713.39195844
-713.23694553
-713.47655292
-713.32122366
-713.57035614
-713.74198657
-713.98550408
-714.19311863
-714.43155701
-714.65651708
-714.89107411
-715.09765505
-715.31688922
-715.53676161
-715.72779933
-715.90597328
-716.12145940
-716.34125555
-716.53220688
-716.76667582
-716.97033702
-717.19170047
-717.40580180
-717.25006800
-717.45020689
-717.65486872
-717.83919060
-718.03730550
-718.22939184
-718.41256214
-718.60230369
-718.81331983
-718.99886669
-719.19428059
-719.36640187
-719.59958748
-719.84803441
-720.08092140
-719.92574784
-720.17198639
-720.40415619
-720.64204010
-720.85675202
-721.03424473
-721.26766600
-721.47666963
-721.72445583
-721.95785142
-722.19395559
-722.03823112
-722.20683162
-722.42009503
-722.26425828
-722.47279064
-722.69381677
-722.88151949
-723.08644861
-723.29674709
-723.52067305
-723.69973294
-723.90629364
-724.10478427
-724.31534534
-724.52597293
-724.72909583
-724.92979296
-724.77403607
-724.99685491
-725.20938473
-725.36523204
-725.55596750
-725.74523739
-725.91654284
-725.76077737
-725.89710821
-726.06385425
-726.23262037
-726.39494830
-726.23964157
-726.39178433
-726.23606873
-726.41163740
-726.25596290
-726.41618248
-726.26054080
-726.40959738
-726.25412677
-726.40344696
-726.55055280
-726.70835548
-726.88210096
-727.06177419
-727.23428802
-727.39816633
-727.56845681
-727.68842421
-727.84204801
-728.00714725
-728.16978891
-728.33692635
-728.51957276
-728.70380129
-728.86688631
-729.03896442
-729.21601988
-729.06096879
-729.24887297
-729.43705398
-729.28198217
-729.42856467
-729.59760360
-729.74352672
-729.90567251
-730.05517913
-730.21901035
-730.36384051
-730.51672408
-730.67862221
-730.81590321
-730.98419207
-731.12395432
-731.24799052
-731.40820008
-731.53933763
-731.70144622
-731.86703730
-732.03356262
-731.87852202
-732.05763443
-732.22637610
-732.39191451
-732.54225143
-732.69514254
-732.85098815
-733.04448969
-733.21395920
-733.05864219
-733.23317160
-733.42328793
-733.60183065
-733.82149771
-733.99733712
-734.03757410
-734.20381465
-734.30577123
-734.44047077
-734.67515858
-734.91022461
-735.14404031
-735.35640118
-735.48636678
-735.72098709
-735.96272615
-736.20612794
-736.45180499
-736.68599768
-736.92218902
-737.11604271
-737.29070751
-737.50989553
-737.72619563
-737.96098102
-738.17796296
-738.40837910
-738.64092547
-738.87320297
-739.09195360
-738.93650388
-738.78125637
-739.01827296
-738.86288047
-739.10700377
-739.34227357
-739.54748392
-739.74837061
-739.98870598
-740.20866482
-740.42504708
-740.60668729
-740.77195549
-740.95728312
-740.80186606
-741.02764230
-741.24049181
-741.08588295
-741.29308288
-741.48340926
-741.69569617
-741.90377011
-741.74836014
-741.94854280
-742.11372225
-742.28347677
-742.46380686
-742.67434544
-742.84745114
-742.99374495
-742.86549841
-743.06465808
-743.27616335
-743.45530771
-743.61299062
-743.83854877
-744.03914855
-744.22920195
-744.40242036
-744.56447641
-744.74654589
-744.92071533
-745.10599405
-744.95065339
-745.14957759
-745.33161306
-745.51781502
-745.74251265
-745.93186089
-746.09900665
-746.25658271
-746.45185083
-746.67931396
-746.84782538
-747.02370217
-747.19478573
-747.34281179
-747.47102723
-747.62814148
-747.80165590
-747.96728421
-748.14567928
-748.33116490
-748.51096865
-748.68889478
-748.87027337
-749.06162205
-749.25043167
-749.39984132
-749.57875946
-749.78126094
-749.96451182
-750.14746399
-750.30352586
-750.48687574
-750.65998583
-750.82699028
-750.94492859
-751.10064287
-751.27617148
-751.46601491
-751.64651021
-751.82620694
-751.99300552
-752.17019728
-752.01493984
-751.86021640
-751.70510680
-751.84670258
-751.98370752
-752.12873098
-752.28450388
-752.43595668
-752.60530882
-752.77922486
-753.00943146
-753.18697996
-753.33575354
-753.50326013
-753.64259858
-753.82473538
-753.66963079
-753.51433930
-753.65443637
-753.81200426
-753.99277001
-754.19359908
-754.34364187
-754.51346285
-754.66346824
-754.85910639
-754.98288120
-755.13344612
-755.35374548
-755.19879339
-755.35434029
-755.50936782
-755.67873885
-755.88487759
-756.03577564
-756.18805826
-756.33379185
-756.17856110
-756.36327248
-756.56533111
-756.70028350
-756.92170760
-756.76662903
-756.96735196
-757.17650688
-757.39106313
-757.56961615
-757.41462870
-757.56908798
-757.71709227
-757.83178518
-757.96981552
-758.12593229
-758.27336968
-758.11851340
-758.30438599
-758.50307653
-758.65543550
-758.87089619
-759.02599498
-759.16771078
-759.38878924
-759.23375327
-759.07951654
-759.24525970
-759.40639124
-759.56912432
-759.72574147
-759.89979956
-760.05982620
-760.25195079
-760.43715438
-760.60471605
-760.81505578
-761.02402801
-761.22817166
-761.37627218
-761.54847323
-761.73967755
-761.91237135
-762.08864242
-762.26136784
-762.43667251
-762.58844815
-762.73876250
-762.90231132
-763.07326002
-762.91849971
-763.12239340
-763.27156938
-763.41598414
-763.58468390
-763.75051555
-763.91900747
-763.76437718
-763.95035697
-764.12607570
-764.31430215
-764.53642104
-764.70666418
-764.88944707
-765.08758146
-765.27708954
-765.50402638
-765.69872856
-765.84771012
-766.02764495
-766.20771770
-766.39741776
-766.57689464
-766.76463751
-766.94784076
-767.14429077
-767.32628762
-767.51639779
-767.73657371
-767.58153443
-767.79855336
-768.01243022
-768.22759630
-768.43586251
-768.64459033
-768.82016607
-769.00563673
-769.18736146
-769.03234426
-769.18527379
-769.35082796
-769.48619780
-769.59850095
-769.74423752
-769.97172863
-770.13436160
-770.30413876
-770.44589085
-770.59603330
-770.74962897
-770.92573852
-771.08476011
-771.24419274
-771.42562856
-771.27070104
-771.11633623
-771.29023050
-771.50079758
-771.66306537
-771.80536713
-771.94508067
-772.08370956
-772.21535563
-772.41252654
-772.56551354
-772.77043009
-772.61553596
-772.46091815
-772.60784917
-772.73595788
-772.88583628
-772.73116561
-772.87408407
-773.01813467
-773.17023302
-773.30746450
-773.46056431
-773.61029916
-773.72113008
