-1502.11257342
-1556.04853436
-1452.81332939
-1500.05489616
-1529.89141959
-1548.68883655
-1550.99431871
-1507.67885242
-1466.60569085
-1476.18949233
-1442.94615337
-1451.79469287
-1458.59614693
-1469.97740445
-1447.36048323
-1447.69444490
-1433.24254966
-1423.26978521
-1404.85195292
-1401.16895221
-1395.12903710
-1399.56383194
-1408.40724726
-1422.05249733
-1418.32586366
-1427.11153502
-1426.62365781
-1427.32937563
-1416.77387527
-1396.29758128
-1404.48482263
-1409.86916006
-1412.51005368
-1415.79431140
-1422.30225086
-1415.88849082
-1411.20251595
-1414.64917655
-1417.22666535
-1420.32900378
-1424.29321507
-1429.68076207
-1434.59526795
-1439.13040214
-1438.76893946
-1443.04440496
-1438.84840181
-1441.38591074
-1439.56901645
-1434.43982067
-1429.27060046
-1424.45954263
-1423.25342638
-1422.32095271
-1421.21831814
-1422.92492823
-1426.79653956
-1428.21059715
-1425.79704964
-1428.16237960
-1427.11393177
-1426.98040018
-1428.35455565
-1427.44316926
-1425.97526469
-1426.12530976
-1427.19923090
-1422.31035971
-1418.35222859
-1420.74737756
-1420.40667513
-1412.61416747
-1414.00621543
-1414.92082087
-1414.60807252
-1404.33989413
-1401.89316383
-1397.67645016
-1393.01711531
-1392.08502184
-1389.25006708
-1386.35147255
-1381.38444825
-1379.93750333
-1377.95338080
-1372.17331724
-1368.08403211
-1365.67901817
-1363.27334158
-1357.69334073
-1350.83854019
-1353.17500915
-1351.10115927
-1351.10687010
-1347.33362947
-1344.98321187
-1341.78514953
-1336.18452355
-1333.93980825
-1330.80891082
-1329.15746460
-1324.76587983
-1319.23786946
-1319.79642252
-1316.43251993
-1314.87651415
-1313.43255496
-1316.12540478
-1315.47239489
-1313.99537163
-1310.55603967
-1315.89853735
-1313.85242141
-1315.90142172
-1315.73314610
-1314.25082803
-1317.71514405
-1316.82319466
-1316.11132711
-1314.56033228
-1314.44867447
-1314.22476680
-1315.41901342
-1315.00665878
-1314.88866127
-1314.45057438
-1315.43782914
-1315.39284278
-1315.47934904
-1315.82413728
-1314.65308847
-1313.35462388
-1312.12121901
-1312.22045137
-1312.64937340
-1311.20988582
-1308.88280342
-1308.16114907
-1306.25365566
-1305.07224763
-1301.13657811
-1297.30263260
-1294.43279921
-1293.11755585
-1289.53925865
-1286.77020094
-1283.21184275
-1279.68490283
-1276.32776607
-1273.78145076
-1271.16840226
-1267.68363463
-1265.85669263
-1262.19468726
-1260.64878577
-1257.96690621
-1256.09167761
-1254.42849874
-1252.09974521
-1250.57368238
-1249.48127180
-1246.91690875
-1242.35066616
-1241.94198805
-1241.71696914
-1240.58896333
-1238.82883755
-1237.09665056
-1234.77471101
-1233.10297348
-1231.60342798
-1228.78749252
-1225.33577851
-1225.13672357
-1219.58428282
-1215.58090040
-1213.31544634
-1212.09338828
-1210.27142366
-1207.89625126
-1204.56402385
-1202.12195437
-1199.66458836
-1197.86394163
-1196.13334136
-1194.98147353
-1194.43930527
-1193.69314623
-1190.70205851
-1189.52778062
-1188.55554048
-1184.45252014
-1182.73036597
-1181.11617902
-1180.58970543
-1179.42120411
-1177.17309696
-1175.68185337
-1174.29662134
-1172.11571090
-1168.73396279
-1168.11611284
-1166.50994858
-1163.25327958
-1159.41020378
-1156.29716943
-1153.18850024
-1149.50360473
-1145.25357741
-1143.41668246
-1141.51102509
-1140.17001451
-1139.44436861
-1137.34788223
-1132.70583240
-1131.93328997
-1130.63270021
-1126.63595715
-1122.71149931
-1122.08770399
-1121.43802940
-1120.79985361
-1117.39832937
-1115.72537680
-1112.96290086
-1112.57579868
-1110.99339702
-1108.28116489
-1105.67340129
-1101.92885190
-1100.11886067
-1098.55889313
-1095.42038602
-1091.29338845
-1088.20942768
-1085.15551663
-1082.14379323
-1079.70137200
-1078.22350127
-1075.43211777
-1074.11814540
-1072.72278015
-1072.82299608
-1072.37089903
-1068.51151407
-1064.18950536
-1062.95524020
-1061.65298049
-1058.39259439
-1056.62968696
-1055.77231110
-1052.14005749
-1048.97646138
-1045.35823569
-1042.73674655
-1039.65349805
-1037.98541706
-1034.94453531
-1032.38755356
-1030.83613802
-1029.31738566
-1026.79976906
-1025.90236957
-1023.91082052
-1020.52845249
-1018.00154792
-1015.14837647
-1013.54476038
-1011.17964442
-1008.37050885
-1006.79846349
-1004.00927281
-1001.26673830
-1001.41775800
-997.79220353
-995.06237079
-992.75916921
-990.44464293
-986.90563532
-983.83782519
-981.63115626
-978.60456719
-977.44232932
-977.93500911
-977.65147559
-977.03355712
-976.12763281
-975.31811692
-972.82194599
-969.89465336
-967.40331006
-966.58167747
-964.13031035
-961.29192811
-959.29375635
-957.75453803
-956.74119739
-956.14945655
-955.47866628
-954.73322906
-952.38526468
-949.67334267
-948.17721862
-945.87184034
-945.21150218
-942.50035909
-940.64034238
-938.71882855
-936.86019609
-934.99516885
-932.40098619
-930.20813203
-928.00019574
-925.45241034
-924.07839636
-922.33321626
-921.02130903
-918.52312987
-916.49297773
-915.23610135
-913.50836837
-911.74327598
-910.81727499
-908.75909117
-907.51090116
-906.65866976
-905.05546650
-903.38440264
-901.38286894
-899.38326415
-896.66750541
-894.71947298
-892.41453423
-890.11813169
-887.46312947
-885.18817118
-882.93655575
-880.69539804
-878.79134557
-877.67736669
-875.85620063
-873.30280486
-871.46313187
-869.65226892
-868.19007919
-865.68315335
-864.60232652
-862.48495898
-861.77282985
-859.98001283
-858.96709776
-858.33719732
-857.61030984
-856.19117548
-855.52156281
-855.22111184
-853.86080454
-852.79562247
-850.75301499
-850.87197835
-850.92210519
-849.21146394
-847.53304392
-846.55618150
-844.89940792
-843.76478418
-841.78443407
-840.18443925
-838.90331259
-838.43008534
-838.53973494
-837.62813935
-836.37586497
-835.15215950
-833.24729679
-831.67598707
-830.11116500
-830.28073603
-830.44728758
-829.26451985
-827.73760602
-826.19685606
-824.33969978
-822.52339709
-821.32790491
-819.84250177
-818.03736321
-816.24238013
-815.39363690
-814.80553579
-813.33982296
-812.18916625
-810.44744904
-808.70052695
-806.95448060
-806.19658538
-804.17306657
-804.37400365
-802.98895044
-801.93963643
-800.24981211
-799.16688781
-797.18704765
-795.80912571
-795.02398064
-794.20107770
-792.84958612
-791.21691160
-789.28485725
-787.65400351
-786.03098551
-785.06487248
-783.45638836
-781.56767990
-779.98073007
-781.69062851
-781.59468344
-780.94208026
-780.84687723
-780.72517069
-780.06265249
-779.37164454
-778.40856013
-776.85081488
-775.91134759
-775.00108221
-773.48731503
-772.78522932
-773.08341414
-771.82882789
-770.30773744
-768.81722037
-767.59214183
-766.12109743
-765.23401303
-764.63230626
-763.42147520
-762.49386548
-761.54444490
-759.81403097
-758.87707319
-759.34099459
-757.62936646
-757.01246741
-755.59507254
-754.19296855
-752.79189090
-751.96674840
-751.03354204
-749.36522257
-747.98389191
-746.61192145
-744.96436863
-743.59857198
-742.24161555
-740.61602074
-739.27124299
-737.91557699
-737.11154157
-736.02043821
-734.69201776
-733.37071646
-732.04974515
-731.26467325
-729.95293929
-728.64680429
-727.35002783
-725.79731222
-724.51959139
-724.00432696
-723.01996773
-721.74637458
-721.50465910
-721.81414339
-721.35656337
-720.10868486
-719.43081581
-718.17695412
-718.43216939
-717.19285715
-715.70481704
-714.73172875
-713.93998720
-713.16969346
-711.94054184
-710.73782373
-710.04017871
-710.35355734
-709.14519107
-709.01820131
-708.48720880
-707.04771858
-706.59349645
-705.86517856
-705.21464703
-704.28472609
-703.62127516
-702.71785507
-701.56679117
-700.39787863
-700.76055810
-699.82934531
-700.24429868
-700.84083734
-700.14367036
-698.99406767
-698.07921753
-697.42331540
-696.52920295
-695.40521031
-694.04946180
-693.68440808
-692.33315140
-691.22718893
-690.12763149
-689.26684885
-688.36911130
-688.98635862
-689.56663629
-688.96504782
-688.12476870
-687.96336959
-687.37507407
-686.06379413
-685.23019467
-684.62572265
-683.56485359
-682.48738625
-682.04895092
-681.21312605
-680.15668435
-679.09787885
-678.29045674
-677.71882829
-676.69097136
-675.90190526
-674.87717378
-674.04939211
-673.02369182
-672.00437899
-672.65812668
-673.27218842
-672.49456226
-671.25863634
-670.46371279
-669.24270713
-668.45018010
-667.44515332
-666.43769318
-665.45759022
-665.85913323
-665.30035424
-664.53594024
-663.54321365
-664.28811936
-664.79928922
-664.01804832
-663.93738686
-663.39849879
-664.41030368
-665.02356909
-663.84353340
-664.00708991
-662.83411079
-661.87266826
-662.55900862
-662.05470787
-661.87685854
-661.11740596
-660.83119187
-660.08258382
-659.57071645
-659.08458542
-657.93949029
-656.79974018
-655.88112961
-655.13435764
-654.64108546
-653.51203236
-653.02439938
-652.10721972
-651.19620691
-650.29154406
-649.39396255
-648.49897891
-647.60426555
-646.89168467
-646.61825567
-645.52301497
-644.62542724
-643.96367060
-642.87848296
-642.19211242
-642.58798344
-641.71901040
-641.27437775
-640.39920273
-639.53239134
-638.66402005
-637.80647649
-636.95491703
-636.99546738
-636.13294440
-635.48966197
-634.62676758
-633.97503134
-633.12412129
-632.27616692
-631.23820286
-630.39153302
-629.55658194
-629.13102610
-628.10583492
-627.08663310
-626.86643865
-626.04065436
-625.40851780
-624.78632937
-623.97995241
-623.17843866
-622.17729783
-621.37254757
-620.37568380
-619.38561957
-618.59175527
-617.98611334
-617.59989343
-617.00284779
-617.19094454
-616.60092457
-616.48401980
-615.51129544
-614.92333952
-614.14504463
-613.55069227
-612.78073832
-612.39797764
-611.63886184
-611.23245820
-610.46356776
-609.71052408
-608.76208561
-608.00853349
-607.42593851
-606.48479455
-605.73936516
-604.98698615
-604.41971103
-603.86353959
-603.12420510
-602.67090883
-602.09375800
-601.17419173
-600.95822243
-600.39855503
-599.66147936
-598.92810044
-598.01904440
-597.60804275
-597.25283612
-596.53173259
-595.82285052
-594.92503144
-594.21523184
-593.50457653
-592.79729174
-592.09277830
-591.56814816
-590.85992259
-590.15178623
-589.44746012
-588.95714990
-588.25045480
-587.55579015
-586.85544530
-586.16144708
-585.47872848
-584.96156235
-584.27704457
-583.80158344
-583.12066008
-582.61644454
-581.93504415
-581.25792640
-580.74919650
-580.24357681
-579.40123918
-578.90686723
-578.24892261
-577.41274200
-576.94345580
-576.28732338
-575.63206237
-575.15387974
-574.32904591
-575.17386204
-574.51925592
-573.87105253
-573.39282845
-572.91180823
-572.42854805
-571.79325921
-571.15516477
-570.34522930
-569.70429835
-569.07398068
-568.44330470
-567.98644095
-567.34760766
-567.25387463
-566.62389431
-566.16145021
-565.70466977
-564.91322695
-564.29354548
-563.67594334
-563.05020633
-562.43557822
-561.98100429
-561.52475114
-560.90407944
-560.29611610
-559.52135914
-558.74938358
-558.14985144
-557.72654802
-557.13101501
-556.53605561
-556.11587308
-555.98659756
-555.55320110
-555.64741966
-554.89145471
-554.30949616
-553.72770848
-552.97641059
-552.39946033
-551.81360119
-551.54839044
-550.97509864
-550.39554758
-549.81782330
-549.07971238
-548.66842298
-548.25746039
-547.67995767
-546.94688192
-546.37193961
-545.81291712
-545.41405584
-545.00644249
-544.80289604
-544.24716262
-543.67965274
-543.27852098
-542.71636804
-542.16404932
-541.44936148
-540.90320421
-540.19262529
-539.81119516
-539.26259236
-538.71434735
-538.16016037
-537.61495231
-538.07685685
-538.36737322
-537.66787555
-537.28407436
-536.58652285
-536.21712710
-536.22563050
-535.69773104
-535.31332879
-534.91975333
-534.71665625
-534.18659355
-533.64829561
-533.11895170
-532.72182064
-532.51844057
-531.99738174
-531.46876732
-530.95140999
-530.73271844
-530.21782829
-529.69734134
-529.32295602
-528.80002771
-528.27533679
-527.91366013
-527.40183677
-526.88415403
-526.51135403
-525.85332751
-525.33452406
-524.83542532
-524.48039810
-524.15459175
-523.50144166
-523.00089993
-522.49679011
-522.29269689
-521.64399805
-521.15221790
-520.50767667
-520.01943753
-519.52459009
-519.17361798
-518.93846672
-518.45725206
-517.97578867
-517.76021632
-517.26871332
-517.09992645
-516.62193638
-516.60120707
-516.12291796
-515.79044862
-516.43979088
-516.41657993
-516.22131268
-515.59440466
-515.12381992
-514.64729254
-514.16707323
-513.96857840
-513.81239966
-513.34598418
-512.72943464
-512.25652611
-511.93572304
-511.46006792
-510.99764142
-510.53141717
-510.19755703
-509.87497954
-509.40800663
-508.94376418
-508.48452365
-508.16735920
-507.85180176
-507.40125072
-507.08202899
-506.62058558
-506.15990553
-505.87972075
-505.43331326
-504.97790577
-504.78854963
-504.34379256
-504.20189806
-503.75869759
-503.30683279
-502.86618343
-502.54853232
-502.09901144
-501.66147754
-501.22219776
-500.78422492
-500.34333062
-499.76331961
-499.47405977
-499.17191505
-498.59679819
-498.29745878
-497.98408078
-497.55188410
-497.12650475
-496.69402397
-496.26430148
-495.96466054
-495.53249082
-495.11162051
-494.95550350
-494.53059295
-494.28421949
-493.85905515
-493.56859091
-493.15519132
-492.59590611
-492.18010190
-491.75645957
-491.33944533
-490.92473374
-490.49924003
-490.21360118
-489.80487880
-489.39240805
-489.22622037
-488.67883367
-488.27080540
-487.85860476
-487.31298956
-486.77038230
-486.22982170
-485.83144303
-485.43200267
-485.16498688
-484.62666155
-484.22081628
-483.95249590
-483.54643183
-483.27476047
-482.88171181
-482.34923247
-481.95043227
-481.68165610
-481.28247253
-480.88120378
-480.48161561
-480.08811577
-479.69331059
-479.43197483
-479.16120021
-478.88608933
-478.63552045
-478.24108396
-477.72359245
-477.62832903
-477.49500390
-477.10838323
-476.72873081
-476.34645815
-475.96109087
-475.69925827
-475.31910680
-474.94407590
-474.57055244
-474.18530223
-473.92554139
-473.55258624
-473.17258664
-472.66657737
-472.55025851
-472.18090868
-471.67845065
-471.30309038
-470.93682295
-470.56824381
-470.20707621
-469.84002204
-469.34320149
-468.98423170
-468.74058727
-468.62642164
-468.39654172
-468.02807335
-467.65963568
-467.30170465
-467.19044160
-466.83365097
-466.47130087
-466.10830960
-465.74692026
-465.38991157
-465.02299262
-464.79472443
-465.38935214
-465.95801284
-465.71998783
-465.58846106
-465.22506856
-464.86548366
-464.63367178
-464.28388485
-463.92436267
-463.68345276
-463.32868468
-463.08118096
-462.73049760
-462.37909367
-462.27377666
-462.04552732
-461.57365555
-461.22355776
-460.99458103
-460.63950970
-460.93442870
-460.58695011
-460.35192533
-460.12562747
-459.65803097
-459.31421793
-458.97531488
-458.86629858
-458.52303690
-458.29243939
-458.73729573
-458.27489240
-458.17952692
-457.83997542
-457.50131082
-457.16054751
-456.70142905
-456.37183184
-456.14547427
-455.80617943
-455.59096122
-455.26306039
-454.92323829
-454.93410862
-455.10320804
-454.76962808
-454.44103545
-454.10896272
-453.89258445
-453.56128425
-453.36025478
-453.18897237
-453.69122043
-453.36282436
-453.03766047
-452.82870421
-452.61282045
-452.28177006
-452.07736036
-451.75706522
-451.91902119
-451.84738917
-451.64971067
-451.32921046
-451.00430885
-450.67543897
-450.23584777
-449.91255895
-449.59437997
-449.28080755
-448.84498592
-448.52818421
-448.21091200
-447.99807128
-447.67611075
-447.36335611
-447.04708263
-446.73707929
-446.42072875
-446.11100603
-445.68182605
-445.37096008
-445.05740942
-444.63179529
-444.43400258
-444.23383720
-444.17059165
-444.20137977
-443.89821074
-443.58451670
-443.68724935
-443.56945114
-443.46996385
-443.16076630
-442.85239848
-442.43230811
-442.01546415
-441.71018916
-441.51440132
-441.09772580
-440.90669771
-440.71640349
-440.41588462
-440.11026931
-440.04466403
-439.74656543
-439.44682827
-439.14658019
-438.84984516
-438.72680582
-438.65889464
-438.55755237
-438.36671910
-438.06534876
-437.77493524
-437.47675303
-437.18725122
-436.99430827
-436.70103375
-436.41196572
-436.24621382
-435.95340198
-435.66147969
-435.25941191
-434.96304739
-434.67325054
-434.57602140
-434.38274715
-434.09133311
-434.00695490
-433.72050464
-433.32272796
-432.92559641
-432.63352786
-432.45302412
-432.17106560
-431.88753677
-431.61018244
-431.32170506
-430.93023840
-430.64671428
-430.56240321
-430.37619426
-430.18564938
-429.90655401
-429.62191859
-429.44535158
-429.35917110
-429.16946174
-428.89573778
-428.62194341
-428.34114468
-428.17564490
-427.79140741
-427.74294543
-427.63689706
-427.45912812
-427.43154791
-427.15965404
-426.88194006
-426.61132489
-426.43689727
-426.15999019
-425.98856075
-425.80905842
-425.53616489
-425.45157279
-425.18880574
-425.00957297
-424.84841182
-424.47338715
-424.20215540
-423.93026948
-423.66423951
-423.49600565
-423.23082236
-423.07456515
-422.91264033
-422.74767006
-422.37689443
-422.20573685
-421.83774676
-421.56817280
-421.30579686
-421.04141012
-420.77498774
-420.51545902
-420.24955094
-419.99037925
-419.95548604
-419.80044926
-419.53873036
-419.28171855
-419.02078063
-418.76500309
-418.40239374
-418.25147494
-418.20414376
-418.19926499
-418.03900848
-417.78200604
-417.52364910
-417.16555214
-416.90853966
-416.65122620
-416.39523531
-416.03791036
-415.97811453
-415.82356621
-415.77247309
-415.52378029
-415.26899276
-415.01431222
-415.05019222
-414.79743304
-414.44526731
-414.19047459
-413.94060601
-413.69245456
-413.44613128
-413.42570890
-413.28127962
-413.03989611
-412.69055622
-412.44008051
-412.18970663
-411.93812707
-411.91076161
-411.66098011
-411.41685958
-411.17331886
-411.03131032
-410.78187828
-410.63710463
-410.47760561
-410.23597529
-410.19526562
-410.04167343
-409.80006534
-409.55284921
-409.50209042
-409.16100996
-409.01653989
-408.78147679
-408.82735744
-409.23956097
-409.00551934
-408.96872902
-408.83284937
-408.68025638
-408.44091296
-408.10339755
-407.86333120
-407.62168157
-407.38856516
-407.05315097
-406.81514212
-406.48199122
-406.33044150
-406.09126832
-405.85781456
-405.62201741
-405.49202130
-405.16046523
-405.00975773
-404.67898630
-404.35030234
-404.11751096
-403.88622181
-403.64986076
-403.42015777
-403.18478609
-402.95948431
-402.72813933
-402.40178177
-402.17492651
-402.03327682
-402.00417735
-401.78055583
-401.78347995
-401.55848527
-401.51064672
-401.28276293
-401.05356293
-400.73113768
-400.60577353
-400.37974249
-400.15666148
-400.11418710
-399.88877723
-399.66967542
-399.44232850
-399.31252916
-398.99389397
-398.77575993
-398.46022602
-398.23941605
-398.01376723
-397.79587213
-397.57017327
-397.44687533
-397.31460965
-397.30240478
-397.16502120
-396.85134577
-396.73030912
-396.60503990
-396.38434613
-396.16393760
-395.94485183
-395.81640618
-395.60533693
-395.58644498
-395.46672282
-395.25478204
-395.04249885
-395.03801578
-394.90669700
-394.87543735
-394.76136244
-394.64415051
-394.42894161
-394.31558700
-394.19363270
-393.98329425
-393.77431572
-393.66157185
-393.45316263
-393.32646797
-393.21840444
-392.91355451
-392.78317805
-392.80312807
-392.59490852
-392.38053822
-392.07768550
-391.95938635
-391.75043557
-391.54703984
-391.43428755
-391.32890983
-391.12225434
-390.91104553
-390.70710783
-390.71048205
-390.41101431
-390.38334235
-390.26529068
-390.23710282
-389.94050673
-389.64305904
-389.44098669
-389.33201292
-389.40694459
-389.40474345
-389.20479849
-389.30145583
-389.09768283
-388.90096017
-388.69527176
-388.58088787
-388.56712685
-388.45986259
-388.26162173
-388.06063536
-387.94221936
-387.74041486
-387.53566019
-387.33182478
-387.13082761
-387.02369689
-386.91317927
-386.71050626
-386.50967040
-386.51047509
-386.30655436
-386.18889820
-385.99419826
-385.88299219
-385.68771329
-385.48539479
-385.38231114
-385.49635612
-385.57153040
-385.37815694
-385.18230132
-384.99062001
-384.79907498
-384.68990909
-384.49366431
-384.29619879
-384.01164034
-383.81329845
-383.62196999
-383.33867554
-383.05593579
-382.86731597
-382.67308647
-382.48045254
-382.28473183
-382.09292497
-381.89987295
-381.80039765
-381.61317623
-381.42191261
-381.23389520
-381.33689559
-381.14071780
-381.04141950
-380.85376975
-380.66519823
-380.55312124
-380.36613955
-380.26832781
-379.99166940
-379.79861225
-379.69570613
-379.50675552
-379.31733841
-379.04233262
-378.85790973
-378.67333555
-378.49069822
-378.30311864
-378.19575504
-377.92270245
-377.84636833
-377.57488327
-377.54402655
-377.27220651
-377.00097994
-376.81436144
-376.62649682
-376.35619422
-376.27874881
-376.09836319
-375.82898733
-375.64324476
-375.46055257
-375.61555869
-375.43086059
-375.24866937
-374.98195706
-374.96729929
-374.89828373
-374.71764622
-374.53845355
-374.36271155
-374.18492033
-374.00737708
-373.83198250
-373.65688853
-373.56829049
-373.55053817
-373.37607265
-373.20075629
-373.02347984
-372.92270587
-372.74305451
-372.48037235
-372.70149208
-372.52767706
-372.34895810
-372.24899013
-372.07500994
-371.89645643
-371.63555852
-371.64029325
-371.46901488
-371.20908084
-370.95058753
-370.86686497
-371.24531776
-372.03569078
-371.94218061
-371.68361189
-372.20981536
-372.03677004
-372.99281569
-372.81552144
-372.82114550
-372.80573072
-372.71804476
-372.54348419
-372.37174216
-372.11476902
-371.94086665
-371.76781962
-371.66819040
-371.57999443
-371.40672671
-371.15098513
-370.89664952
-370.79898582
-370.70681293
-370.62107814
-371.32253597
-371.31178851
-371.22086542
-371.98480619
-371.81076534
-372.14380546
-371.97280651
-371.79952431
-371.88243902
-371.70745711
-371.61801421
-372.24049716
-372.06955415
-371.89525490
-372.40166089
-372.31115422
-372.14464795
-371.89200100
-371.63959353
-371.54974529
-371.64506098
-371.55895039
-371.47091673
-371.45971834
-371.29202842
-371.11826456
-371.39308722
-371.63572624
-371.46399802
-371.29298915
-371.04312488
-370.95817926
-370.78697280
-371.16679072
-370.99924077
-370.98765175
-370.89525313
-371.67920879
-371.51521750
-371.71496988
-372.57299982
-372.40929904
-372.30878018
-372.06131089
-371.81331732
-371.72860200
-371.63315104
-371.47222036
-371.37626254
-372.36830204
-372.12119245
-372.03559496
-371.78891965
-371.62797466
-371.46404530
-371.29811295
-371.21708931
-372.17077745
-373.11918223
-372.95643066
-373.94466009
-373.94685633
-373.94807082
-373.78420040
-374.72733982
-374.71378009
-374.62264219
-374.45861560
-374.28931542
-374.12520970
-373.95595428
-373.86096037
-373.77060521
-374.76969329
-374.60435513
-374.43854014
-375.42449968
-375.25991495
-375.09136159
-374.99627895
-374.83254577
-375.58752632
-375.42561354
-375.18160449
-375.09533984
-374.93300214
-374.77035148
-375.50293073
-375.25999307
-375.09232155
-375.84169393
-375.67377526
-375.57994900
-376.32700754
-376.23296586
-376.06976766
-375.82805110
-376.57354247
-376.40731057
-377.19583955
-378.02656008
-378.84225465
-378.75445322
-378.58503395
-378.41719033
-378.17551287
-378.01081810
-378.75883877
-378.51653761
-379.23519726
-379.95495119
-379.87177697
-379.62946932
-379.38770301
-379.22720979
-379.06046366
-378.81958112
-378.57865747
-378.49282615
-378.33137912
-378.16934612
-378.16467134
-378.00226434
-378.80638986
-378.64610838
-378.48379496
-378.48464773
-378.32330591
-378.16433730
-378.97549678
-378.81525040
-379.64366466
-379.55524496
-379.39353779
-380.18192489
-380.09331624
-379.85449331
-379.69173314
-379.61217696
-379.52917272
-379.37019728
-379.29702319
-380.15799416
-379.99767542
-379.83747403
-380.79923195
-380.56155069
-381.32370934
-381.23631843
-381.23304549
-381.07328334
-380.90965393
-380.82525570
-380.58897630
-380.42999696
-381.03225360
-380.79589502
-380.86226725
-381.57061781
-381.47946780
-382.15924196
-382.00120591
-381.84072585
-381.68140833
-381.59402462
-381.43389477
-381.26866224
-381.10619927
-380.95166069
-380.71731251
-380.78242520
-381.67370763
-381.58697263
-382.47133023
-383.39608587
-383.23440896
-383.98152918
-383.89778928
-383.81078683
-384.67063822
-384.51159631
-385.35208992
-385.11688173
-384.96011026
-385.77826320
-385.54307170
-386.37894418
-387.22384944
-387.06022195
-387.86858820
-387.70778568
-388.51213149
-388.27638499
-389.12648690
-388.96625575
-389.87646545
-389.64137828
-390.42071238
-390.64233447
-390.62254315
-390.38669489
-391.21794768
-390.98271546
-391.75607850
-392.48575460
-393.22817546
-393.06593671
-392.98033382
-392.89226391
-392.72943836
-393.55865660
-394.34290926
-394.10636148
-393.94553797
-394.60622691
-394.82293876
-395.55505138
-395.39161582
-396.05097791
-395.89033732
-395.72690018
-395.56459959
-395.40179747
-395.23721350
-395.07126548
-395.77164592
-395.61005522
-395.44552058
-395.28087940
-395.11671305
-395.02459500
-395.86227991
-395.70063716
-396.55420758
-396.38845790
-396.22823998
-395.99502019
-395.83237645
-395.67029006
-395.43738669
-395.20420016
-395.04601841
-395.86837522
-395.70490839
-395.54371770
-395.31151271
-396.07591305
-395.91435529
-395.75720921
-396.55577898
-397.33659893
-397.17508708
-397.90197673
-398.61597669
-398.38411135
-398.22156600
-398.06173344
-397.82930647
-398.60712906
-398.44661535
-398.28338225
-398.12456377
-397.96372221
-397.80190795
-397.64224890
-397.41128605
-398.05675972
-398.22379599
-398.13660178
-397.97550747
-397.81576636
-397.65229904
-397.49010742
-398.12510586
-398.76955451
-398.60653118
-399.23444088
-399.07621366
-398.91858825
-399.54411131
-400.14921587
-399.99189313
-399.83469429
-399.67550613
-399.51206093
-399.35243625
-399.19321924
-398.96527613
-398.80293555
-399.50304785
-399.34521915
-400.04327602
-400.69951132
-401.47251638
-401.39000810
-401.16091052
-400.93184154
-400.70365369
-401.33011920
-401.17268431
-401.16020168
-401.00062697
-400.90660808
-401.72542943
-401.63184860
-401.47250239
-402.29740753
-402.13913193
-402.92732902
-402.76869752
-402.61205993
-403.26358119
-404.01915008
-403.86067026
-403.70506107
-403.54981423
-404.30915342
-404.15295461
-403.99798952
-403.77050485
-403.60882179
-403.45130534
-403.22455435
-403.93467856
-403.70773780
-403.54880320
-404.26523162
-404.17456337
-404.82614203
-404.66656844
-404.50717845
-405.16162416
-405.00192447
-405.72487066
-405.56672394
-405.41131939
-405.32600361
-405.23633477
-406.00925411
-405.85226357
-406.64542721
-406.55199735
-406.39536144
-407.04974487
-406.88778658
-407.59521639
-407.50182242
-407.40820444
-407.96704671
-407.74095440
-407.58081572
-408.16216236
-408.77181992
-409.38090223
-410.15411437
-409.99570041
-410.76249962
-411.52819256
-412.06106706
-412.66094844
-412.49971466
-412.33940220
-412.88257767
-413.27478388
-413.87518989
-414.42711642
-415.02948511
-414.86973113
-415.37152001
-415.21125698
-415.04811161
-415.63693317
-415.47722311
-416.07141703
-416.66600308
-416.43844703
-417.04210066
-416.88023946
-417.63005835
-417.46979529
-418.22805610
-418.00141752
-417.84063616
-418.52957562
-419.10086284
-419.69048165
-419.52997333
-419.30253744
-419.86464267
-420.46349707
-421.02155855
-421.60427558
-422.17273993
-422.01176809
-421.78363157
-422.43730654
-423.02177196
-423.65788551
-424.23536710
-424.79640418
-424.63298853
-425.22119489
-425.80239189
-426.37053625
-426.94273124
-427.51745515
-428.12504211
-428.72703751
-429.27878185
-429.85316876
-430.45527905
-430.29144112
-430.89281531
-431.53408200
-432.15039242
-431.98239966
-432.57980535
-433.16114777
-433.71802961
-434.31509992
-434.87849831
-435.46181036
-436.01261426
-435.78081358
-435.54913048
-436.11535111
-436.68285331
-437.23210093
-437.00065341
-437.55713153
-438.10276824
-438.64900976
-439.21148209
-439.79083414
-440.35549028
-440.91452817
-441.42585877
-441.93658875
-442.49149012
-443.04358286
-443.59660574
-444.16144995
-443.92780834
-444.44643019
-444.21312823
-444.75348075
-445.29484827
-445.82586177
-446.37188830
-446.91829908
-447.46778224
-447.23399870
-447.78726463
-448.34503645
-448.80722991
-448.57231810
-449.15975782
-449.77777959
-450.37190075
-450.99644605
-451.60375917
-451.36808253
-451.90940608
-452.40355910
-452.95896440
-452.72414523
-453.26646466
-453.03110575
-453.56747845
-454.07306429
-454.63669394
-455.19533555
-455.73349422
-455.49778898
-455.99525086
-456.54153910
-457.08420896
-457.14371193
-457.66077855
-458.20169844
-458.86184232
-459.55076589
-459.31363512
-459.84871164
-460.42412926
-460.96549254
-461.51211590
-462.04373351
-462.76632238
-463.29753589
-463.81607003
-464.33545438
-464.83784446
-465.51576920
-466.22347715
-466.87676739
-467.46751494
-468.09886175
-468.73681926
-469.34955457
-469.98211962
-470.57570268
-471.19575459
-471.78978666
-472.36855160
-472.12757192
-472.63910509
-473.17056235
-473.72413696
-474.25024600
-474.00975626
-474.53759231
-475.06865814
-475.59663186
-476.13591066
-476.66268525
-477.16225849
-477.67549980
-478.20821140
-478.69601713
-479.24379553
-479.74702696
-480.26120577
-480.01881442
-480.50180247
-481.03982273
-481.54951711
-481.30690741
-481.85641812
-482.47533945
-483.13810492
-483.77397854
-484.40583238
-485.02333420
-484.77969200
-485.33621158
-485.92755536
-486.54145401
-487.09805927
-487.66432768
-488.24330489
-488.83739076
-489.42406891
-489.17973846
-489.71015655
-490.20508135
-490.68384748
-491.19995977
-490.95486831
-491.53592501
-492.11186375
-492.70713082
-493.25837651
-493.82394415
-494.42891800
-495.02049499
-495.52214416
-496.08398965
-496.64709512
-497.12905821
-497.64508735
-498.18505645
-498.67621028
-499.12142234
-499.60478478
-500.08073418
-500.56563425
-501.04584139
-501.52648694
-502.00514811
-502.49821721
-502.98513591
-503.47346914
-503.96821294
-504.46424268
-505.00486377
-505.57278666
-506.08023914
-506.56221684
-506.31370413
-506.75690523
-507.23988041
-507.69422444
-508.18834703
-508.66219409
-509.16483100
-508.91573285
-509.40219472
-509.15315640
-509.62359499
-509.37563854
-509.85872216
-510.33741562
-510.72639626
-511.20240492
-510.95421051
-511.42946769
-511.88906809
-512.39480631
-512.86923163
-513.34119682
-513.89624269
-513.64654671
-514.15170422
-514.70157161
-515.19669086
-515.68683971
-516.27978105
-516.03016400
-516.58222621
-517.13426519
-517.69813466
-518.14972687
-517.89940782
-518.34009301
-518.84407236
-519.42541267
-519.91961390
-520.35344356
-520.84044569
-521.30650781
-521.76693722
-522.19439734
-522.64948738
-523.17319534
-523.66637041
-524.12467449
-524.63267966
-525.08794494
-525.57269171
-525.32220417
-525.79295232
-526.18120906
-526.63091406
-526.37882508
-526.80293178
-527.26739239
-527.67877161
-528.12962356
-528.59002302
-529.06633428
-529.57708067
-529.32457590
-529.78961350
-530.22974169
-530.67908347
-531.15183703
-531.59053298
-532.08399475
-531.83142320
-531.57896407
-532.03978238
-531.78760359
-532.23406022
-531.98180052
-532.38129721
-532.83267931
-533.28308429
-533.73846237
-534.17682618
-534.62235390
-535.06891740
-535.52641589
-535.98082885
-536.42242503
-536.86547050
-536.61263712
-537.09233644
-537.56621176
-538.05445550
-538.57984154
-539.10701406
-539.55677663
-540.05666382
-540.60879367
-541.12682627
-541.65613676
-542.27770168
-542.86524007
-543.37176626
-543.11732394
-543.64031567
-544.23230874
-543.97842059
-543.72457285
-544.35297327
-544.97683207
-545.60358828
-546.16663801
-546.71840180
-547.33171287
-547.94651177
-548.57305609
-549.14854888
-549.64127503
-550.20489278
-550.79911274
-551.34148178
-551.83980270
-552.44665438
-553.01062546
-553.58446617
-554.15532537
-554.73490723
-555.19539708
-555.66406375
-556.07849210
-556.49542865
-556.95760203
-557.37586829
-557.80674807
-558.22014385
-558.65460587
-558.39709280
-558.82750972
-559.26084668
-559.69293510
-560.14729201
-560.57478900
-561.01139377
-561.46980907
-561.90611290
-561.64905056
-561.39230266
-561.90156346
-562.40435917
-562.14671912
-562.58663811
-563.00315691
-563.47086445
-563.97469246
-564.45037145
-564.89789134
-565.37814774
-565.78479436
-566.21839486
-566.67655546
-567.09258013
-567.54553040
-567.28690285
-567.73716652
-568.16884320
-568.59478194
-569.00664515
-569.41693059
-569.84777795
-570.26740134
-570.67442414
-571.06211051
-571.48183553
-571.90202762
-572.31677874
-572.72376117
-573.14367210
-573.57272466
-573.98532546
-574.45543512
-574.85921887
-575.24539736
-575.65944550
-576.06907981
-576.48217052
-576.87537617
-577.26550097
-577.00568535
-577.41092797
-577.89433733
-578.37024691
-578.83419910
-579.36534999
-579.74133925
-580.14760621
-580.66933150
-580.40903338
-580.20550905
-580.56621823
-580.94841036
-581.45979282
-581.99386151
-581.73338475
-582.15992884
-582.53509970
-582.27501975
-582.69508838
-583.15527397
-583.58505829
-583.99357036
-584.40689309
-584.81381992
-585.23220670
-585.66859942
-586.07576567
-586.46437216
-586.88252332
-587.30000912
-587.03944190
-587.42120645
-587.81796070
-588.24305146
-588.59147736
-588.99505304
-589.53285981
-589.88362764
-589.62272853
-590.06464945
-590.47164237
-590.21064055
-589.95033738
-590.37769164
-590.96230548
-591.46860679
-592.04555471
-592.53843166
-593.10443455
-593.50417643
-593.89736835
-594.42492897
-594.16340532
-594.54518406
-594.93964024
-595.32428616
-595.70654658
-596.10581070
-596.48808489
-596.85415887
-597.22288092
-597.59005009
-597.97466146
-598.37478072
-598.76196722
-599.13401301
-598.87250962
-599.23100185
-599.72731876
-600.12716589
-600.52226616
-600.96200962
-601.43690620
-601.83230490
-602.31598595
-602.76848583
-603.22230346
-603.67473128
-604.15466071
-604.62308365
-605.11824406
-605.59649639
-606.06524363
-606.53293621
-607.01052604
-606.74724645
-607.22171263
-607.67392324
-608.08925715
-608.54087106
-608.99295211
-609.41997978
-609.88299337
-610.36066082
-610.82316302
-611.35493783
-611.85865519
-612.41415478
-612.15021365
-612.53675890
-612.91027880
-613.27895742
-613.60191977
-613.95864635
-614.28566996
-614.64221426
-614.99999206
-615.37969608
-615.75162815
-615.48757568
-615.22350263
-614.96118790
-615.32563526
-615.06202007
-615.43769503
-615.81066967
-616.16222208
-616.52763993
-616.90506407
-617.29255322
-617.65836746
-618.03204673
-618.38571458
-618.74349290
-619.09589206
-618.83230948
-619.20707443
-619.57381559
-619.30997026
-619.68149553
-620.04972121
-620.42095519
-620.79430560
-621.13552524
-621.49353902
-621.86439102
-621.60051746
-621.95693532
-622.29621333
-622.66658393
-623.02550028
-623.39041365
-623.72268149
-624.07079490
-624.44921523
-624.82125110
-625.19696601
-624.93314420
-625.28518387
-625.67134351
-626.07072133
-626.45300567
-626.82038441
-627.15462398
-627.50112041
-627.86499122
-628.22810558
-628.60550696
-628.99319463
-629.38211022
-629.77646158
-630.14558045
-630.55082163
-630.94868238
-631.34647404
-631.66042646
-632.02485212
-632.32904497
-632.68614966
-633.04205732
-633.40380383
-633.74382176
-634.02122242
-634.39746188
-634.75857310
-635.11346739
-635.47569688
-635.82070067
-636.18478864
-635.91984026
-636.27143618
-636.64277626
-636.37792518
-636.11315249
-636.47400498
-636.83176771
-636.56744282
-636.91255459
-637.20553766
-637.53843615
-637.89302548
-638.36301684
-638.82167679
-639.29756217
-639.79809280
-640.30399904
-640.81912118
-641.36044890
-641.80929197
-642.29485680
-642.72240708
-643.22886209
-642.96350419
-643.44182913
-643.94035838
-644.43351920
-644.90364825
-645.42334229
-645.92483622
-645.65900793
-646.11534920
-646.55156680
-647.01530428
-647.48145360
-647.96300590
-648.47414428
-648.97996875
-648.71417184
-649.19662074
-649.68591861
-650.18545913
-649.91955372
-650.39540900
-650.84727355
-651.29250769
-651.69137866
-652.04223030
-652.38635804
-652.73097447
-652.46458087
-652.80234295
-653.09762945
-653.41434440
-653.75516482
-654.07076306
-653.96179708
-654.25146358
-654.59229604
-654.93909909
-655.32947020
-655.77836592
-656.22679862
-656.66859219
-657.06831629
-657.51212037
-657.92060620
-658.28324243
-658.66648754
-659.06078932
-659.41858965
-659.79050665
-660.13941130
-660.50341591
-660.83469236
-660.56766939
-660.89442359
-661.23132383
-661.56083267
-661.29392682
-661.62565190
-661.95854184
-662.29050217
-662.02372960
-662.34775471
-662.68853179
-663.02335000
-663.34110964
-663.66027090
-663.99681547
-664.29524282
-664.65246651
-664.96515009
-665.29673808
-665.62220051
-665.95244717
-666.27541850
-666.60234960
-666.95218678
-667.28922487
-667.02229289
-667.30549667
-667.62101473
-667.95958310
-668.28363373
-668.60402822
-668.93862533
-669.24282592
-669.59637935
-669.92419963
-670.30464356
-670.64154197
-670.99752141
-671.30818630
-671.04155449
-671.37666093
-671.74627224
-672.12687860
-672.52282450
-672.80836178
-673.21717958
-673.69255521
-674.18334540
-673.91615031
-674.36562114
-674.84348041
-675.31107227
-675.71840733
-676.16970717
-676.62793763
-677.09232103
-677.54201052
-677.93325682
-678.38049170
-678.80671352
-679.24576199
-679.68239032
-680.15726331
-680.55841002
-680.96688521
-681.40786168
-681.85132328
-682.30429266
-682.78348945
-683.19487488
-683.61080506
-684.03419108
-684.47620555
-684.88330942
-685.24361901
-685.66175130
-685.39296778
-685.12436091
-685.53815811
-685.95476197
-686.40634351
-686.83398857
-686.56605985
-686.97661701
-687.42494081
-687.15640782
-687.55130420
-687.94738601
-688.37886988
-688.11078526
-688.47080312
-688.86196300
-689.24763187
-689.60702712
-689.96144095
-689.69313669
-689.94323325
-689.67502465
-690.01466261
-690.36852157
-690.71407571
-691.07195467
-691.40878077
-691.72687144
-692.04460196
-692.35848844
-692.63836747
-692.37029779
-692.10241196
-692.41877434
-692.73587933
-693.05399594
-692.78634675
-692.51873060
-692.86300942
-693.18084020
-693.48797251
-693.80176102
-694.10845497
-694.38878854
-694.69503244
-695.00598194
-695.31089986
-695.60682301
-695.90135523
-696.24276592
-696.61909682
-696.92436788
-697.23875201
-696.97100567
-697.25912380
-697.56535909
-697.81735455
-698.13520896
-698.45516090
-698.18761826
-698.49365858
-698.22644688
-698.52844248
-698.89443745
-699.23773125
-699.57277509
-699.86772582
-699.60110611
-699.87295094
-700.17392276
-700.48525364
-700.84665422
-701.22582998
-701.52838533
-701.26157478
-701.64443421
-702.03510534
-702.40521645
-702.81348727
-703.18649880
-703.58596772
-703.89379373
-704.31084255
-704.72196804
-705.12891640
-705.51694460
-705.94899710
-706.24393380
-706.65515268
-706.94300967
-707.23586576
-707.53241774
-707.83396506
-708.08732402
-708.37244221
-708.66405002
-708.93400501
-709.20103588
-709.47211173
-709.83479965
-710.14902423
-710.43979801
-710.73907345
-711.03424640
-711.33041225
-711.65570617
-711.94570879
-712.26147039
-712.58609805
-712.89240090
-713.18207949
-713.48980721
-713.82335046
-713.55549432
-713.83627688
-714.10055592
-713.83282782
-714.13065182
-714.49278897
-714.80919892
-715.08225652
-715.38011642
-715.65812152
-715.96079361
-716.26023155
-716.59744621
-716.33016157
-716.67018668
-716.97691955
-717.30683545
-717.65873105
-717.93623879
-718.23351467
-718.55178434
-718.85027815
-719.18833785
-719.44178239
-719.78892558
-720.11149593
-720.40221095
-720.72908350
-721.01945259
-721.36556308
-721.73389282
-722.07033872
-722.39041316
-722.70766961
-722.99860928
-723.28047561
-723.56431535
-723.85886566
-724.15404801
-724.47166749
-724.75300438
-724.48551439
-724.78682897
-725.07145431
-725.39480448
-725.71242607
-726.03936693
-726.29922192
-726.61936748
-726.92539195
-727.26808305
-727.46473911
-727.75764549
-728.08589048
-728.40260634
-728.70889711
-729.01096298
-729.35175406
-729.66870432
-729.97046946
-729.70243089
-730.02330037
-730.33169128
-730.55342158
-730.28556303
-730.56965177
-730.84149989
-731.10009508
-731.37823560
-731.65943247
-731.90651121
-732.16588232
-732.45028415
-732.71566308
-732.44804973
-732.74680781
-733.12346834
-733.48691384
-733.92070465
-734.33605691
-734.75204245
-735.11140756
-735.46660827
-735.80998517
-736.17483554
-735.90725679
-736.21747445
-735.94986291
-736.32168295
-736.69411731
-736.42714767
-736.15983383
-736.41575607
-736.68721699
-737.04979780
-737.45442509
-737.75951580
-738.04840993
-738.32782337
-738.59330947
-738.86096037
-739.09729380
-739.37816003
-739.66991263
-739.40265956
-739.13655720
-739.40288557
-739.71955902
-740.04885032
-740.35619043
-740.69450844
-740.82280009
-741.13441614
-741.40784200
-741.67766695
-741.94947292
-742.23065816
-742.52318449
-742.81232325
-743.09538639
-743.40833353
-743.66128197
-743.95824476
-744.23138734
-744.49812523
-744.76462555
-745.03809217
-745.30341100
-745.08176070
-745.34964878
-745.08302808
-745.34966190
-745.60626774
-745.87010416
-746.13829306
-746.40784767
-746.68150724
-746.93807358
-747.21930065
-747.46202846
-747.74126808
-747.99369699
-748.26573463
-748.57473735
-748.89060454
-749.21849916
-749.57543986
-749.91835728
-750.24520350
-750.55970700
-750.29328991
-750.58476564
-750.83500943
-751.05188157
-751.35486571
-751.62968595
-751.86015715
-752.10399375
-752.37453778
-752.63501523
-752.90241861
-753.15233782
-752.88600014
-753.15403402
-753.41983810
-753.68441969
-753.94290210
-753.67683292
-753.95549201
-754.20518227
-753.93901240
-754.21428399
-754.47857449
-754.75756540
-755.04569362
-755.30339538
-755.56934017
-755.81588940
-756.07934037
-756.33348630
-756.59366800
-756.85245457
-757.15460945
-756.88906445
-757.21027486
-757.48635861
-757.79233548
-758.08688102
-758.30221084
-758.56449725
-758.84610230
-759.10748350
-759.35392860
-759.60685621
-759.85632926
-760.10973605
-760.36846970
-760.65582591
-760.94817294
-761.22771403
-760.96192831
-761.20855152
-761.46351998
-761.73671774
-761.94891990
-762.22762125
-762.49846381
-762.77816816
-763.04899358
-763.31857335
-763.60912240
-763.89642233
-764.21008131
-764.48797865
-764.76867980
-765.07141758
-765.32847793
-765.65856122
-765.98201910
-766.30223818
-766.03698069
-766.25936981
-766.56113244
-766.81584711
-767.12761450
-767.38795822
-767.12238443
-766.85752675
-767.17085733
-767.53920761
-767.27409555
-767.64137893
-767.98231649
-768.34721997
-768.69921360
-769.06960622
-769.41404071
-769.75902560
-770.11234046
-770.46020795
-770.19486215
-770.53731780
-770.83982080
-771.19324540
-771.56165395
-771.87924501
-772.23842089
-772.58201104
-772.95254162
-773.29865335
-773.03335333
-773.40821474
-773.72954503
-774.03796080
-774.39904929
-774.76347039
-775.06120273
-775.36387237
-775.69473342
-775.99513310
-776.36189409
-776.71656052
-777.05565894
-777.36501167
-777.74201826
-778.09828777
-778.47290498
-778.87328926
-779.25941293
-779.61035687
-779.99112358
-780.36826331
-780.71959322
-781.10543121
-780.83995675
-781.18505913
-781.50147598
-781.83550419
-781.56971142
-781.92857227
-782.29416389
-782.02884500
-782.40918968
-782.14397467
-782.50653403
-782.86464810
-783.23392009
-783.53839087
-783.88248106
-784.20654884
-784.48750204
-784.75858105
-784.49310257
-784.75031705
-785.01471390
-785.27812369
-785.52707173
-785.80288445
-786.07236207
-786.33791652
-786.07305329
-786.30555155
-786.55671305
-786.80355592
-787.03124494
-786.76609567
-787.00393439
-787.23355081
-787.46040423
-787.19589030
-787.43187984
-787.63726503
-787.98323166
-788.34369542
-788.61003098
-788.93494438
-789.29457364
-789.66697820
-790.03640254
-790.37033772
-790.60296536
-790.95796181
-791.24467218
-791.59390920
-791.93856153
-792.30895582
-792.66947654
-792.99392650
-793.36827033
-793.71223444
-794.01993471
-794.36920465
-794.72790892
-794.46265996
-794.72877939
-794.46378696
-794.80463755
-795.03405357
-795.39248389
-795.12759933
-795.45304530
-795.18866110
-795.51822369
-795.89625925
-796.24254429
-796.60353327
-796.95172508
-797.26199996
-796.99722463
-797.32742420
-797.68199271
-797.41758452
-797.71816677
-798.01442393
-797.75003677
-798.05651221
-797.79243915
-798.10963433
-798.40996705
-798.63366880
-798.95625205
-799.18720940
-799.53423431
-799.86089187
-800.22218421
-800.45070209
-800.69054083
-801.01532336
-800.75129110
-801.06291916
-801.34192238
-801.70126730
-802.06556408
-802.37013544
-802.70226403
-803.04646147
-803.35265815
-803.67155512
-803.94525173
-804.22270564
-803.95869701
-804.29583304
-804.03184986
-804.40905586
-804.76166147
-804.49786227
-804.77167120
-805.08697815
-805.42830607
-805.77267530
-806.13540747
-806.46211548
-806.81852707
-807.09211224
-807.45153605
-807.18771563
-807.50719842
-807.24368935
-806.98064134
-807.32809579
-807.61067968
-807.87659748
-808.21397499
-807.95061890
-808.32004100
-808.67606782
-808.92912705
-809.25317552
-809.59874216
-809.92604995
-810.26904513
-810.00580397
-810.33724777
-810.62404860
-810.95498835
-811.26771463
-811.00432061
-811.34798527
-811.67800932
-812.00200131
-812.33698879
-812.68861004
-813.02944886
-813.36394941
-813.64159196
-813.98130434
-814.34842898
-814.71314756
-815.04984017
-815.39920078
-815.73103504
-816.03099825
-816.27935917
-816.51183063
-816.74818003
-816.97193943
-817.19497258
-817.36155119
-817.58053854
-817.80191342
-817.99209278
-818.19630201
-818.41262038
-818.14927239
-818.36825928
-818.56808347
-818.77960271
-818.99935089
-819.22176506
-819.43366230
-819.17130176
-819.39395558
-819.61445637
-819.83321754
-820.03883606
-819.81715460
-820.03157307
-820.24940246
-820.46345537
-820.65745570
-820.87262484
-821.08466423
-821.29324074
-821.50685912
-821.71298709
-821.92540717
-822.13634262
-822.35055308
-822.56864452
-822.76624637
-822.92036809
-823.13629774
-823.33218238
-823.53133350
-823.72609787
-823.46457253
-823.69020128
-823.91603887
-824.14105536
-824.37148649
-824.59876536
-824.80178991
-825.01041131
-825.23189929
-825.43076538
-825.16893511
-825.41624437
-825.62773065
-825.83565785
-826.04327073
-826.23846644
-825.97650543
-825.71474139
-825.92691902
-826.14216243
-826.34866979
-826.52354183
-826.68413516
-826.90200299
-827.08514460
-827.28738870
-827.48427322
-827.22302447
-827.43721040
-827.63478770
-827.85950187
-828.10022709
-828.32514600
-828.53951468
-828.82141841
-829.08938012
-829.32354449
-829.06238371
-829.31999920
-829.57764774
-829.81649933
-830.08433230
-830.31342050
-830.51911760
-830.75648582
-830.49552301
-830.76111847
-831.01457842
-831.26244150
-831.50312912
-831.74528062
-831.99160173
-831.73081668
-831.97550692
-832.20345860
-832.41043787
-832.15022445
-831.89060843
-832.10302298
-832.36760829
-832.10808036
-832.37857511
-832.64494087
-832.93758471
-832.67900166
-832.95927657
-833.24401640
-833.50224335
-833.80556152
-833.54583474
-833.81425723
-834.11828889
-834.37471186
-834.67424050
-834.92506855
-835.17238480
-835.47406265
-835.77706540
-836.06943631
-836.38127269
-836.12147875
-836.40197888
-836.14223288
-836.42097982
-836.73028237
-837.04843928
-837.35843588
-837.67920131
-837.90183118
-837.64220134
-837.38277911
-837.60775436
-837.81426977
-838.02175274
-838.21471947
-838.41378390
-838.59855172
-838.77097408
-838.95027713
-839.16333495
-839.36756899
-839.56976414
-839.76948003
-839.96827599
-840.14950100
-840.32306584
-840.51535350
-840.71795762
-840.87674416
-841.05651524
-841.28101371
-841.51622668
-841.72674428
-841.94095322
-841.68209219
-841.88950694
-842.06244249
-842.23330392
-842.43831191
-842.62636633
-842.81011477
-842.99838190
-843.18280336
-843.39170012
-843.58700767
-843.78671242
-843.97097867
-844.16573917
-844.37344689
-844.55919303
-844.78199171
-845.00335095
-845.21784378
-845.41820629
-845.57605383
-845.75989784
-845.96306769
-846.16080686
-846.36104121
-846.10283966
-846.29848826
-846.04062296
-846.23208439
-846.43145976
-846.63087911
-846.81379993
-846.98563142
-847.19182167
-847.40412418
-847.60630854
-847.81367394
-847.97897785
-848.18311266
-848.38055806
-848.55266278
-848.74934756
-848.94356625
-849.14299381
-849.32806310
-849.50913316
-849.69634470
-849.88377491
-850.07667403
-849.81980211
-849.56319949
-849.76043946
-849.93794672
-850.13505677
-850.35776421
-850.58172935
-850.80283584
-850.97959317
-851.21730295
-851.45731400
-851.70280886
-851.97777846
-852.26281366
-852.19569522
-852.05394018
-852.31229071
-852.05551062
-852.27226215
-852.50880778
-852.70812722
-852.90575477
-853.09796438
-853.29076156
-853.48423293
-853.67556766
-853.84209457
-854.03113390
-854.21935619
-854.43453214
-854.63269766
-854.87876707
-855.16310492
-855.45516977
-855.73075759
-856.01477025
-855.75832663
-855.50237671
-855.71193758
-855.92380363
-856.13910916
-856.32343261
-856.52157902
-856.70770722
-856.91064150
-856.65474827
-856.83637516
-857.03694022
-857.23081097
-856.97498203
-857.20243956
-857.40119305
-857.62609772
-857.85965600
-858.08489145
-857.82932829
-857.57384482
-857.81250649
-857.55713576
-857.74433667
-857.98526469
-858.21878900
-858.46689204
-858.72220395
-858.94270769
-859.18876643
-859.37267475
-859.55853641
-859.74646668
-859.93120969
-860.13037781
-860.35693111
-860.57088798
-860.78125017
-860.98146040
-860.72644698
-860.94286732
-861.17093696
-861.41726862
-861.63387921
-861.91542326
-861.66088165
-861.89377114
-862.09548346
-862.29347888
-862.52957429
-862.27500474
-862.43983464
-862.66838434
-862.41436195
-862.62256585
-862.36828402
-862.11421621
-862.31562304
-862.47374881
-862.66270766
-862.82484420
-862.57116049
-862.74862547
-862.49491818
-862.68421391
-862.95306258
-863.25295837
-863.47728610
-863.72056884
-864.01246392
-864.19274629
-864.37782073
-864.56329107
-864.30994580
-864.61319525
-864.81513960
-865.02731228
-865.29791096
-865.57886590
-865.84359529
-866.11433044
-866.32629855
-866.61371310
-866.36057362
-866.54854534
-866.70416573
-866.86379599
-867.03364955
-867.24046507
-867.40005686
-867.59498157
-867.78598984
-867.53292438
-867.70986371
-867.91541441
-867.66304921
-867.95209829
-868.11957275
-868.37464048
-868.62964659
-868.37698643
-868.60458734
-868.76693108
-868.95013581
-869.10881437
-869.29948452
-869.48717326
-869.65325672
-869.80291298
-870.07535442
-870.32067694
-870.51172558
-870.74081049
-870.95937493
-871.21868467
-871.47200444
-871.70551035
-871.45340579
-871.70788124
-871.86920015
-872.11325214
-872.36015195
-872.54946562
-872.75996046
-872.98176443
-873.21834174
-873.46814549
-873.21606173
-873.45213631
-873.70391629
-873.94888887
-874.19400473
-874.42582493
-874.60272322
-874.79665329
-874.98501798
-875.19268492
-875.38910344
-875.13724339
-875.31959263
-875.48523047
-875.66124134
-875.41001529
-875.58689547
-875.33557426
-875.54096370
-875.29027632
-875.03917009
-875.21857630
-875.39537188
-875.56571416
-875.74051513
-875.91617929
-876.09096204
-876.23690875
-876.41544765
-876.59337145
-876.74098870
-876.91214349
-877.08635795
-877.23573344
-877.39853470
-877.14779739
-876.89733695
-877.07145424
-877.24577103
-876.99539368
-877.20970501
-877.30547515
-877.56825632
-877.31825573
-877.53072744
-877.75305751
-877.94322436
-878.09379453
-878.27941798
-878.45387082
-878.62737492
-878.81424742
-878.56433070
-878.73027957
-878.92216791
-879.11380335
-878.86430365
-879.02943151
-879.16985151
-879.33587647
-879.53140033
-879.71490469
-879.89332947
-880.06032281
-880.23600320
-880.41253021
-880.59229098
-880.80213422
-881.04914732
-881.27877736
-881.49290890
-881.67358611
-881.86124979
-882.02206803
-882.20038954
-881.95137887
-882.14542142
-882.34512112
-882.56312251
-882.74134722
-882.90713682
-883.07082409
-883.21811641
-883.43771997
-883.61536947
-883.81115468
-883.98852338
-884.18118051
-884.39434505
-884.67182591
-884.94601170
-885.18743657
-885.38721962
-885.67519966
-885.95785352
-886.19628100
-886.45848917
-886.72005400
-886.90541273
-887.11034495
-887.39139760
-887.14251773
-887.38979839
-887.14107227
-886.89257880
-887.03788062
-887.26631866
-887.43227089
-887.62893725
-887.80693812
-888.06792120
-888.28743318
-888.53475770
-888.80599411
-889.09130772
-889.38302397
-889.64349498
-889.39519527
-889.14702909
-889.42493179
-889.71502465
-889.97434913
-890.25975967
-890.50211733
-890.74347966
-890.49627767
-890.78912101
-890.93188398
-891.21639730
-891.47662995
-891.72631157
-892.01030824
-892.27941309
-892.54440096
-892.80558016
-892.55795228
-892.84466800
-893.10324685
-893.38187815
-893.67410014
-893.42687376
-893.69605268
-893.96683702
-894.22854675
-894.49376486
-894.77198637
-895.01098130
-895.25175539
-895.00398558
-895.17420621
-894.92711810
-895.16692803
-895.40277616
-895.66984711
-895.88980643
-896.16077006
-896.43502011
-896.70441714
-896.97733889
-897.10278019
-897.37334903
-897.12604354
-897.38630936
-897.65101836
-897.88876616
-898.10015188
-898.33618971
-898.55201367
-898.30473301
-898.47446181
-898.74856253
-898.95211697
-899.09941724
-899.27364359
-899.42574522
-899.63359960
-899.84514431
-899.99978587
-900.08873053
-900.22646947
-900.35842921
-900.57725891
-900.73775670
-900.89383614
-901.05615003
-901.22224575
-901.38927033
-901.35217062
-901.50927174
-901.66964380
-901.74338372
-901.94932549
-902.12259064
-901.87623198
-902.03549934
-901.78949242
-901.95338854
-902.12149850
-902.23487714
-902.37294354
-902.53920522
-902.69844719
-902.85070068
-902.99380359
-903.12468525
-903.31485517
-903.56721723
-903.76172620
-903.95320214
-904.10512538
-903.85912162
-904.04472164
-904.27591717
-904.46337278
-904.71815490
-904.95198450
-905.17304441
-905.37637562
-905.50344683
-905.66406291
-905.77873677
-905.96635625
-906.16337670
-906.38729446
-906.58720910
-906.74622733
-906.92450588
-907.15898297
-907.35104788
-907.10600136
-907.27389117
-907.02922483
-906.81947523
-907.06039670
-907.30639818
-907.06136712
-907.27794629
-907.46345152
-907.69791764
-907.85935674
-908.09468503
-908.33469339
-908.56719849
-908.78770476
-909.01868195
-909.23018055
-909.45509221
-909.59610861
-909.74088400
-909.97194527
-910.17144496
-910.31015520
-910.49984681
-910.72037870
-910.93777516
-910.69334211
-910.85654361
-911.06009821
-910.81555103
-910.99928819
-911.16942947
-910.92506942
-911.10098943
-911.30800949
-911.46913542
-911.62752785
-911.78969107
-911.95324996
-911.70895534
-911.87312180
-912.05277891
-912.21795756
-912.36419687
-912.12016669
-912.27990336
-912.41329190
-912.56795078
-912.72961229
-912.89460963
-913.05747797
-913.22308255
-913.39090360
-913.58416450
-913.78051766
-913.99003152
-913.74648304
-913.90570873
-914.13338043
-914.37334058
-914.61788575
-914.82632620
-915.02473109
-915.13087326
-914.88759957
-915.05936050
-915.21343559
-915.33160693
-915.49573952
-915.65104476
-915.40829875
-915.56869429
-915.71860145
-915.87193809
-915.62889076
-915.78797551
-915.54506634
-915.69118088
-915.74837007
-915.88110884
-916.03231690
-916.18374030
-916.34101865
-916.46542734
-916.61285709
-916.76507027
-916.52271531
-916.67122903
-916.81906608
-916.57696109
-916.74009433
-916.88942138
-917.03414939
-917.19040618
-917.31254526
-917.45945218
-917.61714899
-917.76232977
-917.93647258
-918.09219439
-918.23514573
-918.38517525
-918.53390113
-918.71893883
-918.92569685
-919.07595631
-919.22721466
-919.38951552
-919.53077730
-919.28900953
-919.41782908
-919.56443234
-919.69790261
-919.84483188
-919.97333480
-920.11054518
-920.26083016
-920.41202426
-920.54866097
-920.30720268
-920.43939607
-920.52569575
-920.65687144
-920.78366212
-920.91760555
-921.03322925
-921.16122267
-921.25816356
-921.40365497
-921.49496342
-921.61488598
-921.37407961
-921.13377666
-921.26076144
-921.35834829
-921.11781386
-921.24142807
-921.39029645
-921.51787267
-921.66545591
-921.79540548
-921.93575734
-922.08406674
-921.84448561
-921.99715041
-922.13776544
-922.28565146
-922.43632260
-922.56664846
-922.71273646
-922.83347681
-922.98022718
-923.11395064
-922.87430453
-923.00135940
-923.15369803
-923.33142310
-923.50208487
-923.68157844
-923.84863643
-923.99095308
-924.14455659
-923.90516371
-924.09400532
-924.28112026
-924.47304113
-924.63052084
-924.83398748
-925.00981958
-925.21738730
-925.44020374
-925.64318064
-925.85833406
-926.07197534
-926.23260248
-925.99333606
-926.11707874
-926.27534825
-926.03606838
-926.19938948
-926.33030177
-926.48099130
-926.24207216
-926.36711332
-926.50527110
-926.64783560
-926.40902010
-926.56474715
-926.69786903
-926.82362467
-926.94572452
-927.07725604
-927.22175982
-927.38686874
-927.53382433
-927.69630607
-927.84974784
-927.61138042
-927.77102542
-927.91683554
-928.07350028
-928.22538529
-928.37676620
-928.50830983
-928.64779794
-928.75585830
-928.89201122
-929.00520292
-929.15231473
-929.30007124
-929.44630261
-929.59329880
-929.74141928
-929.50340265
-929.26554648
-929.42434500
-929.59959502
-929.78829179
-929.95023991
-930.10217903
-930.25481704
-930.41142134
-930.17381798
-929.93650211
-930.09572417
-930.26510136
-930.42146469
-930.57165099
-930.74228203
-930.88864197
-931.03488114
-931.19723166
-931.33915540
-931.44886563
-931.57292796
-931.69818356
-931.82484192
-931.58776748
-931.71602776
-931.47913675
-931.64704414
-931.75998590
-931.89304633
-932.03726114
-932.17892600
-932.37720263
-932.60072330
-932.84188486
-933.07212445
-933.26920997
-933.44730639
-933.61570391
-933.37922776
-933.55018895
-933.31408106
-933.46442119
-933.22819065
-933.41483869
-933.54946222
-933.71097568
-933.86517915
-934.00799987
-934.16022419
-934.29862158
-934.46778111
-934.61386385
-934.76412850
-934.52812331
-934.68078097
-934.44533293
-934.57866306
-934.71717751
-934.48155451
-934.61995259
-934.74987244
-934.90280100
-935.07017311
-935.23168945
-935.40266460
-935.55057564
-935.31512988
-935.44098362
-935.58280680
-935.67115331
-935.79777277
-935.94003067
-936.05640832
-936.19239659
-936.31532326
-936.45397375
-936.59762967
-936.73460685
-936.87870819
-937.01832809
-937.17091536
-937.30607719
-937.45295311
-937.21829335
-937.35761332
-937.50081829
-937.63033881
-937.76231864
-937.89264061
-938.05265729
-938.20399825
-938.34511503
-938.49121576
-938.25661230
-938.42716435
-938.19271147
-938.33305955
-938.47126631
-938.60188140
-938.76174033
-938.88973238
-939.02762455
-939.16348499
-939.29438437
-939.39698392
-939.52249144
-939.64870287
-939.79128026
-939.93178703
-940.06623305
-940.20986696
-940.34750129
-940.46801815
-940.23415900
-940.36476246
-940.50746828
-940.63238307
-940.77061190
-940.89176765
-940.65811669
-940.81892424
-940.92080539
-940.68827676
-940.85001739
-940.97036511
-941.13501015
-941.27269224
-941.42240688
-941.18919809
-941.28766024
-941.05549791
-941.20614426
-941.34905696
-941.46637734
-941.60622418
-941.73255360
-941.84590878
-941.98519468
-941.75234630
-941.90154795
-942.09512851
-942.32529952
-942.49449337
-942.72601137
-942.94550155
-943.17680418
-943.30593751
-943.50830997
-943.64166112
-943.85962320
-944.08388946
-943.85143502
-944.07051975
-944.29247092
-944.51208404
-944.71528169
-944.84350412
-944.94869496
-945.08639551
-944.85401397
-944.98825025
-945.12219352
-945.27771291
-945.41907151
-945.56428331
-945.74230161
-945.93066380
-946.13863424
-945.90664547
-946.14166487
-946.31166794
-946.52717842
-946.74888421
-946.89976584
-947.12061416
-947.33470897
-947.53697871
-947.75218379
-947.97467970
-948.17307700
-948.40476124
-948.61259567
-948.38112128
-948.14934711
-947.91785702
-948.13421044
-948.36940911
-948.51651573
-948.71016774
-948.93012110
-949.12900951
-949.32628393
-949.09532547
-949.30021952
-949.52916539
-949.29798149
-949.06699163
-949.24049952
-949.00942371
-949.24510406
-949.46949685
-949.68915998
-949.89666148
-950.11320320
-950.35502131
-950.57905242
-950.81827528
-951.02127919
-951.24855707
-951.01766567
-951.24595764
-951.47604257
-951.69082331
-951.89517409
-952.10188973
-952.30118742
-952.53957557
-952.74163970
-952.95122712
-953.17626598
-953.40993159
-953.62394555
-953.86161102
-954.07468803
-953.84376570
-954.06088915
-954.29942703
-954.06862164
-953.83800927
-954.02869023
-954.22058555
-954.42943328
-954.19887653
-954.40539986
-954.17527017
-953.94493617
-954.12125611
-954.35451559
-954.53955997
-954.77473785
-955.01313433
-955.24370940
-955.44061658
-955.21055156
-955.41830665
-955.64204057
-955.41243456
-955.62914370
-955.85761642
-956.07881627
-955.84890503
-956.07756653
-956.30627078
-956.52566928
-956.73817432
-956.50844307
-956.74789799
-956.94239296
-957.17009287
-957.39756522
-957.59679324
-957.82185710
-958.04654895
-958.26000898
-958.48432484
-958.68431709
-958.45553767
-958.66741013
-958.88024443
-959.08802591
-959.27598101
-959.42637042
-959.65259290
-959.86228984
-960.06504872
-960.26152082
-960.48094595
-960.68975110
-960.85831642
-961.02638779
-961.23456584
-961.38539426
-961.54393424
-961.74452852
-961.95469105
-962.13990438
-962.34243411
-962.53680678
-962.73657214
-962.95113965
-962.72171547
-962.85721314
-963.04408288
-963.21644126
-963.38106356
-963.56095868
-963.74212383
-963.91885363
-964.09380031
-964.24167314
-964.37876178
-964.50505154
-964.64698216
-964.79751906
-964.56856157
-964.69586143
-964.82352287
-965.02348215
-965.17519767
-965.29134329
-965.40929839
-965.52724494
-965.64781314
-965.80817822
-965.93101444
-966.05354855
-966.17394100
-966.31138577
-966.42355261
-966.53272329
-966.30428065
-966.42521734
-966.59985262
-966.37143745
-966.50344088
-966.64151532
-966.76865357
-966.89014326
-966.66193443
-966.77281385
-966.89210416
-967.00988689
-967.14333330
-966.91574597
-967.05337934
-967.16719837
-967.28084977
-967.40752386
-967.51217658
-967.64788861
-967.42010897
-967.53413968
-967.66185258
-967.74609963
-967.85337159
-967.97917197
-968.08016431
-968.19551780
-968.32114576
-968.45257036
-968.60273368
-968.74773674
-968.87770352
-968.99600029
-969.11014950
-969.26833604
-969.04110315
-969.16391299
-969.28542422
-969.40515732
-969.17807756
-969.30318157
-969.43493286
-969.56139818
-969.68869687
-969.80014383
-969.92267032
-969.69575970
-969.81809993
-969.59135984
-969.70553941
-969.82745620
-969.93209842
-969.70561098
-969.82880132
-969.91203508
-970.02855027
-970.13531589
-970.25447550
-970.35074181
-970.12441017
-970.23879722
-970.35730069
-970.13127107
-970.25190221
-970.37183738
-970.46871227
-970.59236981
-970.36653557
-970.47783148
-970.60000003
-970.68362942
-970.79627162
-970.87465850
-970.95223048
-971.07339425
-971.18006371
-971.31730245
-971.44919610
-971.56589953
-971.68265273
-971.45753872
-971.58011979
-971.67279020
-971.44769467
-971.58230412
-971.68635450
-971.81057019
-971.90395978
-972.02354373
-972.15311147
-972.28669340
-972.42134759
-972.57854100
-972.72433627
-972.86279910
-973.01637890
-973.14754130
-972.92257309
-973.04452787
-972.81965960
-972.94102056
-973.06320449
-973.18092379
-973.27967269
-973.39859935
-973.52719105
-973.66613128
-973.77324753
-973.54875765
-973.68761004
-973.81180286
-973.58738323
-973.70607212
-973.83220803
-973.96573547
-974.09275186
-974.25559911
-974.38003642
-974.50812656
-974.67198693
-974.83873657
-974.98910345
-975.14206590
-975.29469038
-975.41535794
-975.51769154
-975.29383044
-975.41125309
-975.52908856
-975.64873541
-975.76660655
-975.89012767
-976.02000118
-976.16724724
-976.31202011
-976.43606218
-976.55570031
-976.66454275
-976.79002102
-976.92347465
-977.04612250
-977.16246059
-977.28386717
-977.40060257
-977.17720213
-977.25363572
-977.03051046
-977.14629908
-976.92314264
-977.03503177
-977.14881435
-977.23904118
-977.35756805
-977.47885623
-977.59709993
-977.71892391
-977.82683029
-977.94215460
-978.06929399
-978.16737718
-978.27658020
-978.05375202
-978.16547267
-978.28299674
-978.39042765
-978.50809888
-978.61502750
-978.39240519
-978.50835557
-978.61350646
-978.74185475
-978.86343862
-978.98529808
-979.10563340
-979.19815299
-979.29843878
-979.41181465
-979.53303856
-979.65622762
-979.80135047
-979.89827280
-980.01946373
-980.13438534
-980.25066878
-980.36647878
-980.47938171
-980.59346047
-980.70289469
-980.48093602
-980.57677705
-980.71279306
-980.82160319
-980.95516909
-981.08304397
-980.86172625
-980.97488521
-981.08712303
-981.20794427
-980.98632953
-981.10023579
-981.19740161
-981.32575574
-981.43515535
-981.54486662
-981.32352526
-981.44908643
-981.22777920
-981.34031831
-981.44049207
-981.55664997
-981.33564115
-981.45485807
-981.56928178
-981.69681063
-981.79946154
-981.92678682
-982.04980198
-982.17898512
-982.32234972
-982.45191401
-982.58383328
-982.72283768
-982.50207654
-982.64190043
-982.74180592
-982.84120597
-982.95331350
-983.06615910
-983.16832536
-983.28320375
-983.39169700
-983.50510194
-983.28542983
-983.40598325
-983.55367962
-983.68312516
-983.81623298
-983.92934441
-984.04284430
-984.14679715
-984.25548601
-984.36132501
-984.47548351
-984.58746272
-984.69065357
-984.81412470
-984.91658071
-985.02123653
-985.13732615
-984.91756712
-985.02044597
-985.13450682
-985.23916256
-985.34671318
-985.45312415
-985.55203156
-985.64005142
-985.74786982
-985.84580938
-985.95772520
-986.05803256
-986.18286170
-986.30465163
-986.42743119
-986.54975364
-986.66147681
-986.78119891
-986.88517074
-986.97792476
-987.07598633
-987.18723423
-987.29615544
-987.39606312
-987.48665455
-987.26786712
-987.37326155
-987.48781719
-987.59694948
-987.65704278
-987.77073709
-987.88320177
-987.66432888
-987.71299222
-987.49437671
-987.59910237
-987.70737293
-987.80278416
-987.91069820
-988.02162646
-988.12548552
-988.24086835
-988.36233428
-988.49397732
-988.27534536
-988.41317663
-988.54061281
-988.67825852
-988.78527488
-988.87884967
-988.66078901
-988.80151629
-988.91660295
-989.04470579
-989.19322364
-989.29330654
-989.40377684
-989.52569141
-989.65469265
-989.78461954
-989.92241859
-990.01481433
-990.12398321
-990.21646356
-990.31646476
-990.41208381
-990.52513166
-990.60952467
-990.71673394
-990.79066031
-990.90254027
-990.99694667
-991.10813360
-991.23051147
-991.33321598
-991.47061002
-991.25288641
-991.37484891
-991.47914369
-991.26162121
-991.36990331
-991.47757908
-991.58062697
-991.67679378
-991.76421895
-991.86544223
-991.96853715
-992.08262460
-991.86533783
-991.96509800
-992.05535096
-992.16462709
-992.25731523
-992.35375975
-992.43942105
-992.51531711
-992.57471438
-992.66188720
-992.73170063
-992.84145922
-992.94959191
-993.01938850
-993.10115591
-993.21003120
-993.31788445
-993.40960733
-993.47103899
-993.57372653
-993.68391189
-993.83751161
-993.62099250
-993.75504732
-993.87379267
-993.98857012
-994.10368354
-994.21879978
-994.00259175
-994.11014232
-994.22108637
-994.33296130
-994.11707362
-994.22460597
-994.34969474
-994.13397705
-994.28492052
-994.42884599
-994.55599344
-994.66083791
-994.76253228
-994.86599546
-994.96731289
-995.07362882
-995.18363958
-995.29603197
-995.40156511
-995.49775330
-995.60882456
-995.69274895
-995.81113731
-995.91337551
-996.01751150
-996.16338524
-996.28481068
-996.42354589
-996.54117040
-996.67202713
-996.77286387
-996.55780075
-996.70957326
-996.84928651
-997.00121408
-997.08873194
-996.87360635
-997.02228220
-997.15645457
-997.27703952
-997.40045161
-997.51200289
-997.62327168
-997.76042939
-997.89768014
-998.02960545
-998.12459241
-997.90968256
-998.01326973
-998.12612348
-998.20451611
-998.29942681
-998.40775449
-998.48781926
-998.59816397
-998.38338874
-998.50251415
-998.59457733
-998.70448329
-998.80940257
-998.87333960
-998.96276117
-999.06814389
-999.17119219
-999.26530292
-999.37749412
-999.45392514
-999.56313212
-999.66014123
-999.77314716
-999.87204564
-999.65778401
-999.76747906
-999.87322881
-999.97763544
-999.76347525
-999.85623369
-999.95933791
-1000.06576369
-999.85173095
-999.95184200
-999.73842686
-999.84817766
-999.95067158
-1000.03417336
-999.82092324
-999.90397306
-1000.01008780
-1000.12342303
-1000.22820894
-1000.32791089
-1000.46140563
-1000.59047685
-1000.70435570
-1000.80303983
-1000.91689102
-1001.00714928
-1001.10428651
-1001.18894966
-1001.29023859
-1001.39620179
-1001.50125594
-1001.62136918
-1001.72713838
-1001.82575031
-1001.92167909
-1001.98484563
-1002.08879454
-1002.18222304
-1001.96920992
-1002.07466169
-1002.17856713
-1002.27646160
-1002.37803481
-1002.48038240
-1002.57846009
-1002.68452485
-1002.78732898
-1002.89072193
-1002.98300331
-1003.09166707
-1003.19556806
-1003.28514677
-1003.38713600
-1003.17443310
-1003.25931369
-1003.04674446
-1003.14235718
-1003.24127326
-1003.34843318
-1003.45756050
-1003.55135268
-1003.65205811
-1003.75523256
-1003.86266335
-1003.65056852
-1003.77301173
-1003.56099519
-1003.67000852
-1003.78363223
-1003.57160726
-1003.67854544
-1003.79268276
-1003.58082844
-1003.68831991
-1003.79987789
-1003.90847423
-1004.01905477
-1004.15462036
-1004.27798693
-1004.39839104
-1004.50221636
-1004.63314782
-1004.75570274
-1004.86102332
-1004.96103001
-1005.01480792
-1005.11637852
-1005.23921096
-1005.36370802
-1005.48995068
-1005.63219831
-1005.75078842
-1005.89159711
-1006.01918716
-1006.10739577
-1006.21070031
-1006.31062200
-1006.42252280
-1006.55150422
-1006.67750320
-1006.81299571
-1006.93992542
-1007.05030667
-1007.13592951
-1007.25020844
-1007.36880082
-1007.49122268
-1007.61682774
-1007.72642672
-1007.83075574
-1007.93532336
-1008.03500701
-1008.13619197
-1007.92516528
-1007.71482982
-1007.81548758
-1007.92250745
-1008.03275205
-1008.13289016
-1008.25989843
-1008.37839143
-1008.16792900
-1008.28473541
-1008.39617855
-1008.47037554
-1008.57223495
-1008.67351172
-1008.78023259
-1008.57036669
-1008.67711962
-1008.77075583
-1008.86413181
-1008.96574644
-1009.06985264
-1009.17546488
-1009.27523553
-1009.37580806
-1009.47267793
-1009.26258844
-1009.35083541
-1009.45265566
-1009.55515352
-1009.64823349
-1009.76028615
-1009.92111028
-1009.71117167
-1009.81537347
-1009.93580376
-1009.72650513
-1009.82729135
-1009.94693831
-1010.06529510
-1010.18038621
-1010.27658931
-1010.38784042
-1010.47932804
-1010.58190668
-1010.69233021
-1010.77292456
-1010.86313628
-1010.96318155
-1011.06168966
-1011.15748502
-1011.25211894
-1011.33616878
-1011.42659369
-1011.51686822
-1011.61352048
-1011.69516750
-1011.77746886
-1011.56821964
-1011.66959948
-1011.76988752
-1011.86218917
-1011.96129693
-1012.05925400
-1012.15322601
-1012.24810944
-1012.32393997
-1012.40141836
-1012.48824585
-1012.58506194
-1012.68732929
-1012.78154059
-1012.57281157
-1012.36417015
-1012.45584007
-1012.54905102
-1012.64853595
-1012.44000366
-1012.53830012
-1012.62429447
-1012.71854976
-1012.80051998
-1012.89333875
-1012.98746197
-1012.77930507
-1012.86569297
-1012.97723062
-1012.76894226
-1012.87083181
-1012.92964124
-1012.72157699
-1012.80359567
-1012.85208742
-1012.90062724
-1012.94795810
-1012.99081850
-1013.03551734
-1013.09401539
-1013.18297967
-1013.27592422
-1013.37584385
-1013.45950024
-1013.55871294
-1013.63450542
-1013.71786968
-1013.81135174
-1013.90116837
-1013.98668579
-1014.08809625
-1014.18447316
-1014.29562678
-1014.38673992
-1014.50313977
-1014.29567731
-1014.43004146
-1014.57223803
-1014.68567653
-1014.78626751
-1014.87229206
-1014.96104230
-1015.05805203
-1015.15539653
-1015.25360173
-1015.35070065
-1015.44281653
-1015.52108589
-1015.61830460
-1015.72183232
-1015.80612121
-1015.89904751
-1015.99982574
-1016.06899330
-1016.12763229
-1016.26108913
-1016.38662295
-1016.50258191
-1016.60123075
-1016.68479006
-1016.78004827
-1016.87803376
-1016.97624929
-1017.08608512
-1017.17830432
-1017.29274800
-1017.40324974
-1017.51078060
-1017.62632224
-1017.71434537
-1017.80664037
-1017.89519847
-1017.68865196
-1017.77211230
-1017.86412792
-1017.94996239
-1017.74359780
-1017.84375672
-1017.91671892
-1018.00535448
-1018.07751723
-1018.15246135
-1018.23028414
-1018.30405387
-1018.38831613
-1018.54997790
-1018.69312139
-1018.81467523
-1018.96276712
-1019.04849445
-1018.84255899
-1018.95612954
-1018.75014530
-1018.89106931
-1019.04247320
-1019.17676339
-1019.32271779
-1019.11720831
-1019.24089871
-1019.33853765
-1019.44486681
-1019.57456878
-1019.70837440
-1019.83385933
-1019.93550211
-1020.07703266
-1020.21036405
-1020.31172585
-1020.42827910
-1020.51701095
-1020.60581261
-1020.70551205
-1020.83542399
-1020.91614666
-1021.02360263
-1021.10305547
-1021.21838541
-1021.34847357
-1021.14357050
-1021.26947264
-1021.06422197
-1021.14416002
-1021.22600920
-1021.30694852
-1021.40023522
-1021.19510985
-1021.28866454
-1021.37680370
-1021.48316976
-1021.59334913
-1021.69030296
-1021.79008744
-1021.86880679
-1021.96387891
-1022.03401556
-1022.11465512
-1022.19947723
-1022.28431312
-1022.37862759
-1022.45638523
-1022.55343553
-1022.65233133
-1022.72306334
-1022.81746389
-1022.90343020
-1022.99126221
-1023.08748450
