-1431.80673040
-1379.28776794
-1415.92331592
-1437.98432349
-1420.11091598
-1432.08601129
-1416.41130529
-1437.00694666
-1452.05765927
-1455.16324316
-1418.71456837
-1376.56497416
-1397.35228230
-1404.20146022
-1417.50629002
-1422.79870777
-1415.47624652
-1426.44669724
-1431.04707135
-1419.78085930
-1425.07922938
-1428.79349333
-1413.52619306
-1398.47387651
-1408.63175724
-1413.59148316
-1407.62339985
-1411.12148435
-1419.29763931
-1415.80496243
-1421.61529495
-1415.77893622
-1422.67925897
-1428.98280641
-1415.71946837
-1405.87760880
-1394.94181361
-1398.06874579
-1389.92609265
-1387.03254583
-1382.66093499
-1381.51268395
-1384.84441326
-1382.89510557
-1385.60688354
-1388.49307314
-1390.87897419
-1385.46225894
-1390.41844323
-1383.11667311
-1385.37963084
-1388.37476083
-1389.34106850
-1390.70637610
-1388.90766545
-1384.93730550
-1383.47751689
-1386.33629776
-1387.97265773
-1382.70839264
-1384.45598522
-1385.03365470
-1385.46400658
-1385.45221001
-1386.47242017
-1387.73853028
-1388.48180366
-1388.69798862
-1390.23439718
-1389.61741394
-1388.44418641
-1390.81056499
-1391.99522477
-1391.61063699
-1388.92404524
-1388.03023946
-1390.57043562
-1389.83079580
-1388.17417058
-1388.14021653
-1389.36289953
-1390.52651177
-1390.80554286
-1386.34493145
-1385.25199509
-1383.39899952
-1381.21624912
-1380.38958642
-1378.66574158
-1374.69744597
-1374.11982308
-1373.88938018
-1372.40061286
-1369.75739876
-1368.56981121
-1366.47614349
-1363.45554871
-1363.68131424
-1363.16351286
-1362.49057951
-1361.78222778
-1361.97740376
-1361.58069019
-1358.33470484
-1357.41330461
-1355.27653123
-1353.35504088
-1348.97669195
-1343.45740706
-1342.47840928
-1337.16387632
-1334.60080295
-1332.36341375
-1330.81011110
-1331.35563431
-1330.76844752
-1329.30774064
-1328.69237107
-1324.62063813
-1321.63691002
-1317.98829569
-1316.48032448
-1313.88822587
-1312.63777340
-1311.60861335
-1311.16687869
-1310.34268360
-1309.28377182
-1307.81081692
-1305.28985945
-1302.62552037
-1301.02685971
-1296.98163271
-1293.22079450
-1290.15597141
-1287.73454309
-1283.80607674
-1279.85940609
-1275.16385346
-1274.21924549
-1275.69363217
-1276.54929728
-1276.87837420
-1274.41291962
-1272.43870257
-1271.66651620
-1270.22477687
-1268.67191293
-1267.81750645
-1265.47597160
-1262.14005317
-1259.16514573
-1258.83234738
-1259.40944492
-1259.58552186
-1259.15059649
-1257.43633037
-1255.06779370
-1252.67347521
-1249.93964312
-1248.58243725
-1245.53002577
-1243.29832534
-1239.54599601
-1236.61668518
-1232.33860533
-1231.69121183
-1229.44868642
-1229.02607779
-1225.41785454
-1222.52979627
-1221.41157029
-1221.80135414
-1220.23837102
-1220.47471745
-1216.57832922
-1212.49942391
-1209.77712749
-1207.11302779
-1202.97379520
-1198.91725402
-1198.16233152
-1196.13673352
-1193.51098062
-1189.73626116
-1187.29535105
-1190.55814553
-1189.77435526
-1188.04323057
-1184.53477113
-1181.29858898
-1184.33256110
-1184.19314290
-1180.47778608
-1177.50953532
-1180.14971395
-1176.05494392
-1175.90336717
-1171.83530698
-1174.33538479
-1169.12875026
-1165.05633177
-1162.65105601
-1157.53445979
-1153.07300651
-1150.45707501
-1146.02901480
-1141.65419707
-1141.01212411
-1141.10523508
-1140.84287349
-1140.30772323
-1140.29437921
-1137.66171211
-1136.69047814
-1136.19601440
-1135.64921702
-1134.47854933
-1132.49783449
-1131.24321540
-1126.13824800
-1123.83857104
-1124.45844431
-1125.01063246
-1123.94483903
-1119.99808871
-1117.82935928
-1116.40578846
-1116.34900598
-1116.38073851
-1115.31811581
-1113.23965867
-1108.99471388
-1104.96012869
-1103.30586897
-1100.15832781
-1097.53082897
-1094.78888317
-1093.23980019
-1089.65267471
-1087.13671791
-1084.68253702
-1081.23618288
-1078.78333436
-1076.32843502
-1075.01218088
-1074.13364335
-1070.30931419
-1066.50452198
-1062.73167942
-1064.01629862
-1060.77529104
-1057.05746168
-1056.52952228
-1052.86694474
-1051.48642201
-1047.86892745
-1044.69150438
-1044.44380057
-1042.27165565
-1039.22038457
-1035.26154563
-1035.91184434
-1034.92825769
-1033.75857750
-1032.95557280
-1031.55135451
-1030.25102647
-1030.57440563
-1028.53525608
-1029.96820373
-1027.38300705
-1025.62005079
-1022.32609118
-1019.05223090
-1015.80308078
-1016.70656037
-1017.26917986
-1017.85487188
-1014.66295170
-1014.81091001
-1012.04021624
-1010.08349307
-1006.96043178
-1007.54218841
-1006.47831185
-1006.99414959
-1004.68891187
-1001.62644889
-998.18071374
-995.52707237
-993.66938912
-994.32763146
-992.45791969
-989.87933523
-988.17298022
-986.03821792
-985.00694439
-985.91000565
-986.65333881
-986.92126252
-987.24775526
-984.71519250
-985.06478950
-983.59361356
-982.34879856
-980.32291442
-977.53998605
-975.83825089
-973.47420950
-970.34561054
-967.98939513
-966.37979333
-964.43456981
-962.13907575
-959.78973151
-957.45666422
-954.82583707
-952.21264343
-951.21626123
-948.25992102
-946.07265374
-943.86709946
-941.33747697
-938.81604199
-936.31661537
-935.90649817
-933.05720315
-930.22432598
-928.13825649
-925.99796855
-923.88475034
-921.46768296
-922.17095863
-922.13954267
-922.01877141
-919.63439190
-917.25872298
-915.27684763
-913.25500392
-913.45167923
-911.84811993
-909.86690778
-907.92681063
-906.59528517
-904.66203750
-902.72912461
-900.48245966
-897.90338892
-896.33110086
-894.78065339
-893.59089677
-891.41039785
-889.24715798
-887.75170009
-885.93258694
-885.00729641
-883.20810737
-881.76497096
-880.31743841
-878.79820008
-877.04954536
-874.97251748
-873.52250418
-871.74102404
-870.37209350
-868.61200311
-866.57392326
-865.21617457
-863.76907294
-862.92091005
-861.24495485
-859.26468764
-857.28220191
-855.59881210
-853.65337302
-851.99948804
-850.06031068
-851.35329695
-849.73908284
-847.83723165
-846.48855849
-844.59117323
-842.70071338
-841.45123709
-839.58803016
-838.01262010
-836.73556790
-834.88418896
-832.74383362
-830.61660620
-828.80224923
-827.31776224
-826.06970481
-824.28230119
-823.33467065
-824.15993182
-822.38890089
-822.88478499
-821.12088639
-819.64904028
-817.89425974
-816.16446541
-814.14625043
-812.42817781
-810.71686710
-809.29632846
-807.61356275
-805.92595927
-804.99873065
-803.58907527
-802.20072518
-801.37411443
-802.14426062
-801.71173330
-800.08644023
-798.45416521
-796.83014462
-795.21446891
-794.10589872
-793.71681628
-792.11680970
-790.24884792
-788.67113969
-787.34963170
-785.78482112
-784.22742140
-783.38858203
-781.84197886
-780.28952956
-778.99808414
-778.22144936
-776.70723714
-775.89614834
-774.39937379
-772.90599966
-771.70662513
-770.49497709
-769.02264028
-768.50308800
-767.27780886
-766.29647766
-764.56937307
-763.60384940
-762.15849463
-760.71868512
-759.28094064
-759.16892435
-757.48288839
-756.55082644
-755.13312884
-753.72802680
-752.33828443
-750.94643096
-749.55305940
-748.62286154
-748.35295643
-746.71919695
-745.35654118
-743.99712152
-742.64465609
-741.54441652
-740.68112617
-739.34349906
-738.01042282
-736.96015277
-735.64356987
-734.34156321
-733.91160980
-732.84712767
-731.53863845
-730.25147566
-729.22454983
-727.93469010
-726.66114995
-725.38305932
-724.11212208
-724.07873227
-723.28898763
-723.21199775
-721.95861029
-721.15520026
-720.16558650
-718.93450077
-717.70603021
-716.48682913
-715.78428480
-714.55602967
-713.09489634
-711.89094656
-710.69916874
-709.49134317
-708.75106008
-708.52736322
-707.55774662
-706.36414733
-706.50448544
-705.33067719
-704.15997755
-702.75365688
-701.35149953
-701.41261064
-700.68497769
-699.29716996
-698.14489029
-696.99398232
-696.07520428
-695.14517991
-694.02004191
-692.90348105
-691.77835807
-690.86790048
-690.63813887
-690.18656220
-690.33829859
-689.23795255
-688.13105628
-687.26749171
-687.72865165
-686.63527904
-685.55517583
-684.46717578
-683.16050094
-682.09224840
-682.09964582
-681.02905968
-679.73727467
-678.90536796
-677.83795918
-676.99834766
-676.91528814
-675.86601713
-676.26494787
-676.77644503
-675.74025223
-675.75860564
-674.72600989
-674.09677192
-673.06661625
-672.23238336
-670.99146221
-670.36200741
-669.55105343
-668.54437584
-667.54582953
-666.76250976
-665.54470971
-664.75632147
-663.97335354
-662.99033908
-662.01502423
-661.03877665
-660.05717353
-659.08341562
-657.89802698
-656.93791563
-655.97263298
-655.20703496
-654.46906648
-654.56599755
-654.69444233
-653.75025027
-653.01636886
-652.46785321
-651.52023863
-651.26219689
-650.51425451
-649.77285093
-648.63099071
-647.88694583
-646.95557110
-646.22106227
-645.30091210
-644.38348782
-643.69488871
-642.57761287
-642.23539896
-641.33048436
-640.42332682
-639.70512173
-639.00203262
-638.78347458
-637.89795785
-637.01816623
-636.30473554
-635.61666005
-634.73850146
-633.66034164
-632.79345617
-632.13803970
-631.45413468
-631.16953220
-630.73212500
-629.86644443
-629.20498888
-628.54810683
-627.70093845
-627.05289022
-626.00645742
-625.16167252
-624.31919902
-623.48216455
-622.63733691
-622.63586214
-621.60701051
-620.76969002
-619.93950057
-619.11469835
-618.70502491
-617.88104930
-617.07420954
-616.27416822
-615.46058146
-615.18332507
-614.18423455
-613.38294014
-612.58713438
-612.17823833
-611.61246137
-610.82193011
-610.02779493
-609.24614178
-608.89636584
-607.92372243
-606.95148000
-606.74056072
-606.15659301
-605.54297381
-604.96094042
-604.00675337
-603.24221643
-602.66642157
-601.91012189
-601.15009538
-600.39597832
-599.45717705
-598.70486597
-598.31682043
-598.08556904
-597.33397518
-596.94276101
-596.54333677
-595.61713533
-594.69470501
-593.95724434
-593.22556908
-592.49291946
-591.94379712
-591.21424859
-590.83767805
-590.58088814
-589.86570481
-589.14295242
-588.43109586
-588.10529043
-587.54803253
-587.16778747
-586.46074051
-586.07691465
-585.70544844
-585.36407993
-584.48580270
-583.79393358
-583.09911220
-582.40496113
-581.53105004
-580.83970262
-580.31208896
-580.69018579
-580.36176778
-579.49715800
-578.81567010
-578.30898334
-577.62075924
-577.13969516
-576.28663549
-575.62221800
-574.95353792
-574.43917207
-573.94394224
-573.28368932
-572.61666215
-572.12412238
-571.63256383
-572.31374796
-573.04173241
-573.30348104
-573.41274444
-572.94266194
-572.28066854
-571.63350944
-570.98016857
-570.32544542
-569.67512552
-569.02450541
-568.52306971
-567.88100196
-567.37687953
-566.72977177
-566.09674502
-565.79767097
-565.16452996
-564.53156116
-563.89280788
-563.26120342
-562.46373790
-561.97562087
-561.35912135
-560.56877283
-559.95259365
-559.33090301
-558.70906684
-558.39907358
-557.78260219
-557.16802114
-556.55783741
-555.94723196
-555.17338818
-554.73291200
-553.96619430
-553.36446324
-553.07989789
-552.47986735
-552.17046598
-551.57964378
-550.82000794
-550.38295846
-549.94520575
-549.35826884
-548.76803231
-548.17961451
-547.58686815
-546.84467620
-546.43767924
-545.85932482
-545.28220107
-544.70594610
-544.45747672
-544.19454533
-543.61311371
-542.87984547
-542.31094839
-541.58177568
-541.19142805
-540.46627071
-539.74383088
-539.02213726
-538.30594807
-538.08680118
-537.67085596
-537.46556484
-537.06436183
-536.79402393
-536.24091756
-535.86120938
-535.15314921
-534.76098595
-534.36518030
-533.66250741
-533.27798280
-532.73788868
-532.35596161
-531.95559326
-531.41880325
-531.02596178
-530.49327124
-529.95742812
-529.79872552
-529.10989408
-528.57775717
-528.04452422
-527.51612138
-526.98270795
-526.59908352
-526.21979241
-525.54474523
-525.03203947
-524.50360582
-523.83033792
-523.31043456
-522.79330108
-522.28583370
-521.90517897
-521.87233286
-521.83175129
-521.32368471
-520.95937701
-520.30046694
-519.79504102
-519.28979512
-519.07964630
-518.85058169
-518.20022369
-517.70610527
-517.05513603
-516.69816375
-516.46798860
-516.11240597
-515.61814853
-515.27711660
-514.94185406
-514.57847350
-514.22357673
-513.72626537
-513.37500465
-513.04218397
-512.90287232
-512.26914262
-511.79045733
-511.44018501
-511.08344766
-511.98332060
-511.50366591
-511.03069465
-510.68350726
-510.34785972
-510.00151469
-509.52211973
-509.18960509
-508.70976543
-508.37857899
-508.05829289
-507.71804286
-507.38990117
-506.92590618
-506.59992023
-506.12855392
-506.05552806
-505.89624253
-505.43923374
-504.97598436
-504.66334233
-504.46354025
-504.00297007
-503.55428357
-503.09673028
-503.71263263
-503.56324391
-504.12895344
-503.79823808
-503.34277405
-503.17553164
-502.71271720
-502.38227921
-502.06311561
-501.76302899
-501.31733765
-500.86999909
-500.54612589
-500.52694460
-500.08592278
-499.85990122
-499.76228497
-499.31827407
-498.87876733
-498.43807317
-497.99716200
-497.56063153
-497.12959443
-496.68757794
-496.25349068
-495.95185966
-495.51837784
-495.21658745
-494.89411246
-494.77426680
-494.57332413
-494.14377569
-493.71846434
-493.28784210
-492.98339328
-492.82656144
-492.26231694
-491.82936439
-491.41394719
-490.85333933
-490.55247341
-489.99675019
-489.69757087
-489.40901097
-488.98821793
-488.69863511
-488.28529624
-487.86492682
-487.44634934
-487.03221297
-486.61708418
-486.33016687
-485.92057482
-486.38099311
-485.97372172
-485.56521013
-485.40824321
-485.00377637
-484.60162856
-484.18756104
-484.02688965
-483.62205933
-483.21574285
-482.81505101
-482.53656416
-482.13874465
-481.73800366
-481.33844230
-481.05799080
-480.92080263
-480.65341536
-480.25449939
-479.72652791
-479.47237362
-479.07491149
-478.55141399
-478.27386100
-477.88089712
-477.49774426
-477.10722417
-476.84316574
-476.74534734
-476.48589924
-476.21413070
-476.08658803
-475.69733715
-475.31420010
-475.06284066
-474.67217114
-474.28315144
-473.77165039
-473.39412259
-473.00947072
-472.63650171
-472.49493734
-472.11334694
-471.73892347
-471.47386817
-471.10126398
-470.95557268
-470.71340416
-470.21182373
-469.83522685
-469.46753869
-468.96921405
-468.72368677
-468.35310027
-468.21404676
-468.08543506
-467.71448801
-467.35067084
-466.98701661
-466.61921253
-466.25648526
-466.15816303
-465.90255648
-465.54414219
-465.05724381
-464.69199400
-464.33651234
-463.97344500
-463.48927785
-463.12939266
-463.02439973
-462.79152830
-462.31232342
-461.95417680
-461.82980480
-461.58931291
-461.11406997
-460.63826188
-460.28208400
-460.15011865
-460.03070615
-459.68200309
-459.33221660
-458.97930376
-458.62399528
-458.27461893
-457.92686392
-457.70443244
-457.47366690
-457.13288859
-456.90673601
-456.82147330
-456.72429492
-456.37747533
-456.26227561
-455.91425172
-455.57089564
-455.23851623
-454.89761076
-454.55281968
-454.46877711
-454.34992838
-454.01313685
-453.78185347
-454.33506481
-454.76839469
-454.66080213
-454.56235880
-454.35498040
-454.02350533
-453.90792950
-453.68994525
-453.23906420
-452.90620328
-452.57977130
-452.13001550
-452.01154521
-451.67899662
-451.46724185
-451.13797642
-450.91868527
-450.59172557
-450.37040629
-450.04610535
-449.60341852
-449.28149646
-448.95830481
-448.74070588
-448.41551903
-448.08800740
-447.98695959
-447.88004805
-447.67669435
-447.36044321
-447.04001427
-446.71770550
-446.51784935
-446.20129947
-446.09540515
-445.66241251
-445.35113830
-445.03438463
-444.91845764
-444.48804329
-444.05832238
-443.74890610
-443.43106856
-443.12167151
-442.91783043
-442.60559890
-442.29238272
-442.19006718
-441.88221226
-441.57199320
-441.49321328
-441.19350500
-440.89370464
-440.58358644
-440.27878188
-439.97323072
-439.66820423
-439.46263867
-439.04509959
-438.73968035
-438.54817359
-438.34208479
-438.03705375
-437.73348519
-437.54546034
-437.24712280
-436.94983653
-436.53933705
-436.24392510
-436.05887326
-435.76733279
-435.47047670
-435.17349886
-435.10782132
-434.80996071
-434.40360845
-434.11524338
-433.81741586
-433.52317394
-433.23559121
-432.83583533
-432.43371765
-432.15016575
-431.86581776
-431.68572678
-431.28712613
-430.99555458
-430.71030095
-430.41814006
-430.13067413
-429.84922486
-429.45352598
-429.17155655
-428.98430730
-429.01342935
-428.61989615
-428.33400282
-428.14709807
-427.75511170
-427.58158922
-427.29964042
-427.01411745
-426.73284254
-426.45282671
-426.17062205
-426.00701761
-425.72808982
-425.45174205
-425.36566493
-425.19406672
-424.91246516
-424.63924221
-424.36321837
-424.08684441
-423.80955210
-423.42852209
-423.16084679
-422.98818635
-422.71788677
-422.33841186
-422.07074184
-421.80355710
-421.53889653
-421.27553335
-420.89916043
-420.72979781
-420.56856225
-420.19582438
-419.92471299
-419.76586948
-419.59526917
-419.53111512
-419.36712294
-419.20825330
-418.94182984
-418.68068472
-418.41641351
-418.25238953
-417.98742262
-417.61903523
-417.46618732
-417.32102714
-417.05934411
-416.69357524
-416.43459096
-416.85033091
-416.58656852
-416.42728379
-416.27772636
-416.23048920
-415.97512097
-415.61212237
-415.45893071
-415.20040876
-415.03732760
-414.67877305
-414.31982483
-414.06128068
-413.80808772
-413.55007472
-413.29708135
-412.93933043
-412.68630570
-412.63471544
-412.37752900
-412.22308753
-412.50924003
-412.58606241
-412.45074259
-412.41903215
-412.48361433
-412.83513469
-413.22783931
-413.46292862
-413.74449533
-413.49417354
-413.14111360
-412.88953801
-412.64254009
-412.49514649
-412.67293237
-413.01931042
-413.08676551
-412.93714864
-412.58773945
-412.54913120
-412.20034316
-411.94910042
-411.80449024
-411.56102973
-411.42247259
-411.37632828
-411.12978612
-410.88945181
-410.75433056
-410.51674505
-410.57035460
-410.33008273
-410.09442118
-409.94133914
-410.02628868
-409.78281561
-409.54710207
-409.50790315
-409.27007901
-409.03365952
-408.89243090
-408.86788513
-408.63241936
-408.39416518
-408.05766977
-407.82624176
-407.69418515
-407.55607175
-407.42555357
-407.19087658
-406.95842065
-406.72116434
-406.48753763
-406.24907789
-406.00794684
-405.96604074
-405.63259653
-405.39819591
-405.16597252
-404.93061097
-404.87760549
-404.64933851
-404.42617964
-404.90421145
-405.43426453
-405.63056450
-405.61233696
-405.28287300
-405.04994993
-404.82084446
-404.58770075
-404.35663138
-404.12458633
-403.88817843
-403.65713509
-403.63251323
-403.51274763
-403.37981178
-403.15792229
-402.93085573
-402.60662390
-402.37658814
-402.36244748
-402.93645943
-403.24041010
-403.01774624
-402.78812222
-402.56343421
-402.43933555
-402.21854293
-402.00119895
-402.13362562
-402.01306087
-401.99437617
-401.67547030
-401.45572472
-401.23854679
-401.01438607
-400.96656882
-400.74938783
-400.63448367
-400.41929136
-400.29701562
-399.98077949
-399.76357027
-399.79357986
-399.47827786
-399.26038921
-399.04809768
-398.92571929
-398.80272962
-398.58331192
-398.37123794
-398.15140534
-398.12124077
-397.90329561
-397.79018918
-398.02673880
-397.90458541
-397.97957566
-397.76644977
-397.86235985
-397.65017294
-397.43252278
-397.30959339
-397.09581660
-396.88481384
-396.67140996
-396.73259458
-396.60856766
-396.74686063
-397.01672475
-397.50407787
-398.33536654
-398.79732718
-398.49038516
-399.09135110
-398.87874642
-398.66969655
-398.91588175
-399.07938158
-399.33930149
-399.12386931
-398.91240840
-399.48401609
-399.63059053
-400.18032243
-400.62407717
-401.22129020
-401.01002223
-401.24872508
-401.90162174
-401.59545300
-402.17748396
-402.94126350
-402.72895034
-402.51606977
-402.21079743
-401.99854503
-402.61927872
-402.40782747
-402.92873313
-403.54312323
-404.26428244
-405.09002035
-404.88138517
-404.57656196
-405.14906095
-405.65661428
-406.39235306
-406.98512896
-406.76987678
-407.39807002
-407.18389424
-407.24350841
-407.30137918
-407.89650279
-408.46311008
-409.12938143
-408.91649116
-409.51783228
-410.15771249
-410.68115402
-411.25846561
-410.95318576
-411.00725731
-411.37534379
-411.83272366
-412.07635768
-411.85938890
-411.64168976
-411.69745987
-411.57171680
-411.35979374
-411.14484743
-411.19987893
-411.09447084
-411.29638475
-411.08643192
-410.96519614
-411.09211306
-411.05891611
-410.84971511
-410.73007769
-410.61958117
-410.66323709
-410.36340640
-410.24384197
-410.12690965
-409.91377991
-409.79595653
-409.58260211
-409.46622715
-409.35476135
-409.24158852
-409.12848756
-409.09729226
-409.16282156
-408.95166978
-408.74546810
-408.53432278
-408.41641002
-408.20909480
-408.09787360
-407.98324115
-407.77547278
-407.65924048
-407.54614285
-407.52116119
-407.41663754
-407.39831503
-407.19416461
-406.90287866
-406.69580169
-406.40415573
-406.47624672
-406.37150536
-406.08128127
-405.88226308
-406.02153925
-405.91382841
-405.80691526
-405.60797176
-405.31898600
-405.11984074
-405.22149857
-405.31267276
-405.57764154
-405.66204815
-405.74424882
-406.43785024
-406.42905505
-406.32206484
-406.12417475
-406.41357959
-406.12684037
-405.92969217
-406.03492553
-406.74616948
-407.52861511
-407.33154175
-408.09584710
-407.89809297
-407.88692956
-408.67971095
-408.48008227
-408.28238153
-407.99677052
-407.79629516
-407.89502054
-407.69872373
-407.60466792
-407.50706789
-408.02905671
-408.38180230
-408.46801296
-408.18402535
-408.16025822
-408.14455211
-407.94826747
-407.94057196
-407.74374261
-407.82467915
-407.62929372
-407.34774927
-408.09626851
-408.83780348
-409.63109079
-410.41047512
-411.19194717
-411.46672954
-411.26911112
-412.03088157
-411.83821091
-412.21489537
-411.93192093
-411.73753954
-412.50222112
-413.24077583
-414.03785057
-413.83880321
-413.64059313
-414.36507592
-414.08207401
-414.83660020
-415.62897716
-415.34587225
-416.07644291
-415.79314157
-416.54018884
-416.33998745
-416.22796794
-417.03123882
-416.91879975
-417.71403361
-418.46090162
-419.15323294
-419.84608714
-420.57778422
-420.46713418
-421.18075842
-420.89651255
-421.56530273
-422.23894729
-422.03441833
-421.83385327
-422.24441220
-422.65891468
-422.45770844
-423.17236066
-423.77427542
-423.57331197
-423.36732945
-423.66922588
-424.39469856
-425.11991012
-424.83633641
-424.96679825
-424.76471961
-424.48157540
-424.80733751
-425.19665784
-425.82071671
-426.41945943
-426.46338431
-427.14136555
-427.84274066
-428.55833960
-428.27425592
-428.93429760
-429.66080965
-430.37260873
-431.13453779
-431.73493055
-432.51872339
-433.30569482
-434.00947786
-433.80458827
-434.50172919
-435.14568727
-435.89792418
-436.56945962
-437.35746798
-438.05187156
-437.84359728
-438.72117564
-439.43378837
-440.26590793
-441.12025759
-440.91303635
-441.58769904
-442.33283255
-443.06062746
-443.80940174
-444.50850767
-445.28950156
-445.87024226
-445.58056532
-446.27853897
-447.10867791
-447.93222154
-447.64174373
-448.42968577
-449.03042554
-449.72710026
-449.43610192
-450.05830656
-449.84818090
-450.56496631
-450.27453622
-450.06520275
-450.69712947
-450.48659778
-451.22811320
-451.92983404
-452.67883247
-453.28406814
-453.92328569
-454.45295890
-454.24254363
-454.65534669
-455.29006452
-455.07935593
-455.75546847
-456.45653172
-456.87396890
-457.61934077
-458.24032116
-458.92128814
-459.48817974
-460.16722974
-460.87123505
-461.55841162
-461.34636727
-461.05386166
-461.73961984
-462.42084946
-462.12811040
-462.78150505
-462.56931255
-463.11370860
-463.75872042
-463.46682801
-464.11498142
-464.82059560
-464.60514921
-464.38980866
-464.09745443
-463.80619180
-464.54952529
-465.23223093
-465.75175845
-466.41446642
-466.19809332
-466.86246086
-467.60375003
-468.33808346
-469.05921080
-469.78231340
-469.48884655
-469.26768817
-468.97504335
-469.76946638
-470.41882135
-471.05239498
-471.70606023
-472.17153022
-472.61978457
-473.10958180
-473.75025313
-474.38091406
-474.93259866
-475.66929277
-476.34260319
-476.04771807
-475.83196864
-476.45036932
-477.08279348
-476.86767749
-477.11978841
-477.68355294
-478.33421456
-478.96763601
-479.14461689
-479.78923632
-479.96906525
-479.83372888
-479.69963802
-480.36673992
-480.15017748
-479.93381150
-480.68447173
-481.41747244
-482.12681846
-482.88288052
-482.65930080
-483.45121646
-483.23299405
-483.09734732
-483.84115753
-483.54656407
-483.72915997
-484.48667850
-484.50780178
-484.36943296
-484.07637823
-484.76168251
-485.51635289
-486.22547128
-487.00950008
-486.79081559
-486.56733868
-486.34525014
-486.99124801
-487.60190407
-488.25234260
-488.86218364
-489.63942125
-489.34428828
-490.11006404
-489.88958004
-490.54739933
-491.24980572
-490.95494214
-490.81884236
-490.84265563
-490.62458189
-490.40510610
-491.01915707
-490.80051898
-490.57895183
-490.35969574
-491.07586300
-491.87006530
-491.88927986
-491.82491630
-491.76284189
-491.54511032
-491.40213394
-491.10952439
-491.75299519
-492.40584853
-493.06307774
-493.73927491
-493.59326611
-494.19074005
-493.96946198
-493.75120347
-494.33479044
-494.11375465
-494.50456633
-495.10943060
-495.70464283
-496.28563160
-496.87681900
-497.46782997
-498.01146913
-498.35610906
-498.95249474
-499.52844923
-500.12062536
-500.57930058
-501.07965947
-500.78551058
-500.56310816
-501.14201956
-500.91721619
-501.42163256
-502.03589502
-501.81557014
-502.37314795
-502.15008493
-501.85679005
-502.50210813
-502.27978155
-502.20977680
-502.96305970
-503.55801449
-504.32930425
-504.58994316
-504.67792503
-504.45764410
-505.13428494
-505.49863483
-505.96844129
-506.42320354
-506.99553611
-507.47150047
-508.05951049
-508.63819312
-509.13991936
-509.69638690
-510.10916991
-510.36218802
-510.90872254
-511.46197332
-512.02668978
-512.59490019
-513.18538189
-513.74663808
-513.45272899
-513.99499531
-514.50626436
-515.08786473
-515.57846713
-515.98832886
-516.65114399
-516.42737999
-516.96236601
-517.54966844
-518.10312649
-518.64717248
-518.35317793
-518.90719130
-519.37048643
-519.45471476
-520.00210449
-520.58446179
-521.20653473
-521.82907440
-522.41135511
-523.02223262
-523.61664507
-524.17398810
-524.68822437
-525.18652930
-525.74453847
-526.35536343
-527.01260983
-527.66583450
-528.24513869
-528.91890914
-529.43372361
-529.13526893
-529.77662364
-530.39286843
-530.92627177
-531.42639325
-532.07455891
-532.74746781
-533.51870792
-534.15584676
-534.81973098
-535.38911125
-535.08914436
-535.75302722
-536.38574163
-536.08660940
-536.63424643
-537.27775725
-537.86446799
-538.40744111
-538.93883039
-539.60148283
-540.12397972
-540.64868231
-541.17928955
-541.69691996
-542.22105029
-542.74732183
-543.19453138
-543.72044160
-544.24002932
-544.73981490
-545.21786758
-545.74249497
-546.19387258
-546.71767652
-546.41539856
-546.91125235
-546.60928865
-547.08532916
-547.53231041
-548.00419824
-548.52978602
-549.03015865
-549.53865258
-549.27686225
-549.80456777
-550.34447510
-550.92185532
-551.52971828
-552.16433930
-552.73392189
-553.35142057
-553.92941887
-554.42980268
-554.91533477
-555.42826807
-555.92146380
-556.42590097
-556.89495386
-557.36645006
-557.86642745
-558.36208750
-558.87519138
-559.40846770
-559.93336206
-560.51385522
-560.95170011
-561.45338818
-561.96614379
-562.48258704
-563.01408466
-563.48091527
-563.94848276
-564.44626900
-564.14235420
-564.68086240
-565.20384546
-565.72721789
-566.28857589
-566.75672937
-567.26323874
-567.76751026
-567.46202901
-568.00574361
-567.70060292
-568.17450917
-568.58973063
-569.09313170
-569.49101982
-570.05929740
-569.75371750
-570.23799118
-570.73816181
-571.26482522
-571.75279204
-572.30052538
-572.88971815
-573.39583011
-573.88926491
-574.45302335
-575.00192304
-575.54519646
-576.08825162
-576.57894783
-577.09868839
-577.55716273
-578.04946212
-578.50272129
-578.99160766
-579.51161528
-580.08291859
-580.63958878
-581.20711177
-581.68127909
-582.12291126
-582.63171150
-583.21836352
-583.80722114
-584.31927274
-584.83361803
-585.40639604
-585.95159927
-586.48450189
-587.04096683
-587.57162143
-588.07212602
-588.59178886
-589.09652129
-589.59283320
-590.13390511
-589.82415811
-590.29916320
-590.80378662
-591.31758087
-591.00809252
-591.46588746
-591.93420726
-592.45666281
-592.95413511
-593.49997008
-593.97137322
-594.44232400
-594.94444292
-595.50446574
-596.03208419
-596.47952960
-596.96471144
-597.39473407
-597.85566772
-598.32480726
-598.77571358
-599.25352740
-599.72803299
-600.20713633
-600.68162663
-601.19468786
-601.67292189
-602.19787959
-602.68249895
-603.17417936
-603.71689576
-603.40511865
-603.93230497
-604.50181970
-605.02379084
-605.54971697
-606.07682900
-606.58892000
-607.11033627
-606.79795560
-607.25203233
-606.93970495
-607.40165324
-607.92063057
-608.38728799
-608.82011373
-609.29209819
-609.79828146
-609.66663473
-610.19842038
-610.60857491
-611.05506863
-611.49295854
-611.18122218
-611.62819045
-612.08865482
-612.53962850
-612.98699477
-613.40577488
-613.09459647
-613.57911358
-614.09141453
-614.65132939
-615.15729775
-615.66739018
-616.18169471
-616.68351567
-617.18819072
-617.66069926
-618.13784234
-618.70478197
-619.25883202
-619.80151336
-620.37077463
-620.91146162
-621.47560474
-621.97208390
-621.65814661
-622.11317987
-621.79946022
-622.26514731
-622.72154200
-623.24741620
-623.79318032
-624.25425016
-624.70164392
-625.16444736
-625.62244668
-626.05742449
-625.74338661
-625.42992896
-625.92978572
-626.44500483
-626.93210038
-627.42001002
-627.97769573
-628.57079504
-629.04560910
-629.47410200
-629.92935689
-630.38080143
-630.06658385
-630.50921261
-630.94236702
-631.35957009
-631.77125050
-632.22763361
-632.77157252
-633.23712926
-633.80751347
-634.26672249
-634.71327816
-635.29001108
-635.67408953
-636.17743597
-636.69514032
-637.17668205
-637.73211107
-638.25489087
-638.74864233
-639.23841179
-639.70580930
-640.18446326
-640.71549402
-641.19132792
-641.69440203
-642.11834185
-642.54782294
-643.11040045
-643.59444492
-644.11614575
-644.64783566
-645.19597490
-644.87949676
-645.34181987
-645.81057326
-646.25674636
-646.66275584
-647.20886733
-646.89293227
-646.57645462
-646.99296914
-647.40101101
-647.08465862
-647.48076776
-647.83971957
-648.23096819
-648.66973418
-649.09992970
-649.53124538
-649.94073478
-650.38298479
-650.06666749
-650.47099199
-650.86158300
-651.27258534
-651.71061834
-652.16193571
-652.62738863
-653.15347529
-653.52434271
-653.93851699
-654.34377190
-654.02774005
-654.37869544
-654.78776215
-655.19367144
-655.59593013
-655.27965047
-655.70221989
-655.38600683
-655.86349119
-656.26468548
-656.69341431
-656.37747923
-656.81328984
-657.34430149
-657.74695721
-658.10126485
-658.38658465
-658.78115760
-659.14848735
-659.54056081
-659.94290326
-660.26284958
-660.74424721
-661.15057028
-661.49798840
-661.18166631
-661.56865403
-661.95811958
-662.35811109
-662.74503259
-663.14283330
-662.82713444
-663.19613823
-662.88032205
-663.27974811
-663.63933122
-664.00999973
-664.40049355
-664.80517300
-665.30007009
-665.69839427
-665.38258184
-665.77036031
-666.15919769
-666.54041894
-666.93327039
-666.61788486
-666.97664597
-667.36464059
-667.73270470
-668.13234537
-668.52581323
-668.89517167
-669.26475495
-669.65002787
-670.03377107
-670.41189645
-670.79523840
-671.18641941
-671.57364215
-671.96098933
-672.32459687
-672.68593085
-673.09420644
-673.46443528
-673.95261564
-674.43450221
-674.83295513
-675.28302700
-675.62608361
-676.08693126
-676.47602967
-676.82576480
-677.21652977
-677.60094552
-677.99065754
-678.37292479
-678.74199323
-679.14598758
-679.53906568
-679.90765290
-680.28925817
-680.78940947
-681.21140895
-681.61038739
-681.29416585
-681.68925692
-682.06939042
-682.49738993
-682.84350780
-683.29517443
-683.66993046
-684.02968647
-684.38521182
-684.75342612
-685.12664445
-685.52279163
-685.87330875
-686.34160276
-686.65550316
-687.02490183
-687.41485334
-687.79238952
-688.16019932
-688.52572938
-688.90308619
-689.37526197
-689.70988756
-690.17755635
-690.54520545
-691.02069513
-691.37073923
-691.74587134
-691.42961190
-691.76406275
-692.12772569
-692.47279006
-692.15564262
-692.45739581
-692.82378196
-693.20149262
-692.88460210
-693.24122220
-693.69257820
-694.05827961
-694.42676400
-694.78315577
-695.15084987
-695.57039405
-695.97771788
-696.27006959
-696.62479645
-696.99245082
-697.38442547
-697.74000947
-698.08932576
-698.45933216
-698.93124966
-699.29582811
-699.65190388
-700.02654625
-700.39020208
-700.74393998
-701.15673727
-701.59951631
-701.96827431
-702.40976825
-702.78491577
-703.20350790
-703.57053260
-704.01688526
-704.37362756
-704.72132895
-705.16356450
-705.59312647
-706.01546641
-706.41650582
-706.80987473
-707.17010919
-707.54190541
-707.89408260
-708.22554176
-708.50849904
-708.83041959
-709.15514813
-709.53263563
-709.92252268
-710.36733586
-710.76770681
-711.06480244
-711.41655065
-711.78082953
-712.12898018
-712.51318168
-712.87438766
-713.23177930
-713.59594462
-713.95364376
-714.29678085
-713.97900449
-714.26004100
-714.60701444
-714.92696223
-715.27111266
-715.61313723
-715.96105945
-716.29276092
-716.64537762
-716.32768770
-716.68489065
-717.04422745
-717.39910537
-717.73938054
-718.11480975
-718.45683633
-718.80499247
-719.16910844
-719.49756316
-719.83949236
-719.52281725
-719.84045290
-720.13067454
-720.48061902
-720.83947379
-721.16804320
-721.49694315
-721.17973474
-720.86361486
-721.18456436
-721.50232083
-721.83740589
-722.19590344
-722.55100759
-722.91396881
-723.25960200
-723.64843531
-724.03472010
-724.44871094
-724.86013847
-725.27808593
-725.67502850
-725.35782903
-725.73347450
-726.07470095
-726.41192447
-726.74273465
-727.07850746
-727.38366107
-727.71151201
-727.39464212
-727.07845499
-727.43757390
-727.75601775
-728.07708870
-728.41602451
-728.76183225
-728.44571055
-728.76473289
-729.11670284
-729.44515334
-729.72088365
-730.01153134
-730.34394582
-730.72328971
-731.07139974
-731.41520577
-731.09905637
-731.44895515
-731.88787912
-732.22831569
-732.57226701
-732.95989168
-733.27477998
-733.64330928
-734.02630401
-733.71007991
-734.08495668
-734.47164096
-734.78607607
-735.09560842
-735.41627505
-735.77656371
-736.13167704
-736.49716642
-736.84903532
-737.17339151
-737.49752769
-737.83145561
-738.18963715
-738.55151905
-738.85799740
-739.17788638
-739.50298889
-739.84875511
-740.17294145
-740.49777360
-740.85674924
-741.19463842
-741.53509413
-741.88899578
-741.57318973
-741.25730394
-741.57367559
-741.89022024
-742.20972356
-742.54350003
-742.91730731
-743.27035528
-743.63062741
-744.00053967
-744.42491354
-744.74464895
-745.16398866
-745.48537407
-745.87754063
-746.22168808
-746.57185155
-746.90967646
-747.27650806
-746.96058841
-747.36434248
-747.82572600
-748.22655649
-748.66691856
-749.10744586
-749.56751951
-749.99066601
-750.41346859
-750.85779766
-751.31812357
-751.75993408
-752.17328756
-752.56954916
-752.99236239
-753.42758224
-753.73439528
-754.16724396
-754.60796172
-755.03184278
-755.48730224
-755.93312437
-756.36750135
-756.81552427
-757.21443555
-757.63779734
-758.05089244
-758.48807004
-758.17117827
-758.49187696
-758.17566587
-758.48186275
-758.16545069
-758.48787414
-758.79823260
-759.05869530
-759.36756601
-759.68019888
-760.01545833
-760.33718515
-760.67671897
-760.95759676
-761.29318760
-761.60075535
-761.95289887
-762.33252747
-762.63839145
-762.94665492
-763.25654188
-763.52384050
-763.20781861
-763.58912656
-764.03447203
-764.46945018
-764.86949009
-765.25230069
-765.71073089
-766.11464492
-766.57549819
-766.95519667
-767.38746858
-767.83381332
-768.25255090
-768.70198409
-769.11484414
-768.79880546
-769.17053494
-769.62429535
-770.08987941
-770.53705138
-770.97977359
-771.41941303
-771.10317356
-771.54902843
-771.98714522
-772.44837889
-772.87646978
-773.28647729
-773.70957358
-774.16518181
-774.59672477
-774.99840639
-775.39193274
-775.81010056
-776.20160181
-776.62596809
-777.02920627
-776.71268593
-777.11236210
-777.43116860
-777.79717265
-778.18599443
-778.54744633
-778.94191868
-778.62612777
-778.93617438
-779.22768957
-779.22660299
-779.52967038
-779.91650266
-780.26329432
-780.59004748
-780.91676191
-781.29005579
-781.67483018
-782.11387599
-781.79760205
-782.20324735
-782.60613956
-783.01841212
-783.45662951
-783.86211693
-784.29598171
-784.71634872
-785.13551722
-785.55880942
-785.94232078
-785.62617733
-785.97231707
-786.30090872
-786.51120441
-786.19504305
-786.62754601
-787.04632063
-787.43421278
-787.70460703
-787.38898229
-787.07335221
-786.75784119
-787.16380968
-787.56810034
-787.90342625
-788.28444130
-788.67744645
-789.05951663
-789.42861763
-789.71167946
-789.98150544
-790.24169528
-790.52353176
-790.79447415
-791.06622918
-791.41279440
-791.09727070
-791.43031515
-791.70868576
-791.97429990
-792.37831985
-792.77528853
-793.05002764
-793.47056893
-793.73094322
-794.01479283
-794.41914847
-794.75971080
-795.07260653
-795.38713802
-795.73189689
-795.41659698
-795.70684356
-796.07615722
-796.44806854
-796.77429351
-797.04310229
-797.27533314
-797.53951859
-797.81442652
-798.13298271
-798.56522581
-798.84629322
-799.10728912
-799.38804534
-799.66929603
-799.91647810
-800.13884774
-799.82405010
-800.09319618
-800.34765496
-800.63562085
-800.90450746
-801.17847080
-801.42074521
-801.67369527
-801.89830235
-802.16993467
-802.42898877
-802.73484289
-802.98009836
-803.33365943
-803.01941192
-803.36455467
-803.67480687
-803.95018286
-804.27715073
-804.55953608
-804.82768428
-805.09562224
-805.37882302
-805.63419773
-805.94080790
-806.23371939
-806.51919217
-806.76603981
-806.97189449
-807.16796874
-806.85403723
-807.09073677
-806.77705526
-806.46380331
-806.74282906
-806.97671236
-807.24124140
-807.46057903
-807.67950568
-807.92392110
-808.16709456
-808.41436989
-808.68400503
-808.96764658
-809.21523315
-809.49443880
-809.74467354
-809.96497083
-810.16277367
-810.44097818
-810.62509772
-810.88722314
-811.15866007
-811.43767346
-811.75692723
-812.07006978
-812.33840065
-812.65496853
-812.34223025
-812.64751623
-812.33506400
-812.62766584
-812.87180399
-813.14508912
-813.43004615
-813.74102007
-813.42881864
-813.76093335
-814.09515092
-814.45669651
-814.81089545
-815.10516489
-815.45207054
-815.80514015
-816.13342728
-816.51481994
-816.91559842
-817.28195245
-817.65435697
-818.02279767
-818.41483401
-818.82069497
-819.18375173
-819.22446064
-819.60874163
-819.89015664
-820.22446310
-820.50424888
-820.89842354
-821.29879823
-821.67813611
-822.05619865
-822.41902691
-822.78166737
-823.09847335
-823.35119256
-823.63095397
-823.90666460
-824.17418346
-824.43276930
-824.70968908
-824.83744216
-825.09513413
-825.36286435
-825.62643898
-825.92820530
-826.08637747
-826.39084781
-826.63507564
-826.89689186
-827.14967285
-827.39916508
-827.66019332
-827.80858418
-828.07791751
-828.27774953
-828.54878831
-828.83239417
-829.13240666
-829.39544056
-829.62603882
-829.89263385
-830.16444016
-830.50129712
-830.76243120
-831.01333456
-831.29264871
-831.54838160
-831.83808754
-832.09251337
-832.34716293
-832.59857103
-832.28703465
-832.53133809
-832.75275313
-833.00228195
-832.69143910
-832.93067531
-833.14985858
-832.83894339
-833.08889754
-833.33807154
-833.57206941
-833.80458661
-834.05216731
-834.27466269
-834.55680530
-834.72366125
-835.00375715
-835.25294287
-835.50110076
-835.73001395
-835.99239757
-836.24350862
-836.49289531
-836.71295674
-836.96433373
-837.21709197
-837.45697005
-837.66354723
-837.90477784
-837.59471679
-837.84688636
-838.09675916
-837.78687862
-838.03815341
-838.29215116
-838.52337681
-838.77061857
-838.99570734
-838.68636810
-838.95095482
-839.19814767
-839.45376858
-839.69266910
-839.92734599
-840.22660586
-840.46363728
-840.69005141
-840.98500049
-841.23992795
-841.54156051
-841.37657845
-841.48960773
-841.69869578
-841.92598032
-842.24236553
-842.51335769
-842.85311965
-843.11966910
-843.36882180
-843.06010476
-843.35484103
-843.62695800
-843.87896121
-844.12461742
-844.37670049
-844.11449522
-844.37669315
-844.66203487
-844.97294230
-845.19974042
-845.53398454
-845.87205250
-846.15338571
-846.39610785
-846.61626486
-846.85407152
-847.08947218
-847.34315045
-847.63188429
-847.87463441
-848.13487968
-848.41494954
-848.67273233
-848.88390472
-849.08269976
-848.77489623
-849.11982705
-849.38764326
-849.66682341
-849.98637161
-849.67892508
-849.97492606
-850.21295110
-850.48632533
-850.74717415
-851.01012057
-851.26297201
-851.49338908
-851.74298169
-851.97590650
-851.71365832
-851.94730756
-852.10925408
-852.33515008
-852.58503592
-852.77004682
-852.99820229
-853.21333466
-853.47891422
-853.67577199
-853.82741980
-853.52084547
-853.74918836
-853.92695673
-853.62062505
-853.85781808
-854.08409014
-854.32740351
-854.02142291
-854.25934918
-854.46323978
-854.71776509
-854.95329649
-855.20205304
-855.39663234
-855.63216701
-855.86363902
-855.55802552
-855.76650347
-855.88994484
-856.10768289
-856.33755830
-856.52308523
-856.74662560
-856.98707873
-857.11676139
-857.33750171
-857.58733115
-857.82322196
-858.01259293
-858.22516537
-858.42077874
-858.65034216
-858.90730231
-859.16419534
-859.39529577
-859.62634923
-859.86628573
-860.11856245
-860.37771218
-860.57521145
-860.76358173
-860.66940376
-860.92167911
-860.61839258
-860.86103612
-861.07971587
-861.29959646
-861.51918982
-861.71841825
-861.41418730
-861.57655468
-861.82545146
-862.01656931
-862.19354942
-862.38574648
-862.63415238
-862.77919598
-862.47615563
-862.66294512
-862.88667030
-863.04504495
-863.24367836
-863.46887075
-863.66071959
-863.35760932
-863.57644269
-863.80757606
-864.02719135
-864.23782432
-863.93482312
-864.12610016
-864.34048349
-864.03929352
-864.25040891
-864.47010999
-864.70499532
-864.89329439
-865.16062142
-865.38788203
-865.59049611
-865.80581064
-865.98595631
-866.19792184
-866.34207529
-866.53691328
-866.74641241
-866.93775592
-867.14677547
-867.36802822
-867.06633444
-867.30548931
-867.61106282
-867.91576281
-868.19235836
-868.46559890
-868.73365199
-868.98346757
-869.25565846
-868.95430277
-869.18271102
-869.45609975
-869.71734784
-869.92661304
-870.18412073
-869.88282375
-870.20341924
-870.56655484
-870.90201636
-871.24285469
-871.55778334
-871.85914449
-872.17912736
-872.46630524
-872.73525401
-872.93528425
-873.17226534
-873.38461599
-873.59867673
-873.81280582
-874.02653307
-874.24195798
-874.44431614
-874.65896494
-874.35802433
-874.55838596
-874.75902336
-874.45878577
-874.68981541
-874.90906562
-875.12200273
-875.31709161
-875.52381616
-875.69165108
-875.89383454
-876.10509632
-876.31566846
-876.52995094
-876.74391130
-876.89144549
-877.08034279
-877.29670564
-877.49842504
-877.68367748
-877.89739032
-878.08474669
-878.29709113
-878.50794600
-878.20852434
-878.40923742
-878.61975453
-878.83111190
-879.04823022
-879.28751073
-879.51514124
-879.75518203
-879.99306076
-880.23227340
-880.44440593
-880.68822058
-880.91810856
-881.16587516
-881.40148342
-881.63305641
-881.89244296
-882.13962114
-882.34432413
-882.04532502
-882.25386561
-882.43480001
-882.63723550
-882.78323296
-882.98895417
-883.20302020
-883.41009798
-883.59822832
-883.79834633
-883.99969553
-884.20217566
-884.38993789
-884.59800691
-884.81138190
-884.98175323
-885.16002042
-884.86163764
-884.56348824
-884.76642825
-884.94814861
-885.15191493
-885.37930986
-885.57601862
-885.79669244
-886.04161783
-886.29308697
-885.99557393
-886.23741935
-886.47262208
-886.76130126
-887.03900134
-887.35899691
-887.65401658
-887.98003704
-888.25970838
-887.96304907
-888.27340099
-888.56632559
-888.82445101
-889.09513084
-889.32987350
-889.61958963
-889.90544765
-890.19316625
-890.42312068
-890.73702965
-891.03826940
-891.34075224
-891.64791011
-891.99266484
-892.32907319
-892.66403857
-892.36817380
-892.65464961
-892.90823021
-893.17021145
-893.47199317
-893.66442153
-893.90238286
-894.18437764
-894.40531432
-894.69321737
-894.89870189
-895.13543244
-895.41988362
-895.68641199
-895.97865507
-896.24333084
-896.47745030
-896.70484662
-896.94020329
-897.18137971
-896.88548743
-897.07474557
-897.21715971
-897.43706859
-897.62892589
-897.78590895
-897.91658021
-898.08013395
-897.78444444
-897.95936641
-897.66336810
-897.89305746
-898.10576271
-898.32715497
-898.45099759
-898.70209394
-898.96385037
-899.20996981
-899.41293457
-899.65791405
-899.87909817
-900.06931460
-900.27799767
-900.46973763
-900.67201667
-900.87767736
-901.06545926
-901.25763834
-901.47781475
-901.71036865
-901.94325003
-902.14815506
-902.34283612
-902.53520822
-902.71868300
-902.89682959
-903.07193225
-903.25675459
-903.43979583
-903.63691341
-903.34221758
-903.04749828
-903.28600027
-903.46219066
-903.62475236
-903.33052383
-903.52743772
-903.69076963
-903.87987721
-904.12742229
-904.24191868
-904.43497544
-904.62773856
-904.82297350
-905.00362444
-905.20610150
-905.36215403
-905.49399425
-905.68211670
-905.87466632
-906.09086930
-906.26841565
-906.38897875
-906.09519230
-906.25325173
-906.42131302
-906.60794543
-906.79414486
-906.96440409
-907.12737607
-907.30776838
-907.01458231
-907.18740698
-907.39695269
-907.10429485
-907.25999282
-907.47327206
-907.67817871
-907.85804686
-908.05551327
-908.23990168
-907.94769091
-908.11174894
-908.24138629
-908.40223597
-908.59272979
-908.77323227
-908.94952125
-908.65859133
-908.85274770
-909.03998556
-909.22063410
-909.40514883
-909.58207749
-909.29034587
-909.50538790
-909.69261126
-909.92493209
-910.11107468
-910.30358907
-910.52049737
-910.70182257
-910.85933882
-911.06420784
-911.26156668
-911.44128258
-911.65234888
-911.85592655
-911.56482693
-911.78336224
-911.99635684
-912.18497794
-912.38829893
-912.57447818
-912.75946106
-912.94116443
-913.08623124
-913.27519306
-913.46530961
-913.66487396
-913.86350136
-913.57282905
-913.76922791
-913.94928017
-914.13787679
-913.84749268
-914.02158051
-913.73154744
-913.92149480
-914.11313015
-914.33133199
-914.55140861
-914.72459698
-914.43639512
-914.61795967
-914.80813394
-914.97378031
-915.11833919
-915.29048428
-915.46185507
-915.68101092
-915.87546655
-916.10373204
-915.81447183
-915.99966108
-916.18138207
-916.37327329
-916.53690476
-916.63977498
-916.81163502
-916.90448062
-917.05670002
-916.76809571
-916.93220139
-917.14406921
-917.28628161
-917.43090939
-917.60950527
-917.72839066
-917.86171398
-918.04433094
-918.23170984
-918.35865010
-918.44384887
-918.56865042
-918.76614814
-918.95784879
-918.67035666
-918.38291038
-918.09527132
-918.17344684
-918.24734131
-918.33597608
-918.51671389
-918.62240761
-918.33531691
-918.52530117
-918.70158441
-918.87276500
-918.58608824
-918.74231519
-918.87674643
-919.08058970
-919.26745965
-919.45761891
-919.64022875
-919.81853743
-919.98352665
-919.69702082
-919.87314261
-920.05081157
-920.22088347
-920.40437551
-920.50948340
-920.22332197
-919.93756059
-919.65194805
-919.85669611
-920.07671989
-920.27790615
-920.53660935
-920.71141000
-920.88926872
-921.10138128
-921.27753170
-921.46046819
-921.59032863
-921.75892261
-921.93064669
-922.09242952
-922.27131103
-922.46636597
-922.64761804
-922.83094278
-923.00679732
-923.17898583
-923.37065325
-923.60259453
-923.83600311
-924.03414458
-924.24056700
-924.42948257
-924.60934682
-924.75198836
-924.93411200
-925.07870768
-925.25075749
-925.42560985
-925.14099436
-925.31998610
-925.50164545
-925.64708303
-925.73744581
-925.85142781
-925.99680486
-926.15829524
-926.28709501
-926.40250544
-926.57289109
-926.70826583
-926.86602701
-926.99945640
-927.16451932
-927.33506440
-927.49516941
-927.68803071
-927.89117050
-928.12559261
-928.30251680
-928.44140217
-928.62034043
-928.80848067
-928.98512853
-929.10943031
-929.25954978
-929.42326922
-929.56540613
-929.73890401
-929.45574757
-929.61147490
-929.77888319
-929.49593910
-929.65077031
-929.81404715
-929.98367487
-930.11794275
-930.24638418
-930.40197214
-930.52836708
-930.70163078
-930.87466038
-931.02370189
-931.18803095
-931.30222170
-931.43804895
-931.55780556
-931.66927922
-931.79937417
-931.93671153
-932.07972113
-932.21245267
-932.08506440
-932.25541851
-932.36370513
-932.53208794
-932.67185581
-932.79122407
-932.51006432
-932.67027695
-932.83366049
-933.00800028
-933.16393271
-933.33796211
-933.50256267
-933.67306629
-933.63572909
-933.77073682
-933.90853526
-933.68460745
-933.84622776
-934.01279167
-934.10056490
-934.29731822
-934.46032213
-934.67304736
-934.88569958
-935.10521754
-935.36716717
-935.61878861
-935.83144311
-936.03315180
-936.30218728
-936.51096819
-936.67698764
-936.86466238
-937.10105623
-937.31119540
-937.56688895
-937.71670702
-937.90948735
-938.12015500
-938.31645122
-938.46905031
-938.69170610
-938.88601705
-939.05157076
-939.24392577
-939.40097860
-939.56470993
-939.73673937
-939.90242924
-940.07238820
-940.27195547
-940.44510852
-940.65552972
-940.83649368
-941.00640511
-941.16789864
-941.34017140
-941.51797746
-941.68333894
-941.85251700
-942.02339195
-942.17815104
-942.34044294
-942.51494400
-942.70734675
-942.42825288
-942.62844908
-942.76847137
-942.93464103
-943.13751480
-943.34113409
-943.57483810
-943.79984349
-944.00144062
-944.19275725
-944.38611875
-944.59537082
-944.77709796
-944.94473208
-945.19740077
-945.44380465
-945.63042240
-945.86772208
-946.05665348
-946.24400441
-946.41721320
-946.58243966
-946.74364032
-946.88997459
-947.03505413
-947.17161348
-947.32975830
-947.42995042
-947.57193876
-947.73797198
-947.92606209
-948.10276033
-948.29951908
-948.47961984
-948.64480660
-948.78090255
-948.93844010
-949.10279509
-949.25843151
-949.33528744
-949.42805674
-949.58619846
-949.74636448
-949.89343140
-950.07373576
-950.24956896
-950.42723357
-950.14919597
-950.38754075
-950.57759671
-950.76671167
-950.98251455
-951.17364530
-951.33995386
-951.49199674
-951.69194933
-951.87575975
-952.06866200
-952.25314428
-952.40280874
-952.56730310
-952.74700707
-952.92141653
-953.11242281
-953.25852756
-953.39373474
-953.55720873
-953.57056528
-953.70802018
-953.86394544
-954.01343498
-954.17106550
-954.32302603
-954.44672499
-954.54497143
-954.61811274
-954.76398138
-954.91928592
-955.06125880
-955.20288643
-955.39888627
-955.59644043
-955.76278815
-955.91549078
-956.04666444
-956.20310118
-956.37705190
-956.53605853
-956.66896314
-956.80408095
-956.95279442
-957.10719252
-957.26982008
-957.00197555
-956.89661143
-957.09083167
-957.34050102
-957.51151130
-957.68179066
-957.83802946
-957.99195355
-958.14567826
-958.29809588
-958.43564696
-958.55286004
-958.28079108
-958.43126525
-958.58324306
-958.75079957
-958.90412618
-959.04695083
-959.17402653
-959.32853196
-959.47440609
-959.65657178
-959.79891577
-959.95227500
-960.03667654
-959.76268461
-959.91922767
-960.06912432
-960.23602400
-960.37930793
-960.55939488
-960.79891232
-960.99726312
-961.20335978
-961.37011658
-961.54384165
-961.67949935
-961.77985058
-961.50529763
-961.70444897
-961.43096768
-961.58563929
-961.80655369
-962.02573185
-962.13014822
-962.26547588
-962.29526786
-962.42522289
-962.58222991
-962.74823963
-962.90094686
-963.08126669
-963.25201335
-963.40112077
-963.56467265
-963.73048961
-963.90045050
-964.08285805
-964.24524043
-964.41805373
-964.55469908
-964.61282340
-964.78363066
-964.95362455
-965.09843740
-965.24365623
-965.42309691
-965.59185774
-965.76746217
-965.96882680
-966.13235306
-966.24493056
-966.37112907
-966.52537001
-966.68453354
-966.83171156
-967.03358389
-967.23589530
-967.41495064
-967.53568102
-967.67293029
-967.80615140
-967.92916547
-968.04613896
-968.17374362
-968.33359690
-968.47690893
-968.64435393
-968.81150240
-968.95860584
-969.10485376
-969.27525171
-969.40026721
-969.58039167
-969.76255291
-969.89916315
-970.04060774
-970.19360681
-970.35126619
-970.47412253
-970.62948708
-970.79816556
-970.96286442
-971.11123650
-971.24566881
-971.39000966
-971.54499762
-971.67013050
-971.81054876
-971.95523377
-972.08051694
-972.17373142
-972.31421088
-972.46223356
-972.56829384
-972.68692828
-972.82149233
-972.97353637
-973.12551757
-973.25935614
-973.37923594
-973.49344056
-973.67767835
-973.85613022
-974.04893710
-974.23031406
-974.39727753
-974.59477714
-974.71621217
-974.81407515
-974.97149389
-975.12434880
-975.27257606
-975.42093406
-975.56760908
-975.72105317
-975.88872721
-976.03725205
-976.19172099
-976.33673769
-976.48626501
-976.65503726
-976.77440997
-976.91669296
-977.06006239
-977.18810114
-977.36120978
-977.52202375
-977.65950763
-977.84572577
-978.00226293
-978.16899161
-978.32428826
-978.46809718
-978.65013013
-978.79053181
-978.93966991
-979.10827500
-979.28597758
-979.48837063
-979.61972407
-979.74732762
-979.94184095
-980.11407815
-980.25984100
-980.35189688
-980.48601713
-980.62936710
-980.81614559
-981.03349269
-981.19553041
-981.35801486
-981.44710491
-981.55643468
-981.69057050
-981.80495335
-981.90912357
-982.04392498
-982.16091155
-982.30368409
-982.35399567
-982.08959673
-982.26341565
-982.49291246
-982.70047660
-982.94875414
-982.68214805
-982.85901944
-983.02694918
-983.18001649
-983.32419853
-983.45762742
-983.61323663
-983.74326796
-983.89416196
-984.04887988
-984.16208442
-984.28743034
-984.40533377
-984.55352941
-984.70159680
-984.84213857
-984.95458649
-985.10754172
-985.35532886
-985.56893810
-985.77591189
-986.00466861
-986.18835118
-986.42231129
-986.57444459
-986.78107874
-986.98750131
-987.10544688
-987.26699652
-987.46312784
-987.62064960
-987.81642340
-987.96516752
-988.16684976
-988.39242213
-988.61362183
-988.83876572
-989.03202164
-989.25522941
-989.48773896
-989.67592345
-989.87596587
-990.10139210
-990.32858834
-990.52870798
-990.72586675
-990.94796526
-991.10651008
-991.19720361
-991.34698149
-991.55428699
-991.74163624
-991.91071488
-992.08503498
-992.26598641
-992.39697828
-992.48090157
-992.63645280
-992.72887439
-992.87596356
-993.02751176
-993.19859137
-993.36106130
-993.52027248
-993.68276492
-993.77458507
-993.81032545
-993.95255743
-994.07096422
-994.18482305
-994.38024097
-994.55612014
-994.73684124
-994.90421152
-995.04573594
-994.77956381
-994.94316623
-995.09244884
-995.26956260
-995.38395219
-995.53616002
-995.69780852
-995.43166844
-995.56888096
-995.70913907
-995.86098037
-996.01798395
-996.19700941
-996.37579390
-996.11015181
-996.29964714
-996.48134963
-996.67514714
-996.82854947
-996.95897197
-997.09231191
-997.30007653
-997.51263422
-997.71854840
-997.93484044
-998.13911010
-998.28392761
-998.41507966
-998.62038479
-998.80633380
-998.90616071
-999.04680457
-999.20064101
-999.34740452
-999.56003581
-999.78755159
-999.99343824
-1000.22653044
-1000.45768921
-1000.66131840
-1000.86786223
-1001.04295181
-1001.23580497
-1001.44263281
-1001.65016242
-1001.75441567
-1001.95647268
-1002.02948482
-1002.14218448
-1002.27594955
-1002.37638903
-1002.54296396
-1002.65569696
-1002.78664211
-1002.92649681
-1003.06543446
-1003.18877626
-1003.40414850
-1003.57879172
-1003.70419099
-1003.85886553
-1003.59383014
-1003.83320878
-1004.06806698
-1004.24229865
-1004.44947863
-1004.66543623
-1004.89524004
-1005.09139157
-1005.32539875
-1005.06037894
-1005.27776173
-1005.45956775
-1005.66928427
-1005.90695729
-1006.10852111
-1006.34357142
-1006.56396074
-1006.77937775
-1007.02130754
-1007.18780270
-1007.39431207
-1007.55209583
-1007.68600083
-1007.87544210
-1008.01705702
-1008.20420018
-1008.41225234
-1008.59447148
-1008.81733920
-1009.03422258
-1009.22393349
-1009.43622708
-1009.60812291
-1009.80352496
-1010.01992553
-1009.75553396
-1009.93675353
-1010.06260441
-1010.19123001
-1010.31734431
-1010.44785668
-1010.58377346
-1010.72792838
-1010.92868478
-1010.66493599
-1010.88885106
-1011.05107329
-1011.17976143
-1011.38339469
-1011.56347105
-1011.70267987
-1011.82676123
-1011.99791774
-1012.13061905
-1012.31074361
-1012.50944148
-1012.67499316
-1012.84661325
-1012.98307209
-1013.10258773
-1013.26266462
-1013.38521563
-1013.51447526
-1013.65723289
-1013.86430261
-1013.96901697
-1014.10765006
-1014.24624779
-1014.35731927
-1014.56744997
-1014.67062973
-1014.76328841
-1014.90112917
-1015.03667123
-1015.21149913
-1015.39056484
-1015.58125517
-1015.78536457
-1015.93216194
-1016.05088505
-1016.17922980
-1016.38832484
-1016.60046549
-1016.75236464
-1016.89434672
-1017.05518353
-1017.17512038
-1017.35301748
-1017.55922183
-1017.75803684
-1017.94905388
-1018.12680163
-1018.28141893
-1018.47230477
-1018.58439536
-1018.71621528
-1018.82559965
-1018.97739995
-1019.09069677
-1019.24345622
-1019.41189464
-1019.55016080
-1019.70390157
-1019.85823713
-1019.98931280
-1020.13307725
-1020.25212802
-1020.39153148
-1020.56074111
-1020.73250438
-1020.89384837
-1021.03682495
-1021.15248723
-1021.29900096
-1021.44412056
-1021.56288252
-1021.71743799
-1021.89014632
-1022.08176422
-1022.25367454
-1022.40193961
-1022.56441861
-1022.72999715
-1022.90187983
-1023.05856900
-1023.20819294
-1023.35854299
-1023.51089587
-1023.67948577
-1023.84645322
-1023.99582548
-1024.10353669
-1024.23849197
-1024.38009861
-1024.49024359
-1024.61022762
-1024.75844797
-1024.91736328
-1025.09111932
-1025.27815034
-1025.47573760
-1025.63618324
-1025.83020715
-1025.99211559
-1026.16010019
-1026.25993193
-1026.45780178
-1026.62746554
-1026.81430259
-1026.92938525
-1027.07693422
-1027.22050960
-1027.36813883
-1027.47351682
-1027.57393970
-1027.71589812
-1027.82534413
-1027.96165352
-1028.11522622
-1028.25017446
-1028.40371919
-1028.54971892
-1028.69943404
-1028.83306527
-1028.97588200
-1029.10342463
-1029.23613843
-1029.33932073
-1029.48558711
-1029.63054303
-1029.78791921
-1029.92902899
-1030.06583392
-1030.20604304
-1030.35358807
-1030.48133849
-1030.64300867
-1030.79070831
-1030.92208748
-1031.03485928
-1031.18607937
-1031.34083014
-1031.52284024
-1031.70273133
-1031.87844911
-1032.02382087
-1032.17071250
-1032.28109630
-1032.41347933
-1032.55369071
-1032.70784070
-1032.84735162
-1033.01961250
-1033.18015671
-1033.34275514
-1033.48557296
-1033.61873834
-1033.74960190
-1033.89269654
-1034.05152381
-1034.21359593
-1034.40314664
-1034.61493322
-1034.74981714
-1034.90029001
-1035.09477231
-1035.30052214
-1035.50292088
-1035.71936572
-1035.94085885
-1036.11544186
-1036.32159814
-1036.47671060
-1036.66736417
-1036.87016397
-1037.02911283
-1037.22326062
-1037.42196289
-1037.64291215
-1037.84128272
-1038.03045102
-1038.23812674
-1038.46244151
-1038.67056903
-1038.84177738
-1039.00226053
-1039.17048553
-1039.31267754
-1039.48439509
-1039.61284162
-1039.78970652
-1039.94846014
-1040.15921693
-1040.37352413
-1040.57744546
-1040.75702126
-1040.87551844
-1041.02551993
-1041.13191261
-1041.32061544
-1041.53349184
-1041.73290913
-1041.94220843
-1042.05418096
-1042.16356113
-1042.31718854
-1042.50784312
-1042.69911379
-1042.85582259
-1043.04631349
-1043.21696922
-1043.35645988
-1043.46999866
-1043.55613343
-1043.66855099
-1043.76468682
-1043.85527467
-1043.94270924
-1044.05846359
-1044.16920108
-1044.27617884
-1044.38930802
-1044.48473314
-1044.59513525
-1044.67270863
-1044.77390226
-1044.86650729
-1044.97649824
-1045.09149080
-1045.21049059
-1045.30540503
-1045.40750204
-1045.57166247
-1045.70944757
-1045.87978807
-1046.01918660
-1046.15373644
-1046.28239264
-1046.36672870
-1046.47233935
-1046.58401644
-1046.69971356
-1046.83117190
-1046.96668415
-1047.08064078
-1047.17258222
-1047.25294421
-1047.36459388
-1047.46279842
-1047.56795548
-1047.68715377
-1047.79311969
-1047.89501461
-1048.00076564
-1048.10647966
-1048.20992543
-1048.31430925
-1048.41879690
-1048.52947561
-1048.63417967
-1048.74330802
-1048.81513463
-1048.95449312
-1049.10813739
-1049.27708366
-1049.40986056
-1049.58853176
-1049.74774393
-1049.92115395
-1050.06316961
-1050.17103296
-1050.28028576
-1050.38366706
-1050.48961040
-1050.59145903
-1050.69883585
-1050.80269205
-1050.91623920
-1051.02936525
-1051.15038909
-1051.26809522
-1051.39341594
-1051.54324771
-1051.69309891
-1051.81399315
-1051.91873776
-1052.01630553
-1052.16430882
-1052.32254487
-1052.47375963
-1052.59541118
-1052.75507955
-1052.92278605
-1053.08005941
-1053.22507236
-1053.39766103
-1053.57244439
-1053.77034528
-1053.97102698
-1054.15953296
-1054.33219729
-1054.53151169
-1054.70008660
-1054.86256745
-1055.05610773
-1055.24502417
-1055.39218833
-1055.57397250
-1055.77423181
-1055.97719051
-1056.15589722
-1056.26876758
-1056.46106810
-1056.20606760
-1056.36955192
-1056.55812912
-1056.75626265
-1056.94848920
-1057.12964770
-1057.30283953
-1057.47570329
-1057.60297346
-1057.70499302
-1057.86904022
-1058.06333736
-1058.24699254
-1058.45103276
-1058.56198732
-1058.73451541
-1058.94518745
-1059.11597178
-1059.26368779
-1059.44723104
-1059.61547852
-1059.79509098
-1059.92256825
-1060.09422252
-1060.24937281
-1060.44427786
-1060.61216560
-1060.77317014
-1060.97272519
-1061.10735375
-1061.28657394
-1061.46243419
-1061.62833279
-1061.74394593
-1061.91721157
-1062.08697753
-1062.29591632
-1062.47010936
-1062.66533599
-1062.86452137
-1063.06499971
-1063.27297468
-1063.47159663
-1063.67316656
-1063.87274674
-1064.06338625
-1064.24518383
-1064.45062502
-1064.62228125
-1064.80186979
-1065.00417898
-1065.14683258
-1065.27214645
-1065.44694919
-1065.61112867
-1065.79003022
-1065.96954060
-1066.16990488
-1066.32994714
-1066.49499420
-1066.69818578
-1066.88797119
-1067.05464532
-1067.19142773
-1067.34777121
-1067.50321163
-1067.67110996
-1067.80337353
-1067.99282009
-1068.19937098
-1068.35326635
-1068.52939063
-1068.72633236
-1068.92861635
-1069.09148268
-1069.19639970
-1069.40050181
-1069.52172672
-1069.72086845
-1069.89877537
-1070.08846287
-1070.24954966
-1070.42745591
-1070.60876364
-1070.75079218
-1070.93526707
-1071.09122995
-1071.20817890
-1071.31697487
-1071.45239256
-1071.60388017
-1071.68597960
-1071.81728099
-1071.93594167
-1072.05244315
-1072.16578016
-1072.27365025
-1072.33036273
-1072.43492389
-1072.54653727
-1072.65001510
-1072.76254023
-1072.86322961
-1072.91826199
-1073.00768999
-1073.16753072
-1073.30054298
-1073.43378431
-1073.56529153
-1073.67751236
-1073.79473720
-1073.88892289
-1074.00645355
-1074.11946761
-1074.21252398
-1074.32230642
-1074.46036106
-1074.58046449
-1074.72986152
-1074.88480678
-1075.00617464
-1075.08147022
-1075.20880229
-1075.34678309
-1075.45505393
-1075.57293111
-1075.69464461
-1075.79413599
-1075.91940531
-1076.03584921
-1076.14803752
-1076.25648087
-1076.37375696
-1076.48936367
-1076.60195853
-1076.72005316
-1076.81870423
-1076.94388340
-1077.05173084
-1077.13627619
-1077.23648633
-1077.33752280
-1077.41773243
-1077.51904428
-1077.61108976
-1077.70264811
-1077.80167143
-1077.89955969
-1078.02899020
-1078.11431248
-1078.22260298
-1078.32845443
-1078.42142736
-1078.53869235
-1078.59194579
-1078.71641435
-1078.84406885
-1078.93799792
-1079.03915867
-1079.13476419
-1079.22947952
-1079.30799599
-1079.39968643
-1079.50009439
-1079.59573890
-1079.69139965
-1079.76611984
-1079.83930478
-1079.94594931
-1080.02851318
-1080.12894528
-1080.24228140
-1080.32759230
-1080.41083956
-1080.52122391
-1080.56213779
-1080.65750641
-1080.72924514
-1080.81831835
-1080.90958074
-1080.99405880
-1081.08812888
-1081.18591826
-1081.28025170
-1081.35700080
-1081.43779363
-1081.51610798
-1081.61087768
-1081.68510719
-1081.77848958
-1081.87228358
-1081.96797236
-1082.04765067
-1082.14594127
-1082.22726778
-1082.26493601
-1082.34230801
-1082.42304660
-1082.51969385
-1082.61661182
-1082.71259720
-1082.81160546
-1082.89230281
-1082.98483922
-1083.06794717
-1083.18317847
-1083.28607813
-1083.38088575
-1083.46844486
-1083.56488277
-1083.64650394
-1083.72892983
-1083.82495095
-1083.91013947
-1084.00502683
-1084.09957957
-1084.12433255
-1084.20539051
-1084.14706730
-1084.23489678
-1084.31789951
-1084.38003973
-1084.47366475
-1084.54579094
-1084.63796305
-1084.73247414
-1084.83004461
-1084.94212256
-1085.03393416
-1085.12849132
-1085.21126693
-1085.25935120
-1085.34869392
-1085.43423093
-1085.48874548
-1085.57994881
-1085.64436205
-1085.74258622
-1085.84191891
-1085.96097667
-1086.10192095
-1086.17730508
-1086.24842239
-1086.35578291
-1086.45070050
-1086.54826517
-1086.65425519
-1086.74694310
-1086.84572939
-1086.93421747
-1087.02667695
-1087.13658749
-1087.23299568
-1087.30017477
-1087.40121171
-1087.51104364
-1087.62544228
-1087.73312143
-1087.82300713
-1087.89137037
-1087.98386841
-1088.07154847
-1088.16646011
-1088.25826322
-1088.35186961
-1088.51190125
-1088.68858107
-1088.84760295
-1089.02636711
-1089.17541555
-1089.35435578
-1089.47535846
-1089.58474321
-1089.76766162
-1089.83610635
-1089.90552588
-1089.98334828
-1090.15788502
-1090.23225827
-1090.30883365
-1090.38074213
-1090.42603477
-1090.53969711
-1090.60116599
-1090.67390738
-1090.85165083
-1090.89816863
-1090.95698122
-1091.01292800
-1091.06916588
-1091.23726611
-1091.28912927
-1091.30013354
-1091.45831731
-1091.62016451
-1091.70194267
-1091.76754310
-1091.86136662
-1091.94171527
-1092.02261495
-1092.08297879
-1092.16144412
-1092.23753744
-1092.30556482
-1092.36946778
-1092.44500891
-1092.53338637
-1092.60010450
-1092.68555647
-1092.77645928
-1092.86295440
-1092.94321871
-1093.03401628
-1093.11997326
-1093.20325797
-1093.28929290
-1093.37359377
-1093.45691840
-1093.56178433
-1093.66199443
-1093.78041713
-1093.89458190
-1094.02732551
-1094.18313576
-1094.34588947
-1094.47775047
-1094.56513459
-1094.64887893
-1094.77030052
-1094.91821451
-1095.06566788
-1095.21741110
-1095.36361180
-1095.46672648
-1095.58948822
-1095.72468608
-1095.84365067
-1095.90584338
-1096.00810039
-1096.10821399
-1096.22591894
-1096.28897555
-1096.37506645
-1096.46487048
-1096.55443620
-1096.63234937
-1096.74142692
-1096.83098693
-1096.93190804
-1097.02244652
-1097.11530150
-1097.19926463
-1097.29112207
-1097.37035472
-1097.48436272
-1097.59783707
-1097.67083548
-1097.75801120
-1097.84174875
-1097.93872443
-1098.02122059
-1098.09078622
-1098.16251835
-1098.22406122
-1098.29714685
-1098.35110136
-1098.41925451
-1098.48581301
-1098.58342204
-1098.65533140
-1098.73675697
-1098.82904568
-1098.91032155
-1098.98711664
-1099.06990420
-1099.15523996
-1099.21336431
-1099.24342490
-1099.32499503
-1099.40288918
-1099.48416609
-1099.53982342
-1099.61651897
-1099.68866362
-1099.71020397
-1099.81055212
-1099.88762755
-1099.98414416
-1100.08782570
-1100.17867921
-1100.25214325
-1100.35442517
-1100.45625628
-1100.53521279
-1100.62474136
-1100.71486427
-1100.80345262
-1100.92265167
-1100.97233278
-1101.06966421
-1101.10766332
-1101.16560779
-1101.25354792
-1101.34263609
-1101.40467499
-1101.48986303
-1101.54714999
-1101.60631379
-1101.69084230
-1101.74753530
-1101.84439211
-1101.93179632
-1102.01827869
-1102.10218670
-1102.16163887
-1102.24416599
-1102.30843505
-1102.40162878
-1102.49033878
-1102.56219959
-1102.65856615
-1102.72897015
-1102.80255819
-1102.84595852
-1102.93557655
-1103.02990049
-1103.12875875
-1103.23365368
-1103.32436803
-1103.41635469
-1103.49337951
-1103.58553208
-1103.69591616
-1103.80128575
-1103.89908197
-1103.96123147
-1104.08295452
-1104.20494430
-1104.33590458
-1104.45430254
-1104.56890154
-1104.70631639
-1104.81224130
-1104.90068652
-1104.89862150
-1104.98564509
-1105.07281798
-1105.15620770
-1105.23311749
-1105.28299618
-1105.36770049
-1105.44672115
-1105.51416651
-1105.54486353
-1105.60298633
-1105.68362154
-1105.76623307
-1105.84879634
-1105.92204537
-1106.00731511
-1106.09028905
-1106.17666395
-1106.25750779
-1106.31938600
-1106.37570317
-1106.46240624
-1106.54487412
-1106.60974139
-1106.68637751
-1106.74623156
-1106.81972111
-1106.89604176
-1106.94319792
-1106.98439236
-1107.00279532
-1107.05456444
-1107.13957711
-1107.20571682
-1107.25484652
-1107.15682766
-1107.24281915
-1107.28269194
-1107.35907141
-1107.43819813
-1107.52443058
-1107.60732941
-1107.69190282
-1107.77326811
-1107.83677966
-1107.86059367
-1107.94353162
-1108.02750611
-1108.11420194
-1108.19268896
-1108.27128681
-1108.35644006
-1108.41089764
-1108.47377590
-1108.55683778
-1108.63416534
-1108.71523235
-1108.78281850
-1108.87568963
-1108.97848008
-1109.08016800
-1109.18743616
-1109.31238956
-1109.38698622
-1109.46749566
-1109.51588735
-1109.62039741
-1109.71110876
-1109.79239508
-1109.83458038
-1109.92132704
-1110.01340102
-1110.07249644
-1110.17873535
-1110.24193784
-1110.31971424
-1110.41948654
-1110.48814150
-1110.56818795
-1110.62879058
-1110.66931990
-1110.74983249
-1110.83897902
-1110.92162807
-1111.00280983
-1111.08373160
-1111.14578224
-1111.22983613
-1111.28628784
-1111.36269876
-1111.44743894
-1111.50052058
-1111.58426174
-1111.66294211
-1111.70421956
-1111.78364086
-1111.83971542
-1111.91600363
-1111.99587526
-1112.06149391
-1112.12114950
-1112.20189725
-1112.28303855
-1112.36129265
-1112.44331403
-1112.49905711
-1112.54333800
-1112.62095845
-1112.70838747
-1112.79041483
-1112.82019217
-1112.90194976
-1112.98314093
-1113.05973632
-1113.14124750
-1113.21832571
-1113.30083385
-1113.36878325
-1113.44089672
-1113.52211211
-1113.54197371
-1113.61841479
-1113.69966756
-1113.77667013
-1113.85161862
-1113.89767703
-1113.97339444
-1114.04307787
-1114.10288220
-1114.14122025
-1114.22293870
-1114.29748224
-1114.37020904
-1114.48786749
-1114.59498238
-1114.69259434
-1114.77592652
-1114.86791807
-1114.94151733
-1115.02543339
-1115.08726181
-1115.12628002
-1115.17827889
-1115.24271037
-1115.27840100
-1115.34020213
-1115.42125859
-1115.48372727
-1115.54389015
-1115.64586315
-1115.76465445
-1115.90281856
-1116.00752686
-1116.09628246
-1116.17917038
-1116.24394422
-1116.32296478
-1116.42597954
-1116.54328615
-1116.62838260
-1116.75109673
-1116.79877852
-1116.88125673
-1116.98112717
-1117.06988105
-1117.17483052
-1117.27204522
-1117.36207074
-1117.45873948
-1117.54841388
-1117.64171945
-1117.74726761
-1117.83236957
-1117.89602537
-1118.00925702
-1118.09915988
-1118.20181399
-1118.29463759
-1118.38650348
-1118.46993851
-1118.55372895
-1118.70344725
-1118.78650797
-1118.87443185
-1118.94628991
-1119.03784815
-1119.12190267
-1119.19869741
-1119.27744201
-1119.35518879
-1119.45419209
-1119.62165049
-1119.70841143
-1119.86130457
-1119.95279872
-1120.07076805
-1120.20174811
-1120.31449443
-1120.37703160
-1120.52351915
-1120.65754423
-1120.73167076
-1120.83369256
-1120.92327758
-1120.98160930
-1121.10457951
-1121.26012040
-1121.33335563
-1121.37609604
-1121.41272763
-1121.49327069
-1121.57552222
-1121.65359420
-1121.71012773
-1121.84344918
-1121.99917953
-1121.98723193
-1122.07177432
-1122.15832001
-1122.29934706
-1122.41673558
-1122.51129225
-1122.63924971
-1122.75162435
-1122.88137027
-1122.96770480
-1123.09681756
-1123.22717468
-1123.34285668
-1123.45478240
-1123.58922094
-1123.65061116
-1123.69658923
-1123.78097594
-1123.84939027
-1123.92375000
-1124.01373180
-1124.08841312
-1124.16076007
-1124.23779358
-1124.28952493
-1124.37055693
-1124.44771889
-1124.52083545
-1124.59776019
-1124.67303802
-1124.77977980
-1124.84490971
-1124.95983893
-1125.11846441
-1125.27694632
-1125.38244838
-1125.53353994
-1125.69090659
-1125.77731968
-1125.92501698
-1126.04993884
-1126.13897211
-1126.27566680
-1126.40729930
-1126.55703631
-1126.69278348
-1126.79821474
-1126.93356245
-1127.06067829
-1127.21757696
-1127.37397055
-1127.50684122
-1127.66316973
-1127.80696488
-1127.94551085
-1128.07393396
-1128.18252177
-1128.29798218
-1128.36592943
-1128.48070415
-1128.60569323
-1128.71473100
-1128.81894345
-1128.92822961
-1128.99614927
-1129.10715962
-1129.21501924
-1129.30951739
-1129.41647307
-1129.46904960
-1129.53199218
-1129.62014806
-1129.70034344
-1129.79527018
-1129.88619795
-1129.94887746
-1130.02397886
-1130.10937027
-1130.19928578
-1130.27433481
-1130.35219125
-1130.41764685
-1130.47327171
-1130.53261607
-1130.61417545
-1130.66382280
-1130.70954921
-1130.74723569
-1130.79877684
-1130.87298797
-1130.94265896
-1131.01164694
-1131.08110329
-1131.14613078
-1131.22833931
-1131.30508100
-1131.35426558
-1131.43011803
-1131.50416561
-1131.57649190
-1131.63316393
-1131.70734773
-1131.74611937
-1131.82501684
-1131.88109776
-1131.93809045
-1132.00423014
-1132.06980894
-1132.14239327
-1132.19596614
-1132.27210256
-1132.37116670
-1132.45398211
-1132.55082224
-1132.63864969
-1132.70336411
-1132.75479777
-1132.82475029
-1132.85671110
-1132.91093434
-1133.00121232
-1133.07589926
-1133.11569269
-1133.18719159
-1133.26329700
-1133.35353591
-1133.42222442
-1133.48832592
-1133.56195148
-1133.63575119
-1133.70676022
-1133.75452091
-1133.81662262
-1133.88980639
-1133.96017689
-1134.03369393
-1134.08034695
-1134.15558245
-1134.22963147
-1134.33826247
-1134.44877329
-1134.53379359
-1134.62443999
-1134.69270781
-1134.79561006
-1134.90938070
-1135.01989670
-1135.07218431
-1135.13972814
-1135.14739447
-1135.23199855
-1135.32293377
-1135.32819285
-1135.32587282
-1135.34228959
-1135.42178675
-1135.47632572
-1135.56451972
-1135.66925271
-1135.71542394
-1135.81943705
-1135.90630200
-1136.00671420
-1136.09501669
-1136.16758751
-1136.24048065
-1136.30732801
-1136.37689343
-1136.46011334
-1136.55794472
-1136.61981054
-1136.69156897
-1136.76512625
-1136.85561003
-1136.93483277
-1136.98614941
-1137.05664414
-1137.12118600
-1137.17614807
-1137.24942292
-1137.32209045
-1137.39018608
-1137.44366804
-1137.50913459
-1137.56220664
-1137.64708509
-1137.73079885
-1137.82900215
-1137.90918606
-1137.99132873
-1138.06153139
-1138.13176696
-1138.15675088
-1138.23127230
-1138.27806893
-1138.28996384
-1138.34068143
-1138.35114618
-1138.37930671
-1138.44621161
-1138.47745299
-1138.54659069
-1138.62462310
-1138.69480468
