-1431.80673040
-1326.76880548
-1489.19441188
-1504.16734620
-1348.61728592
-1491.96148787
-1322.36306927
-1581.17643628
-1572.46336017
-1483.11349816
-1054.22782047
-912.91943784
-1646.79997993
-1493.24077320
-1603.77390730
-1502.18497387
-1298.31686666
-1612.94435949
-1513.85380523
-1205.72283035
-1531.04663106
-1506.79303614
-1077.64558711
-1052.27059600
-1652.42089482
-1537.58463094
-1252.45323380
-1505.56976592
-1648.22997821
-1314.51733288
-1595.92527068
-1234.85181540
-1643.48958696
-1636.99987211
-964.76597496
-1061.41252374
-1001.25318701
-1513.76523629
-1080.50527345
-1274.18421968
-1207.79650166
-1334.43439101
-1524.77704448
-1299.07487486
-1504.92511429
-1518.37160478
-1500.63042257
-1130.87664239
-1628.31528888
-1025.32993751
-1498.52751746
-1541.12639015
-1439.58906754
-1463.06767843
-1291.77729045
-1166.56750832
-1301.72935472
-1549.28680722
-1482.88153604
-1072.11675222
-1489.31154033
-1420.27149309
-1412.14582288
-1384.70902618
-1451.76587042
-1470.03568715
-1437.53784688
-1403.18238131
-1494.71017916
-1347.04557002
-1306.31825950
-1558.82344443
-1477.29072907
-1363.53572892
-1190.11625548
-1320.99480601
-1583.62534351
-1332.87852979
-1258.95740386
-1385.45784595
-1487.17753960
-1484.77910386
-1413.68609219
-1016.11418444
-1293.44534027
-1225.89437665
-1193.49971423
-1308.46993144
-1226.96739582
-1021.51913676
-1322.13376340
-1352.91907610
-1235.43401896
-1123.93848811
-1256.93658072
-1167.57771047
-1073.47844967
-1385.58057049
-1312.41897783
-1295.87017756
-1290.94705483
-1381.69017816
-1321.11590549
-1023.99821408
-1261.58768067
-1130.91532643
-1149.67706351
-880.49335635
-747.37463975
-1235.76765080
-752.56525046
-1050.09965949
-1081.77582264
-1155.28691254
-1393.54527960
-1263.24196692
-1159.86574224
-1256.69413198
-844.15615058
-966.57326530
-880.15457592
-1134.01580876
-997.65219448
-1158.83211990
-1183.99276694
-1255.95004620
-1206.49410309
-1174.80197583
-1119.27258883
-980.08634590
-956.26144024
-1091.60231347
-763.01166823
-793.02931281
-879.46967773
-960.84171943
-749.53465335
-739.16552750
-627.17759015
-1142.91873682
-1482.10776784
-1397.19807741
-1323.60729719
-921.85291438
-988.15144840
-1159.69949237
-1059.73083442
-1040.40091306
-1141.36534870
-916.58727891
-761.75228852
-809.95412109
-1208.24699926
-1347.70536846
-1286.70137034
-1191.73716351
-990.01081648
-883.20753678
-874.37115397
-815.26034004
-1031.42949817
-754.09177712
-881.76285519
-627.91631591
-756.20970970
-526.45542966
-1124.22389087
-854.94694341
-1158.02782731
-615.62812593
-731.55989059
-1030.19492714
-1288.84417521
-949.84229295
-1261.59899502
-534.71038965
-494.61208979
-727.93065982
-732.90328147
-462.05116140
-468.73984301
-1061.52135786
-827.47789759
-712.99820060
-495.18787998
-735.72698068
-1797.43791963
-1043.20557359
-862.59178992
-521.43593625
-566.42398089
-1763.82123559
-1157.42484945
-463.41391861
-601.66888792
-1694.98454748
-373.48001781
-1146.04274724
-366.35938967
-1671.85086806
-127.80184501
-346.50021617
-676.78535227
-118.86542544
-242.93653869
-614.19111679
-233.84861129
-236.06692751
-1007.46094761
-1160.56542824
-1085.74693939
-1027.39101828
-1137.46544755
-576.90362090
-928.84640667
-1029.88631071
-1017.54098265
-880.44366242
-700.70199836
-856.48163581
-3.04541920
-615.60996169
-1262.07031224
-1248.14858976
-885.20710962
-231.97926785
-627.69650654
-793.25521273
-1103.40260053
-1123.64748847
-870.91489524
-633.11605866
-124.16752166
-164.90178013
-716.20909469
-360.48615620
-477.44110079
-444.94772909
-724.55805115
-232.32968533
-483.30708522
-493.22494270
-247.21848074
-482.74114406
-477.33299585
-752.52991842
-858.01340898
-125.70001341
-122.91605214
-123.29388298
-1385.17109934
-247.28238730
-120.16446438
-922.96085418
-122.57224883
-699.45312572
-121.79031946
-228.09377507
-980.53621901
-479.68612088
-245.88990244
-2.00458308
-1206.29010550
-776.24497016
-724.96300831
-820.15932545
-658.02929098
-683.06343878
-1117.24002073
-480.00402570
-1416.86407013
-326.79470798
-546.09594626
-123.07511834
-122.01451463
-122.28679736
-1266.06692728
-1173.11477803
-1180.67725390
-124.11722039
-1056.23923688
-233.47526689
-458.28756012
-123.13408683
-1172.76107113
-703.27349292
-1154.52374247
-343.08568650
-119.63710967
-2.36325777
-225.97107418
-453.08356216
-1186.53439507
-444.63237174
-231.77550268
-484.79825304
-354.14857762
-678.71870596
-1255.02226141
-1208.90995463
-1067.29837550
-1085.52206731
-219.88123949
-1090.99268221
-536.35612817
-602.68022303
-360.40236686
-123.18097794
-451.70381970
-242.98541925
-0.47993458
-235.20640109
-464.18403331
-355.57960805
-241.35393956
-219.74629655
-220.20740033
-120.85363191
-121.21706578
-633.37033832
-2.23105455
-243.95985629
-233.67862160
-124.26941179
-121.87110809
-124.00296432
-802.20829205
-1.33773222
-1.04061255
-241.82139434
-219.70294969
-224.40952330
-119.00131127
-1156.36175726
-911.64661213
-881.56039945
-118.48287477
-116.65829884
-245.40297996
-227.84998641
-980.32128398
-365.03439773
-232.29235239
-242.47348726
-448.55052755
-237.69159174
-233.94126362
-120.88972182
-0.38677285
-347.60256756
-352.12403916
-475.98632474
-123.87477717
-125.62348273
-358.35960655
-240.14741891
-555.60386980
-240.89761921
-365.12213690
-360.65325014
-331.87240224
-245.78519317
-123.08842341
-347.16767785
-223.28225334
-370.71244468
-224.41892074
-118.59861940
-365.56465732
-329.78856950
-549.10064036
-239.46557648
-122.60528376
-117.81502651
-226.01102090
-124.11371892
-230.13873645
-118.99044785
-1340.10210653
-237.95193310
-125.13377962
-332.64408556
-119.79000263
-118.65458992
-361.65234168
-122.25336517
-229.90433721
-342.51636593
-116.54916015
-0.14560363
-0.99791290
-119.38867511
-245.39886277
-335.58313247
-120.04527595
-449.02060640
-1150.96335843
-119.28961918
-1020.24665644
-117.32534830
-230.91059388
-114.22726429
-120.78714215
-0.80561641
-118.32683850
-117.63602844
-232.55764002
-122.72792191
-117.38373962
-425.76222449
-225.63036833
-231.58883955
-460.81048572
-1120.21463531
-622.64542420
-125.58981604
-119.42775647
-119.61355688
-119.86202101
-329.61498924
-630.30219379
-118.51403806
-1.96897921
-121.30055624
-227.03024268
-120.74032729
-120.77514174
-425.20416785
-119.89582430
-114.28877736
-223.67655449
-443.49185896
-122.56756134
-424.69469641
-124.79921830
-123.28825141
-248.77933371
-241.00478044
-124.13911886
-540.41963782
-228.15498500
-333.52941999
-1.18914326
-335.87686616
-120.42097675
-120.00345037
-118.04690438
-709.09764351
-2.13877877
-338.05501001
-117.16920702
-120.02700609
-124.17473584
-120.43680966
-116.96237003
-325.38283429
-625.27622486
-0.09111835
-121.26019504
-120.02349685
-120.51056156
-234.33397600
-341.84098270
-120.02214817
-119.46304407
-248.58457979
-122.11593786
-126.30445604
-532.69341250
-233.60500932
-116.54870321
-123.99780392
-244.51555800
-117.83103712
-123.00312114
-118.29000980
-119.14599595
-708.15179083
-345.79105151
-686.33384490
-120.33262987
-334.71497217
-243.17175575
-124.32009127
-123.12627919
-125.17430922
-374.34773663
-116.39578590
-0.06182863
-123.15950675
-126.72803244
-116.44898989
-344.53178206
-598.24481038
-228.56714673
-115.53249902
-776.11218485
-121.94797640
-121.15155982
-0.99964345
-0.27282512
-732.02927198
-335.41324029
-1.22987858
-117.39593949
-115.78545676
-231.17351396
-223.62282671
-122.44993524
-124.57400615
-117.96563540
-225.62407519
-573.00019392
-458.52773097
-768.33080386
-122.55974276
-116.97257908
-240.80460691
-926.60950439
-119.17489416
-123.90150724
-117.61914964
-1.07622971
-123.39617255
-685.97589452
-118.97133673
-0.25835887
-240.49053204
-114.24612218
-232.84385495
-632.89374118
-118.70311024
-888.49610262
-949.40443328
-122.41329708
-685.57767586
-121.25468807
-336.19598269
-118.84286818
-222.58085640
-0.89403676
-329.82696213
-230.01399561
-121.91844535
-124.33663639
-239.85323866
-0.62588163
-233.50795071
-234.90693156
-123.31539645
-125.59185658
-123.12636486
-118.21224965
-120.59529055
-1.19272035
-124.07611426
-119.27548171
-228.76893834
-242.68265384
-708.75046525
-726.62352154
-124.05850009
-240.57501962
-343.65354429
-117.06561423
-505.46861215
-227.17886931
-229.39701935
-0.05438513
-224.52540949
-116.07197593
-226.81651999
-118.97501771
-118.69937286
-248.43900159
-0.14400333
-445.12018386
-119.19475946
-116.08626974
-223.86437664
-231.21035095
-511.80125228
-122.52721791
-124.09965296
-219.66121194
-233.09250055
-120.13756625
-0.78052627
-123.06480073
-246.09774006
-227.95016988
-462.96946615
-371.78706700
-116.51786517
-236.30039036
-237.70328975
-122.78858393
-240.16809734
-0.23964398
-119.13551318
-118.83510092
-120.42444936
-114.05109845
-621.74657230
-0.18062441
-114.19079785
-116.84469439
-118.45975027
-369.62357375
-116.07990291
-124.90195423
-127.44892242
-117.54548074
-445.22516315
-0.74265096
-120.58688250
-122.37078488
-359.88937641
-261.96229694
-121.48308313
-117.66397896
-123.83953899
-391.33572828
-1.96687807
-0.27220597
-474.91600933
-240.59280689
-220.80373880
-239.44396696
-3.82309843
-121.58394740
-239.33986304
-123.92872302
-120.05331945
-122.28576127
-3.31836704
-120.23502139
-351.13180951
-450.54718193
-117.06549786
-346.56569467
-340.51240028
-0.99581258
-1.57200880
-119.03257299
-121.29502590
-119.20126082
-236.66164170
-118.46680186
-346.44339694
-423.66745215
-124.28135681
-117.90839461
-123.58875709
-375.02853835
-222.54410860
-337.72703171
-121.93088370
-333.51950331
-340.90921543
-360.06086323
-3.94455472
-125.77657682
-122.43253377
-121.48864983
-0.38017959
-120.40232169
-228.39377537
-833.25886765
-360.65012060
-0.20860342
-121.53728610
-237.81548301
-114.44593996
-252.90250608
-0.47135939
-126.47599301
-122.25712543
-225.69912727
-237.68288395
-124.31170293
-118.37116010
-236.21199755
-235.89807817
-1038.24369444
-1071.71107672
-752.86304207
-648.47669872
-249.52590259
-116.16721792
-125.09372952
-119.52162787
-117.25702676
-119.00343288
-117.49415196
-220.02525777
-121.00184784
-216.00354665
-115.04855214
-123.61104868
-356.44583370
-121.33268589
-120.18745949
-114.84925641
-118.61166086
-0.25054301
-217.36500037
-125.49395850
-1.00202304
-123.08155808
-117.93054658
-116.58355033
-337.68386772
-118.23850756
-118.35714989
-120.27646753
-118.75373035
-0.32740120
-238.47101446
-2.69616733
-120.11809827
-347.90827718
-119.25782091
-328.47327640
-123.82436938
-0.08402185
-233.08503874
-231.69898362
-122.06819956
-118.48560265
-118.63462358
-114.28927360
-3.56016955
-248.10890616
-121.34718003
-121.09624835
-120.58228953
-361.33554200
-350.15118039
-113.93514493
-0.26134817
-120.75821536
-0.53562543
-251.16313562
-0.94921115
-1.52615750
-0.63869279
-3.31262460
-374.16492606
-226.12789100
-383.49722542
-235.76090131
-333.49991911
-119.75182611
-249.56123626
-0.56772502
-238.28556031
-234.74030260
-1.03645691
-241.42380318
-122.26635644
-241.70946039
-226.87491383
-121.84802532
-230.89507782
-122.98501083
-119.50159612
-408.07383063
-0.08734460
-119.36447859
-117.45515151
-120.11753389
-115.18753758
-230.05739521
-232.64847504
-2.38318098
-127.17236970
-113.91066150
-0.02791537
-118.30571521
-119.42918632
-125.95380612
-224.23318524
-496.15382274
-490.01580067
-122.49142587
-234.61351954
-1.73824039
-121.51941767
-120.65078070
-353.06207538
-337.66048111
-3.11668829
-125.87019857
-0.18556008
-232.90519488
-333.24856905
-232.71305474
-121.20070796
-242.79260249
-246.73182822
-223.51064199
-229.59636671
-114.38524050
-230.96138622
-245.12153559
-400.61768462
-0.84927423
-125.01274214
-228.06988403
-222.12619350
-1241.78027428
-122.02405503
-126.50506066
-228.07297519
-236.79511118
-227.38397389
-117.85643058
-237.19263249
-115.72108753
-236.80569682
-245.10339979
-228.03252415
-237.32928876
-124.59403038
-237.66151341
-116.77998043
-445.66314417
-374.00782519
-126.57894800
-120.47899342
-244.85781833
-338.22820665
-120.34801543
-129.34974301
-121.03973065
-1018.60700149
-378.52488190
-978.19353702
-226.32805135
-120.75299420
-362.52466424
-113.02295693
-223.82305371
-232.68903949
-248.18982807
-124.26246872
-121.97423467
-225.90165511
-484.24202696
-125.21737594
-307.51555299
-416.59324260
-120.57697771
-123.54000783
-121.64457259
-120.57719382
-123.45402213
-127.29976126
-116.99540986
-122.93844765
-236.24755704
-121.85705030
-234.77147407
-216.27572480
-391.10777423
-320.55696696
-121.72527624
-124.54821330
-119.07711943
-228.11292015
-356.22602705
-0.24111229
-113.86178650
-128.33931745
-0.32146001
-226.99392780
-2.62748409
-227.01813185
-235.76485860
-118.69034010
-233.57616961
-123.72041498
-116.67872853
-117.42385567
-120.52152709
-118.81297598
-231.83451062
-122.20283982
-895.69285088
-123.50218162
-121.58138769
-345.39375202
-123.81488507
-125.08148730
-113.59712646
-340.06532886
-120.48925866
-118.34354288
-122.59308806
-231.89840022
-123.70336808
-120.26962843
-120.53453567
-227.52983635
-356.76551189
-238.40054370
-118.43771153
-0.32842928
-248.44611995
-117.38437668
-1.64518962
-225.14553289
-119.10488132
-127.29602241
-119.78134842
-234.96563805
-387.04588112
-238.31254395
-226.45883833
-358.74733045
-117.19728035
-122.06183957
-243.05807857
-113.69353062
-114.43992927
-0.12167671
-123.42585434
-116.05253368
-126.14829483
-340.84006731
-116.85269007
-122.77624400
-224.17727928
-123.08894489
-334.73420662
-244.04367058
-0.23096187
-116.58735129
-124.20836259
-0.54404783
-237.68251622
-119.26061685
-337.08658932
-346.67599495
-117.16952086
-123.17962737
-122.60646437
-117.94094488
-122.02830163
-372.75204428
-222.82073191
-124.33373633
-1.04308480
-116.24367998
-124.85152373
-116.88106473
-0.14131709
-118.35938181
-362.33617984
-239.23495427
-1.79643384
-117.41713071
-342.05956942
-229.75512691
-2.50463563
-1.00764769
-115.85807503
-332.40766062
-344.31999263
-121.44003641
-119.68952969
-115.94802688
-112.90883860
-117.98206030
-118.86572950
-240.61130172
-232.01573415
-123.85170780
-235.50335896
-373.26402108
-361.39230045
-115.80063623
-343.02095689
-113.45874046
-117.36515125
-127.51241826
-118.42391297
-113.89923614
-371.35067225
-336.68968925
-120.25272672
-224.34874121
-1003.67392786
-885.49829873
-347.60620459
-356.51279891
-247.59871779
-123.21138823
-338.44766661
-235.70570334
-1.90713338
-119.37955637
-125.16849994
-0.57518643
-332.94890209
-117.13511495
-238.23019339
-119.23842081
-229.65391213
-120.36243662
-226.61661120
-121.85355498
-1.16165737
-122.85252871
-120.91877553
-227.66019198
-117.70049853
-114.68116959
-345.01923741
-338.83027670
-240.05256836
-124.15178040
-119.24120755
-116.67352508
-241.66529499
-121.42112351
-337.34194050
-0.54597906
-125.04997252
-118.77810376
-325.39773442
-0.30043002
-0.15662049
-123.81247903
-114.46921316
-122.58632673
-231.53462838
-118.50927325
-116.86076927
-335.78190359
-121.40524722
-118.32373307
-359.32575454
-128.29806140
-127.60232880
-116.19994244
-121.14840752
-119.75562261
-119.69541081
-223.61880062
-0.21152983
-117.43863280
-236.89156208
-221.12448669
-116.22930521
-117.16508706
-238.80319695
-121.60600501
-122.12367919
-1.40987978
-122.81184968
-239.53382325
-125.85980877
-119.61560286
-118.89209500
-365.09555970
-116.99269331
-0.41939149
-125.85298815
-115.14196610
-118.39007641
-124.94690301
-3.89778321
-0.55933208
-127.33187069
-125.90738345
-237.72773145
-1.59563535
-116.38984283
-122.63638391
-114.59221889
-119.09253337
-125.03967137
-0.51594105
-123.23472481
-225.63161853
-460.66909879
-0.45577322
-116.99617092
-224.42091957
-0.09797759
-238.09504870
-119.12959912
-114.65198775
-118.73681922
-119.55547270
-116.59211027
-246.36934441
-119.18644922
-121.46919372
-330.59475485
-236.09283477
-114.30594501
-123.00110463
-119.35687613
-118.41724670
-116.84696952
-1.24726345
-126.30893797
-231.33510503
-122.41505138
-0.36231285
-124.15400578
-124.15975445
-126.44236593
-127.36222393
-0.49061322
-231.38237960
-240.14597261
-2.72941554
-116.00883665
-241.54345377
-228.01112439
-347.42195992
-234.87592775
-240.32103004
-118.68259935
-124.10898458
-120.05421863
-232.90529607
-118.30983759
-0.60451180
-244.28951325
-252.70937449
-120.04910685
-1.18013637
-121.96946372
-889.96239778
-116.16120693
-234.84269418
-245.63270132
-362.28564506
-124.08923433
-0.34172269
-240.05448029
-118.93425407
-227.98324351
-3.05814092
-1.88832013
-116.73551032
-122.38299781
-116.31909861
-121.59571904
-0.09476848
-120.44274191
-352.99637551
-114.81281827
-233.37986836
-744.15998941
-501.70002495
-255.34442832
-375.57149764
-487.59269330
-822.00483834
-870.72872160
-687.57705765
-742.33285262
-121.11831432
-0.41404178
-118.54610737
-123.40796565
-239.74985491
-621.21576449
-819.66714919
-492.34649160
-236.98770975
-1.33311832
-367.06861432
-0.97925064
-115.48265679
-241.01986826
-123.79071282
-247.50937473
-356.74146523
-118.97732281
-125.85295973
-250.36541138
-128.26515933
-474.31211401
-124.40655349
-129.42151851
-227.46753973
-511.37109547
-119.07596799
-127.86942199
-362.62598986
-124.59458518
-125.80310882
-239.55932089
-379.41295472
-125.83803748
-122.01263521
-3.25369385
-129.18691820
-248.56596677
-240.99131038
-249.89012044
-123.70107152
-125.91920016
-119.64103147
-123.56558974
-117.23586673
-113.51598372
-355.09203474
-0.49788209
-120.36704484
-122.55010385
-118.26024711
-340.26392643
-126.16361661
-131.94919955
-989.05909301
-1053.68917066
-645.90173790
-383.28359661
-1.36005909
-119.25334425
-123.47931791
-118.05409213
-120.14130385
-118.47712141
-112.63365262
-118.78069486
-373.24913504
-255.60224080
-239.07109379
-128.68062702
-121.82244709
-0.88338734
-117.13225239
-384.81388116
-1115.85930193
-781.05110097
-126.02390524
-116.90620862
-122.60217868
-247.68831118
-126.66934740
-130.53856893
-567.66696275
-251.18655271
-378.60113703
-2.08641262
-125.89477466
-128.68024097
-119.46851601
-340.86028528
-127.53571140
-255.97014037
-129.27698340
-246.10730815
-0.89078325
-125.42833056
-437.72569258
-0.62125028
-123.41336276
-130.07472315
-243.74992278
-242.72883897
-119.92283244
-128.82521513
-118.52433484
-359.72173730
-120.24116220
-253.57949890
-699.86405395
-241.91469951
-493.81711569
-125.17843999
-520.62725757
-125.83874319
-118.40502275
-239.59118615
-122.60641200
-125.74626444
-122.23402314
-475.47719624
-236.86189769
-575.00650748
-745.14143719
-1026.67695528
-1472.36033181
-996.11242508
-1.30741842
-1177.34224013
-123.34308466
-127.53201670
-718.46426437
-611.46566464
-737.23518287
-118.84659573
-123.59030821
-1144.28883159
-590.76366037
-1117.58045362
-980.16776828
-1181.77872025
-124.67152612
-713.71074489
-1257.19625485
-0.20822687
-1165.80211111
-1405.78380141
-123.74945209
-122.57811843
-0.47239706
-122.46213585
-1220.74628976
-123.50362485
-1090.52420497
-1215.15244598
-1357.63675189
-1497.54127701
-128.64841156
-0.68580484
-1164.28271823
-1079.17988484
-1383.45345399
-1194.78430788
-120.48446623
-1243.52327940
-121.90175539
-486.70918991
-484.50098955
-1202.38652542
-1165.45045461
-1299.93417698
-124.06929853
-1214.71359737
-1267.59719596
-1112.61623743
-1186.01062331
-0.96234668
-483.67942518
-906.45166301
-1027.46602103
-740.25137860
-119.38548352
-117.96554813
-486.98710201
-241.69283340
-124.83981599
-120.32248864
-485.71252515
-268.26651846
-685.09163993
-126.18044712
-246.32700625
-583.57221126
-365.91106028
-126.12714799
-247.78391625
-260.01282861
-470.20991209
-1.09450524
-246.91883863
-250.28043062
-118.35228508
-248.49575855
-117.28704915
-249.91615715
-256.42367187
-253.85530246
-253.72775821
-366.20375489
-499.33114546
-118.19566520
-124.59956063
-117.36492347
-245.69680379
-121.90677395
-254.39016670
-249.44656679
-120.22405366
-246.67750305
-250.79282705
-372.87160383
-262.33780555
-381.94834833
-123.42507463
-1.72412452
-118.44466366
-0.14132694
-506.97109619
-260.25731023
-0.92845014
-127.85385303
-600.72961649
-255.22637052
-256.12849863
-126.88813029
-0.16095053
-125.71904332
-547.94909673
-533.41240665
-778.12374949
-524.42214733
-521.48279169
-1383.72224421
-394.02784043
-255.35888385
-126.70336766
-815.34261656
-0.67757202
-126.96499044
-555.04537406
-1414.57883614
-1517.03652181
-127.68444203
-1493.40944714
-126.88948132
-392.01255393
-1536.80763378
-124.20884294
-126.55881726
-0.71547468
-121.71795566
-548.87486964
-127.19058246
-273.10485471
-267.84141898
-1155.51704698
-913.86624319
-532.09409316
-0.66180325
-374.03066084
-385.57486635
-125.69096102
-396.86674030
-124.30947858
-524.45422093
-125.88350949
-1.07910981
-1488.95804894
-1480.35584261
-1556.72453936
-1538.17959974
-1542.76346547
-809.62639333
-124.72239360
-1517.35980733
-132.08041311
-959.53741259
-0.48708969
-128.91262349
-1525.87859276
-1489.31498983
-1576.17282771
-123.42869703
-124.25388539
-1472.83442184
-0.33329025
-1518.70841397
-1575.66884815
-0.59717199
-1487.09303503
-0.19006717
-1513.20558116
-122.24415415
-251.55928221
-1598.64270916
-251.40849398
-1589.09350260
-1519.34435457
-1440.34191734
-1442.49888694
-1501.29437732
-256.92638058
-1476.63099656
-0.21262529
-1412.04356874
-1420.58017766
-118.71796838
-124.19531108
-1031.92443001
-1038.60960009
-123.26402425
-1486.57485827
-1320.02535955
-124.13777047
-116.24739346
-874.09870077
-1507.52540110
-1508.58598685
-0.89364624
-620.13770877
-122.25298582
-0.33155924
-913.12473469
-1009.17715303
-1362.53308722
-1325.73102358
-492.48247314
-1446.82514469
-1483.41228267
-1506.25035023
-0.16014437
-1424.27715574
-1525.96748813
-1505.18921845
-1582.40935671
-1339.52877156
-1618.39729631
-1624.78044511
-1500.24078483
-123.19196894
-1492.06450782
-1412.67404976
-1578.54579034
-1457.30332080
-1635.91818318
-1494.93412516
-120.64187117
-1776.15059701
-1526.16820289
-1710.08035247
-1745.71218531
-124.27897640
-1473.14696556
-1582.38709549
-1557.31463723
-1590.93160204
-1516.23788798
-1643.33413690
-1337.30721195
-0.63678680
-1519.06403337
-1723.86237920
-1715.36586830
-0.30590463
-1662.64837501
-1375.37114680
-1524.69619680
-0.13466394
-1411.36447428
-124.99391306
-1559.43199070
-0.68875965
-125.80765743
-1430.18354293
-123.95195166
-1602.06004816
-1541.70230234
-1616.62238159
-1394.42554159
-1448.54578753
-1279.15415106
-126.41555453
-1098.21531890
-1445.44987594
-126.16325290
-1511.84324325
-1552.21840282
-1109.74572108
-1624.12631530
-1430.69560858
-1525.99654261
-1348.37421563
-1525.59667339
-1566.15957956
-1541.11279943
-128.01264049
-0.94254084
-1541.12299889
-1535.35749332
-0.77136058
-1493.18486036
-127.72954965
-1322.71507482
-1482.87739224
-1.98493446
-1489.49367427
-1581.80784425
-123.33806688
-123.07503241
-0.42365174
-1.57239105
-1644.96311533
-1550.05149135
-1291.80051637
-1520.78284014
-121.73212614
-1525.19993796
-1649.21869656
-1639.59989973
-1619.97844822
-1624.57715790
-0.52883106
-115.63543170
-0.74333862
-1741.64073356
-1510.68547764
-1486.67092376
-1520.18511998
-1219.25087095
-1192.51627433
-1260.21372106
-1503.94975107
-1489.11436146
-1363.14480165
-1662.48350361
-1561.71899365
-0.39802638
-127.61237924
-1475.16747872
-1499.08023886
-129.02512253
-885.03524395
-1390.41832889
-1532.40604314
-1505.74381039
-766.20759764
-1526.00657901
-772.01125014
-259.91211535
-261.66790067
-1565.74153643
-127.58652716
-127.47362122
-1704.26065653
-1676.94161991
-1639.77953109
-1717.53222137
-117.33003713
-1778.23332083
-126.22114017
-261.04364908
-1702.20228004
-0.70787546
-783.18643710
-1727.57458408
-519.19223509
-257.02945351
-2.29440720
-1612.08722778
-1727.70379194
-1654.14346192
-1779.08896700
-126.18007877
-117.83044516
-119.67706824
-1554.17973016
-1497.01637080
-1564.07767190
-1498.14910215
-1776.74490107
-0.30895664
-1759.76627476
-124.10663034
-1582.52741985
-1657.94682236
-0.89167227
-264.48490563
-530.46793530
-127.53180201
-124.75844329
-1514.64212486
-126.11218195
-120.78337554
-124.20203434
-1687.79135891
-1819.77630479
-524.03523442
-384.08031662
-387.78820569
-126.62700041
-251.63074671
-0.11070079
-1572.14046419
-1589.19945793
-1597.86538195
-1631.10291837
-247.86045120
-1500.33685193
-121.11591289
-125.76735711
-1478.84601136
-121.00534044
-1154.58550291
-1517.33003582
-1502.20853605
-1479.31862254
-1497.75709431
-1498.64040525
-1419.47985138
-1082.86542181
-1511.01899497
-1477.49917986
-1506.22786069
-1280.32717987
-1352.19014026
-0.14408358
-121.81178972
-1487.60704581
-117.62746987
-1361.95597004
-1550.58190791
-125.50067447
-1455.27361886
-120.71232343
-0.02926089
-1607.28665765
-121.43435609
-382.22162827
-1794.84322904
-1524.50044573
-1828.63381030
-952.36759408
-655.91875832
-125.57443912
-1669.63317857
-1132.90913976
-1315.44497670
-1290.43332357
-1494.26922267
-1328.98598418
-1523.55280827
-1508.60178810
-1376.62458760
-1472.38522518
-1224.63656833
-948.58955018
-1458.05304353
-1470.79882366
-1491.80973998
-1499.00818732
-1538.85208637
-1489.20990590
-2.34481892
-1457.53839234
-1404.62566866
-1528.23571268
-1370.69845927
-1230.78718838
-1673.26353962
-125.73542537
-1451.58294518
-1544.15432189
-1486.10124919
-1470.72766747
-3.56871000
-1489.53861755
-1331.52685830
-667.19119763
-1480.67108625
-1543.20386844
-1614.18870294
-1616.25381478
-1546.64312174
-1598.16664515
-1570.37697210
-1506.21240299
-1431.28677110
-1404.19642741
-1510.63072735
-1605.07224546
-1688.36698410
-1682.56706411
-1553.03424550
-1721.49260450
-1441.17015388
-0.27356800
-1666.89853058
-1623.61111692
-1477.71720434
-1419.64215157
-1683.86492752
-1729.17948860
-1905.55486548
-1668.26299516
-1717.19752721
-1550.02474885
-0.24817622
-1720.12005094
-1665.78095691
-1.83645477
-1515.26160854
-1687.87511368
-1587.48997276
-1510.32932797
-1490.65702694
-1727.07466072
-1476.96089712
-1481.96512883
-1493.61929306
-1471.36114083
-1484.08325348
-1488.98354771
-1347.72450939
-1490.35883385
-1480.01751358
-1445.35344153
-1407.14684561
-1492.17030783
-1360.93045883
-1492.70758661
-0.19912696
-1443.41489928
-0.35695036
-1408.71865554
-1357.01535635
-1403.06495282
-1501.42043350
-1456.70610495
-1472.45514214
-73.86560611
-1508.64550833
-1531.89600564
-1601.17646432
-1657.84030478
-1707.80921865
-1590.51339634
-1679.05153089
-1608.19831694
-1467.63024450
-1441.49694288
-1492.55740038
-1457.48325968
-1479.04149047
-1415.26172836
-1420.67600173
-1473.82500755
-1466.90694547
-1499.90772333
-1537.97051217
-1523.63940952
-1626.87979070
-1365.71059813
-1484.05775114
-1505.43647100
-1513.25459889
-1542.03270717
-1423.84972318
-1426.14294422
-1482.86188313
-3.11562055
-1559.30552424
-1531.67653181
-1533.44284562
-1604.80087569
-1433.30881693
-1505.31859870
-1502.18262608
-1.09979884
-1576.59632420
-1.35948443
-1448.21841329
-1340.07120052
-1504.91572907
-1309.56292419
-1627.62387135
-0.76394581
-1472.43984565
-1503.05622376
-1553.49208689
-1482.29887281
-1594.91867051
-1673.50180707
-1519.31909189
-1496.61234295
-1629.24506382
-1602.54214563
-1593.09630334
-1593.77361665
-1496.63435445
-1552.13196879
-1438.11350329
-1502.58771331
-1430.17670057
-1498.09798501
-1557.64594874
-1655.27575896
-1628.84954873
-1650.42041624
-1475.48668115
-1415.04119463
-1542.73776547
-1690.81737660
-1696.15925242
-1552.09679727
-1557.46056710
-1669.10239411
-1618.02131582
-1595.80206451
-1641.54201973
-1593.69274522
-1537.52933611
-1574.91186212
-1547.58339331
-1532.58546325
-1618.71160970
-0.68536551
-1494.23385138
-1551.60678466
-1570.09561488
-1.12330033
-1464.48083897
-1485.48839433
-1589.82430474
-1543.12623224
-1636.59059577
-1495.29416775
-1495.37116625
-1556.00006368
-1667.94816594
-1606.94902993
-1454.23236981
-1527.54348313
-1422.60816708
-1482.84827530
-1499.54187276
-1465.41764636
-1518.08950265
-1512.67679748
-1522.48106092
-1514.54993860
-1589.86369356
-1523.70813371
-1614.84126486
-1537.99787572
-1552.60904589
-1652.24498728
-0.73995247
-1623.51064955
-1706.51282297
-1615.55991733
-1624.26863922
-1627.61994795
-1599.53337103
-1618.65789679
-0.46707767
-1489.06902645
-0.08762092
-1505.42911944
-1617.33152948
-1516.50263304
-1451.53182509
-1528.71783679
-1596.34947607
-352.95550898
-1647.71222614
-1411.23020845
-1483.05730243
-1467.12984033
-1.73665315
-1485.89811060
-1513.21743563
-1495.54608509
-1489.37753660
-1434.21478608
-2.87373181
-1564.20168167
-1619.73818815
-1714.32410691
-1609.38512459
-1618.50910782
-1627.81870199
-1604.26715912
-1610.89337798
-1548.50250886
-1558.58685540
-1736.70973127
-1712.39959262
-1691.05447486
-1744.66178364
-1689.30895126
-1736.78654750
-1604.00787061
-0.37625572
-1523.07901971
-0.32084807
-1545.25695972
-1527.75221104
-1666.58182238
-1707.13496409
-1539.93894365
-1513.67305221
-1545.21768967
-1536.58307944
-1491.66327167
-0.49396456
-1.02229301
-1622.14431019
-1653.79191153
-1598.68771957
-1601.28766229
-1741.67605345
-1813.58321591
-1578.19890357
-1486.45991049
-1540.89439349
-1534.17276263
-0.68877835
-1517.53723969
-1499.41697375
-1468.26892850
-1458.01382114
-1548.64493053
-1725.54482509
-1569.00617796
-1780.85016387
-1558.19528111
-1533.62982774
-1796.83012177
-1409.59215391
-1650.92386843
-1680.90481692
-1608.92788678
-1759.14330778
-1694.27008177
-1636.62035172
-1629.55224852
-1585.25097876
-1608.98006887
-1716.05279598
-1605.23081157
-1661.42561315
-1501.86830869
-1513.96495234
-1785.14273475
-1626.68877312
-1704.21222612
-1725.57342378
-1760.11119493
-0.84647373
-1586.63168517
-1600.66121863
-1555.55752605
-1474.51608745
-1761.27629957
-2.06948211
-0.32908501
-1497.93214004
-1481.43859384
-0.14402614
-1457.92005450
-1382.61408057
-1449.50814209
-1547.70124650
-1531.00074005
-1534.15971577
-1490.21297631
-1558.32224924
-0.35094735
-1481.35783981
-1453.91669196
-1496.70439549
-1553.18254480
-1581.42438629
-1611.46041404
-1737.41808629
-1418.25294984
-1508.38006197
-1490.78991415
-1.42196377
-1379.45252866
-1500.32865353
-1494.61408018
-1487.86916012
-0.58076176
-1530.84347557
-0.19255339
-1645.68856128
-1488.34164597
-1546.30573554
-0.49626917
-1561.99190727
-1760.78651031
-1494.86820765
-1395.06116648
-1252.13708802
-1480.28202104
-1424.29636080
-1476.62164729
-1498.82691464
-1327.67088290
-1665.42109168
-1509.55314799
-1387.25444735
-0.06848942
-1470.75997622
-1476.72005008
-1499.54033479
-1472.95866674
-1496.53531398
-1.12231897
-1436.99709825
-0.29797927
-1501.67504453
-1418.76385119
-1442.78455419
-1485.21849116
-1515.84606961
-1706.56352874
-1504.17079167
-0.28160462
-1482.81961159
-1485.82838485
-1470.53604115
-1495.84982684
-0.83903464
-1424.68010305
-1487.19727928
-1445.82022745
-1513.37235988
-1501.10381282
-1450.82698062
-1452.04215267
-1486.04334712
-1483.56934039
-1472.41583441
-1484.24686740
-1501.66368851
-1494.03475614
-1495.07373966
-1445.35423509
-1441.24330263
-1541.90465076
-1461.68163968
-1713.77678577
-1701.33477678
-1524.33457669
-1635.28634187
-1407.70888095
-1659.99665519
-1507.59024470
-1424.20973087
-1512.67203510
-1499.86624956
-1511.97436623
-1496.80711856
-1469.28658858
-1544.90587472
-1522.29850733
-1470.52723949
-1499.21417580
-1754.61424049
-1587.66629862
-1539.01506091
-1.41784428
-1531.53015434
-1500.11668674
-1603.98033997
-1428.38139217
-1656.63675990
-1491.64392348
-1460.02341163
-1451.60891164
-1479.72809438
-1491.27825172
-1541.59683234
-1443.69133878
-1699.26153922
-1365.93596518
-1486.77303679
-1532.04981200
-1505.91328681
-1485.57184387
-1481.36044217
-1507.76735456
-1714.46889432
-1416.51666672
-1706.42183995
-1489.81432819
-1725.21076637
-1453.06670163
-1508.40846856
-2.61654154
-1420.53246389
-1484.91293756
-1445.05819465
-0.13993049
-1351.18460016
-1493.01114359
-1518.49927877
-0.16192069
-1473.16939076
-1681.25949654
-1494.57865817
-1501.40759063
-1475.63752083
-1501.13632198
-1615.63077497
-1589.64619880
-1337.98206789
-1475.60498054
-1504.72911623
-1558.94470532
-1479.66921617
-1466.58517235
-1512.84340721
-1738.09358840
-1502.46215713
-1484.44289118
-1526.11297509
-1502.61496306
-1481.44349124
-1612.61314762
-1679.69842797
-1516.92344203
-1678.55286782
-1532.61123952
-1629.54789067
-1516.16321213
-1692.68803257
-1494.91456633
-1475.57530417
-1686.04202128
-1658.79114240
-1643.61013733
-1597.12502988
-1580.87558162
-1507.97132383
-1534.41668680
-1491.48833252
-1446.05363933
-1338.65437107
-1426.06938970
-1432.97507298
-1551.32975121
-1579.76052570
-1703.19037400
-1604.79602236
-1374.77644150
-1497.57381015
-1526.30840014
-1490.94197573
-1572.35613929
-1521.61459386
-1513.78904880
-1529.69042277
-1515.91511675
-1483.95326499
-0.88886881
-1345.18698834
-1493.90937647
-1433.84962977
-1488.92129044
-1484.82640227
-1498.78603477
-1462.95277141
-1510.73818431
-0.57229784
-1521.82035500
-1527.34870439
-1518.00368730
-1485.74043856
-1565.83397265
-1491.09488814
-1505.63785112
-1542.43532936
-1462.46214298
-1493.62527236
-2.57037006
-1439.28520101
-1377.77290612
-1513.80474041
-1534.72210288
-1466.69204005
-1468.09981452
-0.79944772
-2.63925344
-1450.70277419
-1444.08053996
-1484.15589627
-1538.13633545
-1531.12315199
-1549.73964252
-1510.95762509
-1610.18838552
-1605.15034243
-1669.17579698
-1664.14918135
-1679.87010097
-1632.68878952
-0.23985514
-1584.83464883
-1506.80082590
-1498.31657022
-1484.29803654
-1496.33400943
-1426.79573373
-1479.47373326
-0.49510135
-1.42900263
-1551.97459396
-1459.22153099
-1465.89813667
-1507.62945418
-1524.11962335
-1.04968299
-1463.15416011
-1539.70348721
-1486.19511228
-1365.27925077
-1400.24509825
-1497.22415184
-1606.24899812
-1534.85745430
-1525.60714673
-0.47778913
-1540.41492046
-1747.11903019
-1519.99852747
-1528.81957663
-1630.69863638
-1462.87096539
-1587.89423446
-1622.19108061
-0.07017117
-1604.17393845
-1632.35252666
-1465.21883783
-1454.44879856
-1480.96619591
-1573.80797029
-1562.48039489
-1587.35645450
-1556.35170997
-1492.92330455
-1493.05897148
-1516.55134783
-1573.82717921
-1583.18388000
-1454.48493309
-1486.43853867
-1499.26757502
-1548.25017676
-1498.44477147
-1500.60500767
-1581.21872371
-1532.53109988
-1539.22281587
-1571.43446319
-1.00801782
-0.18923870
-1484.09794247
-1485.13704322
-1492.72302840
-1526.91820167
-1621.73821851
-1573.63918889
-1591.35095638
-1614.77398594
-1743.82539150
-1498.04127678
-1733.54766698
-1503.31218079
-1670.99844656
-1558.40966807
-1573.30781840
-1544.85210539
-1614.09958539
-0.12653335
-1702.24272217
-1839.45912766
-1696.99232017
-1791.44431209
-1792.71661014
-1839.94207923
-1753.27102704
-1753.30116870
-1805.25068404
-1844.13182778
-1801.05990970
-1734.30116204
-1694.48336392
-1758.44221720
-1788.81561543
-1483.94941629
-1784.77997059
-1804.39765981
-1765.14041166
-1841.30264356
-1819.21890885
-1792.79097808
-1826.24622532
-1709.81458935
-1769.04910663
-1745.34818255
-1803.77971267
-0.16605303
-1525.92385019
-1.16632082
-1491.82337799
-0.04215648
-1531.33689017
-1503.03781352
-1383.90872133
-1500.65725601
-1510.31172621
-1565.30865833
-1533.44673298
-1576.91602176
-1436.46867457
-1568.72475504
-1501.91632223
-1609.91449586
-1676.85784205
-1499.77058242
-1506.16987386
-1510.70389666
-1408.51540062
-0.33097229
-1684.44783045
-1839.98913593
-1815.81162577
-1732.16599676
-1691.27115604
-1875.11180721
-1743.99050229
-1882.76212787
-1686.96461163
-1815.21457478
-1850.21981876
-1784.10990399
-1859.47633918
-1771.53905479
-1.14083674
-1672.47318782
-1872.71583489
-1902.39031892
-1858.50645462
-1848.56562861
-1841.94145313
-0.74383974
-1858.09733430
-1840.11586985
-1897.39732023
-1817.41823028
-1774.11481749
-1806.91070491
-1887.21609613
-1829.28770389
-1757.10998161
-1737.95738379
-1799.06674866
-1734.59666468
-1815.89899891
-1764.96274301
-0.92133268
-1757.11833658
-1559.46349218
-1675.97112352
-1732.74346866
-1666.27330120
-1748.16048815
-2.41206560
-1541.34079937
-1496.35506216
-776.55251304
-1525.68158202
-1732.68441025
-1634.75793894
-1586.03659343
-1586.59454747
-1702.20606805
-1731.29802577
-1866.11798138
-0.60096111
-1784.55279535
-1778.55567255
-1802.56846107
-1867.60645282
-1787.44348383
-1858.54515587
-1825.96543088
-1823.83506523
-1834.90017466
-1737.05049087
-1.27427628
-1645.09115761
-1602.19397645
-1308.88570323
-0.53407096
-1861.82989108
-1828.53879960
-1752.50988450
-1460.71590012
-1.48337447
-0.83881959
-0.50438303
-1799.24326592
-1795.86899367
-1624.54158458
-1739.29799727
-1770.01129933
-1743.47083469
-1711.81200248
-1497.36627420
-1464.81628296
-1441.23666670
-1495.96024330
-1469.23421875
-1471.81257565
-1659.90522717
-0.07935299
-1626.70579977
-1490.14054289
-1458.66581313
-1806.87241019
-1789.96060735
-1483.46941256
-1850.71138061
-1448.57225889
-1508.18043574
-1812.18227435
-1652.29565407
-1583.25696246
-1588.00649476
-1664.86901283
-0.23021238
-1527.99897249
-1728.22383272
-1735.52413846
-1620.81857404
-1476.32290101
-1384.35492458
-1465.66452131
-1493.33149210
-1604.39867787
-1893.00476117
-1510.79005876
-1460.47088061
-1511.10507493
-1512.92104831
-1427.01739079
-1364.51298978
-0.55282992
-1483.72425191
-1446.92740682
-1532.64492668
-1484.68313921
-1498.14122162
-1418.00912438
-1445.68452568
-1373.97254346
-1494.28907712
-1462.75789805
-1582.66284632
-1428.62680305
-1705.62150694
-0.74552898
-1684.85914507
-1596.36916894
-1507.81122037
-1640.33398796
-1526.90125690
-1491.01894008
-1491.01677999
-1530.65603998
-1459.90420487
-1591.78266434
-1557.25876904
-1538.75688537
-1440.17707438
-1335.40086335
-1310.68663620
-0.36400605
-1415.40855506
-0.30187746
-0.77978391
-1524.67609709
-1408.99231614
-1488.40352776
-1372.47432048
-1371.85347191
-1438.02687591
-1435.31145973
-1446.38471358
-1504.61229897
-1541.33014248
-1448.73131979
-1530.96185706
-1456.60147888
-1379.65375195
-1321.87872232
-1530.43425444
-1287.31057405
-1489.79205754
-1514.45174762
-1534.64037700
-1639.58196032
-1624.36184582
-1508.65699952
-1634.46518613
-0.16094052
-1605.78047837
-0.27170956
-1573.39244937
-1447.87514664
-1524.23299855
-1555.17320244
-1623.51708922
-0.14410538
-1679.25186844
-1685.40036212
-1757.36757721
-1738.91593844
-1583.14840218
-1721.22271123
-1738.02298025
-1673.94769450
-1813.47522498
-1864.95132827
-1775.66409157
-1792.23698214
-1782.60054810
-1845.15800520
-1882.17642723
-1770.75550890
-925.96322354
-1827.57777716
-1558.32313733
-1697.77893376
-1555.22170546
-1856.39525562
-1873.48348837
-1818.95740355
-1816.36068408
-1777.02017477
-1777.25137875
-1657.24859798
-1489.01359037
-1560.80229059
-1550.67987282
-1529.62142272
-1506.58220123
-1555.50101340
-1162.10557191
-1505.65962059
-1532.70609754
-1522.25419508
-1623.79835740
-1244.45176034
-1632.01937173
-1473.10613648
-1520.18625355
-1496.76650169
-1488.55356887
-1519.64606394
-1221.34115818
-1542.61921912
-1358.63194694
-1548.15675783
-1582.08954420
-1626.26559656
-1528.53954242
-1442.78681711
-1539.03541158
-1553.44103452
-1727.21451613
-1526.16247896
-1499.41990241
-1575.66484332
-1513.33226365
-1604.48384544
-1510.90063145
-1512.00682680
-1503.85820631
-0.17335085
-1485.31013416
-1424.59515138
-1500.24235793
-1.18680790
-1473.12678752
-1419.90345210
-0.20806322
-1502.71608480
-1501.12438074
-1460.92035617
-1457.41572021
-1498.31119591
-1431.45225075
-1592.10972707
-1282.89872557
-1587.62143989
-1505.06417789
-1502.79764150
-1451.50650936
-1542.06671689
-1512.23444832
-1508.09126443
-1429.55843250
-1514.42533162
-1518.65331165
-1484.40814435
-1395.00877782
-1488.98618902
-0.42989405
-1518.95688394
-1513.25306511
-0.17980022
-1517.48518550
-1525.35606414
-1464.21996907
-1508.05406019
-1448.53610346
-0.68637176
-1555.98097285
-1509.33796214
-1532.69765607
-1487.82979258
-1476.84043037
-1652.71715555
-1484.24097889
-1455.85722110
-1642.65662148
-1534.38768805
-1661.98210832
-392.46039849
-1149.15529721
-1411.04546019
-1461.04907402
-1704.39205779
-1581.23799695
-1769.38397962
-1570.26658041
-1523.30651720
-0.26258609
-1648.27960206
-1587.05052227
-1532.60372114
-1515.74869813
-1533.82389997
-126.72088108
-1562.01243930
-1625.92764756
-1696.54839540
-1466.62660239
-1761.69711863
-1772.85437742
-1617.85038952
-1512.42567113
-1450.94724156
-1499.87116050
-1493.73510148
-1544.45103092
-1641.36121862
-1515.43744071
-1564.06962779
-1619.16719746
-1558.34875930
-1430.45266302
-1396.76303032
-0.46838433
-1800.09410303
-1588.02472603
-1619.92486561
-1731.93940482
-0.81906291
-1667.52961832
-1507.87613601
-1606.09272152
-1571.99413969
-1578.31991575
-1550.90290781
-1489.28785783
-1542.86491424
-1497.17763051
-125.02394934
-1499.62299027
-1301.18695690
-1478.97065831
-1546.01823690
-1366.36030450
-1486.58594120
-1450.85106725
-1591.52452464
-1400.94034723
-1275.55998962
-0.63107393
-1489.22744713
-1348.83407786
-0.48689556
-1514.67760441
-1484.70432888
-1532.68507354
-0.64153412
-1518.07363255
-1423.52190834
-1565.35244940
-1512.79248716
-1550.22784049
-1399.24579737
-1514.18708445
-1503.29085928
-0.45145946
-1439.29629269
-1201.52577985
-1465.99196223
-1500.44844049
-1376.55507976
-1483.55380709
-1531.45811242
-1221.00630845
-1476.95557795
-1559.10839583
-1520.44052722
-1390.14500151
-1455.76629889
-1408.48557731
-1504.41224165
-1581.99315152
-1582.31809439
-1510.17410730
-1510.50392822
-1536.00735495
-1571.28663644
-1591.17993642
-1417.72066859
-1392.34451177
-594.80499208
-1573.34726544
-3.83395807
-1546.57166154
-1479.28737042
-1483.12191123
-1482.74881545
-1425.53486746
-0.13635239
-1321.40098087
-1566.95002949
-1403.64455275
-1363.93216080
-1407.45662496
-1567.36168209
-1274.41294286
-2.14460228
-1393.14509199
-1498.48991476
-1313.14579183
-1427.95845897
-1503.91601992
-1409.47068515
-0.70577839
-1486.59504851
-1522.07539985
-1489.71115875
-1464.54179474
-0.07840018
-1409.64820902
-1475.97612355
-4.44312800
-1466.98484282
-1491.93638715
-1535.77238686
-1403.05205378
-1629.44859895
-1515.35320880
-1445.26939811
-1482.03598531
-1381.74301173
-1473.26720090
-1279.34169212
-1424.94259550
-1467.38041659
-1415.71094310
-1466.82386530
-1502.36343843
-0.90347061
-1554.15828404
-1745.52377314
-1743.62351043
-1663.40458806
-1654.30538738
-1639.92238500
-1587.95270774
-1652.89323562
-1.04992162
-1527.22687383
-1657.36241130
-1622.89559729
-1473.44743616
-1613.09382893
-0.33971452
-1795.76260066
-1919.30218247
-1840.05034215
-1856.26561937
-1782.01651873
-1743.39560676
-1797.88954764
-1703.55908471
-1651.34196248
-1452.22286631
-1559.70646210
-1488.77680166
-1494.16077452
-1494.78715771
-1494.04928507
-1499.40506272
-1461.89003646
-1497.99909372
-0.12554869
-1456.80926958
-1458.01196742
-1.36785989
-1546.75503839
-1512.92717198
-1494.98194031
-1443.41589758
-1477.71245036
-1364.76260816
-1465.25862106
-1492.14443792
-1490.55459225
-1501.80622011
-1501.29421320
-1307.69128124
-1428.84935217
-1509.50896534
-1467.12422327
-1419.36181349
-1503.00745896
-1426.28947406
-1499.82925478
-1495.89102152
-1.20248913
-1466.49853505
-1495.64542579
-1498.53092304
-1515.85625938
-1581.33652274
-1547.61068983
-1584.51492670
-1578.64290961
-1583.03900523
-1503.90190068
-1597.50329520
-1557.01867082
-1610.09521339
-1574.79658468
-1563.38394061
-1645.78582175
-1610.32653466
-1485.60404933
-0.59595981
-1497.24004371
-1416.19128694
-1480.02436199
-1313.76773201
-1490.48369228
-1515.55408603
-1495.32492224
-1439.71152691
-1475.54728617
-1479.59063518
-1483.34087560
-1440.16615800
-1500.69035559
-1516.82811525
-1389.79201163
-1413.54395518
-0.15668659
-0.25238540
-1486.88943484
-1424.29417350
-1490.13412514
-1560.74225838
-1469.99773381
-1541.63928092
-1614.20480309
-1634.16231413
-0.89427355
-1605.96938278
-1586.67115953
-1746.44789055
-1714.30755757
-1840.94578809
-1767.10763875
-1860.17306790
-1722.51930309
-2.73166100
-1814.67390277
-1763.23917192
-1659.84507718
-1697.88645407
-1590.97568874
-1755.87081894
-1744.90678335
-1751.04721466
-1578.67674939
-1830.58048603
-1793.25131346
-1797.57935206
-1812.20003612
-1925.56735458
-1901.21770683
-1897.56018457
-4.47799275
-1752.65502235
-1654.41077849
-1680.16184407
-1800.32608389
-1472.10406419
-1609.45211235
-1742.42467522
-1559.20378746
-1761.28138826
-1513.61259063
-1608.16783248
-1752.47130058
-1699.00293426
-1777.09152962
-1694.50545041
-1602.81587357
-1582.98693503
-1607.48197212
-1625.53419026
-2.99488579
-1469.01286093
-1327.73510790
-1562.44150358
-1477.99726285
-1372.81664126
-1293.45850467
-1393.32085723
-2.14092617
-1427.97292864
-0.49249186
-1594.31120501
-1543.24077953
-1570.03126778
-1274.31334639
-1661.03060828
-1693.91813798
-1646.92081556
-1516.22283561
-1644.39553714
-1572.50002940
-1478.70768004
-1535.30058142
-1484.12615958
-1516.61171975
-1527.32011978
-1473.23692303
-1487.01947090
-1572.79567943
-1610.99977761
-1612.46433029
-1527.51829420
-1496.70413248
-1490.03960884
-1463.23411428
-1447.31282712
-1438.36075989
-1468.44346973
-1463.36294403
-1506.81669865
-1.27829697
-0.61699050
-1633.81758658
-1443.30957518
-1401.87635152
-1.22584921
-1507.46232092
-1404.79307779
-1484.25104458
-1664.09083329
-1255.86030681
-1497.50536829
-1496.98879234
-1504.97517905
-1460.50527963
-1528.02552749
-1385.53578084
-1311.29818384
-1484.91115266
-1498.92748644
-1572.21226169
-1453.46626948
-1278.08501758
-0.05776647
-1393.86661178
-1425.05843753
-1482.74220044
-1481.77798600
-1432.89517414
-1410.71077287
-1464.90039726
-0.48327150
-1441.73410464
-1555.73138547
-1.32828051
-1389.30089617
-1567.99908865
-1542.47898402
-1465.26944156
-1520.20138027
-1480.02834971
-1.50989219
-1417.18380876
-1310.63572777
-1407.84047983
-1500.26655108
-1469.59443490
-1456.85565862
-4.15748687
-1512.67904190
-1491.53697068
-1471.39889324
-1483.79950408
-1460.53793277
-0.54635681
-1579.57633832
-1493.26782471
-1634.30129628
-1490.68979695
-1510.94848339
-1587.49131873
-1476.79909808
-1402.78257968
-1551.07501367
-1528.00794082
-1473.23319030
-1571.65666956
-1548.64687144
-0.71413992
-1595.79885961
-1578.88247236
-1502.94626187
-1549.39296221
-1496.06023053
-1492.68079684
-1482.76293095
-1368.16080420
-1506.23739576
-1510.24114445
-1540.29695444
-1537.75216318
-0.28042972
-1531.05084360
-1480.03357382
-1507.27424649
-0.29909427
-1461.87596922
-0.70744506
-1512.06574091
-1517.76447951
-1601.88532040
-1608.23294010
-1460.78752678
-5.44771558
-1487.45410489
-1514.99812960
-1437.91939132
-1371.63526091
-1459.09682042
-1456.99355278
-1608.43266867
-1530.74417064
-1638.10746226
-0.59517816
-1502.12364622
-1491.51002701
-1524.09276303
-1434.92140904
-1242.63551364
-1461.60793265
-1211.31788891
-1399.89663674
-1.02662198
-1437.80364045
-1589.82438800
-1368.95287609
-1376.91336291
-1485.18721138
-1295.66505002
-1341.82984913
-1498.94888273
-1514.47137698
-1322.40951059
-1189.71671546
-1316.06160103
-1547.99388564
-1529.90782485
-2.14543887
-1.71670543
-0.52666479
-1167.63154858
-1154.11847211
-1201.34681184
-1495.79328924
-1256.31383896
-0.79341780
-1525.90500835
-1482.45537500
-1466.47947856
-1.22043437
-1418.82479834
-1349.32557767
-1571.99056556
-1517.99880829
-1528.91802213
-1505.08739248
-1491.65446160
-1449.26893707
-0.29981140
-1485.22409645
-1490.54586130
-1466.49181092
-1509.96431844
-1258.32622605
-0.21431448
-0.92896206
-0.83643150
-1578.73595637
-1628.33323689
-1568.09768505
-1753.81962276
-1483.91907584
-1494.12793522
-1604.95226877
-1489.36263127
-1511.61358586
-1340.64999558
-1465.98027229
-1476.42770408
-1444.65096604
-1500.23748256
-1552.88391862
-1508.63555483
-1515.70317344
-1491.89621182
-1480.38101487
-1543.79809551
-1674.62845679
-1679.84639897
-1566.01249223
-1593.25562852
-1536.89375993
-1507.90913707
-1387.48113834
-1515.92532830
-1394.43626063
-1483.89649199
-1493.34609730
-0.42526643
-1507.04312477
-1516.07618675
-1398.61009021
-1219.68759559
-1296.74884834
-1399.19911102
-1451.97096690
-1345.78793505
-1302.40970264
-1481.85970002
-1368.02993806
-1441.32523101
-1362.24613325
-1465.76480497
-1483.99422942
-1450.23801657
-1557.57302711
-1591.54888497
-1694.21703101
-1506.66768655
-1382.59656600
-1513.92740804
-1544.40333696
-1507.15356242
-1336.07346270
-1420.90082790
-1465.76813525
-1395.34808063
-1498.46495250
-0.98576684
-1440.39713238
-1479.04548429
-0.87342396
-1437.96164473
-1466.01516881
-1487.21075048
-1371.32220539
-1352.43333633
-1441.97519688
-1346.24132000
-1500.73921473
-1500.31506654
-1421.66834989
-1472.32363308
-1307.44654237
-1378.98884338
-1326.27560715
-1299.19793630
-1360.85250680
-1385.01266535
-1404.01138723
-1370.35927751
-511.44898256
-1494.93504494
-1290.14271283
-1489.03726273
-1394.74442845
-1327.54207372
-2.43360159
-1462.81387840
-1473.63318592
-1510.24703744
-1449.61215024
-1509.89736734
-1478.98879095
-1498.89259410
-809.82555922
-1381.59139209
-1391.12373522
-190.46822594
-1470.42564194
-1487.17153185
-1225.68323164
-1588.10861212
-1476.28532958
-1641.98441624
-1642.16699704
-1665.44146823
-1807.13555185
-1773.26653639
-1643.97095343
-1607.92477966
-1832.72842024
-1632.37773133
-1490.18582720
-1562.75994516
-1725.71092535
-1638.54558808
-1791.07198011
-1437.95924666
-1581.79576709
-1641.96079901
-1594.33839006
-1448.60782354
-1683.25267270
-1588.85614233
-1492.99426844
-1583.05615674
-1465.21384198
-1487.90093569
-1516.03537283
-1495.12918385
-1509.77481777
-1609.42102515
-1521.20044549
-1646.61864112
-1548.15155220
-1511.39905664
-1483.46319138
-1520.00437917
-1538.94632618
-1497.46328269
-1510.62915493
-1516.67583844
-1462.78771137
-1488.45269301
-1529.88552592
-1590.52738745
-2.44011701
-1617.08944284
-1414.64358821
-1503.09257570
-1627.22784404
-1630.14900570
-1732.09218298
-1703.19303485
-1624.59334477
-1590.26899846
-1597.56128125
-1651.65812435
-1559.01482721
-1511.71568192
-1799.72291616
-1779.02813023
-1577.14489056
-1749.12713459
-1585.77838935
-1580.80158558
-1533.24861572
-1506.53490094
-1493.21385869
-1443.10948390
-1439.14485299
-1410.51749747
-1484.07326902
-1287.58220880
-1429.76432938
-1511.75282047
-1587.05627482
-1548.70005900
-1617.27929350
-1561.00229825
-1510.61016481
-1411.91540115
-1485.19628176
-1508.73154055
-1479.35606489
-1211.18345335
-1265.58583528
-1488.69130980
-1495.91250400
-1451.53869643
-1565.27219044
-1550.36827795
-1556.97423969
-0.65078310
-1764.57330396
-1599.99880821
-1597.16164342
-1688.81255798
-1604.84080254
-1520.28155058
-1471.78272432
-1636.12968199
-1581.24264512
-1612.75885679
-1584.28943765
-1465.30290364
-1516.45396533
-1568.95192925
-1551.14585666
-1608.45497660
-1454.69003522
-1417.55998006
-1514.92690249
-999.45030747
-1426.00304636
-1489.77905812
-1467.95849719
-1496.26240677
-1477.06726304
-1380.09484760
-1292.70921950
-1206.44363881
-1457.13558016
-1489.94340281
-1444.29979805
-1443.39333343
-1631.20633764
-1636.96073799
-1529.66241694
-1482.89228697
-1408.85813354
-1496.37914850
-1557.20286202
-1505.90396547
-1415.98727099
-1423.90635485
-1471.20396482
-1491.17024765
-1519.96118169
-29.99204850
-592.12601427
-1629.67554308
-1822.19512086
-1550.06213333
-1547.87005764
-1499.51794607
-1491.80069883
-1491.41668864
-1487.18723560
-1435.87543156
-1365.51669484
-13.38528908
-1481.17852055
-1486.70613280
-1541.17724104
-1492.02074289
-1455.79108994
-1401.27037582
-1497.00744104
-1467.26226216
-1593.95748216
-1455.58305017
-1494.25581514
-1254.17604725
-4.62680967
-1505.78487259
-1482.90866448
-1542.54900663
-1460.44022727
-1589.24292515
-1797.19381338
-1653.83661035
-1681.30508690
-1544.18513832
-1568.88669768
-1436.07447416
-1312.80844947
-0.84452626
-1658.73413452
-3.97294677
-1503.24565169
-1735.66968967
-1730.02600742
-1328.10951625
-1436.72424294
-1066.77575783
-1418.30744918
-1513.51988699
-1545.44232985
-1499.05604812
-1596.36451041
-1563.08501631
-1487.36461397
-1538.44952274
-1546.74290687
-1561.65291579
-1605.79261526
-1535.66882609
-1572.72088154
-1445.68298508
-1169.32667368
-1566.53761051
-1564.01207761
-1475.56373532
-1477.28526107
-1598.31038312
-1560.98005414
-1585.47549470
-1676.78597856
-1543.54358046
-1363.86865345
-1412.23046288
-1511.61283033
-1529.32763159
-1487.25318099
-1681.05600496
-1683.01368292
-1601.09181094
-1394.92122386
-1453.67258982
-1439.67532760
-1403.76800780
-1382.60017915
-1420.53226952
-1535.17332922
-1476.80468996
-1562.73918577
-1562.02143843
-1491.17583204
-1488.43120823
-1574.52875908
-1413.58035838
-1609.74270926
-1617.34574918
-1455.68519466
-1473.15900020
-1514.56430551
-1531.46101126
-1407.84267403
-1523.88267153
-1571.63088823
-1557.78492501
-1499.90932968
-1450.49683965
-1486.10947203
-1524.38704246
-1418.14426814
-1472.96331684
-1488.48072867
-1419.46669193
-1305.13585068
-1474.24732181
-1501.49530500
-1351.73380623
-1396.92366310
-1454.15710327
-1516.98713720
-1517.06620179
-1452.40145278
-1402.66880715
-1382.57437919
-1633.80168152
-1613.42762885
-1665.26159491
-1624.64811070
-1573.29522361
-1683.22340016
-1410.54651650
-1326.14219697
-1540.26217838
-1524.17918152
-1507.85311345
-1508.61958214
-1502.86433006
-1527.50597320
-1579.01225623
-1510.42962203
-1532.12544612
-1498.39684555
-1514.93415760
-1584.57269623
-1406.87426788
-1489.70458855
-1493.90685716
-1438.89582106
-1601.76408563
-1557.73883591
-1473.83882061
-1650.09320102
-1543.25796170
-1580.39298265
-1539.41109142
-1498.19354833
-1636.69923984
-1486.48297996
-1518.37220613
-1589.12148278
-1622.39161721
-1712.15119185
-1455.25052341
-1441.92739965
-1684.66364930
-1604.30167507
-1508.65019327
-1314.14650385
-1466.94014469
-1500.70306624
-1658.63528442
-1770.00347525
-1569.55449527
-1571.50154742
-1305.11125300
-1378.86080768
-1469.27427513
-1397.70098585
-1360.77621991
-1472.45144437
-1407.87504024
-1501.99574462
-1165.53847048
-19.14863004
-1615.48575307
-1818.77928991
-1739.27177854
-1888.16865332
-10.36975789
-1628.08582131
-1595.80259061
-1541.87567805
-1509.73284893
-1470.73993556
-1552.05368238
-1458.87773888
-1535.41172563
-1549.69761519
-1398.15106391
-1442.80281768
-1415.81397583
-1526.94955834
-1526.77633586
-1499.50609061
-1396.85130914
-1545.53552245
-1893.49517835
-1768.66042326
-1744.74879712
-1825.08431045
-1660.11970650
-1845.05591087
-1545.05579152
-1745.54167869
-1745.17761963
-1420.43746468
-1580.96189659
-1708.44186129
-1566.82819459
-1707.87242910
-1535.19479713
-1730.35749003
-1818.72432301
-1803.07091744
-1818.04371161
-1700.98682405
-1811.77585730
-1846.51793107
-1683.51214784
-1727.63241564
-1821.69875578
-1828.68272422
-1729.17027537
-1718.63606946
-1811.15776044
-1576.77105688
-1326.30982344
-1544.92600831
-1757.96271987
-1684.55916210
-1617.33261729
-1637.06938625
-1661.96722979
-1477.32889732
-1303.24883444
-1568.79820720
-1335.15087000
-1537.98843357
-1554.81669411
-1627.56178082
-1595.96201071
-1584.19375648
-1596.69221960
-1334.61098285
-1126.51435442
-1522.20212640
-1433.95219635
-1417.28423553
-1720.74865451
-1648.47486386
-1666.83861149
-1617.52165642
-1521.65809420
-4.08690788
-1604.03498134
-1551.02087383
-1655.01831849
-1421.59957622
-1562.81472432
-1598.32343443
-2.99530933
-1507.37157899
-1519.01212667
-1562.53273686
-1582.11233312
-1664.67809569
-1664.13585568
-3.67130035
-1704.44368267
-1675.68525910
-1721.28404214
-1570.55326503
-1484.86955876
-1496.05035456
-1774.96306659
-1793.32859560
-1768.86716791
-1808.16483095
-1763.53753112
-1541.05992589
-1490.10412910
-1768.51462046
-1696.30105996
-1373.45674118
-1526.88321992
-1576.70263728
-1550.44436587
-1798.20318534
-1854.56433347
-1773.71544901
-1876.42013145
-1869.61464714
-1766.51071041
-1777.88574747
-1659.90503883
-1727.13511759
-1780.14942733
-1783.20668542
-1394.47640125
-1763.30727898
-1277.21223697
-1427.01992266
-1506.70400778
-1381.23411660
-1631.03018718
-1428.11001813
-1497.10459462
-1531.01783551
-1527.83294690
-1469.17411168
-1817.29583425
-1663.73017654
-1477.83880942
-1588.83797260
-0.96494933
-1909.64199100
-1893.00634456
-1663.88341583
-1789.04006473
-1822.71280323
-1875.62188532
-1748.50569626
-1892.44663147
-0.10525977
-1829.81068856
-1695.23157330
-1801.54351231
-1908.11374139
-1771.44630974
-1899.06468311
-1843.82295797
-1825.36403733
-1926.59641983
-1640.20242878
-1792.74943027
-1607.76152783
-1517.19450458
-1728.88893214
-1547.14504875
-1720.84535237
-1800.88293634
-1702.84939494
-1858.16622842
-1835.79367475
-1732.59160180
-1819.12400411
-1665.39070617
-1755.45774323
-1836.02091802
-0.30850263
-1702.01430611
-1490.81293844
-1501.66966451
-1492.32621141
-1509.39663711
-1530.32953357
-1562.12051323
-1779.02264947
-1.29833215
-1868.03572707
-1632.19997979
-1504.05536041
-1791.50239854
-1701.61608185
-1545.29010871
-1487.55468684
-1668.38313500
-1521.17285695
-1703.44864993
-1775.11188275
-1648.22789159
-1671.86776733
-1537.12144623
-1472.28167915
-1628.43817358
-1484.47130038
-1510.51774714
-1562.70308345
-1810.46149687
-1416.90989052
-1547.70642322
-1547.84748341
-1442.09360165
-1823.99092321
-1412.22222742
-1371.86984925
-1546.27724494
-1537.68685871
-1689.52269962
-1706.22609532
-1751.45524652
-1803.64763661
-1582.71678373
-1474.55953403
-1511.97502179
-1824.33154766
-1836.52408405
-1603.99448839
-1565.93904593
-1639.17195797
-1481.21079505
-1705.81478394
-1815.77628731
-1787.56973121
-1757.75805258
-1706.72160053
-1617.42343701
-1758.34582931
-1453.15961020
-1529.91388432
-1443.12756363
-1607.96255605
-1458.79565286
-1612.25565210
-1673.45825679
-1556.57592167
-1616.98682907
-1619.60618703
-1529.48045897
-1579.08927385
-1483.24055380
-1562.67100407
-1678.95541871
-1689.23512677
-1649.00599542
-1577.78765252
-1471.65707643
-1592.11647400
-1586.97519213
-1484.49700932
-1624.32921061
-1695.45262300
-1769.58322100
-1693.04774773
-1601.08050067
-1656.88243285
-1669.31419336
-1694.27563663
-1635.24313678
-1607.93855447
-1611.07690280
-1619.21066188
-1683.03456690
-1677.02311826
-1608.48946741
-1445.68523170
-1552.58838667
-1578.91170307
-1455.92815832
-1494.70764159
-1605.63402333
-1647.86536854
-1706.38853452
-1758.81380847
-1800.61055025
-1655.22489296
-1787.37405117
-1661.64463553
-1685.83563825
-1418.39902447
-1803.88842458
-1693.40605955
-1761.27074450
-1479.43438714
-1607.38702097
-1592.04607230
-1608.28917939
-1442.24127495
-1422.93880765
-1586.74817381
-1458.93317499
-1565.02062966
-1633.34526135
-1560.21611713
-1633.83057939
-1604.37267143
-1619.32556462
-1556.14191040
-1592.67352798
-1532.64171606
-1553.32291821
-1436.90941869
-1607.38405827
-1602.49632140
-1651.89597409
-1587.87709146
-1571.12932588
-1584.87331938
-1614.18928870
-1536.11751189
-1670.69525610
-1615.68127906
-1551.31497480
-1477.83672350
-1630.47128350
-1644.77290982
-1753.19287096
-1745.15080571
-1728.95087502
-1608.85895830
-1615.18358814
-1470.50478099
-1558.10651575
-1589.47328541
-1645.14575855
-1587.26372573
-1717.75660688
-1671.50392989
-1679.99674400
-1601.61483785
-1563.48378448
-1554.58656928
-1603.55246081
-1666.50171409
-1679.74684961
-1789.57316473
-1878.58447328
-1572.39710688
-1634.83563608
-1810.69018803
-1856.03657563
-1843.07389843
-1899.55072207
-1920.14144644
-1733.22538437
-1859.70979491
-1656.15099250
-1798.51903702
-1847.46096148
-1672.50665849
-1813.62027934
-1832.23103185
-1921.66087572
-1831.72032151
-1795.27114032
-1869.77172377
-1936.84308140
-1872.42942632
-1724.87363984
-1682.21870852
-1713.58453600
-1609.50262844
-1728.24348887
-1554.94030088
-1749.54858482
-1677.18545838
-1886.34775674
-1901.03123880
-1859.72941056
-1762.29261044
-1517.11568241
-1644.03147721
-1468.93688882
-1800.28341611
-1897.93525074
-1844.18807754
-1884.37188260
-1492.85560116
-1482.63748791
-1661.12841139
-1810.65514176
-1813.51991231
-1674.54897371
-1811.10563995
-1731.47153775
-1606.06178719
-1501.59897526
-1391.19604385
-1497.49824259
-1431.96119271
-1409.73960101
-1397.17833939
-1511.82179258
-1491.77015424
-1476.78725944
-1501.88369837
-1430.47935402
-1491.28208050
-1358.61215750
-1454.40571273
-1419.82430365
-1490.43982162
-1510.92637264
-1527.39762815
-1429.99364281
-1459.30875552
-1711.24221413
-1604.56582082
-1736.95118293
-1611.69842663
-1592.29152362
-1568.62660146
-1388.85545796
-1475.46278858
-1500.32801907
-1516.89282907
-1581.20931475
-1597.95949311
-1510.54224169
-1421.19037805
-1374.24588146
-1501.77874996
-1447.25346880
-1475.76751559
-1533.18180279
-1479.49827230
-1463.11681445
-1479.04196883
-1479.10252087
-1470.06179079
-1474.09590148
-1474.72841309
-1500.20930481
-1476.03613821
-1494.31434109
-1342.15502429
-1618.23390852
-1676.89865285
-1739.76047687
-1592.20183869
-1780.17507329
-1700.92551244
-1759.34155827
-1631.19123191
-1491.65572376
-1497.56123783
-1473.73009214
-1484.43354595
-1467.86530538
-1490.72902565
-1476.50927404
-1516.45954400
-1514.95929809
-1547.59019544
-1534.21632197
-1565.70965040
-1666.60265991
-1666.98214358
-1548.32660882
-1482.20959954
-1452.92226872
-1660.45785926
-1702.83093785
-1674.26886928
-1552.94821468
-1709.63076240
-1743.03504380
-1700.41721254
-1650.24336378
-1764.11782948
-1773.50507590
-1869.12200455
-1880.98033884
-1831.18117868
-1766.22724035
-1876.50407554
-1750.07157818
-1725.25857062
-1853.79686562
-1835.09205745
-1663.03301998
-1806.34259085
-1883.04543596
-1894.60252916
-1794.75075560
-1522.87483487
-1851.62370489
-1.52398561
-1732.70419943
-1836.89057290
-1876.83094583
-1852.76642905
-1807.30699997
-1774.66336204
-1773.65027684
-1585.01054644
-1480.57608519
-1738.00874121
-1863.81358061
-1820.04865129
-1905.01393722
-1519.02339389
-1774.89863000
-1933.65548081
-1768.38329166
-1672.87599517
-1822.06945618
-1758.85197816
-1806.44409555
-1589.97307644
-1774.00430335
-1705.67458363
-1871.44417613
-1759.36096813
-1731.03508073
-1891.91993831
-1621.83530531
-1807.91789325
-1794.27206884
-1753.09370307
-1543.73515353
-1784.43490570
-1770.18082411
-1933.98854977
-1789.37764733
-1877.54127162
-1894.46348956
-1900.26254036
-1931.98446074
-1893.31410327
-1906.03386795
-1898.11792325
-1861.12715478
-1824.52266940
-1923.81115003
-1782.83194361
-1816.37987578
-1911.87044702
-1662.43746144
-1590.08665603
-1797.69561298
-1753.52316361
-1815.56641768
-1818.47704347
-1906.29734654
-1737.54719200
-1758.86738538
-1919.29009067
-1863.41732883
-1766.75263819
-1641.54077468
-1723.99035682
-1720.50841594
-1773.17991528
-1623.70714082
-1864.42615221
-1936.74589790
-1715.63715804
-1809.48423765
-1897.45713137
-1920.34193781
-1754.75873965
-1511.00198893
-1929.07856438
-1580.24227331
-1908.90413097
-1819.77642004
-1869.81097690
-1749.55255212
-1820.83602086
-1835.54607404
-1670.11120754
-1849.60380229
-1729.56649877
-1565.08360388
-1530.87115527
-1643.59212734
-1711.79050917
-1418.72029930
-1626.95951850
-1573.75197983
-1564.85369719
-1551.69466209
-1528.77986148
-1312.39431724
-1515.14687111
-1545.22921524
-1510.98210823
-1549.53148004
-1499.58485340
-1306.20048629
-1452.18243636
-1751.05206229
-1637.53855954
-1638.77671647
-1631.68195796
-1550.05494331
-1571.53137967
-1473.89554282
-1573.27670544
-1554.31621599
-1469.70208525
-1541.00748073
-1661.46869427
-1585.38033052
-1710.26481949
-1734.17689729
-1591.54779683
-1395.61473572
-1617.38879029
-1663.00700747
-1536.68881481
-1577.84761427
-1594.43757156
-1499.92590304
-1610.06776427
-1572.66908314
-1554.74335695
-1538.98428427
-1576.90809182
-1570.01439191
-1557.38200975
-1581.10222141
-1498.25609840
-1611.83446387
-1537.99170853
-1438.56764847
-1505.73501205
-1509.47052627
-1420.55454053
-1511.03241487
-1471.56577798
-1469.66393048
-1501.81950808
-1497.15500980
-1632.50926465
-1443.72031866
-1542.35567969
-1532.11359792
-1477.08934519
-1581.48827049
-1307.04917189
-1612.81100289
-1626.73718342
-1482.17551855
-1513.42340643
-1489.76046604
-1486.12655645
-1416.69326774
-1473.48518082
-1511.15393567
-1490.86712336
-1491.12830109
-1401.21236757
-1394.75410945
-1538.94399933
-1435.46597785
-1512.58957031
-1568.38093946
-1447.84692951
-1439.12327933
-1556.27778305
-1256.94186745
-1491.88700610
-1390.13840963
-1465.08010936
-1474.70679705
-1445.60135884
-1487.18867772
-1503.44046905
-1488.70637007
-1412.91314126
-1430.54358547
-1419.99072027
-1491.30031004
-1402.65349245
-1485.65735034
-1487.62510449
-1496.01332694
-1426.89536517
-1507.64596662
-1434.37105624
-1245.40603961
-1417.51783342
-1432.26334281
-1501.38888205
-1502.75601682
-1498.90520749
-1512.21039211
-1432.95740702
-1484.50033270
-1443.75644536
-1583.40225615
-1530.07639530
-1495.13038779
-1463.82523305
-1502.58759345
-1438.37208967
-1442.03428860
-1501.32480305
-1454.39501034
-1496.76504654
-1495.49852964
-1191.84930713
-1437.05069026
-830.20780633
-1466.73227404
-1445.87781536
-1355.12494682
-1492.49151135
-1398.94387667
-1486.50836295
-1496.89533970
-1510.43241299
-1573.93823754
-1485.69973398
-1497.87050389
-1446.60958421
-1295.24335287
-1475.59770134
-1459.14539725
-1323.71735513
-1484.22968233
-1367.25908396
-1515.27684949
-1520.32311103
-1606.83868807
-1702.87408830
-1416.13363031
-1397.60000683
-1556.48749892
-1502.18974696
-1513.97908854
-1551.10250543
-1492.99806679
-1519.92484162
-1474.95445305
-1492.55393708
-1569.31411885
-1510.27214672
-1382.14921497
-1530.95337501
-1569.78304087
-1590.06424405
-1560.76763542
-1482.78076484
-1388.34780763
-1494.60525269
-1473.60077286
-1505.58788079
-1492.10015663
-1500.21995673
-1792.81116038
-1866.43315741
-1789.02091909
-1876.30372764
-1745.73382119
-1877.76499204
-1622.73415752
-1571.75274567
-1896.25490986
-1391.67739147
-1396.11506516
-1433.33575690
-1860.38852898
-1418.51578019
-1428.38915765
-1407.92857031
-1290.48362260
-1592.69991640
-1362.23216363
-1412.19083517
-1876.65542501
-1296.59990425
-1351.08505868
-1338.52147184
-1339.92180147
-1835.24886694
-1320.88737715
-1140.02702921
-1792.05422563
-1808.60324097
-1454.06097051
-1382.50865709
-1507.78102040
-1448.20765755
-1450.81270841
-1359.85693550
-1440.31212618
-1429.93970655
-1394.27911295
-1376.09860664
-1427.92314029
-1485.10607811
-1389.02876290
-1472.43410809
-1496.83942733
-1477.42025674
-1449.87864184
-1496.90156621
-1475.54261390
-1463.82018923
-1476.23078979
-1468.68104112
-1464.50149148
-1560.63467888
-1540.09795229
-1621.47200182
-1602.72693034
-1685.79835733
-1788.94101657
-1820.22745794
-1682.70965865
-1484.47309000
-1468.39987337
-1636.79626641
-1755.35420098
-1753.59239752
-1773.05436989
-1748.58833120
-1556.28626709
-1644.33442703
-1700.19433614
-1627.85330509
-1374.09384079
-1553.50594695
-1544.11655948
-1623.07328337
-1378.59343523
-1481.89009977
-1498.69711138
-1497.80887897
-1445.76126818
-1585.62698880
-1498.32852657
-1549.46216593
-1503.08754834
-1513.66274287
-1473.94180229
-1509.54733191
-1453.04572774
-1609.38028437
-1607.21111511
-1425.57969925
-1489.43853906
-1474.15826257
-1533.84442104
-1468.92396322
-1410.92744264
-1420.81363605
-1375.10542621
-1427.18248641
-1341.20033399
-1405.24473724
-1398.19874916
-1538.21448045
-1422.60699700
-1465.64038174
-1514.77424983
-1465.30193881
-1445.25620415
-1472.44178138
-1484.10484128
-1361.47044001
-1234.90688630
-1467.53253535
-1451.09498146
-1466.53068133
-1350.94400214
-1446.12703064
-1425.71030461
-1197.07262631
-1553.48453293
-1448.42271238
-1536.52876071
-1569.14311337
-1511.29081592
-1432.75038328
-1563.38467142
-1561.54751678
-1458.12927414
-1506.18914912
-1509.06178509
-1502.28586045
-1641.25193849
-1326.22645098
-1542.46770473
-1273.47165117
-1364.05965063
-1500.32586064
-1505.71384970
-1383.06127761
-1488.32875298
-1361.74452587
-1370.38745608
-1485.78837227
-1359.41725062
-1542.15542757
-1499.35874916
-1495.34009253
-1483.79974816
-1372.66898644
-1477.82508185
-1394.86119839
-1526.71270396
-1506.47564616
-1429.88821259
-1541.70462003
-1423.55997238
-1438.21687245
-1300.70805758
-1511.59377478
-1533.24141655
-1554.12011708
-1581.86923011
-1517.34466716
-1523.33545512
-1455.18869854
-1524.44633709
-1607.93040150
-1585.23492062
-1550.82781712
-1388.04658402
-1660.60075438
-1662.06420251
-1703.34824208
-1646.12496155
-1628.97393475
-1733.65407686
-1589.73644600
-1509.89135472
-1095.44082758
-1503.64073617
-1504.49898304
-1487.33131831
-1457.78758136
-1333.97679740
-1493.82165547
-1467.91449186
-1414.95345725
-1246.41348349
-1372.38667484
-1475.87984296
-1485.11841471
-1485.06187363
-1442.42806729
-1497.82177029
-1487.43852772
-1503.24210374
-1477.97748677
-1390.89727145
-1365.43465388
-1505.38324631
-1486.06206442
-1405.19378824
-1459.51906444
-1382.37413282
-1445.31258519
-1458.50528427
-1324.23880015
-1296.84952389
-1191.84048300
-1345.76196040
-1499.21801879
-1412.30817546
-1333.93931164
-654.79976252
-1504.17956508
-1291.37535913
-1460.07945382
-1472.92449620
-1505.91835518
-1490.68284976
-1498.59018627
-1483.92499682
-1401.51421813
-1218.00035578
-1491.61451379
-1496.57745539
-1509.34248492
-1471.50911298
-1472.17934896
-1502.70111971
-1360.65841170
-1399.78874626
-1493.46560953
-1467.04740830
-1484.54188150
-1422.17981959
-1539.61197387
-1585.82336893
-1580.91210960
-1607.01900553
-1689.34605725
-1455.73927708
-1483.35333897
-1334.29529838
-1595.17412345
-1531.24674843
-1487.61121995
-1305.95403841
-1513.29327220
-1538.24950965
-1384.98435468
-1604.50841895
-1404.38631059
-1472.36883879
-1574.95932967
-1430.21431418
-1483.42450985
-1392.97644774
-1299.53598178
-1486.01899044
-1526.44009905
-1496.31414132
-1489.63457126
-1488.58377379
-1400.67408663
-1503.50933551
-1374.80287342
-1468.12524889
-1507.18410917
-1359.44486729
-1502.82296506
-1479.33629603
-1304.63504051
-1483.07819702
-1374.04437322
-1468.71593351
-1485.63535321
-1419.09117227
-1391.30933665
-1490.18210781
-1492.18657585
-1478.82526866
-1496.63145352
-1373.65538527
-1320.04359321
-1476.42800360
-1522.57560789
-1497.41673921
-1252.47591446
-1496.42680136
-1493.93211980
-1472.52188969
-1495.75469930
-1475.10055294
-1500.75904950
-1432.52713878
-1452.22996222
-1495.15324137
-1206.89149756
-1472.96792841
-1495.75019228
-1475.91975659
-1466.40928938
-1330.60252311
-1470.29952773
-1442.04293915
-1395.66168788
-1294.67508038
-1499.11687402
-1465.47207327
-1457.05889224
-1669.01215443
-1619.53457066
-1574.93296395
-1507.77048797
-1548.79206902
-1462.18283640
-1511.02534355
-1406.91738796
-1299.33122084
-1360.71697705
-1419.55256934
-1283.88096376
-1407.35050230
-1498.49411966
-1410.77315081
-1399.99399361
-1597.87617744
-1677.64753099
-1769.55721045
-1611.48718791
-1536.17655124
-1508.57059036
-1422.94809077
-1490.56433436
-1604.40690084
-1672.34199706
-1519.90045745
-1698.41607143
-1342.85811904
-1507.99292138
-1590.66666023
-1538.11827979
-1615.16007779
-1578.65298184
-1544.71322353
-1576.44189562
-1543.41215058
-1560.84316856
-1619.20659117
-1522.23686983
-1420.45206780
-1656.31252742
-1545.58722758
-1606.42477981
-1559.85652143
-1555.48440767
-1515.53724273
-1517.39621692
-1831.51227803
-1514.32164931
-1537.65585575
-1461.27808344
-1555.31287709
-1519.72576228
-1485.27920209
-1494.73170304
-1490.12960050
-1591.69991434
-1918.56568778
-1533.73161551
-1849.62025547
-1556.74586327
-1683.37433769
-1745.76250685
-1658.90365903
-1419.17961260
-1820.58751655
-1761.29744237
-1475.13062767
-1608.70192119
-1549.40842489
-1400.04057854
-1709.51703376
-1865.67882083
-1471.91038596
-1326.01719531
-1296.84139600
-1507.29452037
-1515.64260646
-1495.77451900
-1392.67533333
-1760.98649059
-1868.72620938
-1064.68653872
-1527.62161513
-1537.40455863
-1799.08816370
-1685.88159623
-1576.47787286
-1737.09096323
-1662.48703998
-1746.18075357
-1537.80514305
-1743.61273185
-1749.85385134
-1679.54190833
-1661.70555772
-1770.23863471
-1418.99895163
-1344.94305037
-1529.93422289
-1453.19599416
-1481.96584119
-1557.36608267
-1483.82832298
-1472.72836066
-1495.46227675
-1373.63462351
-1515.02583373
-1496.52270765
-1477.16198929
-1495.68270935
-1487.88855964
-1639.91562270
-1439.22696356
-1679.83811365
-1891.12090476
-1890.74460240
-1635.06286613
-1855.60796746
-1886.24394633
-1543.49820779
-1840.04142362
-1730.17207060
-1556.79287431
-1787.60460040
-1763.37698645
-1851.28412845
-1783.84483291
-1637.29639822
-1782.42252483
-1742.80979516
-1887.39164787
-1885.25729273
-1771.53096807
-1885.54378161
-1825.06965398
-1799.89348676
-1751.05443282
-1655.05057860
-1688.62733289
-1458.18188374
-1685.71195839
-1735.55266706
-1658.31122646
-1635.08298578
-1659.94969688
-1459.08571466
-1668.72843563
-1653.62850436
-1588.85402418
-1649.64888912
-1385.25389963
-1435.81054767
-1558.67483700
-1520.09143193
-1591.99359753
-1572.70444034
-1435.26078118
-1495.91799688
-1546.22171548
-1568.44745582
-1496.13833623
-1509.98019642
-1449.64461078
-1401.81135242
-1420.07375930
-1528.62395771
-1372.99251882
-1353.94586099
-1314.77033173
-1382.52575786
-1493.39436591
-1471.35511724
-1468.15590237
-1470.58371886
-1449.06554566
-1533.22806606
-1506.64869443
-1371.96520604
-1502.57615642
-1493.89305157
-1485.61368016
-1409.09941806
-1494.98540387
-1321.64959430
-1518.34374729
-1406.67757222
-1411.25929988
-1456.22095914
-1453.60269950
-1488.09591179
-1394.97091395
-1505.79739457
-1618.47887197
-1538.91205037
-1607.93901550
-1563.87142047
-1450.51587449
-1385.39693613
-1476.50148343
-1289.91213886
-1399.41816404
-1576.80775849
-1500.31158997
-1328.81976327
-1484.89025443
-1507.70194051
-1577.41919912
-1471.50708121
-1458.90600016
-1496.09424303
-1497.09929824
-1483.49724676
-1369.07143321
-1439.85384092
-1494.61259973
-1480.88676814
-1496.54622910
-1364.17303079
-1505.29232229
-1499.58747835
-1670.43225830
-1679.93017025
-1554.27901639
-1582.23634298
-1471.86749166
-1643.13272659
-1697.05012214
-1681.18993906
-1393.52982753
-1469.07644892
-1173.05737277
-1553.68377511
-1585.17948855
-1161.35011425
-1123.84405471
-1216.60531685
-1529.01222194
-1405.55331160
-1572.38936161
-1654.51650463
-1364.49387373
-1651.30841168
-1566.49586298
-1633.85037260
-1573.98710229
-1496.11884110
-1497.86333877
-1468.00393197
-1481.63007434
-1549.56376838
-1622.29074630
-1443.84546273
-1493.11565510
-1502.19773781
-1586.46948129
-1530.67184237
-1392.08117765
-1487.55646073
-1458.08785020
-1410.55747684
-1501.79181960
-1498.91571138
-1476.30212038
-1403.67688546
-1463.46705485
-1401.86104015
-1560.42665944
-1554.79271276
-1627.17608684
-1537.54579437
-1547.47252034
-1488.09198509
-1488.39657028
-1262.77652427
-1510.01865156
-1371.79325287
-1197.65744957
-1391.52291078
-1190.60162911
-1279.01298083
-1472.63619368
-1294.55941640
-1484.02764126
-1528.63061119
-1489.53252147
