-1728.41757854
-1624.16372839
-1540.21575487
-1515.61778039
-1507.23113825
-1517.18010925
-1484.49540465
-1476.07638589
-1458.97953209
-1443.32595535
-1429.31362058
-1434.57161583
-1447.88079320
-1457.19125984
-1460.24763386
-1471.59794019
-1435.28262021
-1424.98357878
-1399.11987531
-1391.86896824
-1397.10790335
-1396.54003747
-1401.92178683
-1391.55087736
-1389.66400612
-1385.61240114
-1384.18437262
-1387.55222067
-1381.48674764
-1383.16957495
-1385.14538944
-1387.77395088
-1388.63590590
-1389.27530101
-1390.63898983
-1391.52180743
-1394.02021221
-1395.07535142
-1397.75772422
-1400.00637490
-1405.18508151
-1409.68542470
-1411.73101590
-1407.49142865
-1409.32529266
-1387.13882028
-1388.30540172
-1391.65304176
-1388.86729639
-1388.59825954
-1387.94109393
-1390.79026383
-1389.98698983
-1393.64582204
-1390.25444476
-1394.27949812
-1389.27557602
-1382.20259216
-1372.09203522
-1371.26834407
-1368.41428430
-1369.75015867
-1367.15433497
-1368.98619438
-1368.65320939
-1367.77862065
-1368.53326293
-1364.77250685
-1356.83804098
-1348.00421855
-1345.92255920
-1348.22087831
-1349.44055343
-1348.06372087
-1350.38061238
-1349.28270957
-1351.44341060
-1353.69505901
-1353.85759942
-1354.05457666
-1352.86843677
-1353.00351135
-1351.09819161
-1349.51321557
-1351.11867002
-1351.15860499
-1351.28802479
-1349.26224071
-1349.47011783
-1347.14416601
-1347.59124085
-1349.22161250
-1349.22969513
-1348.30823981
-1348.56996974
-1348.96775914
-1350.62398118
-1352.17600333
-1353.63778118
-1350.84566183
-1348.08939479
-1347.30508682
-1344.57739343
-1344.93440310
-1341.15828718
-1342.29770812
-1342.94554756
-1342.03091411
-1341.64614112
-1337.97026093
-1338.18093299
-1337.45103700
-1337.47600836
-1337.33762900
-1336.05701623
-1335.36870916
-1332.38408477
-1332.12158443
-1332.42616365
-1331.48204076
-1331.51511317
-1330.18410301
-1331.63571532
-1333.09982353
-1332.88156713
-1334.24072513
-1335.84815412
-1336.51566069
-1336.64794773
-1337.10932931
-1338.37974515
-1338.65306780
-1334.40102576
-1334.84666379
-1332.92006534
-1330.19296347
-1331.45127016
-1328.10602218
-1327.97732784
-1326.86133217
-1328.17306066
-1328.75506849
-1330.51979168
-1331.66552302
-1330.93587232
-1331.78437439
-1333.05693433
-1334.56269219
-1336.13228393
-1336.74848329
-1336.85587918
-1336.87040641
-1338.25674998
-1336.76575024
-1336.79365210
-1336.62526818
-1328.13025443
-1329.26676725
-1328.07536755
-1326.51858423
-1327.04316600
-1327.51452622
-1327.49701634
-1326.20505069
-1322.45636741
-1320.01149351
-1319.19670240
-1318.77772768
-1318.70416964
-1317.89288992
-1316.46427482
-1316.55576708
-1317.48553083
-1317.06615227
-1315.67143024
-1313.71440911
-1313.78083111
-1314.23269262
-1314.60090134
-1315.18351494
-1315.87076957
-1316.13500314
-1317.04148237
-1317.92197881
-1318.75091073
-1319.04462936
-1319.22865473
-1316.95006416
-1317.13106510
-1315.87860465
-1313.84014917
-1314.11104458
-1312.63422320
-1312.85739054
-1312.37026563
-1309.11610861
-1308.13222511
-1307.15532851
-1303.26999479
-1300.63707871
-1299.27462602
-1298.85672973
-1298.37740463
-1298.36342785
-1298.96936876
-1299.29617437
-1299.15442746
-1299.61155466
-1300.65360039
-1301.59221476
-1302.61817085
-1302.86166551
-1303.08368447
-1301.96905295
-1301.47212458
-1300.42824571
-1300.70567187
-1300.15169597
-1300.31754039
-1300.36265691
-1299.82039182
-1299.32438161
-1298.10082884
-1295.73429520
-1294.72372055
-1292.55275324
-1290.22252197
-1288.44520374
-1285.04261277
-1283.73080476
-1280.55750907
-1277.21423150
-1274.35878528
-1275.27558353
-1273.00671657
-1272.62945843
-1272.66280596
-1271.07482794
-1269.99901306
-1268.46861213
-1267.50166064
-1266.56346262
-1262.93507338
-1262.08485182
-1257.46621439
-1254.86317269
-1253.49802426
-1249.96277989
-1248.96644390
-1244.98678196
-1240.55688798
-1236.15853380
-1232.26972825
-1229.32677569
-1228.47105827
-1227.08889444
-1223.28519561
-1218.54399087
-1213.84109715
-1211.12349760
-1208.39365402
-1206.26319646
-1201.67791121
-1197.12739071
-1195.97119977
-1194.88538173
-1194.88650249
-1194.22154293
-1192.64005711
-1188.24536345
-1187.55501802
-1186.82154747
-1185.72591435
-1181.82321406
-1179.31101309
-1179.61029416
-1176.71397369
-1173.82791561
-1171.00937938
-1167.25171210
-1165.04146498
-1162.31928070
-1159.49326102
-1157.08473971
-1153.88191446
-1150.26543639
-1148.46441647
-1144.88923781
-1141.36167790
-1141.01528561
-1137.57196764
-1133.71757521
-1132.94527784
-1129.92463761
-1126.10068312
-1125.30439564
-1122.75438677
-1118.98895439
-1116.87270588
-1116.54750551
-1115.36171978
-1115.57201414
-1116.06586498
-1113.20712493
-1109.95302379
-1106.72983211
-1104.34007426
-1100.75957292
-1100.43939870
-1098.04730310
-1098.07476509
-1098.03173591
-1098.58803025
-1098.76660155
-1097.68404767
-1096.88100332
-1098.74452250
-1095.68934148
-1095.03765381
-1093.17105527
-1094.06469017
-1092.17730349
-1093.93702263
-1091.69918057
-1089.08338894
-1087.25278561
-1086.58890519
-1086.04469117
-1085.69057828
-1083.90647883
-1080.98619089
-1078.42366888
-1076.58829105
-1075.62756467
-1073.88431167
-1071.42906119
-1072.78731024
-1071.45623744
-1069.34867850
-1066.55840381
-1067.75844623
-1067.75871207
-1066.10061914
-1068.13443297
-1067.46307994
-1066.76292064
-1067.80322613
-1066.14944268
-1064.12968669
-1062.10328767
-1060.13781896
-1058.18713013
-1058.10485300
-1058.02896880
-1056.36056235
-1055.13665208
-1056.56329257
-1058.19897424
-1058.14780799
-1057.29400188
-1056.82271458
-1056.79880690
-1057.00997595
-1057.52790565
-1055.59673203
-1053.69354791
-1053.31027783
-1050.44883823
-1048.53933939
-1046.36334852
-1044.48740052
-1041.68386763
-1040.77509769
-1037.99451040
-1035.55442302
-1033.68626222
-1031.57395857
-1029.16062227
-1029.23249203
-1027.50048239
-1027.73209345
-1027.84540784
-1025.16367624
-1022.81224443
-1020.46865112
-1018.13998402
-1015.82664078
-1015.01511478
-1014.14372829
-1013.69006608
-1012.92260223
-1010.97859566
-1009.96267451
-1008.00448827
-1005.77098880
-1004.16251116
-1002.88432988
-1000.96849205
-999.03731537
-996.84918732
-997.44779844
-998.54582676
-999.25406255
-999.75642569
-998.16923341
-997.44528620
-995.29834917
-995.15757308
-995.87431708
-996.65140608
-997.07475706
-997.15955522
-995.91301797
-993.79411975
-991.96814628
-991.32760310
-989.23640698
-990.56981245
-989.11413563
-989.66057869
-989.35213119
-987.56887672
-986.04887086
-984.01994395
-982.80516802
-980.49951875
-979.30091140
-977.82847271
-977.35110113
-976.52583843
-974.78059352
-974.30367742
-972.61252720
-970.91592359
-968.79361633
-968.53012859
-967.81991623
-967.02535551
-965.10537985
-963.18564072
-961.51314179
-959.61993170
-957.73332389
-955.84489109
-954.22222361
-952.35684567
-950.76152589
-949.14107651
-949.31217880
-949.89855950
-950.51539567
-949.57797354
-947.74334545
-945.66502792
-946.24968213
-946.39740641
-945.10907534
-945.53851161
-945.97720686
-946.78081468
-947.19329889
-945.40851966
-943.61769296
-944.23192463
-943.56509334
-941.54293627
-939.78435272
-938.03621510
-937.13873929
-935.67654224
-935.69055529
-935.54753174
-934.62938403
-932.88909957
-931.18497314
-929.48384249
-927.78993453
-926.55345594
-926.89011110
-927.17943453
-927.09517400
-925.42521571
-924.00147035
-922.33977370
-920.67975404
-919.04541464
-917.15852653
-916.07286211
-915.21264514
-913.34575300
-911.97111313
-910.11993761
-909.26293843
-907.91860705
-906.57373465
-905.22370155
-903.64583588
-902.07425829
-900.51520573
-899.19150929
-897.63786682
-896.58182164
-895.25718270
-893.72678871
-892.19401380
-891.14419936
-889.62201321
-888.33659367
-887.05664835
-887.35595643
-886.09843679
-884.36921825
-882.87660004
-881.65520125
-880.17824431
-878.70310805
-877.49958862
-878.26336631
-877.04710472
-877.76498839
-876.54770569
-875.33954498
-875.98050151
-875.97783670
-875.01516393
-874.24276323
-872.81206131
-871.16346963
-870.19899940
-870.47263995
-870.84653688
-871.09899181
-869.69403790
-868.06638881
-868.32171856
-867.81510012
-866.63773879
-866.88166529
-866.90035970
-865.73968268
-864.36805682
-864.13364966
-862.76487522
-861.18027363
-860.29633358
-858.93362649
-857.36433150
-856.23203729
-854.88953938
-853.33627214
-852.00919965
-851.09955284
-849.78236633
-848.66844637
-847.79085951
-846.48440007
-845.59725801
-844.71963404
-843.20947358
-843.51671667
-843.77667110
-842.71339215
-841.43164566
-840.36075344
-839.08721698
-837.81654626
-836.54564781
-835.28649310
-834.01971763
-832.97012165
-831.51252624
-830.06346807
-828.82505035
-828.22397817
-826.98992064
-826.10530677
-825.72178018
-825.32223744
-824.10526926
-822.89772801
-822.52219798
-821.70171724
-821.19332501
-819.99358894
-818.59218992
-819.20353256
-819.76898930
-819.21698328
-818.03577887
-816.85340707
-815.67806372
-814.89085354
-813.71715894
-812.55584609
-811.39654201
-811.28224019
-810.72890741
-809.57992127
-808.43773586
-807.48390313
-806.73038170
-805.59677055
-804.46397830
-803.94054567
-803.00833655
-801.88571833
-801.55353462
-801.53412509
-801.02578096
-799.95890892
-799.85251369
-799.57686421
-799.48717064
-799.42591877
-799.08903591
-798.80181765
-799.35320636
-799.44618823
-799.49780060
-799.34643100
-798.44312659
-797.54292075
-796.65224733
-795.57144826
-794.48988637
-794.43008711
-794.16625915
-793.73701373
-793.25102354
-793.19900903
-792.91847767
-791.86597039
-791.60348255
-790.91385929
-789.66847910
-788.81713343
-788.50724289
-787.65385861
-787.43966520
-786.21002590
-784.98534985
-784.15148256
-782.93278202
-782.29486535
-781.27873821
-780.44886859
-779.43708592
-778.42672950
-777.42038403
-777.32349341
-776.79906796
-776.75634021
-775.75101640
-774.75198151
-773.94383154
-773.30381887
-772.47583661
-771.48208946
-770.67833574
-770.04880663
-769.07359275
-768.09164248
-767.47832108
-766.32377806
-765.35313898
-764.57212387
-763.77321191
-762.81603141
-761.67668928
-760.89316628
-760.11408065
-759.16805654
-758.83811567
-758.24473020
-757.29673513
-756.35895886
-755.24665748
-755.03100691
-754.27299393
-753.70343318
-752.96369499
-752.77294178
-752.21887132
-751.48354627
-750.55610859
-749.46224336
-748.53831530
-748.26930326
-747.36186568
-746.61189017
-746.04227615
-745.28785849
-744.39047755
-743.65843799
-742.76130816
-741.69487633
-740.63150967
-739.74269140
-739.50016362
-738.77782124
-738.58267426
-737.87776841
-737.72234865
-737.02341913
-736.50616991
-735.64069949
-735.29847425
-734.43336419
-733.91538066
-733.40026952
-732.71578811
-731.85872924
-731.00544837
-730.30841801
-729.45919592
-728.60844209
-727.76715320
-726.91954378
-726.07727797
-725.23722800
-724.39757761
-723.72829087
-722.72832488
-721.90462659
-721.24942562
-720.57257117
-720.04919376
-719.73818399
-718.92179801
-717.93800595
-717.28960385
-717.00020422
-716.52399609
-716.32951731
-716.20160029
-715.38984384
-714.58441999
-713.93269618
-713.13156387
-712.32361301
-711.67082576
-711.17309369
-710.81178473
-710.15088241
-709.35274738
-708.72422617
-708.21234066
-707.58653636
-706.80389205
-706.02619529
-705.24061799
-704.62373434
-703.84298326
-703.37033459
-702.76698283
-702.33093120
-701.56663305
-701.10616156
-700.49431664
-699.73701417
-699.12815486
-698.36804355
-697.60867927
-697.16504566
-696.78352082
-696.68020436
-697.06865714
-697.38406079
-697.43867058
-697.00381366
-696.25533470
-695.51965487
-694.77031355
-694.02936064
-693.28661956
-692.69266774
-692.29254102
-692.11870199
-691.69367996
-690.96353496
-690.38552568
-689.82720166
-689.10022996
-688.51991219
-687.80392661
-687.08852525
-686.21588394
-685.98192261
-685.56787513
-684.84549309
-683.98144846
-683.42039599
-682.84048615
-682.79475150
-682.36597856
-681.82787981
-681.28723324
-680.59367752
-680.04235493
-679.49624101
-678.80134212
-678.24878913
-677.69300801
-676.99429944
-676.46429504
-675.77300123
-675.23662309
-674.69315690
-674.01104462
-673.33213597
-672.65767268
-671.82953569
-671.32951823
-670.50521630
-669.83846250
-669.16821081
-668.80327939
-668.28956458
-667.63093459
-667.36279068
-666.70234823
-666.61938471
-665.81012830
-665.39156361
-664.73712952
-664.07344018
-663.42257975
-662.77356848
-662.12898079
-661.47423396
-660.95242469
-660.58880410
-659.94835671
-659.30820155
-658.67030696
-658.03035434
-657.38327471
-656.74076949
-656.10891454
-655.60727272
-655.25034958
-654.62143268
-653.98740194
-653.36248920
-653.05553212
-652.56854990
-652.08616124
-651.46417819
-651.10932722
-650.62664836
-650.00243083
-649.54757678
-648.78640525
-648.16764991
-647.55497329
-646.79995051
-646.18803473
-645.58119615
-644.83236025
-644.22243841
-643.60976094
-643.00961408
-642.40786632
-641.80449072
-641.20804293
-640.61198773
-640.29357435
-639.69260790
-639.23784040
-638.50522327
-637.91266351
-637.59604424
-637.35229342
-636.62490184
-636.17741496
-635.58624248
-635.13747685
-634.55520461
-633.97717426
-633.25693852
-632.67659870
-632.25062204
-631.53510905
-630.96115820
-630.69228970
-630.12153983
-629.54788472
-628.97133833
-628.39282683
-627.82242937
-627.26122090
-626.69561802
-625.99397333
-625.43115176
-625.00257831
-624.57391377
-624.28933891
-623.59638693
-623.04095461
-622.48219997
-622.06207243
-621.50385270
-620.94720094
-620.39906337
-619.84887214
-619.30813955
-618.76639886
-618.22014695
-617.54006166
-617.00181799
-616.46289141
-615.78708279
-615.52566196
-615.25953946
-614.72297991
-614.05257427
-613.65389805
-613.36319989
-613.83613478
-614.24102084
-613.57604017
-613.32335438
-613.19606776
-612.66260306
-612.13254902
-611.71134008
-611.18898622
-610.66710924
-610.39948328
-609.74487980
-609.48579815
-608.96483067
-608.56833682
-608.04888594
-607.53218821
-607.13476925
-607.29494070
-607.51124348
-607.94135545
-607.56102421
-607.19217384
-606.67986723
-606.03655847
-606.32629213
-606.86655094
-607.42327730
-608.02941607
-608.64971036
-609.18344564
-609.61829864
-610.05299481
-610.58823546
-611.02114415
-611.48745476
-611.64524435
-611.76544382
-612.19664149
-612.18306672
-611.80694585
-612.09966682
-612.41024016
-612.94459663
-613.22382994
-613.50887301
-612.99422864
-613.29708985
-613.64387258
-613.91397111
-613.52726051
-613.54102580
-613.72443159
-614.05768833
-614.45389534
-614.59068718
-614.21082603
-613.58385356
-613.58552711
-613.64811258
-613.14741955
-612.64988737
-613.07201305
-613.65884712
-614.39698780
-615.23413840
-615.97867472
-616.67417604
-617.31323657
-617.87157727
-618.28357762
-618.85994378
-618.58814298
-618.08729908
-618.77822009
-619.51669276
-620.20133551
-620.90587701
-621.61952546
-622.23487647
-622.51165391
-622.01328230
-621.50644579
-620.88712169
-620.49791861
-620.45739816
-620.87016101
-620.39332992
-620.11621753
-619.50128452
-619.00512421
-618.51257263
-618.95281778
-619.37302452
-619.79220073
-619.40589762
-619.70519327
-619.85771448
-619.50002076
-618.89298111
-618.40775777
-617.80203989
-617.32117290
-617.05930052
-616.57191612
-616.32869911
-615.95932820
-615.86251104
-615.50153689
-614.90335593
-614.54075933
-614.25970875
-613.77673299
-613.18260041
-612.80557081
-612.33402952
-611.85615423
-611.50802481
-611.03018708
-610.55161135
-610.08812854
-609.61386461
-609.13961738
-608.67615254
-608.21148118
-607.84975068
-608.21156532
-608.49434526
-608.46548879
-608.22482444
-607.87254543
-607.60884850
-607.14160092
-606.67742119
-606.21394289
-605.74945888
-605.28302723
-604.82052729
-604.58791631
-604.12471178
-603.67298100
-603.32410441
-602.75615991
-602.18913802
-602.59582296
-602.27384843
-601.82684769
-601.49730998
-601.41655467
-600.96497436
-600.51928678
-600.28734898
-599.72699307
-599.52061028
-599.07403772
-598.62745594
-598.17696690
-597.73652005
-597.40792558
-597.08193632
-596.74775658
-596.30521016
-596.10009217
-595.98106716
-595.55004345
-595.11714222
-594.68056541
-594.34917374
-594.01338696
-593.58221096
-593.44005386
-593.00843405
-592.57693888
-592.25287812
-591.82601376
-591.39329309
-591.07030606
-590.64689999
-590.22315091
-589.90577197
-589.89173037
-589.70987625
-589.17706221
-588.85860897
-588.43206598
-588.00641173
-587.58047207
-587.26108382
-586.83980994
-586.42252000
-586.00706139
-585.58955479
-585.17003782
-584.64469537
-584.32565959
-583.80205165
-583.51334803
-583.09817085
-582.68199570
-582.26575040
-581.85073963
-581.33135465
-581.15851400
-581.09753735
-580.58011976
-580.17510882
-579.77056762
-579.46599735
-580.27984170
-579.76809541
-579.46340131
-579.05925566
-578.76101145
-578.35306301
-578.38404060
-578.19521639
-577.79178492
-577.38605125
-576.97971243
-576.68482359
-576.17856868
-575.87774002
-575.47773491
-576.28196651
-575.88827071
-575.90878848
-575.51488513
-575.11687734
-574.71682678
-574.53710742
-575.33577801
-575.04386858
-574.74564167
-574.35152396
-573.96389610
-573.57501800
-573.18396041
-572.79459237
-572.30069464
-573.12605918
-572.73481635
-572.54882054
-572.15957351
-571.76725981
-571.38266267
-570.89190544
-570.50829156
-570.12221529
-569.73402347
-569.24835514
-568.87081756
-568.38612392
-568.00354220
-567.62453211
-567.24157983
-566.86204121
-566.48588995
-566.10824086
-565.73048124
-565.25025033
-564.96550669
-564.58908947
-564.21284370
-563.84068069
-563.46419941
-563.09310151
-562.81839551
-562.44068029
-562.06848535
-561.88884775
-561.51749708
-561.25519541
-560.88896742
-560.51918510
-560.04945738
-559.67977890
-559.40982227
-559.03941465
-558.67392265
-558.30696200
-557.94780365
-557.48365410
-557.11765789
-557.02619877
-556.77105751
-556.41367155
-556.05285374
-555.68705504
-555.33142681
-555.06533227
-554.70371155
-554.44489518
-554.09131141
-553.73170232
-553.37855841
-553.02863520
-552.67030114
-552.31266650
-552.16725619
-551.98640869
-551.72309780
-551.47363171
-551.12460472
-551.89104332
-551.72531658
-552.47058458
-552.11570544
-551.76025517
-551.40922205
-551.05341760
-550.70184450
-550.35507053
-551.15506813
-550.80369208
-550.45640361
-550.11050048
-549.76164129
-549.41878858
-548.97674721
-549.73123807
-550.49022664
-550.14446648
-550.29385463
-550.04523288
-549.70397369
-549.36470345
-549.02471038
-548.95883292
-548.91471547
-548.57421336
-548.22690153
-548.07962010
-547.92398969
-547.58152751
-547.14559069
-546.98644738
-547.74335463
-547.67238157
-547.33460725
-546.99473261
-546.65422076
-546.50496067
-546.17056760
-545.73784137
-545.49623738
-545.16057881
-545.02174734
-544.69065061
-545.43380104
-545.10338058
-544.67494722
-544.70472090
-544.68005653
-544.45836408
-544.12773602
-543.79900390
-543.47204939
-543.14475928
-542.71988529
-542.38828450
-542.05912885
-541.72987154
-541.39811430
-541.07279268
-540.96117483
-540.63828317
-540.52034663
-540.19353555
-540.05325018
-539.98260159
-539.56385314
-539.24195416
-538.91702245
-538.59231057
-539.33097544
-538.91527922
-538.59139212
-538.17621726
-537.85801932
-537.65207456
-538.13108545
-537.71722217
-537.40111318
-538.13902882
-537.72814938
-537.61824942
-537.87661834
-537.73944957
-537.62164213
-537.21250695
-536.89258820
-536.57702246
-536.26423060
-536.04742378
-535.83652282
-535.42999608
-535.11200402
-534.79462035
-534.48544293
-534.17762638
-534.18143382
-534.98352401
-534.98032080
-534.67002474
-535.39581554
-536.12908055
-535.91180883
-535.60104264
-535.19745480
-534.79458267
-535.48235906
-536.28751143
-535.88548275
-535.48358130
-535.17458698
-534.86526119
-534.55563289
-535.34159740
-535.12708144
-536.05625712
-535.74526851
-535.52934461
-536.36873395
-536.06161871
-535.66373663
-535.35389797
-536.24431701
-537.11947829
-537.92725448
-537.52924248
-537.22335003
-536.82544839
-536.42831827
-537.22320663
-537.92539760
-538.67491928
-538.54638967
-538.32949431
-539.05691766
-538.74585340
-538.44394758
-538.14134755
-538.82059325
-539.55744378
-539.25199072
-539.98167361
-539.67444406
-540.41618671
-541.22553962
-541.97828521
-541.66719116
-541.35931136
-541.04975659
-540.83711165
-540.53307174
-540.14028798
-540.01274353
-540.76456352
-541.53114397
-542.30567825
-542.08054714
-541.68819889
-542.46219664
-542.59726798
-543.34377066
-543.22691097
-543.91161133
-543.69928360
-543.48782030
-543.27238491
-542.96686346
-542.57662421
-543.26155953
-543.95138295
-543.64422641
-544.32805613
-544.11454421
-544.83801894
-544.44804082
-544.14984921
-544.13107433
-543.82561948
-543.52168643
-544.30313631
-545.08026976
-544.77536916
-544.47605879
-545.20722818
-544.90219435
-544.89391601
-544.58999809
-544.20421989
-543.99815699
-544.67369322
-544.46345912
-545.12740899
-545.78361053
-546.45574566
-546.15686428
-545.77207197
-546.47138386
-547.12486278
-547.75817389
-548.40613344
-548.02116803
-547.72582584
-547.34155858
-547.04241178
-546.74620601
-546.44700264
-546.15434790
-546.90365630
-546.60814900
-546.22702279
-545.92991906
-545.63587683
-545.34038261
-546.00080330
-545.62131975
-545.32750829
-545.03336686
-545.71138884
-546.39182225
-547.06431170
-547.68758885
-548.48761152
-548.19322262
-548.87078230
-549.56971257
-550.20630339
-550.81616987
-551.57385149
-552.18435448
-551.80423430
-552.56697394
-553.31483976
-554.02448978
-554.86623463
-555.67241651
-556.51716753
-557.42409883
-558.32933989
-558.99390306
-558.61178802
-559.33428833
-560.17012004
-561.01088275
-561.85866925
-562.68325291
-563.52751958
-564.39114489
-565.08378302
-565.85629978
-566.58029680
-567.20435731
-567.82500567
-568.42682315
-568.04173028
-568.59324176
-569.23627470
-569.90719684
-570.53503077
-571.15906928
-571.75660829
-572.37926473
-573.01948470
-573.63865739
-574.30352573
-574.91757147
-575.53841111
-576.14068947
-576.68241029
-577.30069257
-577.88743607
-578.49400260
-579.11826098
-579.76264068
-579.37523004
-579.92967741
-579.54281233
-580.11498095
-580.71187922
-581.32327599
-581.91017737
-582.53630100
-583.12299246
-582.73557359
-583.29765934
-583.90658480
-583.51969272
-584.14140167
-584.85330421
-585.65091498
-586.29313494
-586.99824941
-587.75573200
-588.37847114
-589.13806837
-589.74485110
-590.33153104
-591.02505091
-591.65819058
-592.31588689
-593.02408978
-593.68478302
-594.29926826
-594.97476581
-595.50994293
-596.23903952
-596.89691562
-597.67885297
-598.51575087
-599.36709590
-600.20221055
-600.81132734
-601.56387195
-602.21691440
-602.85180923
-603.52636078
-604.19131384
-604.81689617
-605.34256666
-606.04599639
-606.81270381
-607.38012425
-608.00533360
-608.66283581
-609.37124150
-608.97749115
-609.62768980
-610.30719161
-610.84004401
-610.44799372
-611.02575973
-611.60934881
-612.17472680
-612.73909078
-613.31237569
-613.88662956
-614.40421687
-614.96979351
-615.50421631
-616.07695344
-616.63335357
-617.25882925
-617.86677607
-617.47229461
-617.94534366
-618.50100864
-619.02490067
-619.54036846
-620.09783993
-620.67245776
-621.24329598
-621.79466828
-622.34550750
-622.90397450
-623.45701136
-624.00623784
-624.56356102
-625.12374823
-625.67384126
-626.25595306
-625.86132445
-626.44244995
-626.98951842
-626.59432540
-627.16814458
-627.86049096
-628.50108284
-629.18329114
-629.79633756
-630.20815858
-630.73452454
-631.28619755
-631.79637838
-632.29910215
-632.85078150
-633.40722413
-633.95006951
-634.42393854
-634.94141960
-635.42427829
-635.94868485
-636.40390207
-636.92224384
-637.44440776
-637.98624413
-638.52163566
-639.05743110
-639.59819693
-640.09022203
-640.61419373
-641.14359159
-641.43963909
-641.97186670
-642.55765325
-643.24863750
-644.00771415
-644.77077825
-645.39508720
-646.11601477
-646.77173815
-647.48222106
-648.21601538
-647.81700334
-648.50482378
-649.07595217
-649.69230099
-650.28384000
-650.92301404
-651.60043410
-652.25610649
-652.89090763
-653.36281163
-653.89645884
-654.50509612
-655.05436234
-655.68094751
-656.20184224
-656.82580335
-657.53241132
-658.02450278
-658.50417645
-659.02312998
-659.52520515
-660.02942667
-660.54080026
-661.07000069
-661.59890250
-662.13935724
-662.66286350
-663.13924472
-663.61843621
-663.21717030
-663.67981954
-664.17852489
-664.66084890
-665.16155245
-665.70098483
-666.21361067
-666.79165617
-667.28802044
-667.75856465
-668.34677944
-668.85177501
-669.37271221
-669.85747848
-670.32744639
-670.79892145
-671.33746798
-671.82203713
-672.35566904
-672.89924045
-673.45752705
-673.99999767
-674.53581332
-674.13336804
-674.58613796
-675.06972196
-675.52927961
-676.04291344
-676.54728135
-677.06135453
-677.51481638
-677.97371315
-678.40206592
-678.91244560
-679.37097583
-679.82229037
-680.27330276
-680.75237894
-681.21982987
-681.74840383
-682.32646936
-683.00420988
-682.60161716
-683.15405999
-683.73374198
-684.28709218
-684.94456322
-685.45681702
-685.89613406
-686.36459355
-686.82607550
-687.26193431
-687.73486461
-688.20193507
-688.69334075
-689.37341968
-688.97046151
-689.54627226
-690.19066744
-690.82380623
-691.47505355
-691.07165052
-691.58732584
-692.08958705
-692.63242257
-693.22402315
-693.80036046
-694.35796170
-694.88544200
-695.40588943
-695.90044366
-696.42574915
-696.98658733
-697.55959872
-698.08197684
-698.54015004
-698.13635449
-698.60321702
-699.07028643
-699.51749628
-699.97699689
-700.46902134
-700.95312712
-701.45125492
-701.90509286
-702.36802343
-702.83453888
-703.29455639
-703.73738843
-704.19296810
-704.62588705
-705.07727597
-705.53601061
-705.13205981
-705.56789919
-706.02238745
-706.48054428
-706.93638755
-707.33174974
-707.77205006
-708.24388458
-708.70547057
-708.30290249
-708.72451969
-708.32135416
-708.75355277
-708.35073260
-708.78529410
-709.17545130
-709.65682372
-710.19801099
-710.69628188
-711.22471032
-710.82232423
-710.42089426
-710.86159722
-711.31149609
-711.74919849
-712.20287638
-712.65491131
-713.09002773
-713.50826711
-713.93221143
-714.34017195
-714.77207218
-715.18933710
-715.62172075
-716.05349890
-716.46511738
-716.06477198
-716.53298368
-717.00166604
-717.48130186
-717.92459115
-718.30558584
-718.73916621
-718.33784222
-718.78049785
-719.22006672
-719.62419476
-720.04696208
-720.48829459
-720.91963127
-721.33688083
-721.78480120
-722.31613338
-721.91486094
-722.41541418
-722.92512546
-723.46129421
-723.06018164
-723.57319870
-724.03114159
-724.49256850
-724.98323680
-724.58233624
-725.10559147
-725.62815104
-726.14226152
-726.64821142
-727.12024743
-727.52371777
-727.96263269
-728.39709432
-728.86081740
-729.31209234
-729.72257791
-730.10940258
-730.52320017
-730.93786377
-731.27522217
-731.69630182
-731.29674779
-731.68515007
-732.10340332
-732.48739740
-732.84190308
-733.24126904
-733.64851723
-734.07900438
-734.55016281
-735.01844061
-735.38714950
-735.79973035
-736.18676949
-736.58048051
-736.98256633
-737.39511093
-737.33998165
-737.73815326
-738.14789159
-738.54719447
-738.96364846
-739.36682581
-739.79070836
-740.22471912
-740.65744165
-741.06674049
-741.47041872
-741.07106097
-741.48653855
-741.90615614
-742.31281296
-742.73805747
-743.13247121
-743.54355456
-744.01314651
-744.43579528
-744.03671992
-744.38855922
-744.81497959
-745.25230414
-745.67364567
-745.27426519
-745.68417159
-746.06341790
-746.42451934
-746.81793710
-747.18300558
-747.58918126
-748.01706559
-748.42899884
-748.87807936
-748.47935359
-748.08144883
-748.49346403
-748.94589329
-749.40213012
-749.84947882
-750.42105424
-750.87596161
-751.29972061
-751.72578695
-751.32731491
-751.88540379
-752.39726744
-752.93114418
-753.49508125
-753.96006706
-753.56245356
-754.03954695
-754.54107819
-755.16449866
-755.65072148
-755.25258069
-754.85477439
-755.33259229
-755.82306999
-756.25783650
-756.71338033
-757.20857474
-757.59768306
-758.03359928
-758.41806992
-758.76382328
-759.15416493
-759.53157407
-759.94386941
-759.54634250
-760.00518374
-760.35320912
-760.69799353
-761.13251499
-761.50964772
-761.89296164
-762.31498325
-762.73784844
-763.23361144
-762.83634773
-763.33589811
-763.75733482
-764.11379386
-764.47283256
-764.85355348
-765.24704539
-765.63108291
-766.05842480
-766.46658653
-766.89107914
-767.33688397
-767.73172640
-768.08130554
-768.46100958
-768.76757486
-768.37138605
-768.86524380
-769.45872035
-769.85896320
-770.22104601
-770.61105918
-770.99412864
-771.37358884
-771.74770515
-772.16007886
-772.53971055
-772.77430777
-773.16288811
-773.50160397
-773.86029781
-774.21418368
-774.56660363
-774.91314349
-775.29324192
-775.67500731
-776.04526408
-776.44731901
-776.82493110
-777.26876277
-777.62274978
-778.12566945
-778.58767523
-778.99994393
-779.44055856
-779.89360515
-780.34686257
-780.77007987
-781.23445879
-781.59504605
-782.07929909
-781.68282173
-782.04874331
-782.41403289
-782.88207318
-783.32916978
-783.76909525
-784.21001937
-784.62560525
-785.01627553
-785.37104964
-785.76465800
-786.15428153
-786.58996320
-786.90367991
-787.25479656
-786.85881592
-787.24458471
-787.57229542
-787.17659863
-787.49842573
-787.85480074
-788.21933191
-788.58419004
-788.93626041
-788.54104688
-788.87021934
-789.21452776
-789.60693788
-789.90111005
-790.23673238
-790.60656493
-790.93900595
-791.28924483
-790.89463056
-791.25737715
-791.59695726
-791.97321387
-791.58015508
-791.93193958
-792.27642156
-792.61755705
-792.22427365
-791.83122876
-792.22118894
-792.51374719
-792.84625191
-793.20190950
-793.50800055
-793.56744452
-793.56774521
-793.91008205
-794.30614807
-793.97684151
-793.64470489
-793.99539606
-794.34554479
-794.64981752
-794.99151446
-795.34783344
-795.70200110
-795.92992728
-796.15974494
-796.43675837
-796.10382892
-795.71307967
-796.06186439
-796.38197307
-796.74289844
-797.00310741
-797.35879266
-797.69697448
-798.03009818
-798.40857520
-798.84917726
-799.20179822
-799.58542625
-799.91358135
-800.28111766
-800.70959621
-801.16148766
-801.52017622
-801.89239194
-802.34111494
-802.78027599
-803.10860707
-803.50308793
-803.89228004
-804.29360445
-804.67309895
-805.00419835
-805.36623355
-805.67226925
-806.00891088
-806.36238035
-805.97210731
-806.32640061
-806.70086315
-807.07529466
-807.51549468
-807.97585518
-808.36085294
-808.71605474
-809.01390768
-809.28766797
-809.61620220
-809.95039167
-810.29049244
-810.60352101
-810.27548846
-810.60632648
-810.94841503
-811.29461700
-811.65055299
-811.99157852
-812.35399327
-812.67741644
-813.00560927
-813.30842733
-813.66577865
-814.14214210
-814.51216421
-814.12306993
-814.46208992
-814.73380090
-814.34538287
-814.66309723
-814.87501015
-815.20247923
-815.51817344
-815.78836841
-816.08919517
-816.43376405
-816.77122689
-817.10514929
-817.40378403
-817.68757664
-817.94416806
-818.18837901
-818.50776223
-818.82289253
-819.09948826
-819.43144934
-819.77036301
-820.09091184
-820.40793026
-820.68149034
-820.29419186
-819.90718701
-820.22809750
-820.54272747
-820.86264934
-821.17401822
-821.48205267
-821.81442942
-821.42810515
-821.04217857
-821.36878396
-821.68831042
-822.01037225
-822.33503288
-822.64528530
-822.93727929
-823.24804356
-823.54852967
-823.85957799
-824.17302244
-824.42166479
-824.74054648
-825.06092060
-825.36419927
-825.67619463
-825.97850494
-825.59333571
-825.90565979
-826.21457851
-826.54207854
-826.89985597
-827.28994999
-827.58054011
-827.91671718
-828.15730323
-828.41650004
-828.75170826
-829.15477297
-829.43653406
-829.75283759
-829.36841510
-829.68133665
-829.99822252
-830.31282418
-830.61466870
-830.89422491
-831.20011803
-831.47961349
-831.82522751
-832.20902612
-832.60114840
-832.94794098
-833.25582657
-833.59986013
-833.96978133
-834.26910000
-834.60028832
-834.86473960
-834.48176000
-834.09879246
-833.71611593
-834.06968345
-834.37242694
-834.69554494
-834.98215216
-835.28295999
-835.58474499
-835.90470149
-836.20776879
-835.82578139
-835.44595675
-835.62020155
-835.90199773
-836.23983015
-836.59393298
-836.91464532
-837.24869600
-837.58450031
-837.86084711
-838.13400429
-838.42891985
-838.72321720
-839.00551465
-839.29789325
-839.60925204
-839.89302498
-840.21757125
-839.83703801
-839.45665643
-839.76478072
-840.06230853
-840.34224059
-839.96298851
-840.32325762
-840.73621170
-841.05672839
-841.46991812
-841.72643486
-842.11216726
-842.47849524
-842.83221035
-843.16215323
-843.45227389
-843.73896657
-844.15972022
-844.53510695
-844.89804368
-845.20869269
-845.55495960
-845.79033810
-846.04970344
-846.35242256
-846.77156628
-846.39205746
-846.58750211
-846.92482203
-846.54626956
-846.77809685
-847.05909274
-847.35657474
-846.97833797
-847.35524253
-847.75573956
-848.18344196
-848.64680648
-849.01768955
-849.43597661
-849.82996957
-849.45168658
-849.90485375
-850.38109514
-850.83645812
-851.30645547
-851.75304349
-852.19036085
-852.56989815
-852.86883037
-853.23508464
-853.65691203
-854.09801645
-854.51779070
-854.92145454
-855.33420376
-855.69880538
-855.97843980
-856.38598444
-856.77208158
-857.17259699
-857.57063625
-857.99885809
-858.31054807
-858.65388005
-858.27586238
-858.63867618
-858.96294457
-859.31979574
-859.68903991
-860.05204270
-860.42545022
-860.76904763
-861.12074953
-861.36126854
-861.62799744
-861.93717492
-862.23822197
-862.52600155
-862.85771835
-863.19634251
-863.49848890
-863.82813209
-864.15433411
-864.46866725
-864.75327561
-865.06279623
-865.35174152
-865.63579080
-865.91777546
-866.20256457
-866.49885361
-866.78616119
-867.10029494
-867.38267475
-867.64253858
-867.90870574
-867.53181471
-867.81849168
-868.08862186
-868.40691742
-868.70884228
-869.07376899
-869.35064382
-869.61699963
-869.88562321
-870.18100671
-870.43847496
-870.65781324
-870.92849710
-871.15460402
-871.40447832
-871.67131763
-871.93707812
-872.20269046
-872.46678616
-872.71943003
-872.97443955
-873.23556362
-873.48171462
-873.73727962
-874.01851257
-874.28930887
-874.58174917
-874.86213679
-875.06757077
-875.34516318
-875.61215695
-875.23687835
-875.47703186
-875.73017994
-875.99064358
-875.61624230
-875.87486745
-876.12660252
-876.38111050
-876.65342546
-876.84854696
-877.10494638
-876.73081239
-876.35724403
-876.60030036
-876.86314867
-877.10305878
-877.36567906
-877.60302094
-877.84592234
-878.10966076
-878.38885533
-878.64674565
-878.88604919
-878.51307048
-878.76137976
-879.01286452
-879.28986682
-879.61455241
-879.24212418
-879.57754119
-879.95691868
-880.30736367
-880.60711467
-880.23512781
-880.61149632
-880.91046028
-881.20058919
-880.82881972
-881.17933326
-881.46661677
-881.68644952
-882.02341120
-882.37756006
-882.62514242
-882.87439682
-883.24498822
-883.60357844
-883.95361406
-884.20683888
-884.57830915
-884.83446484
-885.17024218
-885.40083726
-885.74388002
-885.37302554
-885.66227870
-885.90280022
-886.16157892
-886.41416494
-886.72891958
-886.98009269
-887.22148204
-886.85124495
-886.48133459
-886.73385878
-886.94744118
-887.19829317
-887.35452647
-887.56943084
-887.81953980
-888.06668200
-888.30352621
-888.56540758
-888.19614283
-888.44365080
-888.07472833
-888.31129796
-888.54807817
-888.80121586
-889.04716389
-889.29347724
-889.54418402
-889.78054307
-890.00595176
-890.25014859
-890.49756475
-890.74716935
-890.99599685
-891.19104079
-891.43642987
-891.66803477
-891.90088079
-891.53318203
-891.78631182
-891.41904956
-891.69321366
-892.03561462
-892.28255304
-892.59278413
-892.22604329
-892.51449059
-892.14795999
-892.42528053
-892.72642165
-893.02187433
-893.28489146
-893.51621196
-893.15023992
-893.41730990
-893.69239636
-893.99787954
-894.25013225
-894.49157973
-894.77890267
-895.06163101
-894.69601120
-894.93534965
-895.29880050
-895.60558052
-895.85163614
-896.12080435
-896.49214132
-896.86920601
-897.15452371
-897.54998833
-897.84340613
-898.11249739
-898.39108911
-898.70422770
-898.33945903
-897.97511826
-897.61101313
-897.91290277
-898.16081216
-898.44210258
-898.72474344
-898.99043656
-899.25083095
-899.51283356
-899.77103078
-899.40727568
-899.74287239
-900.01739707
-900.28323045
-900.54117401
-900.83127316
-901.08645620
-901.35022334
-901.58455668
-901.79741350
-902.04526414
-902.29714835
-902.51748604
-902.15454378
-902.38574954
-902.62683533
-902.85002732
-903.08585453
-903.32008538
-903.56646311
-903.80273468
-903.97414815
-904.16301017
-904.39849967
-904.64170499
-904.88091763
-905.12192890
-905.29910726
-905.54903736
-905.82773558
-906.06690874
-906.29689699
-906.55297796
-906.82562106
-906.46396939
-906.10275139
-906.37959582
-906.64207537
-906.93703383
-907.24881083
-907.46989738
-907.69938269
-907.88248157
-908.13538612
-908.36279735
-908.53041726
-908.75808365
-909.01643130
-909.28684948
-909.55888369
-909.79631698
-909.96939706
-910.18123466
-910.42467335
-910.66152340
-910.89328240
-911.13725734
-911.35644547
-911.62326095
-911.86637922
-912.05425877
-912.26794619
-912.45561244
-912.68402031
-912.91118257
-913.05850753
-913.29675578
-913.51703889
-913.73953739
-913.38062526
-913.63512652
-913.85611597
-914.06862171
-914.35555262
-914.57739852
-914.84356702
-914.48505982
-914.73348432
-914.99629824
-915.22709433
-914.86909887
-915.10231334
-914.74423828
-914.96093343
-915.17978058
-915.36583676
-915.00822035
-914.65219067
-914.84828612
-914.49127059
-914.71894911
-914.94682669
-915.16972209
-915.43365946
-915.72051055
-915.97751814
-916.21243009
-916.41866726
-916.62141303
-916.86633208
-916.51005153
-916.72057565
-916.36511125
-916.00991457
-916.25800759
-915.90296388
-915.54822877
-915.85409513
-916.07253003
-916.28981759
-916.48222365
-916.70678781
-916.94413386
-917.20036393
-917.46816709
-917.82216999
-918.18244998
-918.56544856
-918.95361922
-919.30639731
-919.69018876
-919.95403732
-920.29208636
-920.59706294
-920.94444875
-921.21668510
-921.45207504
-921.68947320
-921.99971279
-921.64662376
-922.01861376
-922.33335044
-922.65289133
-922.95201736
-922.59831244
-922.95375133
-923.28347420
-923.56016809
-923.91452322
-924.26612978
-923.91302119
-924.20302187
-924.51890876
-924.86299778
-925.20565074
-925.55404122
-925.91904938
-926.26970850
-926.53820738
-926.81198305
-927.10977015
-927.43866484
-927.70337093
-927.99204371
-928.28505397
-928.58260238
-928.84577205
-929.16714932
-929.48158603
-929.74446783
-930.03811059
-930.32285492
-930.62122617
-930.90673568
-931.20413007
-931.45225253
-931.62553474
-931.85654712
-931.50399230
-931.72234471
-931.91422353
-932.12987456
-932.33604697
-932.54711255
-932.75318954
-932.96243757
-933.17540253
-932.82384083
-933.03154871
-932.67995034
-932.89177790
-933.08276913
-932.73157669
-932.95105356
-932.60002759
-932.82107870
-933.04500188
-933.27115489
-933.44941945
-933.65689312
-933.80601114
-934.00736668
-934.23037187
-934.47696269
-934.69396018
-934.88073976
-935.09318353
-935.32833990
-935.53410801
-935.18401781
-935.34764160
-935.57369532
-935.75944815
-935.95512543
-936.18841327
-935.83994982
-936.06587620
-935.71718964
-935.93320916
-936.13954007
-936.36238343
-936.56417062
-936.73959043
-936.93688927
-937.14606694
-937.33574979
-936.98762668
-937.20058992
-936.85233603
-937.06024725
-937.25989087
-937.44809523
-937.65261090
-937.85926122
-937.51154467
-937.74952647
-937.94498141
-938.12032113
-938.34278718
-938.54711336
-938.75473158
-938.40819175
-938.53164836
-938.72171810
-938.86637303
-939.06381553
-939.35367037
-939.51732008
-939.69185064
-939.86110579
-940.01234259
-940.17730220
-940.40598274
-940.72124564
-941.02771576
-940.68165949
-940.33574883
-940.62302202
-940.91787794
-941.12911690
-941.43074148
-941.70146589
-941.97450913
-942.30736888
-942.63253717
-942.77875776
-943.11530144
-943.40000040
-943.66888246
-943.98000326
-944.30358483
-944.51703474
-944.68595055
-944.34097197
-944.53425175
-944.72115530
-944.91304226
-945.11689011
-945.31390044
-944.96963430
-945.17275947
-945.37051330
-945.50560575
-945.69342604
-945.85706180
-945.51305188
-945.71073681
-945.90837414
-946.10506160
-945.76131775
-945.93266081
-946.14486392
-945.80166956
-946.04632516
-946.30242103
-946.54997284
-946.84722112
-946.50430198
-946.73783291
-947.00471971
-947.21687046
-947.41924991
-947.66828950
-947.88879902
-948.10683541
-948.39490721
-948.63095086
-948.86114224
-949.08898782
-949.31864734
-949.56937224
-949.73310751
-949.99416978
-950.16781953
-950.39763348
-950.52294059
-950.72713993
-950.38516841
-950.58377858
-950.78089708
-950.99164329
-950.65012652
-950.86347863
-951.08267031
-951.30716359
-951.52667911
-951.72385011
-951.90881152
-952.12270089
-952.32903867
-952.49343403
-952.67842029
-952.88425146
-953.15751316
-953.47416717
-953.73849636
-954.03948604
-954.28990650
-954.54910699
-954.77094189
-954.98535438
-955.17660101
-955.34858447
-955.57532250
-955.75635924
-955.94371436
-956.13146358
-956.32379750
-956.51766524
-956.70856019
-956.89672449
-957.09154778
-957.28476087
-957.47269133
-957.66812541
-957.85729082
-958.06415917
-958.28150504
-958.51163134
-958.75905782
-959.00735897
-959.22640137
-959.45872005
-959.69569842
-959.97587156
-960.18975396
-960.37168767
-960.54375188
-960.72506600
-960.38590335
-960.04696229
-960.26600964
-960.49154906
-960.64815329
-960.83904957
-960.50094357
-960.67465844
-960.88719529
-961.09886768
-961.29346464
-961.47867354
-961.65539445
-961.83637902
-962.01787915
-961.68007821
-961.83892562
-962.01770093
-962.21446990
-962.40295512
-962.53876389
-962.72883012
-962.89558412
-963.07666473
-963.26913113
-963.43911745
-963.62892043
-963.81918959
-964.00599714
-964.18452911
-964.37402787
-964.55915517
-964.74227290
-965.03929486
-965.23691405
-965.37415940
-965.57566696
-965.23915372
-965.43206320
-965.59576616
-965.78437905
-965.96961148
-966.18270294
-966.36209824
-966.56083823
-966.73393469
-966.92707151
-967.13330640
-967.38265935
-967.67195417
-967.93788575
-968.25095192
-968.55406989
-968.88153824
-969.17819687
-969.48298312
-969.76140633
-970.07382795
-969.73864452
-970.05144577
-970.29076032
-970.56824358
-970.83032429
-971.10102703
-971.37240970
-971.62272777
-971.93496162
-972.14717662
-972.45730379
-972.70295748
-972.93561979
-973.24351390
-973.54798596
-973.77761721
-974.08907545
-974.34687931
-974.61011691
-974.89986218
-975.21243982
-975.51292712
-975.76503641
-976.07517238
-976.37575999
-976.63866792
-976.30430555
-976.59950380
-976.86337305
-977.12840677
-977.42226476
-977.63708239
-977.83941687
-978.03503049
-978.17843496
-978.40567313
-978.60584747
-978.80553008
-978.95981943
-979.17578729
-979.39382203
-979.61074386
-979.78073268
-979.94510794
-979.61115639
-979.80115087
-979.94338335
-980.14472844
-980.39665515
-980.06314325
-980.26047285
-980.44765858
-980.60376766
-980.80978176
-981.03765932
-980.70457322
-980.91015312
-981.10103702
-981.30901287
-981.48259503
-981.69438837
-981.87693869
-982.04668029
-982.19036531
-982.39588213
-982.64859846
-982.87973430
-983.06058211
-983.18864349
-983.37452285
-983.51993378
-983.72420376
-983.88152875
-984.09672636
-984.29897702
-984.54395775
-984.78516460
-985.04236781
-985.20027619
-985.45125825
-985.59598276
-985.71550690
-985.89801545
-986.09612836
-986.26259906
-986.45117447
-986.68176824
-986.82255965
-986.49156803
-986.16046904
-985.82997924
-985.98407465
-986.20089874
-986.37397516
-986.58103141
-986.74511777
-986.41502222
-986.65354817
-986.87026828
-987.00775947
-987.26249776
-987.48178720
-987.73996936
-987.92305326
-988.11194237
-988.27305309
-988.42184321
-988.61355263
-988.76677520
-988.93149493
-989.10829526
-989.25981536
-989.44782622
-989.61660650
-989.76882999
-989.93179651
-990.09922814
-990.26531204
-989.93650418
-990.09711571
-989.76826748
-989.93377380
-990.09567907
-990.25454239
-990.42808045
-990.59838449
-990.76664448
-990.93521395
-991.08989420
-991.26805792
-991.40072660
-991.57874194
-991.74103415
-991.93025143
-992.07508810
-991.74731564
-992.04795626
-992.33607699
-992.61342698
-992.80568921
-993.08786566
-993.36844372
-993.65300098
-993.84724589
-993.52025614
-993.76642299
-993.97848348
-994.19601258
-994.44622135
-994.58631037
-994.77807140
-994.96361033
-995.15180510
-995.35713950
-995.55350513
-995.71731043
-995.90509967
-996.08980502
-996.26230272
-996.42786401
-996.59383607
-996.76731990
-996.96642549
-997.19324347
-997.28353829
-996.95757025
-997.19378290
-997.38831682
-997.62360024
-997.84167462
-997.99363587
-998.16598788
-998.35516578
-998.52166117
-998.69934348
-998.83515392
-999.02045945
-999.19110691
-999.33469784
-999.46887951
-999.61654058
-999.75852234
-999.94009558
-999.61503429
-999.77008708
-999.93253460
-1000.06481232
-1000.20977490
-999.88490565
-1000.05286500
-1000.24419077
-1000.40254765
-1000.54638681
-1000.71944497
-1000.91830043
-1001.12195858
-1001.28143536
-1001.48846226
-1001.64445455
-1001.75653193
-1001.94848088
-1002.08030417
-1002.23853427
-1002.47413432
-1002.67259527
-1002.79647017
-1002.93176168
-1003.06724630
-1003.22720618
-1002.90356920
-1002.58039719
-1002.67883109
-1002.81272716
-1002.99654764
-1003.29249654
-1003.44771866
-1003.72804886
-1003.83145524
-1003.80129354
-1003.97754904
-1004.13584198
-1004.17138065
-1004.24327657
-1004.38006856
-1004.53911725
-1004.64474951
-1004.81977650
-1004.96759003
-1005.09983377
-1005.21855312
-1005.37472601
-1005.50852198
-1005.18672537
-1005.30534993
-1005.45584475
-1005.57008528
-1005.72161799
-1005.40000197
-1005.58574007
-1005.74362451
-1005.42297435
-1005.59913187
-1005.78404334
-1005.94411355
-1006.12956182
-1006.31577807
-1006.51121853
-1006.71672491
-1006.39622721
-1006.57409040
-1006.68849453
-1006.88313675
-1007.04923385
-1007.15959608
-1007.29598926
-1007.42795964
-1007.60093998
-1007.28079676
-1007.47971502
-1007.63408413
-1007.78150688
-1007.95380667
-1008.11263536
-1008.26604586
-1007.94687674
-1008.10808264
-1008.26465568
-1008.42662985
-1008.63180632
-1008.78226054
-1008.94423444
-1009.10438864
-1009.27610047
-1009.46732120
-1009.58913887
-1009.75266308
-1009.43385041
-1009.56769272
-1009.70276911
-1009.86448578
-1010.02623796
-1010.18026961
-1010.32019403
-1010.43757182
-1010.55748194
-1010.70162144
-1010.80965980
-1010.94497072
-1011.09698071
-1011.24140354
-1010.92372497
-1010.60638029
-1010.76590130
-1010.92126157
-1011.07819760
-1011.19064163
-1011.33209285
-1011.43968313
-1011.56336558
-1011.70083694
-1011.89274886
-1012.05603106
-1012.22083257
-1012.31141616
-1012.52145274
-1012.69501445
-1012.81137375
-1012.90793866
-1012.59129839
-1012.73947048
-1012.84340202
-1012.96052588
-1013.10957626
-1013.23044606
-1013.40515913
-1013.59704870
-1013.74502575
-1013.86498518
-1013.96053632
-1014.09192293
-1014.21937391
-1014.31744760
-1014.27288484
-1014.34063002
-1014.49420791
-1014.58554050
-1014.69047043
-1014.73760610
-1014.59553263
-1014.74164581
-1014.89177315
-1015.04662387
-1015.18776554
-1015.34577691
-1015.49353202
-1015.66639131
-1015.83136014
-1015.97934039
-1015.66479620
-1015.76259348
-1015.92866662
-1016.08725512
-1016.20497581
-1016.27989766
-1016.41504862
-1016.52717191
-1016.65698135
-1016.80776518
-1016.86099293
-1016.99705890
-1017.10643167
-1017.17100946
-1017.08205311
-1017.15076178
-1017.21735214
-1017.37016362
-1017.45287108
-1017.52836567
-1017.37789078
-1017.42049825
-1017.51327182
-1017.65662705
-1017.80431812
-1017.93414264
-1018.07398332
-1018.21382675
-1017.90127664
-1018.10266278
-1018.24461577
-1018.34290725
-1018.45043739
-1018.62763414
-1018.77289783
-1018.88219024
-1019.03780443
-1019.16695928
-1019.27546178
-1019.35047484
-1019.46682690
-1019.59352177
-1019.56916511
-1019.70960230
-1019.85453628
-1019.86740614
-1020.01923724
-1020.16546959
-1020.22838421
-1020.37831136
-1020.38354153
-1020.52926285
-1020.70729556
-1020.89543121
-1020.96667151
-1021.13607878
-1021.28108176
-1021.45088293
-1021.60049490
-1021.70792003
-1021.86164784
-1021.80378149
-1021.82204148
-1021.97914856
-1022.11250674
-1022.03990694
-1022.18059742
-1022.33208932
-1022.34632904
-1022.35224409
-1022.33298212
-1022.34942979
-1022.49000711
-1022.63390697
-1022.75988991
-1022.90567872
-1023.06789622
-1023.20896228
-1023.33435976
-1023.52020517
-1023.65416475
-1023.80536628
-1023.94904424
-1024.07257587
-1024.24822718
-1024.38724748
-1024.56703771
-1024.73027448
-1024.74230194
-1024.78700946
-1024.73713872
-1024.91646305
-1024.97606292
-1025.07245668
-1025.17668552
-1025.26062537
-1025.33892189
-1025.41651507
-1025.55996883
-1025.64760505
-1025.74713056
-1025.85222721
-1025.92130761
-1026.06578424
-1026.19926181
-1026.32885252
-1026.42508955
-1026.56158637
-1026.70858436
-1026.82697513
-1026.93494429
-1027.07718678
-1027.16664502
-1027.28575562
-1027.41350001
-1027.52637063
-1027.66440972
-1027.79545342
-1027.92152710
-1027.98506811
-1028.06856618
-1028.15445406
-1028.21297425
-1028.36063593
-1028.49419801
-1028.63982490
-1028.73516140
-1028.83090576
-1028.99325041
-1029.16111285
-1029.33102391
-1029.47066287
-1029.58543321
-1029.77156533
-1029.91565067
-1030.04938973
-1030.20967370
-1030.42481863
-1030.52615276
-1030.65486280
-1030.70746507
-1030.77403879
-1030.88931296
-1030.95951381
-1031.07233306
-1031.17409587
-1031.27578374
-1031.37055802
-1031.50422255
-1031.59430646
-1031.70084109
-1031.80243399
-1031.80710149
-1031.81405996
-1031.91141203
-1031.96676090
-1032.04163844
-1032.14115182
-1032.27683753
-1032.33539913
-1032.47063194
-1032.59757546
-1032.70868378
-1032.83041223
-1032.93963979
-1033.05616008
-1033.11215699
-1033.23214631
-1033.32311046
-1033.36060292
-1033.48154522
-1033.55336662
-1033.62669191
-1033.69875998
-1033.81674921
-1033.85283152
-1033.98522211
-1034.11766496
-1034.25260630
-1034.38654766
-1034.53498852
-1034.58087375
-1034.73699607
-1034.83356666
-1034.86532668
-1035.00521459
-1035.07711423
-1035.21980049
-1035.31067596
-1035.40911115
-1035.58380550
-1035.68690114
-1035.79913393
-1035.92918012
-1036.06857863
-1036.17599743
-1036.21544649
-1036.30095593
-1036.33498636
-1036.35488784
-1036.36381312
-1036.44210447
-1036.58660922
-1036.68858838
-1036.80736583
-1036.92079780
-1037.05117328
-1037.12624135
-1037.24744616
-1037.35353027
-1037.42145238
-1037.49599911
-1037.58682398
-1037.66871134
-1037.75822601
-1037.87092478
-1037.97861844
-1038.07006823
-1038.17666120
-1038.30574798
-1038.34094060
-1038.38960164
-1038.48143127
-1038.55209954
-1038.61233329
-1038.70907028
-1038.77477292
-1038.48035866
-1038.55141518
-1038.60964021
-1038.65776553
-1038.71465087
-1038.73613711
-1038.80088428
-1038.96102600
-1039.11153973
-1039.24869429
-1039.33015747
-1039.43465604
-1039.51112663
-1039.56091699
-1039.60145579
-1039.70451622
-1039.67778780
-1039.82067514
-1039.86342463
-1039.99831991
-1040.03439408
-1040.04796105
-1040.15994944
-1040.28106884
-1040.30942453
-1040.29041970
-1040.25489702
-1040.26357744
-1040.33404750
-1040.30600507
-1040.43817159
-1040.14193789
-1039.84508160
-1039.88662205
-1040.01480288
-1040.05588734
-1040.06256140
-1040.11892336
-1039.85990519
-1039.89931803
-1039.99968115
-1040.17987693
-1040.25125849
-1040.19585507
-1040.34262069
-1040.31539172
-1040.42911817
-1040.56493084
-1040.65932510
-1040.63433189
-1040.66307548
-1040.57299691
-1040.58780673
-1040.60043626
-1040.57700421
-1040.72109457
-1040.46203804
-1040.60689707
-1040.31142389
-1040.04872610
-1040.17913650
-1040.33618320
-1040.49063801
-1040.62066467
-1040.69267001
-1040.39755828
-1040.52274678
-1040.65937667
-1040.75365748
-1040.78884569
-1040.85964654
-1041.02284181
-1041.09586190
-1041.22511041
-1040.96367853
-1041.01114021
-1041.06476383
-1041.11125125
-1040.81687487
-1040.55845780
-1040.60437735
-1040.66394675
-1040.40449805
-1040.14671938
-1040.22917215
-1040.31821695
-1040.44666336
-1040.57840492
-1040.71919814
-1040.83263043
-1040.92933963
-1040.99843537
-1040.70510650
-1040.78564421
-1040.87017661
-1040.57721837
-1040.64192613
-1040.77268837
-1040.86677946
-1040.97596921
-1041.10056184
-1041.22567246
-1041.33215926
-1041.45666623
-1041.58683591
-1041.29443943
-1041.43058099
-1041.56214046
-1041.67913714
-1041.79518132
-1041.91455054
-1042.01192392
-1042.10368640
-1042.22570749
-1041.93381646
-1042.03190511
-1042.12030320
-1042.24964171
-1042.36925109
-1042.46544352
-1042.57541863
-1042.65361965
-1042.78450063
-1042.88996177
-1042.98096537
-1043.07372860
-1043.16535546
-1043.24435179
-1043.33173191
-1043.38866782
-1043.47695021
-1043.60092386
-1043.72365550
-1043.84967030
-1043.93760350
-1043.64742327
-1043.70886199
-1043.81957255
-1043.88005395
-1043.96588458
-1043.67575128
-1043.80131463
-1043.92440494
-1044.02851907
-1043.73847579
-1043.87457381
-1044.00713970
-1044.13493222
-1043.84524873
-1043.95440468
-1044.04376855
-1043.75433841
-1043.89308566
-1044.03241915
-1043.74336488
-1043.86617549
-1044.00817889
-1044.15890919
-1044.24488333
-1044.40495162
-1044.52426831
-1044.64241094
-1044.80364236
-1044.86955752
-1044.58088084
-1044.69129937
-1044.78703023
-1044.49862567
-1044.61151529
-1044.73538961
-1044.85864353
-1044.57073108
-1044.70870100
-1044.85122449
-1044.98281172
-1044.72846154
-1044.82065516
-1044.92855346
-1045.06930941
-1045.22581404
-1045.37116624
-1045.48532908
-1045.61018879
-1045.70587312
-1045.86249621
-1046.01437939
-1046.14117702
-1046.26323357
-1045.97636177
-1046.04244262
-1046.16827385
-1046.27238065
-1046.36785000
-1046.45049150
-1046.53158907
-1046.60913763
-1046.68741522
-1046.81902923
-1046.53264480
-1046.62272203
-1046.71481066
-1046.80111869
-1046.88779073
-1047.01055114
-1047.12113043
-1047.23007867
-1047.37100437
-1047.50482688
-1047.62831623
-1047.78606453
-1047.87910244
-1047.99837635
-1048.10507870
-1048.22247002
-1048.35869189
-1048.47733915
-1048.57212046
-1048.70258184
-1048.41727628
-1048.53578028
-1048.64777356
-1048.76791861
-1048.55237320
-1048.69070735
-1048.83109827
-1048.94241449
-1049.04449188
-1049.08621854
-1049.15476874
-1049.28063564
-1049.40089344
-1049.44163526
-1049.51112775
-1049.62939219
-1049.34553299
-1049.52944793
-1049.69265979
-1049.83473360
-1049.99332100
-1049.70971073
-1049.88636059
-1050.11815927
-1050.33247124
-1050.51215145
-1050.69890236
-1050.83371724
-1050.55036594
-1050.66896861
-1050.38671027
-1050.49149758
-1050.57298365
-1050.68627239
-1050.82175360
-1050.94955238
-1051.07250421
-1051.20089742
-1051.30557425
-1051.02277821
-1051.15012514
-1051.29596740
-1051.43773865
-1051.60877348
-1051.76425366
-1051.95696045
-1052.13747561
-1052.33419712
-1052.50513015
-1052.67052674
-1052.80142900
-1052.83208188
-1052.95064507
-1053.07046099
-1053.21971531
-1053.36454037
-1053.50817559
-1053.64951533
-1053.76225900
-1053.89030682
-1053.60876785
-1053.68845230
-1053.40674648
-1053.52767107
-1053.62423477
-1053.68202594
-1053.80024004
-1053.90909738
-1054.02888316
-1053.74750113
-1053.86034344
-1053.97857657
-1054.07574733
-1054.16452044
-1054.27502160
-1054.38977168
-1054.48774393
-1054.58977761
-1054.70558540
-1054.78574431
-1054.86247723
-1054.94404612
-1055.01698241
-1055.13083283
-1055.22381609
-1055.34344058
-1055.45961818
-1055.52794208
-1055.64391172
-1055.75474389
-1055.87322458
-1055.98598707
-1056.02540640
-1056.08492663
-1056.16624749
-1056.23425672
-1056.33632131
-1056.38723848
-1056.50973152
-1056.63852432
-1056.77050444
-1056.88483954
-1056.97166578
-1056.69181522
-1056.82699838
-1056.97370994
-1057.05804312
-1057.17834198
-1057.28607427
-1057.38313475
-1057.51930428
-1057.65552415
-1057.79445571
-1057.90730387
-1058.02342311
-1058.14504906
-1058.25864220
-1058.34180760
-1058.06279131
-1058.13627323
-1058.24274034
-1058.38426412
-1058.47181237
-1058.54805433
-1058.26937159
-1058.30811493
-1058.40510397
-1058.44923268
-1058.56268890
-1058.67939738
-1058.76252190
-1058.87253077
-1058.97120581
-1058.69375117
-1058.79963721
-1058.91561864
-1059.04889145
-1059.10575914
-1059.17628364
-1059.27125814
-1059.37939016
-1059.49830326
-1059.60951999
-1059.70971467
-1059.84068877
-1059.91361567
-1060.01058080
-1059.73309810
-1059.81817119
-1059.92547641
-1060.05162490
-1060.20924714
-1060.29442751
-1060.39372940
-1060.11738659
-1060.25846650
-1060.31639530
-1060.45784278
-1060.57765626
-1060.74670274
-1060.89055934
-1060.99499901
-1061.11438147
-1061.21173659
-1061.30798293
-1061.40633756
-1061.53207085
-1061.54324483
-1061.65280138
-1061.80561130
-1061.59577502
-1061.69679858
-1061.75639746
-1061.48076485
-1061.57465784
-1061.68474955
-1061.79922780
-1061.90943093
-1062.02300776
-1062.13091612
-1062.23676508
-1062.34057879
-1062.44268547
-1062.16832411
-1062.27976433
-1062.36431732
-1062.44874858
-1062.54929734
-1062.65592476
-1062.38085361
-1062.46757983
-1062.56516671
-1062.29073530
-1062.40513772
-1062.49807454
-1062.63747982
-1062.36301018
-1062.54525950
-1062.68332262
-1062.81187013
-1062.94532714
-1063.07360272
-1063.17686245
-1063.29772908
-1063.40886254
-1063.13468429
-1063.33487639
-1063.49130510
-1063.67360884
-1063.39970148
-1063.50779112
-1063.60883256
-1063.70889610
-1063.78445859
-1063.89367186
-1064.00256834
-1064.11584654
-1063.84238385
-1063.95925013
-1064.09155920
-1064.22363551
-1063.95038857
-1064.11042166
-1064.26657833
-1064.39214721
-1064.53556498
-1064.64829860
-1064.80947722
-1064.91555225
-1065.06527540
-1064.79284384
-1064.91699240
-1065.00904758
-1065.12962119
-1065.26911879
-1065.46867100
-1065.65935612
-1065.82095831
-1065.98908392
-1066.13764220
-1066.24923765
-1066.44436259
-1066.59770569
-1066.32562694
-1066.05375178
-1066.23410516
-1066.36614392
-1066.52966241
-1066.66084353
-1066.79772511
-1066.52604995
-1066.69035559
-1066.84678004
-1066.57515545
-1066.71935169
-1066.44867142
-1066.57831417
-1066.72520390
-1066.45456983
-1066.59752780
-1066.74411628
-1066.47301329
-1066.58503268
-1066.75150250
-1066.91761228
-1067.03566727
-1067.14302490
-1067.24399212
-1067.35603801
-1067.44743722
-1067.54749888
-1067.64910039
-1067.73197513
-1067.84165985
-1067.94008314
-1068.04594538
-1068.15814782
-1068.26922567
-1068.36907125
-1068.09875709
-1068.19976038
-1068.30681635
-1068.41147333
-1068.14140551
-1068.22536774
-1068.33106800
-1068.43175356
-1068.53106196
-1068.63457106
-1068.73255361
-1068.80825364
-1068.91419469
-1069.02177709
-1069.11647100
-1068.84729380
-1068.91554434
-1068.99938969
-1069.10289668
-1069.17265626
-1069.25979584
-1069.33032389
-1069.42419146
-1069.51893544
-1069.25101113
-1068.98292581
-1069.09115655
-1069.17127084
-1069.27495402
-1069.37239234
-1069.47631287
-1069.55429157
-1069.64227276
-1069.73644684
-1069.84172431
-1069.57395299
-1069.66418574
-1069.76090340
-1069.49326582
-1069.59214067
-1069.69351277
-1069.79344127
-1069.88769201
-1069.97834051
-1070.06538327
-1070.15886068
-1070.25952401
-1070.36093768
-1070.47065677
-1070.58469543
-1070.71320522
-1070.81676164
-1070.92293881
-1071.03401399
-1071.14266827
-1070.87554840
-1070.97740684
-1071.07752178
-1071.18421130
-1071.29165379
-1071.39442443
-1071.49417034
-1071.59941497
-1071.70500221
-1071.80298128
-1071.92380142
-1072.03499382
-1072.14343406
-1072.22612526
-1072.30698322
-1072.40232465
-1072.49322435
-1072.60378428
-1072.33783261
-1072.44320853
-1072.54986844
-1072.65520130
-1072.79693714
-1072.89029422
-1072.99376473
-1073.08632640
-1073.19540752
-1073.27466012
-1073.34952392
-1073.43527834
-1073.54166971
-1073.64370104
-1073.63463170
-1073.74225825
-1073.85109978
-1073.58558256
-1073.72705031
-1073.82125729
-1073.89795741
-1073.63272791
-1073.73265313
-1073.84495919
-1073.92268398
-1074.02340374
-1074.09113975
-1073.82621620
-1073.91624077
-1074.02460412
-1074.18591729
-1074.30124787
-1074.37629307
-1074.52077789
-1074.68766190
-1074.85859013
-1074.97998082
-1075.08737752
-1075.19279659
-1074.92828745
-1075.02935241
-1075.13663003
-1075.21953897
-1075.32112549
-1075.41248129
-1075.50299451
-1075.61457623
-1075.71974118
-1075.45640547
-1075.62357191
-1075.78345420
-1075.93591316
-1076.07340735
-1076.23968349
-1076.40127142
-1076.55384024
-1076.29033417
-1076.43409232
-1076.52883195
-1076.67221916
-1076.81824590
-1076.92171161
-1077.02611349
-1077.12341609
-1077.18644651
-1077.26522659
-1077.36528120
-1077.46271649
-1077.53995501
-1077.62869659
-1077.78168589
-1077.90893823
-1077.64596063
-1077.75301552
-1077.84198521
-1077.94993132
-1078.03995970
-1077.77756449
-1077.89632551
-1078.01568143
-1078.13788333
-1078.26051236
-1078.39672362
-1078.54656112
-1078.69498135
-1078.83748197
-1078.94010226
-1079.07269704
-1079.18879240
-1079.31837448
-1079.41406768
-1079.48518977
-1079.58028742
-1079.68185187
-1079.77108348
-1079.87438861
-1079.99679659
-1080.11088337
-1080.22372378
-1080.29959435
-1080.40373871
-1080.50187854
-1080.57764671
-1080.68809033
-1080.78834287
-1080.88809139
-1080.98337339
-1081.08065219
-1081.17138111
-1081.27103687
-1081.34648538
-1081.44476375
-1081.51881695
-1081.61097705
-1081.71271450
-1081.80046219
-1081.93363450
-1082.05265504
-1082.10498500
-1082.20422234
-1082.29081390
-1082.39063413
-1082.48322675
-1082.58166339
-1082.68228398
-1082.78756274
-1082.88972951
-1082.99087726
-1083.05851679
-1083.16700646
-1083.27146539
-1083.36498203
-1083.46121801
-1083.55030266
-1083.62085255
-1083.68864012
-1083.79181343
-1083.87817580
-1083.96890092
-1084.05676798
-1084.15550673
-1084.26888219
-1084.40364453
-1084.50533547
-1084.60390283
-1084.73777336
-1084.87288405
-1084.89805575
-1084.97490887
-1085.07102825
-1085.13460948
-1085.20529140
-1085.30108716
-1085.33712707
-1085.39347875
-1085.46141890
-1085.47392558
-1085.56496899
-1085.66448361
-1085.40513399
-1085.46120931
-1085.20221672
-1085.27596938
-1085.36337774
-1085.46216790
-1085.55555093
-1085.64313510
-1085.74315056
-1085.82223877
-1085.91603809
-1086.02090926
-1086.10861396
-1086.23009245
-1086.29784146
-1086.40311026
-1086.49919175
-1086.59968209
-1086.69508686
-1086.78953562
-1086.88572640
-1086.98596679
-1087.08384109
-1087.16802672
-1087.26979009
-1087.35169435
-1087.43180860
-1087.46803174
-1087.56598580
-1087.66376338
-1087.75816261
-1087.50050375
-1087.59921180
-1087.69797312
-1087.81137693
-1087.87890021
-1087.97522626
-1087.71764211
-1087.82150884
-1087.56396319
-1087.63199849
-1087.72949261
-1087.82246322
-1087.91653526
-1088.02459625
-1088.11701012
-1088.23003884
-1088.35193416
-1088.46976130
-1088.56961368
-1088.70730687
-1088.83283468
-1088.95327354
-1089.03578720
-1089.13918617
-1089.24825619
-1089.33767907
-1089.08108276
-1089.12440294
-1089.21803429
-1089.31749153
-1089.41069217
-1089.36592914
-1089.41832534
-1089.51835161
-1089.60797894
-1089.70948848
-1089.82381633
-1089.98501288
-1090.13982458
-1090.26434594
-1090.37673737
-1090.52167998
-1090.63330890
-1090.74845794
-1090.89234435
-1091.03244336
-1091.18332374
-1091.29758115
-1091.45229218
-1091.57325619
-1091.53518990
-1091.68929037
-1091.74681678
-1091.81204690
-1091.84423127
-1091.88541591
-1092.03307646
-1092.19106370
-1091.93552130
-1091.98838720
-1092.11341898
-1092.19739280
-1092.35803811
-1092.47111253
-1092.63177937
-1092.78751951
-1092.88234999
-1092.62720384
-1092.70860400
-1092.80555842
-1092.93166425
-1093.04354240
-1093.14553107
-1092.89067370
-1092.95532934
-1093.05032638
-1093.14230675
-1092.88762189
-1092.96850535
-1093.05097911
-1093.14675240
-1092.89334801
-1092.98759041
-1093.08961011
-1093.18179899
-1093.26290489
-1093.35841174
-1093.45447949
-1093.53655132
-1093.63718870
-1093.77976966
-1093.92063958
-1094.05379036
-1094.21610091
-1094.34883717
-1094.44595199
-1094.19208272
-1094.27166405
-1094.37975473
-1094.47902293
-1094.56684957
-1094.31329473
-1094.39268159
-1094.13960486
-1093.88651347
-1093.99575958
-1094.09820631
-1094.16528039
-1094.30375875
-1094.42573715
-1094.52130642
-1094.61230079
-1094.69589814
-1094.78617599
-1094.85929573
-1094.94238501
-1095.02552301
-1094.77290049
-1094.85165823
-1094.94507610
-1095.04465547
-1095.11075261
-1095.19814679
-1095.31670578
-1095.40894273
-1095.15666477
-1095.22246360
-1095.31430044
-1095.40560572
-1095.49059151
-1095.58611351
-1095.65645475
-1095.73392810
-1095.82358794
-1095.91813076
-1096.01358026
-1096.12713837
-1096.18713940
-1096.30231539
-1096.30073089
-1096.38526720
-1096.45951183
-1096.54707464
-1096.63930841
-1096.72835147
-1096.86186392
-1096.95385002
-1097.04338446
-1097.13016484
-1097.22223606
-1097.29368289
-1097.36460063
-1097.45470253
-1097.52826877
-1097.62858525
-1097.74796632
-1097.83461040
-1097.90670758
-1098.04059875
-1098.10333828
-1098.21278131
-1098.34562166
-1098.44824496
-1098.54873106
-1098.63199720
-1098.70945556
-1098.80378123
-1098.93889600
-1099.11366892
-1099.21171713
-1099.28057139
-1099.43763991
-1099.58770321
-1099.70260836
-1099.82282435
-1099.92248131
-1100.01844387
-1100.13357405
-1100.22657921
-1100.30136420
-1100.38841203
-1100.45311668
-1100.55507866
-1100.64429151
-1100.76396426
-1100.76997735
-1100.87064690
-1100.88010918
-1100.98394777
-1101.07002189
-1101.02956599
-1101.02082801
-1101.01646193
-1100.82597717
-1100.83513967
-1100.93066079
-1100.82451969
-1100.91209307
-1100.88077510
-1100.99547436
-1101.09219516
-1100.90234547
-1100.65357755
-1100.75087719
-1100.68201680
-1100.78169896
-1100.56278636
-1100.54811229
-1100.66860639
-1100.78995908
-1100.87710308
-1101.00859631
-1101.10055223
-1101.19125289
-1101.28454968
-1101.32330123
-1101.38526661
-1101.13718587
-1100.88988949
-1100.92362504
-1101.01851618
-1101.02828409
-1100.78021740
-1100.87723761
-1100.97280076
-1101.06611988
-1101.05327875
-1101.08651258
-1101.09074636
-1101.10042927
-1101.10528540
-1101.10168267
-1101.18270720
-1100.93692761
-1100.91529946
-1101.00747365
-1100.96745148
-1101.02083618
-1101.11367779
-1100.86651931
-1100.83039778
-1100.80426929
-1100.87306425
-1100.95995661
-1100.93651128
-1100.89144893
-1100.97752620
-1100.73166237
-1100.81431585
-1100.89325072
-1100.90766816
-1100.90736486
-1100.94486834
-1101.04984948
-1101.14451746
-1101.12465788
-1101.18333210
-1101.27089936
-1101.26240171
-1101.24352842
-1101.22041292
-1101.21135684
-1101.18301137
-1101.26778715
-1101.27553836
-1101.36864785
-1101.41453438
-1101.45818527
-1101.49865502
-1101.61198389
-1101.72806149
-1101.75091397
-1101.73933474
-1101.84254786
-1101.94915507
-1101.98619819
-1102.05690420
-1102.05237135
-1102.13567245
-1102.10438049
-1102.18834968
-1102.23178710
-1102.33055605
-1102.36777859
-1102.41775900
-1102.46242229
-1102.52604259
-1102.56259420
-1102.58827359
-1102.69052064
-1102.77498184
-1102.81339041
-1102.86583172
-1102.87032527
-1102.90132844
-1102.92162756
-1102.93701323
-1103.01256422
-1102.91232881
-1102.97726555
-1103.07617244
-1103.16257659
-1103.09546083
-1103.13604257
-1103.24527465
-1103.29108648
-1103.39276335
-1103.41267766
-1103.36981770
-1103.45434938
-1103.38442647
-1103.43242305
-1103.43966907
-1103.52165122
-1103.54709413
-1103.55264200
-1103.57591188
-1103.62615519
-1103.63374432
-1103.68096842
-1103.77958811
-1103.79834366
-1103.88340829
-1103.90446060
-1103.94631327
-1104.02929196
-1104.06011901
-1104.10801730
-1104.18592345
-1104.28078220
-1104.30151100
-1104.32121212
-1104.31349909
-1104.32690390
-1104.32796913
-1104.41164872
-1104.40749295
-1104.46334131
-1104.49063691
-1104.52884533
-1104.48453444
-1104.54677288
-1104.62965061
-1104.71330829
-1104.76433085
-1104.85066935
-1104.92708693
-1104.94628525
-1105.02616053
-1105.11330414
-1105.18002741
-1105.26517312
-1105.35141584
-1105.43986148
-1105.51423354
-1105.59625845
-1105.67918733
-1105.77055327
-1105.84518852
-1105.93472640
-1106.02743146
-1106.10816997
-1106.19337835
-1106.27750945
-1106.27643182
-1106.37278198
-1106.42440670
-1106.51376576
-1106.54551693
-1106.62082138
-1106.70455674
-1106.79453191
-1106.87626029
-1106.95164869
-1107.04200634
-1107.11080780
-1107.18269400
-1107.26575455
-1107.32988902
-1107.39085454
-1107.39024222
-1107.47390633
-1107.51303374
-1107.58971911
-1107.68723637
-1107.70230420
-1107.72838692
-1107.76585230
-1107.87533037
-1108.00343858
-1108.06760524
-1108.13724990
-1108.24213527
-1108.32946831
-1108.35885465
-1108.44329554
-1108.49179019
-1108.57593863
-1108.66247931
-1108.70652511
-1108.81213840
-1108.85037331
-1108.93762524
-1108.98855510
-1109.07907244
-1109.09121779
-1109.06737123
-1109.16192261
-1109.24462727
-1109.20570396
-1109.28753139
-1109.26951139
-1109.23837735
-1109.34682862
-1109.37263986
-1109.43234050
-1109.48578337
-1109.52448474
-1109.57117815
-1109.61379951
-1109.65385846
-1109.67597861
-1109.68904359
-1109.71352575
-1109.73183093
-1109.81998377
-1109.84087929
-1109.92407469
-1110.00592872
-1110.01852059
-1110.02249811
-1110.02138917
-1110.02735775
-1110.05321761
-1110.13670539
-1110.17685960
-1110.20651523
-1110.23185200
-1110.25757607
-1110.30476874
-1110.38379185
-1110.41431444
-1110.43651985
-1110.47192872
-1110.51162193
-1110.53816080
-1110.57934353
-1110.61877374
-1110.65033983
-1110.67650887
-1110.70777426
-1110.77023767
-1110.82348830
-1110.85204973
-1110.89640352
-1110.93531565
-1110.95485396
-1110.97728379
-1111.01179624
-1111.04203898
-1111.06221279
-1111.15508860
-1111.17061109
-1111.22161062
-1111.22571675
-1111.23916503
-1111.29402082
-1111.37528349
-1111.46286383
-1111.54442039
-1111.62622320
-1111.68964374
-1111.74287047
-1111.72223640
-1111.81563873
-1111.76467499
-1111.78277459
-1111.86338134
-1111.90530436
-1111.85978924
-1111.91375664
-1111.86596052
-1111.93478719
-1111.86519563
-1111.90896322
-1111.97974293
-1112.06099103
-1112.09921445
-1112.07140166
-1112.02802640
-1111.94416408
-1111.97559534
-1111.86588898
-1111.78412092
-1111.68433081
-1111.58743892
-1111.49039474
-1111.45039153
-1111.49685585
-1111.44584865
-1111.48630931
-1111.53184757
-1111.58530244
-1111.68099458
-1111.74551634
-1111.69962962
-1111.63633995
-1111.56913812
-1111.47648765
-1111.40579572
-1111.42043960
-1111.42769475
-1111.39745551
-1111.47934507
-1111.44917420
-1111.44066411
-1111.38195102
-1111.36841891
-1111.43979426
-1111.38241485
-1111.38376403
-1111.45902277
-1111.54123056
-1111.66784102
-1111.67745842
-1111.66832882
-1111.67818645
-1111.66737541
-1111.63399643
-1111.60622414
-1111.63602119
-1111.68288193
-1111.76171201
-1111.70725663
-1111.64086228
-1111.74021413
-1111.84555323
-1111.84627566
-1111.94694521
-1111.95687024
-1111.97438466
-1111.99913171
-1112.03607011
-1112.02238818
-1112.13191756
-1112.20878094
-1112.28820086
-1112.30598155
-1112.34973352
-1112.41088650
-1112.42352239
-1112.52842706
-1112.61874003
-1112.71751077
-1112.79964819
-1112.71614727
-1112.79461064
-1112.78888190
-1112.83105692
-1112.82111532
-1112.89971783
-1112.71905289
-1112.80614176
-1112.82146551
-1112.92956846
-1112.69900833
-1112.79754787
-1112.64072775
-1112.72641384
-1112.79534222
-1112.86855577
-1112.85706924
-1112.65164391
-1112.42100756
-1112.49148412
-1112.58467469
-1112.66994126
-1112.48735555
-1112.42416801
-1112.21701320
-1112.29868952
-1112.38523195
-1112.47767253
-1112.47081834
-1112.41604498
-1112.47499075
-1112.46722860
-1112.57561664
-1112.59244508
-1112.68256804
-1112.77460105
-1112.80341672
-1112.88756585
-1112.65727550
-1112.75416746
-1112.86757957
-1112.90287015
-1112.79871246
-1112.82693643
-1112.84451896
-1112.84624784
-1112.61565875
-1112.61031318
-1112.60487263
-1112.61542936
-1112.67831503
-1112.71310892
-1112.70432578
-1112.70288223
-1112.70710926
-1112.71466437
-1112.71110122
-1112.50870348
-1112.52783177
-1112.54964195
-1112.58825771
-1112.64661189
-1112.64420695
-1112.44176166
-1112.51798185
-1112.45542923
-1112.54958428
-1112.51085001
-1112.33375888
-1112.21017985
-1112.29447858
-1112.06522814
-1112.04725636
-1112.04925547
-1112.05491233
-1111.82555944
-1111.83453838
-1111.91333040
-1111.91409012
-1111.91397816
-1111.99149803
-1111.76279736
-1111.75273126
-1111.52414822
-1111.53725308
-1111.52796077
-1111.54320896
-1111.31438245
-1111.40686531
-1111.47416362
-1111.24554759
-1111.29467059
-1111.28750219
-1111.34253963
-1111.33627830
-1111.33291923
-1111.41098007
-1111.39872622
-1111.47780244
-1111.55704114
-1111.54754972
-1111.59263141
-1111.36449214
-1111.42935034
-1111.53767511
-1111.63298346
-1111.64069630
-1111.66180005
-1111.67471296
-1111.79029319
-1111.80355664
-1111.77528886
-1111.77121291
-1111.76360650
-1111.75537123
-1111.74788598
-1111.74296922
-1111.81894635
-1111.92042266
-1111.76499539
-1111.86024306
-1111.89759993
-1111.92333177
-1111.94930212
-1111.98189553
-1112.06354531
-1112.19809101
-1112.22997290
-1112.25424906
-1112.31007175
-1112.34439873
-1112.36530681
-1112.38563461
-1112.40883530
-1112.42594926
-1112.50916496
-1112.52451566
-1112.52117384
-1112.53821194
-1112.57399585
-1112.66865742
-1112.66826970
-1112.64464490
-1112.64387367
-1112.72305903
-1112.72162954
-1112.73915619
-1112.78944598
-1112.83396274
-1112.82860761
-1112.82911161
-1112.91546450
-1112.99090516
-1113.00373620
-1112.96704027
-1112.96951951
-1112.96070511
-1112.83189537
-1112.83776655
-1112.85298747
-1112.82126969
-1112.90114236
-1112.89515993
-1112.97730515
-1113.06840807
-1113.13442124
-1113.16687196
-1112.94265440
-1113.02279891
-1113.09882634
-1113.18041359
-1113.28065619
-1113.40104528
-1113.29853015
-1113.43964050
-1113.51743423
-1113.59566513
-1113.70364965
-1113.76024380
-1113.53574878
-1113.59031432
-1113.36559671
-1113.43002097
-1113.20533551
-1113.29466955
-1113.36516091
-1113.44466463
-1113.48886392
-1113.54459638
-1113.62173090
-1113.71428908
-1113.74817040
-1113.77612791
-1113.77394728
-1113.57549765
-1113.35124694
-1113.38033623
-1113.15643376
-1113.15624040
-1113.19865670
-1113.30563704
-1113.30040207
-1113.33459107
-1113.11104414
-1113.10969393
-1113.11010945
-1113.12263184
-1113.14380961
-1113.18018089
-1113.17142491
-1113.24282343
-1113.20925273
-1113.01136891
-1113.00293570
-1113.08407860
-1113.09757077
-1113.12623203
-1113.17869818
-1113.17149571
-1113.21052160
-1113.20278241
-1113.27818239
-1113.05596973
-1113.07036856
-1112.84772336
-1112.87822869
-1112.98273059
-1112.99783812
-1113.09355144
-1113.18242593
-1113.19122318
