-1218.59380527
-1104.95735890
-1198.87444257
-888.22922088
-1632.24139283
-1618.87702149
-1463.94715380
-1227.20267028
-1412.18161500
-1340.61219669
-1515.22941600
-1482.05128309
-1479.98073335
-1287.15899307
-1541.91627755
-1514.75758772
-1511.44834589
-1590.09842666
-1164.50809858
-1242.59673914
-1309.95115609
-1515.64148778
-1174.38508998
-1043.09537275
-1029.61882838
-1534.25380612
-1636.76675271
-836.97873986
-1487.58299211
-1034.48677428
-1561.99764834
-1476.89059560
-1500.25816330
-1496.15352253
-1458.24717733
-1441.74015879
-1198.77918896
-1638.63086123
-1347.69778151
-1413.92131751
-1266.45468044
-1210.20490654
-1359.43298564
-1328.68698323
-1479.79904247
-1495.62797372
-1064.48237689
-1275.44811045
-955.66793867
-1469.63880923
-1563.86463628
-1517.43183635
-1602.71389824
-1586.79487607
-1642.62784227
-1652.43878436
-1570.33751047
-1467.43217253
-1502.90619282
-1575.84723935
-1081.89685574
-1208.21664953
-951.02564910
-1091.90575148
-1455.65970622
-1539.09418858
-1505.26663022
-1650.53867366
-1484.57839329
-1487.27809375
-1505.16911991
-1441.41934512
-1394.54900950
-1403.19034107
-1533.53541483
-1537.38664948
-1604.58760411
-1519.71771080
-1513.74604732
-1572.55332670
-1560.89492273
-1506.20328995
-1538.97147374
-1484.33659215
-1520.70747831
-1542.41454206
-1540.41793202
-1521.18666187
-1537.43113048
-1613.29156218
-1417.13059670
-1463.83367314
-1483.32224606
-1411.25405290
-1506.87587056
-1590.35827358
-1455.26969912
-1622.86825576
-1524.71387400
-1611.62659661
-1503.00214959
-1608.56088910
-1514.48067368
-1542.99654137
-1619.49732115
-1620.93268904
-1554.97329208
-1589.48565383
-1267.29620401
-1516.77530257
-1521.84314903
-1537.77889297
-1160.34275261
-1432.99725221
-1206.53899090
-1639.65785699
-1638.49648866
-1150.51876012
-1487.54121874
-1462.57160506
-1588.58732058
-1129.19244389
-1486.74378578
-1218.28764640
-1634.73995360
-1455.68971975
-1258.88242077
-1674.49088390
-1406.14394141
-1724.61908038
-945.26821861
-1356.47077365
-1506.14276968
-1550.32486038
-1653.59554092
-1066.95543411
-1623.10961658
-1611.71314041
-1592.80482652
-1259.68235155
-1494.66861788
-1614.52165524
-1395.68558553
-1654.19039869
-1478.68758770
-916.45866223
-1292.54564750
-1067.53577512
-1161.88739623
-1333.64748949
-1200.27831536
-1618.22801166
-1399.26870520
-1169.59382375
-947.35058998
-1652.48572136
-1034.59589119
-1481.15003310
-1339.07671497
-1147.62428589
-1223.25720460
-1721.82508031
-1180.20808340
-1165.21135459
-1468.72293914
-1633.32478449
-1455.54388146
-1326.52601539
-954.30959634
-1249.56022133
-1265.45516645
-1051.98510070
-1318.36347387
-1460.31077473
-1630.70617390
-1550.23624363
-1545.86814773
-1399.91194991
-1275.93134354
-1651.98663662
-1198.44079076
-1591.76365472
-1272.11914521
-1412.00762767
-961.40439764
-1576.63029364
-1326.15699329
-1076.12826694
-1059.61703692
-1641.70852928
-1301.03609684
-1194.69560874
-1640.84494200
-1468.03917808
-1358.67933640
-1009.88044913
-1644.75404250
-1649.81622662
-1217.96914566
-1651.12834306
-1647.41373558
-1508.06246723
-1589.73109953
-1509.01443597
-934.57668701
-1634.28180772
-944.06335706
-1630.40794774
-1478.51779937
-1559.76235585
-1362.03323187
-1637.75980393
-1518.66208274
-1176.51715604
-1135.72678298
-964.74127897
-1054.47526980
-1511.20212314
-1533.91639117
-1650.59333621
-1180.84697573
-1345.61733229
-811.38946178
-1367.99036612
-1305.78425777
-1550.25009601
-1066.94634023
-1650.95566117
-1047.80570138
-1535.43082994
-1530.38674377
-1489.98444803
-1412.31551797
-1354.07894069
-1540.65961145
-1490.35408338
-1516.06303188
-1505.75187151
-1627.79044769
-1612.17109729
-1647.51606228
-1168.53922156
-1174.47230688
-1334.17241819
-1491.37976420
-1402.94451117
-1506.00359397
-1561.76536809
-1111.76828483
-1049.04757674
-1587.29327750
-1502.01014301
-1513.81595164
-1496.47799659
-1636.94887638
-1512.40689692
-1573.65210841
-1298.05464836
-1548.62611218
-1554.02891023
-1657.18130088
-1569.32110016
-1139.66868891
-1555.16883802
-1057.76071434
-1299.63402887
-1611.74053777
-1615.30878970
-1246.10392785
-1619.13124810
-1566.27919712
-1350.67706825
-1289.40556473
-1256.64018294
-1537.20624409
-1499.55026186
-949.03319007
-1667.84048085
-1661.80343031
-946.51588956
-1423.16086980
-1203.88432453
-767.68270729
-1281.60300273
-1196.04842910
-1105.38510525
-1357.90596098
-1485.48620853
-1513.21870579
-1593.68020602
-1657.41463663
-1509.37874385
-1248.39144360
-1071.60870581
-1274.37490765
-1541.79474851
-1574.05783212
-1202.89130458
-1532.83442745
-1201.32232199
-1567.79920346
-1605.10783780
-1447.67870632
-1566.60234362
-1174.85300947
-979.70202709
-1299.47830671
-1428.61023525
-1514.18097474
-1497.32278024
-1594.25276243
-1539.32626575
-1557.77247507
-1192.98189219
-1356.39228229
-1166.16159112
-1511.03677832
-1510.01674891
-1541.88602955
-1214.95100991
-1583.05384590
-1538.52598343
-1409.79080839
-1349.94365239
-1113.15998088
-1168.44522766
-1449.66417668
-1444.17055767
-1081.88076982
-1649.24300573
-1180.42673874
-1436.10687958
-1501.28501956
-1051.11257540
-1495.17612291
-1290.22603954
-1317.23407933
-1566.94830763
-1147.37271691
-1230.55527425
-1237.99841927
-1557.39359217
-1338.63119408
-1505.73051767
-1507.15568498
-1488.12505556
-1422.38136663
-1596.33974446
-1344.73086803
-1591.85849663
-1619.61997197
-724.18999816
-1289.26714061
-1350.50041315
-1512.24771835
-1523.78140410
-953.46979514
-1350.30539069
-1612.15412327
-1301.87684426
-1078.25306042
-1299.24700060
-1278.07217268
-1526.41514597
-1582.73359744
-1517.37227624
-1432.58015193
-1597.47060161
-1192.70591180
-1606.68593318
-1542.92160946
-1630.22301742
-1612.68184710
-1480.15547844
-1651.89089945
-1209.97394444
-1259.66982243
-1280.47955123
-1510.05055084
-1537.32668886
-1635.63184795
-1510.10639874
-1467.80400572
-1361.74587707
-1392.78285178
-1428.52096722
-1548.61477405
-1637.01788071
-1528.09084682
-1594.67282536
-1324.39245516
-1528.32027076
-1452.02223085
-1374.81511411
-1357.72868710
-1581.61715975
-1469.93746895
-1569.04919751
-1552.77304608
-1570.79326798
-1609.76566907
-1363.76827887
-1592.97576188
-1529.44807699
-991.35769729
-1172.19875778
-1177.77682103
-944.72297420
-1487.79356321
-1626.47191912
-1170.90152474
-1551.41219333
-1546.42183424
-1372.48851274
-1275.12409877
-1495.40700899
-1435.97254772
-1649.51969810
-1365.67595298
-1418.76283644
-1330.34730001
-1465.82260626
-1630.88169286
-1554.77416832
-1301.88009809
-1491.07064372
-1506.81081514
-1307.79824253
-1410.95883267
-1534.73621284
-1519.57257079
-1376.83727262
-1559.00886325
-1422.73672212
-1380.82271512
-1374.56028555
-1610.35556985
-1152.13188227
-943.00452372
-1161.01726919
-1353.71108408
-1007.17418128
-1396.98060936
-1548.70394966
-1497.85650069
-483.12750615
-1400.02726828
-1571.73078620
-1089.88022068
-1174.25533217
-926.85541918
-1607.91001623
-1629.24238303
-1632.21768024
-1325.37108212
-1158.67797664
-1542.75527521
-1355.27670787
-1646.35069094
-1506.02849145
-1204.12825220
-1651.06738039
-1510.68057299
-1499.55619515
-1492.60126936
-1596.78380733
-1719.04762259
-1328.81797140
-1324.28703383
-1299.75826433
-1595.28870084
-1505.97975849
-1330.60869562
-1443.47065635
-1553.88022289
-1416.28190444
-1047.06208084
-1570.71247664
-1036.69372560
-1460.25878689
-1202.16948615
-1531.92119584
-1488.69259398
-1520.83550490
-1345.43380731
-1162.82077080
-1416.54472136
-1512.85861401
-1528.59689161
-1080.15321478
-1510.07985823
-1506.71369309
-1206.13436187
-1444.62809000
-1319.67556219
-1224.95595867
-1441.66037731
-1506.30759126
-1374.85937236
-1167.97113822
-1392.71105535
-1050.87400830
-997.59359265
-1334.06168822
-1155.44638621
-1064.63948980
-1505.29228155
-1495.12449906
-1594.11966351
-1265.21136151
-963.41970893
-1200.01386319
-1627.52140130
-1400.11638786
-1261.71131367
-1567.99837405
-1513.26826748
-1546.07996748
-852.01428734
-1501.92396036
-1433.53127638
-1645.46294268
-1645.34864955
-1486.93844119
-1618.01468222
-1462.56956018
-1492.47380756
-1113.19235007
-1628.83488720
-1510.44097026
-1216.24410969
-1573.57132657
-1454.64486781
-1525.67018735
-1206.96894488
-1256.77906867
-1236.61774124
-1343.20854433
-1571.48822951
-1243.48532044
-1395.76464513
-1614.74880266
-940.50522761
-946.01077447
-1474.89886125
-1324.34802326
-1546.75896852
-1177.68308491
-1529.77149825
-1487.32375015
-1226.66684935
-1438.08930074
-1573.00419398
-1505.48104793
-1310.80526579
-1516.01648037
-1191.80288376
-1502.72585266
-1600.22528707
-1551.13269847
-1644.44450725
-1568.82457785
-1353.70820424
-1280.72954071
-1366.78056780
-1213.92690731
-1461.01250109
-1654.15891336
-1453.96574343
-1507.86068965
-1313.16498488
-1400.52242443
-1302.32169601
-1599.33584924
-1483.38678880
-852.69955743
-1357.05299269
-1533.49258172
-1197.27800948
-1536.82376828
-1578.62587231
-1186.15102316
-1488.49406798
-883.09470399
-1160.93343084
-938.64327828
-1083.58591345
-1519.88304390
-1643.99121929
-1130.38909981
-947.33964071
-946.21932807
-1352.72874530
-1230.13800036
-1477.79895510
-1374.26757378
-1419.54574899
-1514.79925423
-1612.61828821
-1484.16390587
-1503.55447299
-1393.43927952
-1505.89979807
-30.59916208
-1527.40897056
-1516.16295560
-1310.22569697
-1210.37939852
-1036.12118068
-1726.40153038
-1535.57943219
-1071.03051856
-1472.36269646
-1466.77052797
-1751.77272994
-1019.74241603
-1637.51797851
-1324.51115052
-1372.68406536
-1452.44551680
-1017.20450963
-1495.09414105
-1561.84900276
-1610.84900537
-1504.83869758
-1531.20526039
-1351.07395150
-1567.67630522
-1510.52947501
-1501.66493038
-1647.40885422
-1429.81993008
-1214.34624613
-1147.51663361
-1445.05174384
-1061.16910179
-1147.50550407
-1485.86218495
-1573.37789891
-1126.99919151
-1601.29750053
-1430.14522354
-1317.70833920
-1195.37316296
-1130.92159609
-1385.81128892
-1526.64806983
-1113.20341418
-1357.93801743
-1563.03719920
-1289.87463570
-1493.99511360
-1132.43782037
-1541.06565928
-1622.57001576
-1132.97679395
-1421.90836695
-1382.08706996
-1619.76128334
-1318.24176576
-1430.78442579
-1622.99944804
-1331.14560965
-1167.66664593
-1609.01347961
-1622.66668008
-1193.56759884
-1534.10011801
-1645.39650875
-1608.30157382
-1649.08807636
-1638.43840026
-1060.78555991
-1186.41638286
-1374.82763851
-1636.49409146
-1618.59598108
-1159.80205063
-1488.47161108
-1451.61372084
-1645.83631772
-1404.68573804
-1357.65803103
-1008.52538578
-1322.31940820
-1427.10604910
-1305.99625344
-1373.95480498
-1358.20621178
-1297.96378523
-1500.87172588
-1296.96252423
-1285.82784684
-1250.60333158
-1347.26577769
-1294.90499307
-1291.62907486
-1297.75113371
-1281.75190285
-1204.14529235
-1375.99301350
-1630.49938825
-1467.20902129
-1511.68890725
-1295.05188936
-1324.10280843
-1441.97821016
-1345.02353320
-1736.32608013
-1352.00744542
-1286.26362266
-1338.21471032
-1240.28914521
-1343.56653436
-1350.04288343
-1260.19677448
-1204.74995957
-1212.96488936
-1004.41840291
-1537.63669598
-936.10587094
-1349.83439678
-940.45528265
-1127.81168902
-1487.07353178
-1439.06990723
-1651.85272165
-1538.16537492
-1346.32418355
-1328.27464495
-1182.72404116
-844.32600568
-1540.95167689
-1497.88267559
-1315.18761418
-1616.71638632
-1428.42679221
-1643.74297408
-1172.91842850
-1364.28092267
-1471.36118245
-1153.44087924
-1219.18098649
-1639.92366757
-918.56313659
-1484.92062924
-720.82991049
-1179.71737916
-1638.44815414
-1500.79844275
-1340.85900339
-1358.74072031
-842.46189386
-1215.57917378
-1003.17582757
-1542.18369224
-1514.13141420
-1563.38287646
-1346.12413206
-1525.92307688
-1467.11794146
-1640.65453499
-1184.31092779
-1232.49242468
-1168.18296763
-1540.77765798
-1626.87297537
-1330.91948232
-1366.60055668
-1165.32697585
-1625.25538666
-1629.48022719
-1478.83416134
-1035.97612275
-1509.79164592
-1653.28534357
-1012.99564359
-1654.44960871
-1641.81561844
-1641.77235071
-1651.43944863
-1518.92237744
-1169.83564173
-1512.31004150
-1481.14035482
-1196.89397566
-1611.05690029
-1198.03728663
-1073.26373402
-1653.53726241
-1497.22762043
-1653.15247737
-1113.32981806
-1647.05285835
-1502.34522333
-1332.87715197
-868.18561627
-1499.93642648
-1603.86119877
-1484.13813374
-1501.17135106
-1453.00886937
-1445.24146906
-1643.03535855
-1465.44886416
-1105.31896841
-1648.12408716
-1218.91236570
-1265.85929686
-1645.31756265
-1381.79838104
-1642.58001244
-1337.75821547
-1546.57894796
-1528.26168416
-1486.56786980
-1644.37617300
-1357.33478987
-1322.19268834
-1538.32721250
-1573.33229613
-1547.20716555
-1522.24548587
-1613.79870310
-1316.05539984
-1630.85832755
-1180.14593403
-1060.81911356
-1650.58371836
-1408.31618069
-1493.81047594
-1652.24521298
-1428.79130360
-1490.36501219
-1207.10205351
-1491.53163729
-1416.64642036
-1643.44112745
-1641.90911763
-1483.59222130
-1205.63685076
-1597.96884422
-832.61353098
-1483.83377489
-1214.59038700
-1511.72257612
-1489.17632381
-1643.14484579
-1621.22178218
-1622.89789053
-1453.46615014
-1548.68404043
-1071.17080091
-1077.43520522
-1066.86646854
-1417.61292629
-1054.90933017
-1624.99670453
-1557.49834405
-1371.71628308
-1619.49030718
-1195.27266079
-1228.20235536
-1065.46197153
-1555.42814148
-1633.12772336
-1297.05237560
-1511.42032211
-1499.96200017
-1533.24849801
-1652.88124173
-1616.72438480
-1569.05081593
-1640.41710585
-1595.56976004
-1595.62441896
-1620.34019969
-1616.57506522
-1582.77355817
-1627.58797590
-1639.06171676
-1616.91043710
-1648.28594031
-1505.39265216
-1457.35116734
-1470.09614675
-1495.62740229
-1345.16383787
-1602.95468871
-1392.99369162
-1250.16191164
-1066.85633637
-1188.36562071
-979.99232355
-1613.66446681
-1528.08558299
-1065.12609682
-1126.27729636
-1266.49780197
-1421.69972356
-1633.25128718
-1463.24210028
-1409.64034885
-949.86772530
-1166.60521132
-1514.09911345
-1616.54533652
-1485.40084846
-1235.40451570
-1646.35922486
-1059.86478482
-1478.25659580
-1353.78801351
-1386.46248232
-1498.65644604
-1163.11493418
-1598.69924438
-1553.71024690
-1484.44311359
-1568.60117593
-1508.10459885
-1486.90638420
-1649.23399491
-1323.86556605
-1568.97398001
-1530.36545801
-1193.40661144
-1374.64171021
-1645.94297415
-1643.29109655
-1573.31754266
-1282.21362896
-1599.55377617
-1565.38375973
-1583.39182421
-1124.55467372
-1544.36531430
-1649.27810971
-1585.88577120
-1160.95809003
-1515.24865795
-1511.94006729
-1315.97332708
-1515.52675478
-1678.65705959
-1492.88520260
-1650.79133232
-1506.81909302
-1484.80034159
-1602.29735846
-1500.71917552
-1431.40271885
-1633.59249015
-1516.85915796
-1204.14375620
-1402.95179677
-1402.56769619
-1555.65585635
-1496.38410007
-1253.24092450
-1175.43118545
-1212.09240111
-1489.43726659
-1384.32845583
-1650.89331813
-1376.30616403
-1634.88146806
-1521.07541572
-1650.79160165
-949.45585903
-1496.24869274
-1483.36375434
-1635.73389720
-1181.85095405
-1638.70278982
-1448.17982109
-1024.42547250
-1635.95158084
-1583.81956784
-1198.18765087
-1518.69711477
-1063.22044424
-1061.10200653
-1226.05539825
-1593.65155734
-1517.36286774
-1382.14675327
-1646.10592087
-1074.48796929
-1504.48404551
-1056.61248192
-1381.79961440
-1071.65178927
-1640.88219909
-1279.04210399
-1387.26924961
-1627.59666096
-1264.17197709
-1572.53072991
-1247.70348314
-1182.89557973
-1600.73231490
-1714.97260475
-1474.43082298
-1337.21924493
-1218.97828177
-1177.93920263
-1500.19566266
-1180.05166682
-1580.01676460
-1517.70705945
-1245.74314815
-1240.23939810
-1259.83973322
-1647.77835851
-1639.25656015
-1310.59219058
-1468.72268556
-958.25392874
-1343.77084346
-1466.54305952
-1179.16870387
-1489.16857277
-1283.91584724
-1611.29232482
-1517.43470227
-1639.86692808
-1502.52118488
-1407.96003666
-1588.34407352
-1614.91007890
-1502.47248894
-1570.11659031
-1597.18619698
-1244.26101798
-1518.55427768
-1590.62820307
-1381.67336575
-1347.92180006
-1574.94849092
-1647.71668975
-728.80527226
-1359.51570692
-1186.19884558
-1494.51569658
-1415.38176433
-1643.86480866
-1621.18743859
-1642.57157544
-1489.52193316
-1604.67973993
-1335.55414759
-1646.58841048
-1069.79095626
-1436.81933714
-1614.34444800
-1398.48146324
-1428.94379676
-1491.47309061
-1314.34903075
-1492.30962994
-1605.75442494
-1502.23547627
-1290.27141741
-1321.78851898
-1651.89584177
-1434.52977797
-1180.37303013
-1628.77189202
-1470.29140665
-1567.71485363
-1230.81423889
-1496.46385305
-1317.30589335
-1185.55188830
-1298.54512396
-1475.56689273
-1600.15849978
-1622.62761884
-1154.62282959
-1180.21129016
-1345.46190053
-1546.92727291
-832.26078476
-1487.87330994
-1056.54380373
-1533.00713747
-1203.23827353
-1606.36251753
-1458.80147906
-1532.87188254
-1524.44877149
-1435.92611076
-1558.82112108
-1420.03069568
-1633.48867087
-1514.09323271
-1476.65871524
-1588.50475309
-1504.78818857
-1235.53474839
-1501.91780842
-1487.78817859
-1623.88823365
-1451.17610032
-1651.72138855
-1648.23115772
-1597.70129533
-1072.25490531
-1198.58344277
-1278.51936679
-961.55915294
-1150.17120119
-1647.10706514
-1478.23532297
-974.23672436
-1267.49846181
-1107.70392051
-1448.43838844
-1641.39988630
-1632.15146082
-1475.78579061
-1561.10924455
-1488.46480280
-962.02481720
-1512.18157466
-1492.65041861
-1097.82243132
-1280.33654162
-1326.65103026
-1533.18251894
-1513.62128960
-1527.38311473
-1572.39519656
-1463.49148710
-1222.84980431
-1449.25132795
-1256.60903609
-1640.11953640
-1642.00370129
-1245.14830467
-1624.31526140
-1152.01041202
-1226.37799497
-1272.94103957
-1631.55434598
-1299.37343924
-1180.97558796
-1274.70174860
-1202.32802798
-1532.50230172
-1630.49872179
-1364.17762416
-1279.21411257
-1633.36603081
-1651.58349070
-1432.84688254
-1628.23714273
-963.34583857
-1651.07978629
-1626.71441518
-1614.92881119
-1527.41376390
-1498.32420855
-1061.06387870
-1130.75383105
-1646.96506409
-1377.21777287
-1587.74730888
-1258.80038213
-1525.73531346
-1270.32797552
-1373.97495992
-1610.83288149
-1559.44210221
-994.89981392
-1538.82628465
-1651.12419112
-954.83843695
-1651.54369023
-1467.03379687
-1509.98621460
-1490.55850904
-1528.43675431
-1175.53465579
-1360.75920208
-1630.97500185
-1621.35619026
-1359.13400770
-1537.84696870
-1466.63912654
-1271.91415468
-1187.08185641
-1582.54308422
-1163.72361905
-1229.95069878
-1207.53153901
-1606.99702612
-1564.64387437
-1368.92110154
-1358.81669758
-1577.89121242
-1173.30357906
-1404.62597603
-1486.04280635
-1489.93311374
-791.66456261
-1388.37572756
-1649.55601323
-1342.53046740
-1486.36982239
-1487.88359199
-1359.62163254
-1611.94530235
-1645.88651884
-1203.76369161
-1506.68096657
-1489.36681312
-1526.32225777
-1282.27411139
-1328.16676527
-1378.50571896
-1635.86936556
-1499.53709383
-1653.01311120
-1272.00871459
-1496.58095673
-1499.26162561
-1643.93904399
-1638.14260347
-1585.33447098
-1513.16045170
-1652.55008376
-1564.25486693
-1477.40935770
-1436.13174963
-1642.62053187
-1498.62972960
-1579.10116335
-1335.07891927
-943.91336512
-1647.43014820
-1653.04034795
-1641.84184160
-1646.50081194
-1230.24249277
-1557.99874316
-1645.40273038
-1376.27129668
-1025.29460523
-1377.50068610
-1492.33989614
-1621.47116821
-1265.40382019
-1553.20485811
-1619.72255964
-1519.66315475
-1237.74941915
-1481.66748262
-1418.63430869
-1538.94751285
-1597.45582544
-1537.04615184
-864.78564293
-1517.65286732
-1647.86147899
-1626.92404272
-1199.66580267
-1389.90393162
-1236.00134300
-1191.74472459
-1266.27287351
-976.86081859
-1466.02644339
-1435.48090047
-1279.78830493
-1636.87597377
-1151.51882496
-1591.05714617
-1523.48892640
-1504.85364606
-1337.72287141
-1721.75712856
-1349.60825772
-1070.54394073
-1506.42794090
-1585.18443964
-1178.77477086
-1188.83469325
-1648.17871568
-1374.35257534
-1348.48274080
-1576.47401850
-1506.44305384
-1434.58399761
-1489.68139104
-1517.01194862
-1340.88316532
-1223.70570695
-1494.69799844
-1695.85742491
-1198.19932125
-1072.81216360
-1548.92468971
-1229.55279242
-1335.64609586
-1364.83896830
-1078.02706252
-1539.54807335
-1063.27744430
-1463.80969648
-1214.79647685
-1198.98022625
-1088.32072729
-1284.15970268
-1044.52582984
-1448.28422333
-1570.06143042
-1595.41999722
-1507.90835013
-1642.38522577
-1154.24923966
-1273.83722977
-1431.14738893
-1029.22099779
-1254.73955120
-1477.54872591
-1642.75344612
-1513.18850293
-1641.53781908
-1614.72639887
-1331.52474636
-915.14738395
-1429.46251408
-1357.37578071
-1803.61340581
-1184.08663374
-1055.52397221
-1203.96602475
-1536.08788586
-1585.84360596
-1648.33879002
-1234.55328151
-1414.01218001
-1080.60672387
-1125.81307563
-1539.51116116
-1334.56528787
-1543.61235565
-1385.42245409
-1523.99198934
-1603.23208841
-1437.52744523
-1537.49367594
-1482.96978182
-1485.29664677
-1202.70495586
-1650.81965016
-1604.52496696
-1284.85992712
-958.54407021
-1551.64489007
-1512.61550404
-1161.06762151
-1499.13659995
-1505.74920404
-1263.35343230
-1525.33197173
-1509.61318618
-1591.90660478
-944.74377424
-1469.75010478
-1498.44291345
-1245.60997905
-1571.01232176
-1263.21800594
-1163.30117739
-1233.46744653
-1484.40554598
-1489.78746589
-1552.55507320
-1218.23378365
-1530.76948952
-1402.91185979
-1354.19820316
-1640.03921790
-1650.93770658
-1128.67837718
-1383.08296474
-1253.69303243
-1539.22760104
-1613.56889477
-954.05900764
-1349.62891075
-1147.06480803
-1520.11326753
-1649.54948630
-1585.75589533
-1590.02176565
-1183.97755652
-1330.45212941
-1648.84398142
-1490.69842649
-1435.18351909
-1184.95431944
-1140.57588035
-1316.38957672
-1631.90821336
-1327.64008507
-1625.27659231
-1450.96665035
-1186.43275488
-1436.85801247
-853.79177967
-1487.85493541
-1649.85138663
-1649.76983559
-1068.56585210
-709.66512357
-1407.15029502
-1314.35854525
-1645.05037577
-1614.77971827
-1651.81207229
-940.38988011
-1291.40132176
-1423.70819216
-1609.67703054
-1514.23677822
-1066.09982145
-1234.29470678
-975.65436863
-1595.92742800
-1457.18670751
-1413.43573417
-1647.50108763
-1650.14620653
-729.92379852
-1598.85333009
-1533.47207552
-1063.04087362
-1094.28153520
-1484.68498141
-1650.15535523
-976.47779819
-1491.53148441
-1647.93354387
-1032.71520358
-1455.98297314
-1228.06426483
-1594.47794234
-1647.40204542
-1542.24614037
-1072.64359837
-1379.75217794
-1509.39460493
-1315.75983044
-1651.43998063
-1486.76941888
-1457.47475569
-1627.97920465
-1509.56237551
-1052.98253580
-1642.64451027
-1362.45564119
-1084.01471133
-1651.02013509
-1494.17391848
-1524.01088764
-923.59497356
-1638.44893727
-717.64135504
-1217.78049194
-1551.94614648
-1424.72267991
-1222.72083856
-1485.53596437
-1527.09109350
-1647.35833180
-1184.95368008
-1636.80355571
-1648.66674139
-1182.10295523
-947.34403811
-1636.52535643
-1540.38757342
-1651.28010209
-932.13633693
-1616.56948143
-1562.01013733
-1346.24665978
-1515.18534715
-1534.63120595
-1524.24438820
-1601.41676450
-1503.47394298
-1151.03190977
-1488.44051693
-1169.02502135
-1490.49361574
-1520.69108929
-1467.38104078
-1481.00999558
-1643.12318099
-1216.61380188
-1305.93352312
-1556.94771766
-1121.60177600
-1591.91311119
-1514.15980307
-1182.80852151
-1607.65856044
-1176.54687386
-945.67818806
-1284.49453445
-1483.37636075
-1522.13831423
-1549.93051894
-1351.73591541
-1122.27689768
-1642.08970536
-1274.53375506
-1411.60700198
-1533.63709635
-1600.79175833
-1493.23361251
-1227.20165528
-1055.96721192
-1272.95152081
-839.95049945
-1417.98475625
-1488.85097158
-1380.66941946
-1185.40035754
-850.50401044
-1646.58270360
-1532.62893463
-1499.26881093
-1197.31159294
-1518.69044414
-1524.56074651
-1286.90126618
-1331.78446400
-1628.97306306
-1365.18319209
-1514.45053303
-1639.99679957
-1347.12580283
-1424.97299363
-1510.06317504
-1302.62985115
-1491.61061388
-1522.32869140
-1644.52180325
-1463.06239779
-1246.24457816
-1314.68212260
-1598.80777497
-1620.03810924
-1247.36787563
-1116.12804852
-1645.38726412
-1652.14535986
-1314.81531734
-1366.80076536
-1613.05058175
-1645.99817645
-1640.39274977
-1120.27687906
-1637.55904159
-1588.63093141
-1491.10258558
-1654.22950827
-1641.28775624
-1639.61704539
-1580.21790015
-1042.21760576
-1226.01521606
-1578.86305265
-1407.73182139
-1283.44576150
-1706.52170201
-1598.95101254
-1189.32812082
-1640.01540554
-1636.57144244
-1324.54502372
-1155.38454094
-1521.32844054
-1103.20742632
-1382.31623620
-1522.20765153
-1489.11275270
-1609.11633468
-1497.09178202
-1602.03096627
-1542.52996677
-1092.81470515
-1421.72710935
-944.58220723
-1524.45858980
-1192.35543357
-1514.15512903
-1307.50421889
-1597.63602058
-1610.82080786
-1499.77698673
-1560.99996987
-1442.46231481
-1182.13948402
-1636.16065706
-1620.03286051
-1503.93132495
-1491.62258888
-1635.84829213
-1624.99410199
-1625.23877498
-1361.65566407
-950.61866265
-1490.23360620
-1563.53942536
-1021.97616349
-1288.21572729
-1290.12231958
-1485.21705579
-1484.75193101
-1277.48311424
-1177.53285784
-1359.05734611
-1172.44996693
-1633.59769355
-944.44774256
-1448.86936324
-1486.14977488
-1452.07021340
-1652.29191927
-1649.17720040
-1510.59601779
-1179.65854312
-1551.85421161
-1464.44122419
-953.73786691
-1511.57082471
-1498.86056563
-1365.30981116
-1034.66239271
-1651.31576963
-1547.48893384
-1628.86885099
-1062.60984518
-1160.32205637
-1215.42910168
-1514.02290256
-1587.74877486
-1645.53576751
-1440.02344242
-1504.07880399
-1542.07862221
-1351.02590682
-1361.30970012
-1542.47979837
-1514.21921347
-1062.35163100
-1513.67791253
-1645.96607494
-1569.89784953
-950.80490098
-1507.05576484
-1230.34025529
-1650.48833531
-1338.31805402
-1591.82585624
-1463.04985492
-1315.84617562
-1183.69087945
-1565.36851400
-1629.45714575
-1625.63966715
-1232.76145367
-1520.80056292
-1519.29141002
-1585.19603993
-1567.35226326
-1579.57369691
-1092.08306645
-1650.20513242
-1514.32585285
-1180.29749163
-1214.26274408
-1654.94946682
-1300.49597910
-1337.26579601
-1483.20940364
-1654.58782167
-1381.71570630
-1623.92731373
-1327.31859319
-1620.05784790
-1646.85763061
-1241.35056102
-1645.47648370
-1639.15008361
-1041.66896630
-1621.48241944
-1505.07616290
-1169.72605350
-1648.77865297
-1362.44745798
-1562.32578011
-1650.58456993
-1647.42186385
-1653.43717017
-873.15298685
-1498.96714012
-1650.57833834
-1000.14544465
-1485.64642558
-1641.35457543
-1651.04838128
-1546.90047859
-1650.86321540
-803.09743261
-1274.35029235
-1527.45684988
-1227.41721487
-1502.53714201
-1630.28102203
-1444.05144508
-1205.32489377
-1486.32045401
-1324.26717316
-1644.43128145
-1273.86073441
-1198.20865418
-1513.42018804
-1378.86259002
-1486.65292628
-1523.89615589
-1508.56531038
-1630.42832481
-1483.55724450
-1653.89942103
-860.92984686
-1504.80416059
-1543.90355062
-1504.57670952
-1549.51083041
-1341.68021273
-1400.76248283
-948.34151397
-1620.97191621
-1032.35319830
-1602.04954741
-1300.15490192
-1192.44912285
-1553.14563649
-1260.64604538
-1595.87457078
-943.16912714
-1197.50183620
-940.45543975
-1455.77323241
-1648.00373259
-1434.16875659
-1254.49290235
-1567.01034068
-1218.86408554
-1620.71026861
-1633.52518533
-1445.58411898
-1504.99321364
-1100.21738994
-1488.83317301
-954.19045106
-1647.37826769
-1486.89713316
-1643.22230528
-1312.87789963
-1328.91357703
-1413.32120714
-1368.85620310
-1485.15823274
-1271.80455476
-1181.76674524
-1315.15472894
-1065.14067501
-896.37880298
-1402.00271414
-1496.27223820
-1554.94572410
-1289.86908761
-1271.04424284
-1337.06659213
-1496.67496957
-1481.95701551
-1462.38421499
-1528.29169236
-1281.25335513
-1511.66624739
-1580.07889844
-1152.94804027
-1565.61296160
-1282.39646130
-1553.92268835
-1282.19060167
-1304.39486766
-1492.10847247
-1543.71742918
-1650.59865260
-1170.90520079
-1056.89414318
-1410.08885016
-1048.52249686
-1501.54657811
-1055.78319051
-1236.90701547
-1508.95947472
-1504.61000501
-1641.48460261
-1490.68574523
-1401.53514352
-1499.20810566
-1420.26554531
-1645.56028603
-1553.02026305
-1633.32657670
-1185.02537708
-1539.79243528
-1496.55003854
-1241.97967438
-1569.30748498
-1610.44478095
-1406.07573070
-1521.22697204
-1126.81125945
-1549.29867428
-1558.15071503
-1651.50803714
-1245.86975997
-1465.86086966
-1262.72828131
-1223.15661307
-1484.15660104
-1113.56842908
-1635.61742238
-1564.07511586
-1548.23310981
-1172.28646592
-1002.64391958
-1526.24849617
-1556.61097014
-1311.16169923
-1356.24919140
-1607.98865016
-1057.78313049
-1369.05614999
-1335.98811586
-1161.81248628
-1560.04953515
-1610.71745859
-1488.02550943
-1339.95346173
-1222.48599916
-1519.76150525
-1306.13904578
-1424.56361736
-1268.88850469
-1018.60416973
-1488.55899405
-1491.86821803
-1391.89500651
-997.20589149
-1642.81280752
-1544.18953006
-1069.70058195
-1276.47318819
-1239.56350057
-1089.76562015
-1529.63320547
-1471.32679896
-1482.11684136
-1098.85185276
-1183.95366233
-1268.03504409
-1531.94748860
-1602.61944775
-1551.26656996
-1603.04908209
-1062.13225484
-953.12680556
-1531.38346737
-1594.96293707
-1214.13817206
-1351.69874638
-1652.58785253
-1489.80447161
-1444.02493259
-1491.53699494
-1592.61568668
-1649.83092330
-1642.71764757
-1645.28277395
-1494.57245748
-1396.13272786
-1511.79729375
-1465.68245348
-1647.81439696
-1638.33165012
-1625.05056256
-1509.88861813
-1505.14481552
-1382.73247104
-1543.15545796
-1531.09218094
-1635.05026990
-1588.14090506
-1311.16911229
-1282.01554340
-1468.76186067
-1650.38401079
-1583.92011004
-1244.68625793
-1634.33487389
-1609.11958737
-1649.28377251
-1616.42101899
-1508.30121900
-1637.90095245
-1600.32406746
-1544.64629014
-1163.18888079
-945.07767048
-1487.15372054
-1488.59595272
-1503.06975708
-1498.08471114
-1188.02688248
-1428.98173279
-1491.10201470
-1386.03575757
-1631.37961854
-1193.93083252
-1293.25468028
-1479.41269380
-1141.39629987
-942.80655869
-1489.07216500
-1644.04772443
-1508.49306320
-1653.79580169
-1169.73642969
-1650.08881097
-1650.06792694
-1061.67009043
-1592.37690505
-1413.91265544
-1532.82396406
-1597.29586110
-1228.79101246
-1611.37460206
-1535.40026409
-1456.41799697
-1206.17284512
-1637.90604483
-1509.17599895
-1531.83591787
-1192.74369119
-1509.80269755
-1257.38822124
-1356.49930071
-1453.20701896
-1650.68278699
-1629.83953379
-1524.78702724
-1495.93758057
-1536.92171366
-1530.59047571
-1606.96211886
-1290.92320219
-1416.22045396
-1517.14645002
-1647.21529443
-1645.65056577
-1358.10902293
-978.10325268
-986.58114075
-1604.00089074
-1420.06793656
-1545.96049832
-1642.86795045
-1527.95291355
-1497.24237702
-1424.53876230
-990.98348122
-1320.67770830
-1737.86731618
-1581.80316327
-1193.43563827
-1404.44478766
-1496.20316234
-1518.48896642
-1443.14580422
-1422.59928449
-1652.34351755
-1126.68901833
-954.10054571
-1566.40509388
-833.91899116
-1014.98528754
-1610.60284012
-1531.28367262
-1423.03779254
-1254.31228828
-1478.07052843
-1497.29315702
-1397.50821086
-1650.62570781
-1621.33351716
-1144.98194843
-1222.73051628
-1491.19057102
-1582.87796308
-1405.92911905
-1590.16806649
-834.79177547
-1494.68814756
-1341.39671005
-1176.66710911
-1179.72851428
-1491.72384449
-1505.46990552
-1485.25353525
-1501.50745345
-1643.02471642
-1603.27293273
-1245.11459619
-747.83572304
-1183.28146789
-1531.69929698
-1536.52741729
-1445.99358706
-1653.01536181
-1487.10986885
-1132.56759009
-1622.79778597
-1587.46528561
-1508.29326900
-1491.69609404
-936.84829029
-1462.94690191
-1526.04933250
-1648.15650507
-1467.45654672
-1541.14219381
-1500.73411809
-1643.37257643
-1271.29642561
-1610.13199439
-1242.21321876
-1131.68948365
-1055.64255757
-1062.56452232
-964.21529661
-1258.78047368
-1610.75996660
-1230.43364844
-1374.28053104
-1499.34021088
-1576.72375988
-1068.14466274
-1540.14648798
-1588.93358469
-1594.34179180
-1116.46983151
-1210.00200454
-1313.69640035
-1317.86031418
-1199.99984325
-1352.34482180
-1065.42923834
-1361.40048283
-1632.70927228
-1472.45821988
-1343.41248075
-1541.85453954
-1181.64141716
-1574.29615929
-1562.30242109
-1406.20073751
-1372.48624624
-965.81825245
-1346.95825142
-1576.44787581
-1523.69812488
-1524.49474724
-1356.16323349
-1591.36050559
-1574.50159097
-1601.75988584
-1584.60187572
-1525.64250991
-955.28812968
-1646.37333020
-1492.55298594
-1498.74431036
-1202.30227030
-1523.23332787
-1434.04789886
-977.62364149
-949.42413301
-1293.24357681
-1061.30387555
-1020.41547910
-1320.86391805
-1094.20523435
-1214.86202320
-1556.97796068
-1567.27304203
-1008.78510181
-1492.60101401
-1163.38704699
-1495.66190787
-1368.38811280
-1642.79919629
-1418.59058463
-1516.80479130
-1339.31979903
-1606.06767550
-1474.23840410
-1171.26118415
-1481.40610747
-1581.19622272
-1610.82907151
-1604.41954585
-1107.90062948
-1172.16866313
-1252.90315068
-1641.32563644
-1646.37080883
-1492.46642079
-962.39261042
-1351.83622586
-1542.07234331
-1487.35994201
-1384.93867302
-1655.16266481
-1514.78909845
-1641.90505116
-1526.38367971
-1517.71427831
-1295.33225486
-1337.61768030
-1514.28688566
-1514.26785348
-960.65452972
-1347.98426574
-1184.97432428
-1612.39789763
-1575.40204488
-1500.71401612
-1681.16722557
-1389.12337425
-1299.75143581
-1425.78942444
-1648.77445333
-1563.96119553
-1483.79188775
-1410.71461786
-1144.18180027
-1567.50487193
-1505.35248275
-1520.19675786
-1577.82603363
-1303.02731674
-1608.32436213
-1550.52110303
-1142.15630083
-1183.16533445
-1564.83408720
-1306.06130503
-1119.40431347
-1623.92089499
-1651.60437807
-1624.00298358
-1644.88693337
-1409.74312571
-1418.65061606
-1497.54381696
-1063.79593642
-1366.62097269
-1523.47062542
-1621.34763002
-1486.77887791
-1336.20126049
-1521.55471391
-1640.50939269
-1651.10265050
-1489.02887216
-1583.95451832
-1639.69559666
-1644.72002936
-1467.64714624
-1617.64045097
-1193.13089850
-1597.50458333
-1641.60176833
-1272.27507080
-1371.39946379
-1297.37110083
-1571.00086838
-1615.18214791
-1578.22374253
-1508.03603427
-1491.64213909
-1320.49058826
-1640.56843339
-1611.28398259
-1141.28159320
-1175.95479711
-1129.59083066
-1509.48364903
-1064.46329951
-1523.80709779
-1591.99787365
-1404.58672331
-1385.18839388
-1519.23175702
-1435.45029789
-1477.72001311
-1472.85625594
-1289.03566300
-1502.28017545
-1012.14902320
-1190.97036118
-1555.23664117
-1650.33031851
-1083.73088136
-940.52839987
-1162.00024589
-1456.88288304
-1642.65967617
-1154.66033494
-1517.09836274
-1607.92468291
-1517.14230223
-1524.74108625
-1591.11474856
-1485.29351682
-1512.06785969
-1641.94076117
-1649.26169337
-1333.96521635
-1587.06834612
-1488.18538480
-1632.02681315
-1062.09913600
-1645.57421080
-1429.41551888
-1591.54705600
-1520.51955231
-1606.42423527
-1640.36752166
-974.02156614
-1132.53323879
-1539.76827291
-1577.51886774
-732.97690249
-1638.59432201
-1518.79107547
-1599.05107591
-1062.44645961
-1494.75198128
-1521.52554200
-1528.72717931
-1255.18523690
-1148.04404232
-1611.05307504
-1359.58753048
-1332.11541745
-1489.51987096
-1630.91303559
-1181.29380701
-1561.16390954
-1294.73642972
-1500.09852503
-1605.29225858
-1307.26339764
-1612.28163936
-1639.54103091
-1568.04890255
-1623.38605322
-1188.10883483
-1445.90257478
-1632.85677189
-1405.42226876
-1487.11176220
-1402.42399543
-1510.57647370
-1493.18389230
-1183.05737474
-1470.36108731
-1495.20636516
-1638.00081367
-1567.29803525
-1490.30052542
-1521.35545238
-1545.40383962
-1649.62031838
-935.56889164
-1562.36778737
-1501.66143237
-1273.02005847
-1567.60018004
-1483.84630234
-1507.12620685
-1629.90609027
-1608.68736595
-1501.01530344
-1417.77311941
-972.44657746
-1586.76323599
-1488.86424415
-1642.55259170
-948.85157685
-1484.91137662
-1617.24853090
-1383.90602103
-947.50408198
-1334.59760007
-1490.06215991
-1222.19327366
-1350.13378929
-1454.23005301
-1632.10628709
-1297.68591856
-1632.99239090
-1070.47828345
-1444.68532018
-1519.17543037
-1164.63939178
-1525.25775079
-1616.69498609
-1634.52434362
-1564.29460922
-1542.75542704
-1644.83370067
-1431.04140465
-1350.77009905
-1449.35361436
-1490.80825075
-1504.13433624
-1465.88017662
-1517.21190520
-1637.37497753
-935.19542167
-1036.17617313
-1268.72037730
-1626.78422136
-1513.59659515
-1639.74777088
-964.84940513
-1651.28314881
-1474.05264820
-1526.46367165
-1651.48568523
-1492.74014082
-1492.95654895
-1645.69128908
-1334.28958952
-1628.64225183
-1513.36002047
-1058.88256468
-1174.05109758
-964.96709736
-1081.95955578
-1603.84893099
-1349.28605209
-1562.36910653
-963.26055367
-1530.69746547
-723.55360917
-1646.26628120
-1579.56594869
-1562.40361994
-1520.03849570
-1623.33504510
-1492.07476423
-1550.75474785
-1598.44126073
-1554.61295237
-1346.88972593
-1048.34370909
-1457.45357079
-1609.56162164
-1338.45863737
-1665.27321184
-1356.73227184
-1504.58137371
-1636.26465905
-1361.91644560
-1612.05255968
-1651.58656363
-1588.18980447
-1485.36546859
-1426.73925136
-1648.37072708
-1250.56105835
-1617.74439306
-1300.72050968
-1513.68589741
-1599.19539331
-1497.32315622
-1106.86932441
-1522.41112727
-1361.01476991
-1294.34342281
-1716.43581556
-1395.86337904
-1538.87256491
-1236.74409732
-1371.90790662
-1008.00190681
-948.09097520
-1555.81591361
-1157.04258461
-1265.76680811
-1261.74652674
-936.25785055
-1198.98021899
-1475.64686046
-1510.72294215
-1425.04395794
-1596.76394952
-1510.57739112
-1509.09708817
-1490.07093618
-1488.86749100
-1162.61855757
-1209.76999174
-1507.52358815
-1520.94158347
-1495.73602714
-1382.05752043
-1509.22754152
-1053.94176060
-1530.70569864
-1476.64328755
-1340.65452274
-1192.87386674
-1708.17279501
-1156.44675141
-1500.21755628
-1600.60329593
-1123.74280626
-1495.31483430
-1509.49447265
-1281.54073037
-979.36254263
-1213.47222837
-1637.80189196
-1045.47409593
-963.52282587
-1551.75523876
-1620.97298833
-1505.30562747
-1510.81450031
-1594.75044903
-1237.35749677
-1506.07588894
-1213.51389565
-1436.96721630
-1534.75314521
-1596.50510606
-1213.39065604
-1092.17301440
-1639.97571273
-1494.44457145
-1538.14174189
-1596.99526418
-1088.53416598
-1583.53351247
-1073.34108208
-1644.79094999
-1646.15591503
-1189.27998140
-1190.28093927
-1350.30461164
-1485.01915894
-1321.84309114
-983.02679857
-1606.59759754
-833.88167245
-1342.02593252
-1058.54150409
-1598.95714479
-1545.99046462
-1535.56280652
-1517.93503833
-1367.63063669
-1073.14720879
-1080.46217276
-1549.41811299
-1618.15496746
-1568.25753894
-1415.41024005
-1395.09010581
-1522.04084358
-1627.11388682
-1466.37588975
-1157.62571847
-1488.48441373
-1305.40300596
-1141.42899765
-1526.60689629
-1054.53844153
-1603.38166552
-1156.88763141
-1517.26868095
-1451.72259575
-1563.64591898
-1530.39596502
-1650.82756687
-1473.14014410
-1350.34648861
-1639.16448434
-1487.01380989
-1182.84103478
-1050.65473296
-1470.47907165
-1209.24001102
-1496.23358918
-1619.95163292
-1354.86875028
-1537.17339373
-1321.66537572
-1467.96200821
-1368.92865970
-1605.48545290
-1649.14576982
-1503.03090490
-1637.73344559
-1501.31460260
-1602.40654349
-719.56022565
-1628.26822272
-1518.89242212
-1613.45003084
-1096.05774315
-1561.64851639
-1338.20047216
-1453.63177350
-1018.52686012
-1355.11334721
-1628.90479793
-1543.52796018
-1567.59876277
-1554.39648529
-1622.99234114
-1416.28492716
-1428.35671444
-1489.63813327
-1513.93428701
-1470.78874379
-1264.49717951
-1111.09745591
-1582.66751394
-1436.99085593
-1379.05833673
-1644.09502251
-1091.75328775
-1503.70278391
-1493.79710275
-1290.10007215
-945.83373681
-1501.74066579
-1635.75189267
-1486.45566239
-1338.96233844
-1483.17258212
-1479.38828450
-1487.36801659
-1078.13854793
-979.02233257
-1173.80325972
-1524.16894156
-1084.39238257
-1399.45075487
-1408.90831213
-1537.14991915
-1330.75469093
-1024.39275860
-1484.18440528
-1646.01749619
-1525.13565267
-978.62881332
-1532.32306332
-1498.36850207
-1276.44107650
-1631.63079939
-1525.69591738
-1645.40755602
-1271.72313397
-1581.46796297
-1488.74132572
-1489.64108928
-1375.48685112
-1622.07538555
-599.75077950
-1642.91028346
-1648.12541101
-1550.53702986
-1498.18318206
-1130.46295317
-1023.66826554
-1595.27000128
-1624.67315024
-1578.91271316
-1519.73360193
-1511.10194605
-1432.03474349
-1554.35673381
-1487.06540386
-1534.38964833
-1532.28926975
-1489.35233526
-1484.08350959
-1648.86738005
-1607.87313338
-1374.96017819
-1126.62683528
-1460.99155303
-1503.33081668
-1312.52878614
-1276.60130788
-1411.90935127
-1707.47816839
-1369.59468757
-1602.51655381
-1050.99212522
-1538.66758716
-1553.89136581
-1595.81848717
-1609.03408902
-1632.92809540
-1538.32112757
-1515.44453896
-1521.51953270
-963.25370038
-1303.53536561
-1347.86341079
-1313.88788795
-1172.52556218
-1191.27022929
-1532.72842914
-1059.24631394
-1594.02405435
-1560.31115055
-1473.21825422
-1064.67433318
-1502.52059777
-1517.38034846
-1544.68675955
-1207.23047211
-1390.80448646
-1303.20955963
-1678.06872249
-1139.97382429
-1286.64959711
-1592.00389485
-1490.13900343
-1486.46979401
-1429.18250227
-1013.10450327
-1463.21075662
-1488.21459327
-949.39903128
-1157.80944872
-1492.19462248
-1580.04630743
-1244.25948978
-1634.24929219
-835.39300728
-1498.02479775
-963.65709252
-1412.53749401
-1513.27223751
-1490.16317816
-1485.03894691
-1070.72126778
-1394.54249758
-1569.32932854
-1577.24643205
-1490.13023056
-953.30078480
-1530.99576524
-1576.02610309
-948.08625573
-1628.43652291
-1492.92945852
-1498.88102820
-1261.29790156
-1473.04711649
-1529.72048523
-1522.11960609
-1562.66608947
-1134.40662246
-1488.68254731
-1230.26703953
-1411.42008630
-1632.93665553
-976.17702869
-952.87317079
-1540.45124147
-1651.47842690
-1491.62791694
-951.53712259
-1490.67716464
-974.81853357
-1097.06586798
-1518.26645965
-1088.85121157
-1488.48242587
-1647.70161172
-1495.42590906
-1592.75988216
-1495.73756054
-1256.77589430
-1230.65978217
-1647.85740966
-1264.75402083
-1533.26376228
-1401.03674366
-1384.14314161
-1074.20157392
-952.61623467
-1309.56756433
-1234.70843077
-1643.64751741
-1088.33676741
-1065.32310610
-1480.06383681
-1543.04168638
-1397.61359346
-1497.12978487
-1373.89107827
-1316.93424463
-1484.56427127
-1523.92694321
-1277.34781004
-1550.38304980
-1502.24299531
-1526.51856363
-1512.41223918
-1525.72937196
-1379.73240185
-1067.98299986
-1622.12317075
-1371.24048727
-1526.39972659
-1073.50372210
-1486.81282185
-1009.05900741
-1576.80500809
-1495.70308643
-1021.82796760
-1251.54247758
-818.85655978
-1641.48279151
-1266.57712332
-1184.55859790
-1514.55153190
-1634.54065897
-1598.00660531
-1478.95052887
-1645.21908072
-1634.78491741
-1654.01175962
-1379.22598378
-1620.08867332
-1570.49139978
-925.87959684
-1558.39923841
-1498.96469038
-1305.90346888
-1057.94845483
-1291.00762384
-1320.67534000
-1640.43161115
-1561.84275757
-1349.21800599
-945.16077978
-1580.87260136
-1545.65880885
-1532.62391053
-1362.85916541
-1369.75964607
-1224.20315682
-1340.78247012
-1452.38268825
-1144.46003265
-881.65751409
-1668.67843092
-1599.25345763
-1202.76899276
-1530.89553766
-1654.07414271
-1626.05206354
-1541.60106716
-1348.55499629
-1332.93442449
-1639.36699943
-1559.07807610
-1367.84253136
-1577.01207645
-1611.24166751
-1620.34063383
-1594.64736686
-1202.34683361
-1525.86285222
-1004.68848780
-1485.69158005
-1124.42140314
-1628.84554068
-1486.87991282
-1518.67261186
-1521.52475151
-948.12924409
-1501.35518626
-1462.94919600
-1095.70880767
-1501.72653989
-1601.74737200
-1131.96843259
-1598.56182050
-1358.64209950
-1644.69035742
-1623.88471924
-1464.30650611
-1487.53482915
-1336.83010951
-1474.67067226
-970.23580439
-1648.63451886
-1343.93750619
-1568.86863568
-962.05755872
-1641.40674996
-1522.27504910
-1525.91348290
-1522.84129727
-1524.04813070
-1712.75379599
-1465.56909631
-1444.56373301
-1484.15891948
-1650.14252909
-1570.99853256
-1653.97354374
-1509.93139785
-1050.43718748
-1586.34392743
-1555.23866101
-1367.08355899
-1519.10060008
-1251.81522016
-1499.31150135
-1414.97960879
-1444.19190914
-1649.83851386
-1363.91142178
-1502.60868114
-1542.54946370
-1593.49718788
-1499.56433361
-1652.82597468
-960.68548455
-1343.44523755
-1337.58260037
-1507.84524927
-1379.70621193
-1724.54140826
-1805.64425165
-1167.56315544
-1321.10678839
-1592.40968010
-1175.85930980
-1476.49891323
-1455.00959945
-1646.77905351
-1484.18770799
-1604.97466655
-1642.94133271
-1094.12577168
-1354.89808996
-952.76362137
-1077.15886095
-1347.94824081
-1064.60657922
-1632.37134076
-1483.13098182
-1496.27755391
-1615.37467949
-1637.21687142
-1205.55667758
-1640.85191387
-1502.57281099
-1645.17356499
-1649.49856635
-1113.88727891
-1322.43361036
-1524.20944436
-1198.34813387
-1584.66393900
-1615.38581182
-1007.92873677
-1356.88851080
-1053.51354813
-1189.46802374
-1196.11498282
-1499.95771869
-1486.72998349
-1594.70223504
-1573.24031156
-1403.66777559
-1540.75377930
-1357.45984510
-1073.68040580
-1172.96022004
-1427.22866126
-1538.99986681
-1318.90714734
-1195.06382221
-1312.25852488
-1107.57238254
-1554.87110004
-1059.20707842
-1485.04435100
-1039.44376531
-1495.57779169
-1607.31094736
-1523.74511506
-1511.05363175
-1408.11009807
-1630.03192477
-1484.63189374
-1336.93247567
-1646.92948484
-1574.92716540
-1598.68115893
-1469.26020100
-1483.90768826
-1055.85470356
-1564.62248414
-1328.07429228
-1447.79550885
-1470.78093867
-1648.42307241
-1303.10248789
-1532.98545425
-1311.93224037
-1491.88197189
-1251.37814206
-1361.87506730
-1250.87701186
-1634.86617592
-1086.50040120
-1501.23899916
-1583.47591334
-1517.95151600
-1544.85896051
-1499.97695239
-1642.53059680
-1651.25732988
-1497.65796651
-1215.23622656
-1428.70341697
-1484.34654905
-1310.41116874
-1516.14890328
-1633.85009228
-1485.74807589
-1089.47953096
-1530.09028941
-1196.22780042
-1167.29009939
-1085.55454082
-1327.48312192
-1063.29329250
-1638.86975484
-1232.35990863
-1463.64825796
-1224.03436584
-1262.36109131
-1568.08253704
-1049.27258803
-1603.13603398
-1241.00409867
-1375.16387510
-1603.89200794
-1563.56640692
-1537.19319612
-1581.89272154
-1172.24105581
-1449.74218959
-1294.32697665
-1513.98448084
-1470.27866151
-1638.10566876
-1595.51566351
-1500.48908216
-1647.26713671
-1538.14022887
-1504.19400005
-1519.07683803
-1519.28318278
-1512.26389651
-1644.57143160
-1237.70069349
-1471.07912059
-1602.92698429
-1240.76214685
-1485.11064968
-1573.17237529
-1346.89600932
-1297.83451502
-1438.38534400
-1455.94527232
-1486.25414830
-1522.96528185
-1500.86197093
-1377.75971662
-989.00008439
-1517.98434268
-1503.68315970
-1619.28680470
-1515.24558602
-1606.71076944
-935.33169472
-1582.00044374
-1543.66442539
-1469.92826738
-1425.14126119
-1559.87988963
-1550.39811682
-1535.47399629
-1468.58363163
-1634.65049116
-1432.30976216
-1536.32935038
-1644.29334126
-1385.11203971
-1509.49507543
-1249.86389086
-1065.61687653
-1214.71994694
-1652.87314965
-1353.99155487
-1493.20225771
-1573.38557425
-1340.04520186
-1644.92778625
-1271.33573150
-1642.01605397
-1095.92878924
-1141.46650171
-1413.48558754
-1531.29004129
-1576.88993008
-1009.47995565
-1322.60598165
-1640.35208307
-1640.11162183
-1651.18645473
-1613.48193723
-1485.83833330
-1499.89485732
-1347.73872631
-1618.64949695
-1298.52598952
-1537.77025006
-1487.17270072
-1172.69200498
-1500.06915062
-1544.54760622
-1514.77036805
-1567.75498570
-1190.93702440
-1588.06512490
-1326.51240985
-1498.90924437
-1328.62046565
-1582.74434218
-1576.77429702
-1372.26046233
-1199.00103164
-1494.74166282
-968.08753534
-1318.25683828
-950.08280561
-1004.38677156
-1091.64727504
-1220.77990211
-1649.75005112
-1166.48011943
-1418.45476373
-1057.26179341
-1597.93523292
-1125.95601333
-1574.88121122
-1634.74358417
-1531.68024841
-1485.42681667
-1647.72498805
-1641.92658276
-1492.74313130
-1586.21862920
-1435.62507363
-1648.20341584
-1181.21355683
-1511.96136431
-1400.28442875
-1398.55066530
-1486.01465497
-1195.66009533
-1339.70087971
-1542.50826980
-1498.28607561
-1644.95519980
-1184.74407690
-1500.82629402
-1484.65603154
-1636.04128027
-1634.48591501
-1154.35145823
-1448.77712189
-1638.80389470
-1485.47793509
-1110.69557901
-946.87240828
-1487.88603206
-1487.94874394
-1624.62751865
-783.88444462
-1488.99453375
-1164.43421224
-1344.88550537
-1310.73989714
-1129.14095980
-1552.09228817
-1215.32494569
-1078.02841138
-1574.50671773
-1181.90299496
-1146.78914522
-1486.89172475
-1584.98565400
-1491.03098255
-1463.83160770
-1695.89363420
-1472.53740605
-1281.35148441
-1420.61385215
-1249.43928375
-1149.26581579
-1527.39358006
-955.51754623
-1537.08538184
-1236.61151460
-1493.32745827
-1255.93413740
-1419.40158119
-1310.88049643
-1642.54190150
-1637.93923190
-1576.31214418
-1527.67672251
-1429.38430540
-1280.66283509
-1503.61063709
-1496.06156459
-1183.79214161
-1347.14283684
-1459.31116296
-1352.45696144
-1366.88848730
-1632.70710222
-1509.38453497
-1365.01603528
-1489.61184282
-1593.44887067
-1649.12537362
-1522.23845048
-1311.22581754
-1339.80660712
-1224.26144441
-1540.01450183
-1179.86765660
-1499.58279597
-1638.73995294
-1081.51861349
-1625.78600512
-1576.92014978
-1199.46756873
-1429.93588125
-1536.89025544
-1617.18679844
-1536.76945865
-1472.21256918
-1589.43425308
-1489.50788017
-1128.03327319
-1429.54905488
-1353.28113827
-1398.63723853
-1525.37845079
-948.03940581
-1521.01437441
-1497.89126893
-1485.97091868
-1445.81378254
-1601.82345790
-1415.98949184
-1511.98749935
-1452.86382751
-1533.73871858
-946.38348125
-975.14052775
-1601.14552008
-1296.14989489
-1347.50027959
-1563.88508196
-1311.26136281
-1518.47232649
-1594.33803575
-1047.82717863
-1003.14691610
-1497.96306220
-1524.98831424
-1157.25174845
-1398.20405786
-1316.53364682
-1142.70904370
-1441.71998999
-1455.76574524
-1691.25052133
-1137.79232117
-1157.51484687
-1197.93274534
-1565.78382481
-1532.63075046
-1334.47575233
-1319.86749674
-1533.18964478
-950.55263871
-1642.86389248
-1531.86870575
-1631.77277535
-1551.74708148
-950.45684980
-1175.99485129
-1645.97675343
-1648.22810435
-1536.59849648
-1646.09148171
-1650.41979406
-1554.20753117
-1111.31825541
-1574.66257753
-1534.33556995
-1485.90438156
-1504.91698262
-1478.26552388
-1184.96473881
-1706.57685982
-1449.37414135
-1667.04688088
-1588.87683164
-1352.02346085
-1536.44091558
-1397.55385848
-1388.48393038
-1267.38312777
-1256.96141288
-1623.33414092
-1604.04682314
-1512.96857859
-1384.31538494
-1498.52680167
-1555.75671903
-1327.64293183
-1351.12988555
-1550.42573802
-1525.58122697
-1550.69665317
-1497.68543584
-854.33541791
-1106.98445121
-1429.18314004
-1038.98279726
-1062.07697617
-1328.02677933
-1670.64950877
-1580.35605321
-1585.88459884
-1628.67197655
-1557.95632384
-1539.17782914
-1502.83621052
-1584.05697204
-997.84743480
-1322.66857421
-1469.45152193
-1536.27844752
-1634.37722972
-1440.05366513
-1178.03520781
-1650.72653767
-1398.72254836
-1280.88892571
-1096.97596684
-949.40864471
-1206.47448733
-1617.79625277
-1639.88840881
-1567.85679819
-1523.90610982
-1650.87117958
-1057.61524101
-1510.21210199
-1565.65136879
-1544.67110914
-1621.50569596
-1163.48193765
-1577.42146380
-1205.16170305
-1177.02822041
-1505.99502618
-1473.49348698
-746.27802607
-1586.92586574
-1645.45273784
-1522.15173752
-1593.94980749
-1639.36952095
-1455.61924945
-1020.87052530
-1568.68387670
-1087.73134212
-1638.58122474
-1438.35786495
-1357.06982914
-1562.79896181
-1051.95973031
-1512.04145922
-1487.52208098
-1530.25172889
-1347.83537841
-1513.49990718
-1640.09117195
-1603.68744727
-1256.18552952
-1484.14536381
-1328.29992539
-1485.30937367
-1565.54452987
-1528.09337006
-1570.36821645
-1556.74482528
-1541.12331666
-1434.46406260
-1481.57697045
-1569.67243578
-1034.19155505
-1454.98016994
-1615.70075543
-1469.50442871
-1523.37394689
-1476.91362621
-1342.93831355
-1116.11629802
-1334.40912057
-1342.88091106
-1618.22832979
-1550.91372937
-1527.88612274
-1615.86314363
-1514.23117800
-1571.58945304
-1494.67585494
-1337.85639690
-1370.22029110
-1520.78993920
-1570.61434127
-1429.69440229
-1189.80040067
-1491.68828803
-1485.08797954
-1120.75395323
-836.28915120
-1118.61784450
-1606.00354954
-1535.89137873
-1547.43244461
-1484.58470276
-1637.00456255
-1538.45079638
-1252.87025514
-1634.67936673
-1487.25526238
-1486.86765078
-1176.67687282
-1639.64366001
-1590.76734982
-1596.16911515
-1520.75222548
-1503.04444775
-1215.23394284
-1547.59695827
-1561.82029751
-1432.22743154
-1237.62214315
-1593.81213973
-1439.79746997
-1538.37690299
-888.68297090
-1144.10766163
-1510.67232807
-1527.98247338
-1303.09362511
-1272.65841448
-1519.93099866
-1521.12817996
-1391.81983453
-1559.20102292
-1486.58514611
-1508.78871444
-1507.75366003
-869.69156478
-1632.14918193
-1579.98071649
-1181.68824701
-1638.90965858
-1570.90878360
-1227.14060937
-1286.70059883
-1417.57066535
-1506.96029594
-1456.06516820
-1619.02700648
-771.72819725
-1490.69075743
-1478.85516973
-1460.96875209
-1280.22081020
-1645.19381406
-1550.28423960
-1563.51476533
-1240.59396127
-1491.74859310
-1599.34263727
-1491.17420478
-1599.01515101
-1566.44181185
-1491.47367332
-1360.92445247
-1414.78810502
-1509.81519284
-1501.19781866
-1199.85278971
-1641.62722280
-1652.51664796
-1633.57992253
-1590.06566462
-1510.48270461
-1485.73335589
-1527.00957572
-1643.99842311
-1619.54343147
-1339.62505268
-1373.56449977
-1174.82723829
-1549.31550895
-1210.60101187
-1202.99974479
-1243.41362440
-1495.29028379
-1200.68744131
-1652.38387778
-1418.84618070
-1637.39741643
-1600.50029430
-1563.78622478
-1645.17352449
-1644.27423477
-1535.05360398
-1413.81942181
-1530.74910142
-1497.57966307
-1569.88748283
-1500.55743315
-1641.51163893
-1559.58172932
-1062.61270003
-1373.99497962
-1559.77824289
-1335.76778436
-1554.79449330
-1348.70196270
-1513.44561474
-1501.51315971
-1532.97875908
-1202.88690535
-1461.93097020
-1201.36674758
-1513.27032466
-1268.96250416
-993.37893127
-967.53984060
-1346.02597145
-1623.68746644
-1557.34176184
-1507.00418372
-1392.71291685
-1494.59140887
-1064.87620651
-1520.91478534
-1615.48592452
-1184.78172560
-949.45764784
-1179.52519121
-1415.21773683
-1079.96095054
-1057.17228656
-1195.89428749
-1101.89802742
-1533.57168861
-1615.48389846
-1550.56661322
-1639.13955514
-1585.96396106
-1589.27383906
-1484.09683970
-1265.14188145
-1021.83884495
-1264.58104207
-1595.20506196
-1495.86402347
-1506.78931934
-1632.04312565
-1649.01492054
-1654.74923144
-1647.73282758
-1489.96522884
-1618.97299453
-1199.15836439
-1617.99875211
-1076.66598318
-1186.55900208
-1484.57450307
-1634.57823336
-1615.79946760
-1194.97007203
-1376.16790890
-1643.67207695
-1091.43525197
-1471.92151377
-1486.30613942
-924.37491041
-1218.47222059
-1646.06256944
-1631.63553213
-1049.69213272
-1064.35751586
-845.04213487
-1631.12872956
-1528.55976062
-1417.24095069
-1571.02300065
-1498.01823429
-1539.32037069
-1569.19365158
-1601.48390500
-1490.39957889
-1555.19642440
-1584.36061770
-1113.12849962
-1562.14690074
-1319.76925166
-1639.05633181
-1652.18677844
-1301.44545510
-1405.97599254
-1505.73309825
-1647.62100985
-1573.92054691
-1332.91612009
-1189.89866048
-1650.47965484
-1531.44809743
-1599.30517765
-1323.16930487
-951.75629031
-1562.57997407
-1501.82870130
-1383.35159321
-1179.57692758
-1503.22663715
-904.88706849
-1483.39022999
-1187.96427593
-1495.97045748
-1510.23561516
-1370.54044357
-1231.18518617
-1355.01558050
-1547.69534082
-947.52282116
-1426.08934363
-1551.53454724
-1574.32151530
-1308.64659224
-1186.32082228
-1265.89621306
-1626.93092229
-1630.60505132
-1543.93252567
-1246.20736334
-1381.00986128
-1207.56189509
-1624.95031755
-1410.69818603
-1507.30348295
-1216.65928907
-1090.01917120
-1211.85805227
-1413.58574932
-1526.45644622
-1641.67534870
-1540.02676825
-1375.46847490
-1320.31970249
-1478.30183618
-1517.99653450
-1636.24173323
-1626.94092641
-1447.75455041
-1524.01444641
-1636.34341860
-1416.72616092
-1484.39536429
-1535.26466118
-1603.45385469
-971.69125425
-1423.55879151
-1255.81929628
-1637.28990008
-1648.23125212
-1510.29426847
-1636.52646556
-1078.87622398
-949.32154438
-1022.04598216
-1242.32828399
-1127.27407399
-1504.20876874
-1069.91517604
-1566.82865147
-1213.55192287
-1652.75195957
-1492.60529845
-1644.60397272
-1077.83339518
-1488.65407754
-1621.08638345
-1539.15609645
-1624.10460605
-1624.01869486
-1572.65601832
-1497.32007165
-1649.79100965
-1065.57724284
-1192.14463818
-1615.20115525
-1199.31691069
-1310.70403403
-1201.78682663
-1617.14536047
-1219.87300812
-1645.78367071
-1651.51269938
-1213.97569095
-1522.24322300
-1507.22596643
-1303.69777897
-1353.26875455
-1100.53452563
-1298.19570873
-1136.01643317
-1651.53715205
-1504.81681093
-1246.22489225
-1032.21485337
-1530.35173391
-982.08379255
-1512.27275598
-1174.66999499
-1563.86449754
-1416.81065058
-1067.17173461
-1628.98419919
-1420.58259290
-1519.91582683
-1195.96660286
-1486.28431719
-1646.07386687
-1488.27266838
-1592.43414696
-1535.60763413
-1600.40556909
-1417.96821561
-1066.44922043
-1321.84791815
-1500.31658624
-1546.66006264
-1654.39227042
-1393.48500096
-1455.74568051
-1528.12362380
-1390.30834490
-1044.43168959
-1531.00189136
-1413.49718904
-1322.59209701
-1302.83664375
-1514.50416048
-1180.06136128
-1629.07033572
-1339.16130514
-1414.24812466
-1524.65134417
-1166.61575533
-1390.05265845
-1562.27965641
-1448.54747800
-1494.86958514
-1281.00117538
-1498.48129100
-1544.61148231
-1484.07426099
-1372.84391660
-1629.87812683
-1246.76309912
-1374.78207356
-1290.94556920
-1528.88527673
-1592.96326212
-1441.94039485
-1514.99675775
-1186.23815621
-1647.89090881
-1488.36743758
-1500.12227032
-1623.02293632
-1641.02785618
-1472.62294565
-1109.58309221
-1515.35398894
-1630.85833947
-1333.06108472
-1487.32983619
-1208.55118087
-1240.77785470
-1636.89885329
-1339.88632287
-1635.09777862
-1644.03453561
-1518.96764307
-1563.17945640
-1443.79028121
-1206.70042875
-1544.92636870
-1490.87773225
-1076.15563258
-1613.54166529
-1203.17681163
-1643.46391734
-1653.73421666
-1483.33724032
-1449.93244763
-1643.29527748
-1400.62064975
-1559.61034193
-1189.68480107
-1538.35316067
-1485.97260094
-1597.71834953
-1506.95759034
-1518.88258543
-1651.28159763
-1225.07101189
-966.35169351
-1497.78967942
-1534.89612490
-1302.90516168
-1369.97328339
-1264.09315419
-1065.38257253
-1392.44004967
-1518.35986729
-1513.49668043
-1605.34695179
-1649.25804625
-1646.62928087
-1452.52331675
-1584.04440586
-1598.59871920
-1359.22559391
-1648.50130368
-1645.73580302
-1548.55526855
-1236.95220014
-1516.57128011
-1254.70232205
-1518.94154340
-1533.74646239
-1509.76586045
-1647.06114430
-1459.70323990
-1511.54230663
-1180.47293347
-1647.63814597
-1459.80580503
-1598.14682202
-1500.71654878
-1533.50187665
-1558.70412348
-1498.28233949
-1533.50943773
-1216.04249905
-1068.46049165
-1518.34092097
-1544.29449598
-1118.65756226
-1650.47866412
-1645.49451887
-1612.36615319
-1058.77787952
-1589.56435643
-1598.07626965
-1449.51573114
-1353.25672313
-1351.27034021
-1590.30155069
-1635.66933759
-1519.93207291
-1498.25772219
-1215.63178444
-1067.71690685
-1534.19537672
-1566.79728548
-1612.49549344
-1282.91569798
-1621.41329105
-1299.67963906
-1170.23350554
-1399.27093615
-1609.69070761
-1548.43012172
-1475.42006254
-1516.36101770
-1550.88796064
-1517.44965130
-1493.16166126
-1278.22353845
-1483.41767780
-1034.90576729
-1191.62901573
-1422.21186242
-1559.52232549
-1606.42900198
-1175.18650978
-1485.34789258
-1488.01606393
-1338.09568068
-1622.26274199
-1352.20240775
-1234.31089894
-1246.47862248
-1507.02242878
-1635.78010704
-1650.13072383
-1413.40984259
-1652.08108387
-1264.07169571
-1642.84543286
-1175.87377072
-1618.89288022
-1635.50116441
-1579.27924553
-1069.25954198
-1273.04178690
-1249.77477965
-1114.91888394
-1408.92752419
-1564.30060648
-1068.27647789
-1681.54066484
-1491.87969874
-1642.49559332
-1603.03569835
-1487.03667583
-1485.91651988
-1373.49088696
-1505.56780689
-1588.09682759
-1433.83643505
-957.51681395
-1068.18897459
-1573.01075753
-1485.82263535
-1052.46414902
-1612.27926131
-1652.96121023
-1485.79665339
-1650.59993779
-1237.98867836
-1440.90437606
-1486.02751386
-830.38712759
-1498.69534601
-834.83696219
-1491.47986239
-1617.20777368
-1360.48768987
-1485.97250184
-1606.79318620
-1529.61174747
-1535.84961422
-1310.43410724
-1486.16770401
-1592.66205107
-1650.78678559
-1233.32755965
-1468.82446164
-1337.25575165
-1551.29227817
-1563.22220065
-1588.17708919
-1401.72701270
-1551.65088419
-1634.88247649
-1176.49227724
-1503.29339875
-1425.48392284
-1291.34955513
-1324.16335508
-1242.48624406
-1396.54461130
-1565.32322736
-1599.84948802
-1644.85362658
-1633.06136796
-1173.97631206
-1623.54555633
-1030.45930346
-1356.75115534
-1038.31508837
-1575.77780562
-1420.05453355
-1505.56263726
-1487.85167830
-911.30033602
-1561.68113087
-1187.74066627
-1410.54366513
-1338.61701009
-1594.37365494
-1290.97399914
-994.79524734
-1635.81929794
-1254.12939630
-1566.98832440
-1433.14711700
-1645.07182649
-1641.68145255
-1647.64555127
-1511.53147354
-1500.32369440
-1542.15341813
-1591.39343596
-1640.66674012
-1437.28907600
-1061.04294834
-1526.29238726
-1306.97386063
-1517.61552472
-1580.78583844
-1334.28163043
-1058.06050003
-1456.83338240
-1681.91321090
-1174.49735858
-1753.88337577
-1083.22309135
-1277.14176233
-950.71058804
-1025.41569917
-1516.94574597
-1203.66898281
-1325.50664301
-1170.47466765
-1492.10752354
-1335.50787015
-1290.25133205
-1645.39197561
-1503.97425606
-1097.55807063
-1646.05869840
-1516.25354039
-966.07099295
-1649.82225042
-1581.06077604
-954.19793094
-1605.30330256
-1302.49602516
-1159.84910965
-1586.53007966
-1638.15301467
-1529.71413649
-1440.93505418
-1287.36041804
-1181.49272628
-1522.32618433
-1499.46884775
-1653.33837950
-1645.83618490
-1485.54380407
-1648.76088580
-1487.48564483
-948.66590018
-1350.21973959
-1593.16088690
-1171.44582507
-1648.35159199
-1404.55388532
-1611.72715352
-1504.27046261
-1492.53466586
-960.02138378
-1649.30996749
-1353.53094987
-1146.52634256
-1620.52475168
-1604.52180045
-1235.39450263
-1215.64241158
-1647.74760387
-1570.44836344
-1079.45081097
-1287.89791488
-1483.66833347
-1340.32897991
-1507.22482858
-1604.16412637
-1081.06658835
-1507.69185278
-1648.29905945
-1539.93208020
-1234.19329135
-1167.60647854
-1503.14062999
-1644.04608468
-1414.03898852
-1488.08568339
-1058.53314383
-1549.59206926
-1195.49740866
-1234.64274420
-1491.41810141
-1509.11614748
-1258.01782321
-1207.77475536
-1454.53761115
-1319.93232539
-1644.27762040
-942.18790292
-1297.90532351
-1484.84257940
-1652.98149843
-1563.22518871
-1653.19079726
-1652.10941406
-1573.25917465
-1639.14381203
-1455.61478497
-1652.01026342
-1652.13777709
-1392.52920980
-1624.03333845
-1460.28881537
-1514.96883209
-1518.04587820
-1350.39784936
-1613.94904263
-1121.59726188
-1646.07879529
-1381.12627009
-1329.73783109
-1415.12309155
-1334.00625753
-1536.98550128
-1632.47309758
-1235.83912962
-1493.08646102
-1053.06585258
-1497.32843523
-1173.27505060
-1737.52487934
-1427.07365102
-1265.92638047
-1283.37209142
-1490.82483109
-1335.36031918
-1573.10511284
-1347.07208637
-1295.57768459
-1323.21872565
-1184.51324751
-1219.58502824
-1188.98269765
-1651.40667849
-1393.34310315
-1485.88880185
-1624.71789846
-1612.48763982
-1622.06788811
-1520.56035318
-1640.95627084
-946.42918039
-1386.74901568
-1478.26361069
-1525.89658634
-1203.16093025
-1440.23275202
-1480.34019629
-1639.83098982
-1217.20989224
-1369.34516228
-540.93488204
-1500.77764431
-955.19593260
-1633.64250761
-1504.21111940
-1628.64928792
-1609.73764898
-1627.32268465
-1569.90222879
-1647.15326221
-1646.93895202
-1653.43476795
-1411.58934290
-1195.68294214
-1468.47737065
-1503.13762093
-1526.81747556
-1608.62859502
-1620.21938798
-982.69238166
-1632.60637454
-1477.17861196
-1199.24729773
-1514.34318339
-1390.88231214
-1321.91334907
-1133.18694491
-1531.05596396
-1493.99119109
-1355.13924443
-1412.40240104
-1611.94369629
-1190.28600921
-1190.18020388
-1381.91210706
-1500.59497254
-1316.64454221
-1590.56867164
-965.40065894
-1549.16038617
-1553.66743467
-1561.15631058
-1499.01390027
-1650.97681371
-1644.92953127
-953.92326453
-1624.97851133
-1507.47822209
-1352.14064511
-1540.58380388
-1283.08139281
-1628.24944141
-1155.67939053
-1615.45743849
-1513.11431545
-1646.69784940
-1646.36634397
-1093.88070559
-1650.05525791
-1617.53264109
-1065.51785837
-1513.61640814
-1490.86118942
-1490.84080903
-1552.64730227
-1436.06923248
-1498.30940685
-1517.54840661
-1477.25517174
-1219.97341354
-1353.88945426
-1437.17658044
-1141.21450603
-1423.00984259
-1490.14108348
-1084.37404670
-1119.35543413
-1326.01610646
-1172.86853437
-1646.77890676
-1377.45642602
-1489.14747964
-1385.79796969
-1228.38229022
-1009.68265784
-1534.04202833
-1606.28137787
-1635.90948142
-1652.46879191
-1599.09336552
-1589.12982463
-1354.47437215
-1393.14840733
-1570.48424000
-1502.12355303
-1071.13028139
-1229.66134513
-1377.24325433
-1182.24614481
-1175.54372184
-1469.75881010
-1347.18603160
-1244.14181131
-1486.47040432
-1102.05484912
-887.38694180
-1499.23500650
-848.35542142
-1298.54168108
-1507.31258747
-1449.62756033
-1231.67516865
-1341.86214566
-1238.85166524
-1631.07157819
-1527.85743689
-1530.12405174
-1196.26937000
-1395.09035517
-1440.36373427
-874.21799300
-1170.80422850
-1565.87764544
-1647.83326608
-1182.18873762
-1495.86121785
-1496.77958586
-1452.55343798
-1650.24222614
-1489.59986978
-1608.38814407
-1539.91510411
-1373.11509387
-1279.20111648
-1299.08553444
-1604.67023869
-1343.40272418
-1619.22337156
-1502.25486018
-1630.33291348
-1591.98378855
-1539.75098407
-1495.36101257
-1487.62502079
-1193.48359223
-1177.59125166
-1633.33687677
-1622.27256298
-1486.64176140
-1648.36854360
-1179.41324011
-949.92300833
-1596.62801938
-1612.95327027
-1647.04938773
-1650.98698763
-1550.94692946
-1057.27446758
-1347.52351504
-1460.18527801
-1459.25194402
-1643.16441610
-1345.16947640
-1636.84711236
-1646.74133223
-1587.73704635
-928.07515157
-1638.92358088
-1484.66675474
-1489.40885311
-1621.79643549
-1254.03793550
-1507.51321774
-1394.81969680
-1468.43210410
-1495.34257234
-1646.51617020
-1530.93563498
-1569.99638337
-1449.92213757
-1343.04700003
-1514.60736968
-1476.76814672
-1615.10590794
-1559.84777938
-1150.61740573
-1455.60870050
-1378.21347360
-1178.10083267
-1161.66597959
-953.57149955
-1514.42602926
-1181.34790910
-1194.40217715
-1287.18506460
-1324.91142517
-1648.48253036
-1635.52141031
-1152.79903944
-1426.11815145
-1497.88607359
-1507.06944531
-1326.81943808
-1499.60011688
-1114.61907960
-955.28250711
-1604.56942628
-1476.69384234
-1289.49363164
-1511.95996846
-1498.61977718
-1630.26155621
-1426.30256465
-1293.55465538
-1608.31284315
-1299.11732082
-1607.20853112
-1635.33633402
-1489.34131231
-1229.41079584
-1653.30449874
-1493.53563980
-1604.20872031
-1566.13673400
-1477.30906252
-1653.73817078
-1603.93822956
-1376.26007204
-1509.44848989
-1607.68148120
-1016.89797863
-1414.90922519
-1193.23653397
-1510.40009523
-1592.43746796
-948.84040030
-1508.33824216
-1534.43558660
-1531.88131113
-1647.88440423
-1177.36425872
-1046.52589903
-944.55799304
-1509.38081193
-1482.01791943
-1503.67123396
-1474.79145060
-1362.36677205
-1591.24226306
-1553.45622145
-1584.33066305
-1244.66968413
-1211.75737623
-1572.34776581
-720.83795417
-1563.59637154
-944.46705863
-1550.81818709
-1644.17481077
-1639.95606410
-1344.52457072
-1635.93319399
-1613.99443194
-1048.89604640
-1077.12034374
-1510.32593947
-1355.87050757
-1175.36034668
-1127.34644788
-1047.76084241
-1404.22338158
-1497.54713020
-1059.11284199
-1624.72480713
-1500.32111090
-1332.94116080
-1627.74032137
-1282.69117088
-1401.74244577
-1569.64052120
-1147.47879851
-946.63748625
-1643.38842738
-1181.67565589
-1440.36146367
-1272.94941207
-945.12279793
-1545.43384904
-1614.69414139
-1520.09476869
-966.55422477
-1369.37943040
-1392.54395365
-1150.03260906
-1381.84564578
-1553.71727346
-1251.57688416
-1604.55280623
-1189.32383484
-1615.44339868
-1560.66073938
-1193.97519721
-1342.82695518
-1062.87885538
-1478.42903109
-1073.84658264
-1539.64261473
-1170.73944160
-1367.56775945
-1520.19040812
-1138.20716901
-1438.50381277
-1589.36934539
-1493.08503658
-1223.75870976
-1519.66079113
-1147.83804236
-1496.09389373
-1623.26199861
-1493.00863754
-1521.32186205
-1644.57141675
-1526.08573814
-1154.76621758
-1342.78772208
-873.09680533
-1572.37331576
-1443.81839328
-1278.70876655
-1587.38955595
-1167.75755819
-1494.96541596
-1391.39861815
-1174.87184062
-1547.06638624
-1061.77348412
-1520.46345874
-1503.61063962
-1146.75345025
-1616.71145965
-1550.24148298
-1505.18103476
-1649.84736712
-1651.41342892
-949.10673222
-1631.63315370
-1647.58276585
-1509.97162356
-1367.74470802
-1430.08393068
-1640.87713035
-1561.73636965
-1345.96859841
-1238.45786455
-1446.57886250
-1389.08680451
-1634.48250619
-1595.59568535
-1253.40667000
-1184.90089939
-1513.85724765
-1650.16073528
-1647.47499598
-989.98787166
-1002.07699038
-1486.59228262
-1561.13654440
-1643.09195731
-1604.54756928
-1502.81444430
-1231.81796514
-1334.09834668
-1311.93702125
-1438.50830562
-1524.63545103
-1491.86994081
-1691.80507280
-1054.57709646
-1490.28195993
-1575.37765782
-1516.27308019
-1395.20922962
-1626.08215652
-1431.87291319
-918.33267448
-1641.12149811
-1485.36367717
-1483.26553362
-1215.24434038
-1139.55151890
-1489.59535152
-1217.33233403
-1599.47820159
-1495.07896329
-1350.04638743
-1419.61659769
-1482.79324934
-1153.95966080
-1310.38493403
-1467.90010554
-1301.90676888
-1493.22106268
-1517.30646578
-1525.85614151
-1649.47853173
-1485.99037523
-1652.42340168
-1191.63877152
-1642.06670911
-1503.89805403
-1639.53253627
-1071.91940061
-1077.27000844
-1359.11721614
-1590.28809635
-1540.89279672
-1505.71064382
-1498.35954015
-1508.62438028
-1498.09199491
-1530.89622193
-1422.36908881
-1515.15956989
-1341.03517338
-1639.51376868
-964.78808539
-1610.63148264
-1530.54126740
-1624.98442337
-1341.17539137
-1542.66854569
-1526.26853567
-1472.14043136
-942.42667914
-1445.20157952
-1532.19541837
-1485.84910520
-1649.09956418
-1282.99865367
-1420.47017098
-1649.25841757
-1628.54054864
-1527.81031294
-1560.60845631
-1274.70401039
-1375.50037421
-1318.39805169
-1198.10368619
-1488.31236443
-1534.02742960
-1239.64582650
-1559.07316550
-1557.58223520
-1531.70469969
-1434.57929168
-1557.18658970
-1074.64168459
-1192.73635950
-1153.93422090
-902.20081076
-1604.13003557
-1525.93068734
-1634.23878077
-1646.80219331
-1374.35348500
-1524.60819663
-1513.69425607
-1568.76283264
-1315.12497959
-1560.45838479
-1399.18933829
-1174.89399714
-1474.05655454
-1224.06325805
-1465.12983905
-1173.24621731
-1061.13088881
-1450.70921072
-946.81513991
-1173.92106518
-1079.51677625
-1392.94058004
-1550.03805609
-1582.86175134
-1142.72812282
-1380.51107272
-1164.12553076
-1490.36690920
-1624.23286753
-1538.38660775
-986.16049954
-1556.95239673
-1635.66478425
-1644.71461426
-1563.37737792
-1644.67010530
-1475.95485246
-1510.19703210
-1646.50426810
-1650.07095886
-1631.65571913
-1495.28067783
-1574.87367607
-1552.87547209
-1132.30833121
-1100.97390331
-1637.87288937
-1531.55568962
-1501.42996647
-1650.01812587
-1570.16414087
-1638.71604523
-1509.91247682
-1367.22159500
-1601.90612557
-1633.00702625
-1496.40325785
-1230.97762168
-1542.09551414
-1131.78512106
-1400.35462052
-1511.03509808
-1171.59421781
-1543.94254982
-1196.07918671
-1509.57746260
-1557.14032401
-1162.89074140
-1450.40474050
-1177.24776945
-1489.55739580
-1356.50380637
-1179.01733715
-1638.80307603
-1599.71132039
-1377.19221205
-1583.27650116
-1549.07847402
-1197.11193447
-1625.62151317
-1345.52982099
-1386.58602008
-1651.28653489
-1622.31531670
-1486.40137177
-1497.15514371
-1483.39147329
-1070.13116147
-1630.68114118
-1620.29048312
-1496.64748969
-1628.52392226
-943.28817021
-947.56750509
-1036.51532496
-1648.57781670
-1496.46614272
-1453.21016874
-1638.74182912
-1641.62855521
-1617.06369513
-1510.84995024
-1516.59138432
-1645.15168860
-1646.07184516
-1069.40863191
-1491.66983758
-1387.76539052
-1298.35405047
-1605.05134118
-1413.34792503
-1385.39655215
-1463.22340315
-1391.92260853
-1161.77115690
-1011.92429358
-1436.03464438
-1473.30314119
-1527.61054375
-1624.03460689
-950.38678174
-1265.10366999
-1053.01915885
-1490.85430547
-1405.86742450
-1302.35796916
-1210.88720090
-1351.45098416
-1045.96247425
-1492.70736139
-949.78531411
-1124.61084754
-1608.46709051
-1494.35123544
-1405.41479043
-1440.38255910
-1527.95306641
-1402.74267860
-1513.19507881
-1455.26135393
-1616.30952698
-1253.50859352
-1179.08045879
-1529.99043455
-1570.66905262
-1579.61706796
-1361.04499056
-926.19546104
-1311.59264189
-1477.24962522
-1297.10177290
-1344.16489476
-1161.22446385
-1347.29548514
-1538.61682341
-1456.63765295
-1291.93472838
-1507.36887251
-1365.44115073
-1459.92462557
-1613.34340676
-1308.16992896
-1514.39496954
-1654.32298904
-1548.49377468
-1502.45034736
-1604.53718669
-1649.40875244
-1042.65587889
-1566.01336118
-1639.00626452
-1163.40005383
-1638.21679568
-1396.91205000
-1417.77022247
-1249.76984080
-1637.43509974
-1309.37060429
-1501.95774013
-1552.48729130
-1098.61964099
-1475.40496094
-1062.45877318
-1494.85983099
-1533.54063504
-1539.55729869
-1411.63637802
-1487.66090347
-1501.14150170
-1046.33259373
-1170.37321048
-947.47089116
-1513.38055894
-1183.09493219
-1326.06957527
-1494.50591238
-1496.46509047
-1190.52225718
-1513.61987319
-1532.31537494
-1638.05460811
-1125.64893629
-1638.84552065
-1079.62547116
-1501.53791305
-1036.39211241
-1395.84230058
-965.04211719
-1498.06634064
-1633.48909217
-1490.55679694
-1536.81559701
-1291.32394791
-1319.27638334
-1519.11200780
-1594.87222606
-1642.61395395
-1035.74542738
-1634.61374950
-1646.89768832
-1059.37252816
-981.99941277
-1651.78223677
-1640.53854116
-1432.49588596
-1466.13855169
-1449.47778372
-1446.11662509
-1106.20246288
-1067.13629731
-1505.25349593
-907.78114195
-1394.16356801
-1345.10216621
-1391.10148952
-1374.50027656
-1303.14998553
-1085.31568789
-1575.76650128
-1289.26318969
-1646.74296169
-1229.22470458
-1071.71795725
-1554.11248288
-1396.42341003
-1280.85506152
-1323.91365501
-1167.31209343
-1544.91699075
-1578.07503719
-1501.58769327
-976.68560937
-1491.21319692
-1415.95577926
-1619.56586923
-1649.38547147
-1613.95145653
-1497.15672991
-1491.96348225
-1646.08686424
-1060.69136084
-1505.24501701
-1017.72710539
-1340.26678730
-1180.89580812
-1435.21908288
-1035.18828299
-1161.54968011
-993.52193032
-1563.59293565
-1416.36143831
-982.42945304
-1488.62721662
-1203.28644979
-959.18405270
-1630.96806840
-880.16198531
-1509.79742587
-1480.59313128
-1579.01463556
-1154.13991863
-1464.13304494
-1482.17329995
-1500.04474461
-1041.30901359
-1397.07433091
-1007.74671677
-1080.60219966
-953.93912840
-1599.48455669
-1482.97755650
-1635.76806168
-838.87602001
-1640.68228375
-1649.78584872
-1491.92689472
-1503.80724522
-1379.59634679
-1641.03230982
-1487.23310039
-950.47915755
-1221.86805913
-1642.84427368
-1575.67084436
-948.86730796
-1650.33568460
-1649.63179391
-1642.82176973
-1499.45659342
-1265.13321497
-1620.60914784
-1517.22597367
-1176.71832325
-1180.66786236
-943.03779514
-1444.57339527
-1102.24902732
-1635.40763517
-1627.47293399
-1042.57694346
-1516.17339787
-1612.14707784
-1532.86952514
-1552.33811902
-1198.45295757
-1196.36112259
-1650.63776096
-1645.20511324
-986.24015921
-1494.08492735
-1488.75832271
-1624.44966621
-1488.90497661
-1594.81556409
-1645.73569002
-1098.22598241
-1523.29460434
-1512.20633299
-1421.16451284
-1499.66103489
-1592.21911652
-1524.99833051
-1264.60429102
-1635.16019743
-1417.57670179
-1356.64672387
-1188.00156262
-1509.23605901
-1526.34514473
-1480.84457811
-1385.21922398
-1223.16324622
-1486.15854030
-1644.34983399
-823.31116754
-850.40125704
-1538.81726678
-1217.91474032
-1566.86218520
-1163.66498611
-1484.06026763
-1294.16195344
-1629.51699310
-1246.29579418
-1340.90971371
-1360.22555191
-1651.32372805
-1608.24151962
-1383.53489586
-1537.68834605
-1535.40338018
-1401.64317316
-1428.53169328
-1301.27736003
-1293.90429794
-1185.92473778
-970.10758768
-1650.89256118
-1639.88453688
-1647.17533141
-720.91337461
-1177.25761520
-1485.14293499
-1327.34000206
-1054.42408568
-1639.79124744
-1577.17318041
-1647.93889962
-1244.53869588
-1513.47572356
-1271.25968248
-1441.73581394
