-1674.67353396
-1233.17179287
-1632.68343645
-1490.35636856
-1583.85073279
-1383.28229697
-1309.70173929
-1518.53711065
-1154.39859163
-1519.23786384
-1215.85220155
-1611.48491723
-1529.18596958
-1586.97139069
-1637.72198822
-1546.95976352
-1582.13112804
-1587.38747443
-1474.34251042
-1527.52852857
-1490.31389701
-1500.91397138
-1424.15278359
-1403.92185366
-1567.02975514
-1494.08165144
-1470.04677295
-1557.54980921
-1458.45907276
-1312.41154446
-1484.90825577
-1215.56595320
-1225.62723807
-1299.38507873
-1231.55201922
-1301.13696408
-1349.71612752
-1385.43490687
-1387.10163857
-1429.35819881
-1395.52202682
-1272.56270261
-1451.22371808
-1531.77290841
-1347.53209712
-1132.11599524
-1163.60143927
-990.26527237
-903.41071388
-1509.90675579
-816.19425095
-799.83596295
-1093.89610117
-878.83525586
-10.07992721
-271.28176027
-957.66693086
-1519.20388799
-1497.93506843
-261.37364511
-268.03266488
-264.26121278
-5.20542369
-1065.15039252
-937.68961780
-267.22124832
-1534.40885161
-516.68313757
-791.36647751
-927.05100873
-1268.69090943
-1050.53286860
-139.94621134
-933.32285628
-137.46789000
-914.88505079
-906.21981962
-317.96447725
-387.29355436
-137.28004071
-145.89159102
-132.92394427
-891.15949045
-248.05886402
-0.56016751
-126.02460353
-368.92853965
-255.97928173
-247.61264564
-1.71156419
-124.89474636
-127.60988683
-241.14099178
-336.25336951
-123.48650174
-126.27839238
-126.46673521
-0.11290559
-127.61255241
-236.98824573
-124.16289422
-376.44659397
-123.09393579
-125.29397008
-0.32269303
-127.49544458
-125.67353446
-363.14827080
-1374.25739073
-250.27082513
-0.12685246
-0.58605125
-121.32144955
-127.02738042
-1177.08499557
-618.24435337
-127.97014996
-1172.35476536
-1285.12919011
-1168.19216836
-128.15431110
-902.29142618
-126.09918871
-246.19398218
-386.69812230
-246.99328765
-0.84200410
-118.60445443
-388.94795304
-0.27247154
-114.76914662
-129.39195595
-0.50538647
-629.92408184
-393.70663172
-125.01030048
-120.49340000
-126.97172394
-0.64907751
-124.12767700
-120.83191648
-241.15078266
-117.51880959
-124.29329804
-119.93339774
-124.61993120
-127.81853465
-125.64196208
-122.69765988
-126.44272767
-119.68455191
-125.20234345
-115.30050493
-124.63821866
-0.68674393
-124.42136077
-124.33221533
-126.10295242
-233.40888946
-122.44114743
-246.03191751
-116.29690935
-496.54179133
-460.33186406
-349.65924060
-120.82994190
-126.99404765
-126.25549569
-128.18904463
-236.46328568
-124.34018506
-0.22181353
-124.90126031
-124.27226457
-233.03307548
-118.55721793
-120.91479516
-119.43839195
-351.51590543
-116.00234957
-117.00870558
-114.59138593
-115.55973776
-121.96600395
-118.15625921
-120.40456128
-117.86097317
-369.45948439
-124.87038964
-345.17462679
-127.64380944
-246.82870627
-127.47325321
-119.54641673
-125.48831799
-1.76825080
-2.28129953
-128.00691019
-354.29138314
-116.12045295
-354.40299483
-128.73265994
-125.67673241
-123.31388084
-124.36072800
-1.88755119
-627.99192631
-478.31399997
-126.41149465
-126.15969423
-121.08628061
-124.75418841
-759.06640447
-129.48268880
-0.57425864
-122.38720469
-243.54398889
-123.37822361
-345.73055570
-0.50811714
-232.94648612
-363.53974780
-113.96175501
-226.50908942
-126.50439377
-330.37350793
-120.09963151
-127.99228295
-125.05841541
-120.98924346
-121.51155708
-224.69727782
-118.29916710
-244.42329541
-120.37022570
-1.11194157
-129.33461151
-297.50079344
-374.37544102
-118.25385310
-350.12876008
-241.19056168
-126.22736035
-125.44089166
-2.38359134
-126.40324429
-0.92358844
-129.93634005
-127.10568143
-118.87069684
-128.56113095
-1.47597109
-122.51906397
-247.82428127
-130.47889924
-380.52875439
-118.71588779
-130.29634394
-337.66858253
-241.45921170
-126.45558849
-130.17659940
-120.41499031
-122.01902374
-124.69602707
-494.98268985
-255.55802537
-127.89733671
-129.21831946
-120.61504584
-119.53288371
-1.92205777
-122.71417648
-126.83217543
-240.48849182
-117.51172352
-126.47400801
-114.06260941
-0.45323518
-254.50532394
-118.35731641
-0.47829077
-247.25711982
-127.93827432
-119.87851655
-241.34427454
-126.71955437
-120.16568902
-116.68622660
-245.32215258
-226.42896288
-127.15010677
-126.90647863
-126.77999533
-126.70069626
-247.18024570
-818.72292313
-750.13362150
-245.05184339
-357.17149567
-2.77652046
-125.60427439
-125.40511865
-248.07391394
-116.92179391
-129.89491655
-366.67904869
-367.51885966
-241.90644781
-117.66681877
-1.19701757
-128.46445115
-118.18146887
-131.89055813
-126.23108485
-116.63217242
-340.71961679
-128.43111038
-122.43574469
-127.43094218
-126.33424387
-126.71987107
-122.57113760
-123.31600932
-131.35406606
-3.09834958
-123.46359294
-119.88297361
-469.01771690
-389.43011737
-128.93496995
-121.40459522
-3.49074045
-118.54416269
-119.79311031
-126.07706520
-297.86920330
-120.68483249
-236.22547039
-345.54757848
-120.79231356
-461.14637782
-371.53874259
-246.90609723
-2.54305930
-357.10058285
-128.86893919
-124.08216922
-123.16214360
-122.91403696
-113.99976144
-241.63136774
-1.28060382
-117.98826499
-236.36728541
-121.42274845
-0.76488549
-123.37228823
-868.45427256
-767.74908418
-635.88519432
-373.66804102
-239.40453592
-126.11759764
-504.68646809
-121.21297881
-117.58934656
-124.33689256
-236.74741734
-128.32583546
-240.77073413
-127.11527374
-247.74328955
-128.15509898
-118.66065794
-119.05824087
-252.44686503
-119.52416349
-119.64173157
-117.07405354
-124.85421727
-123.57081146
-244.75948698
-354.57032439
-247.83586164
-247.52763685
-121.46103594
-252.28286185
-248.45219793
-124.10957636
-246.91071404
-5.37713615
-126.25235087
-127.70811967
-680.60122876
-741.52793477
-235.87967564
-119.16903204
-123.24310461
-116.21459497
-119.22760757
-326.06807030
-123.48850996
-123.07994316
-127.97131882
-123.07031449
-130.03417770
-130.17120237
-123.17402771
-240.70173353
-128.82062515
-495.72619966
-250.82415054
-6.55100237
-116.91026027
-225.83099245
-249.34618706
-362.95068869
-345.68170057
-124.52545250
-250.22455640
-124.13973012
-126.30142008
-251.67337585
-242.23266098
-125.14709352
-125.27319085
-121.20230885
-126.29451703
-758.08470816
-4.77336726
-223.65041541
-129.67260899
-130.01302474
-250.13671563
-242.29443242
-231.28753089
-227.53733834
-129.62034766
-263.72105035
-128.17851632
-240.15309467
-122.95437460
-132.52571038
-125.05445531
-364.83867439
-340.32790191
-367.05372953
-243.91353664
-244.49880678
-349.41631730
-247.73432375
-243.87854207
-249.73225631
-375.00899181
-243.44405530
-247.60950064
-6.67141881
-129.33156328
-235.01712507
-130.02820258
-8.79519382
-239.75699374
-129.22453866
-238.11332509
-327.34818194
-248.18562420
-130.41332032
-11.52266756
-252.09563912
-364.23135209
-239.72997958
-130.71233122
-122.52767363
-131.71707578
-238.79267714
-8.49877111
-128.19728883
-129.65239381
-134.49497003
-124.78177690
-248.51233292
-232.05124298
-370.21792225
-239.32103935
-242.51895850
-123.80050505
-118.02416972
-119.98458942
-243.27944193
-121.20503094
-245.74000072
-126.45066045
-123.05558008
-858.73121885
-507.61099278
-620.71134852
-732.93864054
-125.65027756
-124.88472229
-128.90161191
-247.84605443
-263.84824603
-5.47027489
-126.51114518
-124.00435724
-128.81552488
-376.05835184
-6.78914519
-235.40223426
-123.96337560
-123.17985432
-794.35102730
-726.65664396
-127.58652265
-269.84634902
-846.72620130
-751.64750215
-757.68646782
-637.58501198
-493.75134464
-326.69498081
-248.66032395
-8.31528566
-126.99207735
-128.97336181
-314.38842522
-392.99699225
-251.80046036
-386.59003063
-126.98944868
-130.02126824
-134.98079465
-137.00977279
-131.97349839
-133.26581811
-131.73533404
-127.40253746
-133.48780111
-129.59721092
-506.69040703
-428.64620364
-383.81170598
-257.13185834
-127.38114866
-10.74671010
-124.35119416
-11.94833887
-135.63118726
-127.13226355
-129.34613472
-133.26762126
-6.82023006
-230.44748174
-9.03147814
-127.51487037
-9.99226989
-130.17673305
-373.20313931
-257.56128855
-127.25898476
-121.42211938
-127.11217899
-234.62470777
-3.74655174
-737.97099233
-743.72996041
-747.92755157
-372.87649318
-133.99016652
-133.42428579
-371.51008971
-135.94983878
-134.05264098
-136.67602173
-511.45066533
-258.61650657
-125.46406942
-6.66764300
-127.57675801
-246.90055449
-133.37560633
-251.26265166
-246.63257685
-6.22770255
-2.78160151
-127.25806638
-126.41849385
-131.76441490
-6.40464997
-237.22352311
-357.63751038
-917.57524043
-370.51264296
-606.36186358
-863.36721561
-243.06001029
-360.29241498
-125.96419708
-714.31341097
-582.01601120
-502.06431617
-724.86846529
-625.37552376
-828.61397217
-365.97346264
-128.18188277
-2.50936379
-370.48794293
-393.90707621
-630.76726835
-122.92755576
-247.22548362
-382.09846167
-3.54031429
-125.97133982
-240.45042475
-115.12734158
-126.70970283
-118.64945387
-255.14573284
-129.58986203
-236.90604702
-128.39556430
-122.01165924
-377.65236019
-126.68796019
-350.65464542
-682.68192011
-870.38151528
-379.27756447
-126.90451644
-625.80173434
-8.42470718
-122.64986244
-126.79526389
-366.71058154
-8.32114534
-236.84462722
-681.05887162
-870.53118720
-763.50628056
-1013.82394785
-875.39739991
-372.98287636
-231.12539081
-122.61175119
-124.87644148
-120.94781022
-4.28968127
-267.65831585
-483.57722767
-7.99953359
-239.17497164
-235.82085411
-122.86499264
-253.38226908
-129.88589977
-128.86911943
-121.59073873
-238.43550516
-5.66295217
-117.39106124
-125.20816674
-126.91908416
-446.64055688
-120.81031417
-122.87133390
-368.25893872
-232.44589195
-123.85413662
-125.65680706
-123.58347459
-613.38468159
-399.80509485
-308.97600373
-11.03630574
-501.24329134
-132.15503888
-234.65445640
-121.64177619
-125.02175383
-491.83737911
-567.09046557
-744.57505476
-1027.19196947
-1055.69826362
-917.18558993
-1105.65992812
-1008.13678251
-1033.91934887
-628.79034454
-241.63491091
-4.40319919
-239.47008830
-1.79473346
-277.03864848
-124.97183027
-0.94758315
-375.46833777
-876.87009570
-1000.21259395
-249.05198325
-0.64390721
-1.20224353
-0.48969263
-120.69274504
-373.00941404
-223.36485023
-624.61902987
-0.93203479
-359.24322211
-0.35306202
-117.44625550
-118.89202706
-3.53672132
-368.75239430
-124.42518468
-120.72321813
-124.72125945
-125.40731400
-121.92507469
-381.67350409
-123.82836833
-2.52983069
-120.89970847
-228.07297623
-123.96487524
-378.45237186
-504.47660546
-251.24791280
-118.27757350
-412.45649022
-357.77528545
-116.02423557
-126.30793040
-117.53079847
-286.23444635
-232.65561618
-240.73822007
-127.26936387
-123.09238490
-240.27764314
-243.01522132
-235.74363487
-118.12580231
-0.23742363
-115.81677458
-119.15042345
-0.37621193
-249.32242940
-123.67386459
-236.16977510
-258.71480664
-250.24053966
-246.83149619
-251.89634039
-116.64474814
-361.79420240
-627.67535285
-630.23792768
-224.06851356
-0.66697693
-122.26196626
-119.88819865
-124.37209182
-251.40832888
-753.04634939
-238.75050514
-237.98379358
-0.10944988
-116.13866378
-0.31160888
-129.92757914
-246.36846280
-361.17868618
-366.01801766
-123.85615640
-235.63104621
-246.49698433
-259.99534792
-243.69051102
-120.18419334
-235.09424804
-124.65241814
-377.12368123
-372.63219120
-245.34813563
-115.31805236
-231.21407608
-119.83944561
-2.88002888
-238.86220918
-121.07340176
-122.84394752
-0.49275476
-287.20810677
-114.74382442
-383.51340549
-623.50488962
-645.87996702
-734.25156943
-860.69933530
-753.14667605
-637.01307929
-621.90895009
-844.78099546
-632.59820455
-580.34473022
-979.02751584
-633.67095898
-906.45729921
-1003.16808549
-631.06607476
-235.16215769
-121.53095448
-122.75666644
-130.48648628
-119.86142167
-496.95329954
-863.69676767
-602.74999407
-1088.32029863
-1035.42625790
-873.24073661
-125.37946339
-125.02622965
-7.98761077
-129.78941928
-335.24167244
-850.68553928
-485.03344358
-235.65159928
-8.49663657
-121.45249421
-123.07398127
-241.04120146
-120.09605364
-358.57034632
-235.25982101
-5.57341867
-128.46793211
-341.12246255
-602.89867476
-124.44023084
-126.04646332
-230.72751001
-129.13397544
-212.11714247
-381.38871334
-121.54409135
-223.27626866
-302.78859669
-126.06865154
-355.95379448
-126.05455862
-353.48448840
-122.75212786
-118.20349444
-119.27720154
-117.70865883
-2.30394269
-119.69424639
-248.60167490
-249.24064996
-492.78730115
-239.46463313
-226.48752181
-223.78071824
-116.77820098
-0.69550403
-116.51433081
-124.14781140
-129.47913168
-372.92276141
-744.05313080
-744.78178781
-672.81734293
-872.27536564
-624.86587181
-574.73058006
-255.15336941
-124.65402600
-300.76058760
-230.36077411
-241.39983121
-226.57995289
-0.68746792
-0.22102803
-5.42699353
-134.30052362
-130.07009770
-735.22584649
-750.51611938
-731.88398372
-629.62717406
-751.81275884
-249.03336020
-844.98096652
-9.92339977
-125.36470332
-5.68847717
-124.90670135
-603.47728024
-252.87520386
-353.36408419
-622.51822420
-488.57036656
-492.68788080
-1.33579235
-113.74681394
-124.32201514
-2.81289085
-375.50616015
-233.12080421
-125.07782640
-120.77407337
-118.04175659
-240.67593153
-124.39854599
-376.70576442
-308.82090484
-241.98090607
-120.45161279
-242.16219812
-378.87715921
-703.02477953
-245.02317316
-611.32748721
-247.11401365
-247.56405791
-283.20296984
-888.72267717
-887.81525415
-878.73244248
-783.88788421
-497.85654803
-250.74047736
-10.69636481
-255.03924357
-512.54840488
-586.73203703
-713.33203983
-804.21819434
-850.26085674
-633.06974253
-375.33767580
-122.17032780
-6.61769304
-130.97803046
-227.86036160
-127.30458205
-238.70796733
-635.17045950
-403.73050865
-1.25849642
-241.63905275
-346.49784246
-464.62311007
-119.49751411
-241.19832025
-237.55752796
-372.34673537
-124.02431978
-126.41264213
-124.37449647
-498.45025138
-369.01660660
-118.01179133
-354.88778714
-120.25125782
-492.39033737
-132.88467524
-229.79568785
-116.72591561
-127.27594013
-254.46131783
-245.04625793
-123.70455012
-268.71630955
-747.79090717
-379.65580759
-241.19228610
-238.25500934
-4.98402436
-240.34426806
-329.28479884
-132.06346746
-502.34026654
-241.54458029
-487.79788467
-807.38374357
-875.53732780
-875.58088446
-337.66043196
-862.04711048
-766.49747793
-131.24611344
-10.44104484
-127.81024621
-489.25002665
-484.43583232
-257.33966910
-379.99283591
-648.88204453
-375.41397234
-247.15187825
-126.09202415
-245.37630999
-304.37358075
-134.24655567
-128.04268349
-135.07246424
-131.24927085
-372.92909110
-727.66908173
-136.69517836
-139.65572986
-257.81014980
-251.63640586
-129.79084706
-688.44967892
-659.20853341
-507.08763282
-488.87972567
-132.56237022
-127.17057741
-245.07660607
-249.80475514
-134.19087432
-134.33978897
-138.48146108
-13.50597882
-239.84102372
-131.27706825
-121.63205869
-134.24861299
-13.78611152
-248.57173309
-12.58559408
-243.15888506
-124.55437788
-245.33706904
-9.63165870
-126.78896317
-127.96132963
-122.98585088
-121.02373228
-354.85574894
-129.57990910
-243.65644034
-245.58139237
-124.49667909
-129.56901140
-342.35965847
-117.33222793
-119.46592135
-128.79657886
-380.58734923
-969.76068216
-786.94455805
-752.11988743
-624.13622586
-608.37401914
-364.51439989
-355.31905047
-133.69896793
-129.34362258
-13.97917520
-135.17908343
-249.51353490
-13.70671667
-134.58035812
-9.56405213
-243.01697210
-134.83197350
-363.21785828
-256.10793531
-125.96072072
-10.84552975
-492.13289676
-130.25359965
-252.98843170
-365.20960663
-132.52426713
-335.75729632
-128.50713347
-134.84864486
-127.46113104
-372.08187378
-375.53667185
-375.71889258
-127.97108661
-339.00822088
-12.79801384
-242.51545950
-247.97004907
-13.62146391
-135.95926542
-737.56444039
-625.21849581
-261.27555436
-132.26189620
-129.46533324
-130.29472059
-134.39976352
-19.71489443
-19.24026879
-134.79790285
-14.82505817
-6.15245579
-368.77753281
-15.34547520
-128.95428787
-366.97448713
-484.00216305
-252.89915492
-497.32498280
-627.33443082
-830.81694111
-255.12121804
-127.79390498
-654.73463344
-373.54299701
-382.92296503
-255.65269042
-255.78048040
-500.63972029
-255.95036994
-494.41664522
-500.69045528
-252.27654494
-133.23862190
-369.92332187
-744.09467241
-379.32022052
-131.86364557
-13.51088024
-250.85176062
-123.97965113
-244.01986404
-126.39347938
-364.18177417
-131.46487186
-11.97449211
-133.97211482
-255.08746402
-130.05242346
-130.80496978
-726.66726004
-614.51291154
-652.72452590
-724.83844602
-723.54891291
-844.91638071
-588.76651879
-483.17391850
-509.81133717
-495.68434229
-283.80564925
-477.50203085
-123.95379483
-374.43420254
-253.72497406
-256.70744219
-376.44388277
-506.58357209
-263.87523271
-18.05054431
-394.41964282
-136.54977947
-365.52737746
-379.81221286
-495.75783650
-432.96383336
-251.47645779
-9.07485477
-132.15853999
-11.48299111
-130.65082801
-252.60048362
-358.81954927
-254.51228705
-134.12822572
-126.03404828
-126.19101472
-130.89042149
-242.04421607
-129.40659165
-259.41002738
-497.08907028
-356.95615595
-491.26008373
-851.54010443
-748.98875149
-623.02365063
-254.46568441
-135.27758355
-230.76311524
-138.77821631
-126.93563442
-366.06400357
-236.58639955
-231.04135850
-620.79557512
-536.87623712
-126.73417391
-125.98827471
-235.64214888
-753.81163901
-377.97050503
-733.92987637
-368.69100851
-127.16968148
-245.33435779
-125.61241636
-12.62830985
-738.91215157
-622.77514917
-626.58356858
-741.94269321
-507.71672591
-139.46942405
-132.98660894
-251.37720408
-133.66587670
-3.49309207
-123.66360508
-128.18908768
-122.43554524
-126.23333190
-122.35658125
-239.48962385
-126.09151486
-132.90707757
-120.18271963
-132.84814271
-230.15807067
-227.29212709
-882.05073227
-1092.81788280
-986.78771482
-880.21432569
-138.64110878
-481.11832299
-358.68550461
-227.03266149
-131.53341144
-743.63045606
-511.00589423
-639.44661318
-123.87569284
-360.11605117
-2.08218299
-124.24066369
-125.51223030
-127.64877782
-121.61040330
-380.58411843
-238.88499466
-133.16589450
-249.70177380
-254.06801509
-372.71939158
-132.47280527
-367.24855986
-379.71454104
-258.27011548
-370.86803614
-620.60118115
-744.12156562
-739.38677132
-622.75818141
-241.84630956
-137.51140649
-127.70512605
-126.10273292
-3.16830949
-125.31712147
-243.23438227
-127.64719430
-246.17539238
-377.98195754
-124.25408040
-126.38095680
-116.29808820
-509.59637931
-118.81875062
-234.23169135
-760.62757146
-678.90005392
-784.00283890
-1067.80041296
-1117.87993086
-991.77821533
-5.49317487
-123.33213253
-131.66370262
-230.08547838
-121.90591635
-121.72223615
-127.86095269
-121.63323465
-121.08206309
-131.75787094
-233.13434344
-127.06912587
-123.28397576
-360.84055413
-249.01680987
-136.49522195
-131.21202360
-134.48641663
-249.74908491
-243.16059787
-244.24887247
-755.95659769
-874.64513836
-837.87644153
-780.71740593
-483.69404607
-663.51351632
-243.42069588
-15.62997530
-15.07409160
-249.69549336
-130.80494620
-348.20947743
-762.42745660
-901.29844008
-874.18464320
-760.48998083
-867.30210317
-758.49573403
-748.22098887
-620.60263469
-763.90071576
-636.84213689
-629.96772549
-488.90334792
-130.01191333
-133.03810814
-130.13681857
-256.72018157
-844.25550810
-890.25416411
-865.32828729
-756.34743328
-854.93066672
-777.91084754
-759.11764962
-1111.29372455
-627.26402284
-252.30121657
-234.27898281
-372.78158362
-16.84386136
-15.60801856
-128.89350377
-246.22098342
-255.05592160
-699.60666514
-384.92009266
-245.72160700
-382.37316047
-249.56760080
-246.61088631
-372.94766202
-259.53307769
-133.41328498
-505.02896288
-628.17306266
-394.24548529
-133.85460556
-131.16167166
-256.70243971
-763.76588890
-379.42280724
-128.97325486
-127.75503406
-134.23248207
-360.92207701
-239.97650375
-129.58198206
-129.33337810
-139.51652469
-378.29351405
-142.47088050
-332.75437423
-513.95057704
-127.91158457
-130.71151255
-343.26730045
-242.98159064
-234.74888421
-235.15931770
-129.90328714
-340.33335433
-236.43051734
-131.49697013
-372.39341686
-638.46569162
-130.67230644
-124.73281675
-756.91947622
-817.54708039
-384.02948145
-722.85236968
-622.37101410
-233.05704335
-129.81057783
-572.61539575
-624.74423326
-133.72794891
-123.47007390
-131.81118527
-246.51661433
-238.57424742
-374.41941889
-620.04812214
-840.68758259
-746.52349565
-370.95680451
-124.91831872
-351.74337197
-627.63095553
-876.70700013
-621.47854989
-225.82577448
-249.30916732
-236.37555687
-133.03524750
-124.38327697
-341.58518577
-13.97360606
-621.54879786
-619.80004149
-130.83514674
-133.80092253
-128.47128229
-13.74561640
-14.18536477
-253.23146034
-129.66349278
-332.13006096
-13.81068400
-136.63535802
-123.50269400
-9.73925775
-120.60636652
-383.74066005
-382.19237873
-116.99879147
-120.54332552
-1.72081105
-118.48876952
-122.58668339
-347.76212631
-124.35329586
-245.38232742
-256.62933803
-349.88076768
-121.90917478
-121.98251519
-9.03575111
-507.34280913
-387.28008475
-117.33486847
-242.62990141
-117.05253884
-120.12655130
-229.61300259
-370.49377179
-123.99985685
-124.29093226
-124.38444954
-246.08997171
-119.16065203
-123.45749542
-232.75106070
-255.29251994
-250.64776067
-5.96099962
-6.32663423
-123.33691684
-126.79767354
-122.81946322
-123.96248902
-244.35835462
-12.58272157
-124.57047451
-678.74652284
-941.50664275
-1003.24513852
-779.77159618
-757.94783501
-373.84670509
-793.65714241
-246.98207817
-497.06921758
-130.52823377
-498.63649810
-248.45021650
-56.60128209
-367.10880264
-748.81195535
-247.32319273
-361.55020235
-620.52907533
-117.85017319
-124.32470524
-0.94761787
-287.98733567
-228.98486661
-130.70634068
-122.18003293
-122.24023253
-124.66317839
-128.74255693
-716.11509841
-1090.70249675
-883.76946008
-1111.41308672
-505.14372840
-297.93824105
-129.15507287
-121.25069610
-625.87837592
-117.63210762
-3.95229334
-124.32037538
-295.06287178
-235.41098715
-243.13967182
-119.08110192
-501.63987915
-232.42570300
-120.66674209
-487.06348321
-8.34662778
-120.61529361
-125.95551032
-130.87486890
-123.58248709
-8.29589212
-245.91979378
-241.43644235
-262.29200191
-123.78879106
-244.25054022
-633.19783259
-513.92768874
-570.19181948
-508.85973646
-618.85537252
-445.29659996
-744.56024887
-744.76847323
-502.90316060
-620.24139149
-261.89577212
-239.29890620
-10.45683865
-126.92122986
-131.64858126
-125.02318019
-724.04527751
-986.23305077
-708.72508120
-739.92383895
-129.78711248
-250.69954417
-129.90131777
-239.82570236
-372.55110457
-638.08471352
-694.47422293
-375.74835797
-133.03998977
-355.20276601
-135.56319447
-374.67027053
-746.08732723
-612.43723638
-620.25419461
-619.45271463
-617.59230115
-529.23908532
-865.51296144
-578.92082754
-133.94719030
-127.30247012
-246.63220616
-345.75934883
-235.99559175
-365.34227190
-7.53586533
-500.77342770
-355.55782482
-358.57214226
-251.48660964
-125.42986367
-134.38947634
-129.55271979
-248.71749165
-358.50472653
-135.03950845
-128.91871736
-253.58041219
-122.10273307
-127.06995004
-121.33861611
-1.63486717
-249.33858393
-0.31411498
-245.59534966
-268.77769073
-121.63303549
-117.99110190
-0.44460402
-247.31141850
-2.19237195
-242.09029618
-126.02938623
-253.66145149
-628.08537373
-506.07222780
-253.83062401
-127.47068583
-352.04488122
-126.89756039
-381.09980558
-131.23114234
-253.06775704
-128.89528492
-394.95399391
-392.79830381
-249.78848769
-7.57951148
-242.70961210
-130.57723968
-123.07158047
-358.35363339
-122.50241683
-234.16081099
-125.33553614
-126.15147740
-342.96152523
-126.64474156
-124.04858467
-488.58467600
-123.50117519
-241.96820369
-345.83026875
-648.27770773
-617.81920351
-227.83523638
-491.38454315
-256.45250320
-236.57954994
-122.76005223
-237.00132752
-122.26350760
-243.98588288
-128.63730529
-124.11046825
-243.87671193
-241.21740157
-120.73114431
-229.82811723
-236.56786228
-485.45408470
-130.71785580
-129.73052335
-223.47236103
-126.00161937
-128.31845962
-476.89570808
-613.47722886
-248.56930929
-369.48665052
-573.50937924
-496.71440505
-346.26068516
-243.96962817
-313.67653057
-123.96883373
-504.83846881
-752.28226066
-239.93515488
-262.34471836
-748.28695093
-484.47952968
-121.94464094
-122.67964899
-122.46353445
-368.84942142
-745.45652823
-499.64996208
-741.26878259
-888.37077300
-733.00454562
-881.78290038
-641.47056846
-874.26253696
-827.08860495
-877.93457483
-623.04814419
-142.93799757
-366.64317490
-236.20421438
-357.29002051
-129.76304802
-365.41008935
-129.57923438
-128.45756005
-136.37831270
-128.85806091
-368.72374792
-132.01464052
-264.11344402
-136.77373980
-491.57752491
-627.77299496
-881.17880333
-798.64123194
-969.37469531
-636.40479305
-877.97056088
-479.68927383
-20.02675705
-507.17173346
-365.64508662
-240.21846099
-249.09554917
-133.98986704
-132.11689133
-134.25281171
-238.36421892
-129.72031668
-826.73559798
-890.61628092
-987.11023184
-752.01628077
-361.35960537
-238.09750722
-267.39678089
-232.77661141
-248.15521985
-128.08926783
-123.04873817
-10.06681117
-123.18434166
-249.09860528
-125.71878695
-240.20210000
-826.76532392
-761.99501353
-881.91822224
-627.03934184
-135.55271106
-131.84721599
-379.28751811
-135.41839675
-492.29634314
-877.01049863
-736.76285689
-139.82046019
-492.17720357
-254.33624758
-489.59429595
-876.36432027
-743.44894850
-871.44649796
-862.29154663
-374.85454220
-245.75711787
-126.27498508
-13.58913237
-127.88843713
-755.06193592
-362.43119198
-486.46271970
-242.48850523
-707.04367939
-964.65223415
-618.16220521
-369.21632870
-380.94827874
-745.83815955
-811.73654803
-756.83371935
-856.81273313
-131.86130002
-137.09757995
-431.30658336
-253.32836647
-590.04259719
-595.96047592
-732.81530043
-261.50165435
-132.44182644
-124.94469624
-7.77324607
-241.91041605
-123.02663874
-130.39726905
-510.76787748
-379.97788458
-10.10028991
-125.03098017
-243.84559412
-360.47180875
-359.68537431
-126.77089823
-130.40556291
-365.34834197
-130.35548622
-254.98123695
-129.15928009
-248.00373155
-883.86882945
-1159.15380502
-1130.71213364
-1035.08371263
-887.35840235
-246.72854622
-116.36117563
-123.13114878
-979.13253333
-756.91680749
-620.96787662
-620.48550174
-121.05525846
-123.00002872
-226.08475851
-735.82278491
-474.92623954
-740.48787910
-871.60203001
-626.15129291
-251.76003409
-129.09545219
-122.62983518
-502.75806105
-627.18952985
-749.56585452
-747.38055524
-739.96312887
-848.93252314
-397.43172909
-253.51512691
-262.36889181
-245.37064917
-1.87700961
-121.87478490
-116.70501387
-495.83386375
-128.65965719
-1.76309754
-235.49822893
-505.99244712
-243.92210720
-121.40503360
-125.33838054
-280.90950577
-244.30570937
-4.34621218
-258.02309814
-401.09953358
-353.07224945
-128.91994916
-125.88878226
-117.77936019
-244.24815326
-128.98788254
-122.68811310
-119.96457036
-245.04582191
-127.65884019
-118.21973730
-1.59891928
-238.64965077
-118.11573759
-230.59766184
-238.16520799
-121.89389147
-124.34038497
-234.52560667
-237.65841138
-122.16666513
-118.78132839
-355.69305322
-129.76274515
-117.82664484
-243.65774962
-343.88550213
-2.09601801
-238.31409389
-128.09495734
-230.64543060
-122.91663178
-120.03073814
-252.65222652
-2.41522403
-745.80000181
-730.54334066
-358.54892891
-121.17887951
-121.59833897
-230.86053230
-368.00785700
-251.28832065
-234.84574222
-126.94176698
-322.18303658
-1.79713626
-6.39099008
-117.73878163
-236.87594185
-125.66887598
-246.50788484
-236.42490173
-226.90758612
-126.05396197
-240.87046031
-304.02521474
-123.01043689
-124.03510752
-240.97941570
-354.91725718
-3.13774895
-234.61059035
-366.52033366
-114.23022637
-336.43443319
-115.12680844
-119.44808263
-114.58902594
-116.56074293
-359.92616298
-117.05373024
-126.04209544
-229.22275886
-1.56754303
-119.55906880
-244.22902202
-237.96517315
-124.38623620
-335.61093923
-120.07682492
-120.84101527
-1.63820095
-243.50002774
-122.08373098
-2.01683196
-120.58234175
-246.20747642
-238.09505817
-117.66656517
-121.31647743
-236.75589771
-225.14443968
-121.67863267
-1.03190045
-121.10017496
-119.08747621
-120.69089180
-119.02712397
-117.80571859
-119.46934535
-235.55471049
-346.67809111
-1.67405644
-1.41639339
-125.88011340
-123.08451413
-120.92328414
-4.02675844
-117.89958003
-493.43887190
-242.42776402
-117.60540278
-225.06562948
-124.79008629
-120.51626375
-123.61979575
-231.38466125
-119.94129602
-246.61010247
-874.00395554
-125.53862706
-1.60925078
-119.56190779
-116.70587182
-122.58357297
-120.88065169
-118.20358619
-124.78075947
-454.05494690
-352.44320463
-800.71900670
-618.17428412
-230.91020898
-120.99709373
-358.36897590
-122.66773930
-237.51923631
-121.42297956
-1.23376711
-121.53340508
-248.13762806
-358.71273799
-245.18898792
-239.89196515
-223.62572605
-0.87900295
-120.26797599
-122.11281109
-238.77910750
-247.44935615
-242.08093429
-118.32201888
-125.31763565
-240.06678173
-0.71666655
-223.71474588
-0.31117393
-0.39331963
-229.92720587
-0.47401572
-0.43111644
-233.60303308
-364.78371961
-118.34279200
-123.12817387
-0.23888402
-120.98296892
-117.83323384
-120.00365428
-121.06941783
-239.94255801
-113.30460860
-236.48410751
-357.69119698
-8.87102315
-124.41993463
-134.32023177
-10.36830352
-133.54889230
-367.67761482
-366.40907464
-117.83244524
-245.73804195
-355.54161783
-869.83600917
-1023.25801439
-924.13955856
-472.90871687
-120.54711643
-0.42849688
-128.34241247
-237.02650497
-245.88477462
-115.51351968
-230.46512910
-235.82324760
-751.93713734
-124.12880371
-122.54706704
-2.74761426
-356.83045380
-129.19853316
-238.93953869
-236.12071062
-357.20152614
-371.23396251
-606.98979385
-603.65131172
-491.63772703
-133.09862911
-2.46168164
-118.69489610
-227.25495480
-327.24793403
-233.20979160
-4.38306884
-125.00529899
-122.89251202
-231.35243482
-132.95090705
-123.64623794
-474.48782441
-134.69738802
-355.06728332
-245.80862321
-236.44237756
-229.88646547
-491.43517529
-242.20769455
-597.72372408
-135.80647130
-125.68447865
-374.34451498
-256.73822517
-250.28472202
-163.21196661
-606.17582823
-983.78418280
-617.77360336
-379.47008921
-121.67204136
-126.14057288
-119.82340051
-120.23562497
-118.51551453
-446.20675324
-121.49452886
-237.90092647
-117.01671292
-366.27923467
-256.49438129
-132.27457043
-118.03917418
-482.23779915
-130.05574095
-121.75247118
-117.59301552
-478.05165199
-493.15896324
-473.00381622
-119.97404098
-120.27145074
-129.10008795
-118.77070393
-3.65472145
-117.26483279
-127.83120407
-123.09840444
-118.59876846
-121.95618082
-120.39665339
-127.69150242
-230.67412834
-646.96450057
-720.34724065
-755.71527679
-974.69734041
-747.51492504
-245.39219384
-131.39263985
-120.87016384
-121.79157800
-122.45198943
-257.53202979
-723.98145732
-856.13809387
-124.54201975
-260.59352300
-832.21220433
-378.56822333
-382.47615918
-241.67126037
-375.07518123
-125.92671001
-128.86609007
-129.28973505
-131.20414415
-131.33440033
-118.25099614
-239.94832405
-503.76750375
-244.43159549
-232.12293480
-125.08051656
-0.49128486
-462.44844001
-646.34980911
-124.81650989
-237.74960560
-117.61369612
-264.22807567
-122.01244038
-223.16476582
-122.33672256
-123.88982700
-123.80097605
-365.75142711
-731.15126162
-287.48458892
-384.35603031
-497.39467750
-143.21470668
-125.18587843
-237.21309582
-815.73712112
-744.54344155
-620.46406110
-504.31254292
-596.10439054
-608.39977851
-23.31352435
-129.21460032
-386.00657589
-258.45987049
-123.12924206
-119.37873155
-118.70269659
-245.53977017
-361.50868361
-253.89471297
-248.86618739
-359.35936206
-517.85067562
-791.64182195
-654.76917765
-737.94780299
-846.95300065
-629.29011484
-632.07982985
-386.38420919
-623.57379127
-262.58270740
-141.76870688
-263.75134664
-451.38073360
-250.61199716
-367.28652720
-375.61891448
-22.71567154
-750.03306062
-378.27618293
-251.16811445
-239.67445017
-503.26833889
-846.99107538
-747.63985721
-748.08532391
-748.65487942
-682.38692530
-503.02092086
-136.86841324
-510.40879111
-617.81522695
-585.70320721
-736.06250944
-253.07984720
-612.07827953
-135.88513018
-500.64707875
-9.64833335
-248.21662109
-143.48165937
-260.05921731
-24.16550461
-15.24498990
-254.79038566
-15.54311310
-487.58791747
-509.15793381
-812.54095972
-973.59683369
-864.20938723
-869.75311801
-579.24437466
-627.22294614
-376.47145329
-226.37507153
-620.99377055
-548.61893359
-130.31997476
-327.98057875
-126.43063243
-128.75863613
-130.22264798
-250.45767188
-328.29816542
-124.87507901
-135.62672566
-704.29589119
-544.52345113
-488.04624647
-124.64373955
-700.40486871
-364.42674596
-130.57584065
-131.67642795
-12.44239141
-129.99946506
-494.08476354
-493.13553465
-618.11264401
-723.50442097
-124.61720821
-372.92881813
-251.29062011
-489.69979527
-115.26032246
-350.28912569
-640.34714215
-600.24760851
-376.42539589
-126.79561906
-124.96869507
-238.64559381
-294.62036764
-240.74307009
-121.04093690
-238.27425428
-619.55356504
-736.76173048
-754.79624300
-749.85676645
-858.15555100
-9.57375875
-129.81713350
-372.69836010
-615.21895662
-244.23633771
-332.79585055
-609.20873696
-501.03316112
-123.06942682
-125.96205749
-124.53017549
-245.27558120
-367.50642847
-129.15802465
-121.74346505
-253.72380235
-131.67444226
-362.15386100
-123.87260998
-124.81058971
-235.82715636
-253.16999380
-246.99892263
-252.81466355
-380.56183061
-342.37226454
-375.33544174
-124.33662123
-435.29057741
-229.90366545
-130.01280941
-342.26533119
-242.66572328
-137.15293281
-254.34739586
-228.94049214
-753.51714847
-614.13348735
-477.60648365
-357.64554569
-133.31164390
-261.27668782
-135.63573653
-456.44985870
-745.19955447
-859.05317623
-845.39963984
-12.61573164
-9.01964880
-131.78321211
-324.59790543
-612.23195794
-260.38831872
-378.23340382
-371.98153914
-237.99424612
-8.10240176
-132.67814535
-381.60372633
-246.26094071
-255.09782591
-239.46149141
-628.41399236
-841.14630103
-744.02316265
-616.50546262
-243.03321364
-128.63123220
-8.27960349
-124.20363366
-119.90166697
-274.90685166
-502.36582064
-123.18274433
-9.75149764
-123.78284508
-245.59518174
-127.73679025
-372.69914363
-124.72457022
-346.52635923
-312.47208582
-122.78170516
-245.99191051
-236.27588465
-126.74197343
-234.43012203
-127.26328306
-241.37651487
-4.39959481
-234.00998942
-125.18648983
-126.36168121
-245.39851642
-239.09159634
-817.89922771
-2.11760302
-860.44455878
-121.78006536
-1006.59451926
-884.14448481
-1022.59999469
-608.17840454
-247.10847784
-123.88252252
-121.12955431
-250.87526867
-121.30695724
-123.21252683
-125.26924980
-119.02380596
-119.28292994
-122.54201898
-243.13741012
-876.24188739
-693.33912156
-751.51210756
-247.41744775
-120.13507398
-121.94355591
-266.12776881
-233.94152740
-239.86689743
-124.14333727
-502.64264936
-121.00512865
-122.12438990
-126.39933507
-327.05515277
-237.12041709
-126.72478451
-2.17521834
-126.10667600
-120.07327650
-253.13598431
-122.07027550
-328.70878704
-119.91551702
-228.41492100
-3.14474275
-119.05816566
-128.27371299
-0.76145481
-120.57228447
-120.04080363
-128.17430068
-232.54383497
-120.75853093
-117.61542333
-500.84667511
-630.31924428
-9.11167791
-874.38614379
-863.48584134
-124.46623270
-127.90449756
-135.32632353
-342.21319591
-354.65887783
-9.19533650
-240.18954389
-127.83212576
-127.38573656
-348.65944746
-246.66556217
-360.71326396
-127.36385926
-373.46341900
-6.49548278
-373.50542146
-125.35686711
-612.89623255
-813.37388364
-994.87579665
-249.93860639
-132.69552162
-614.02465622
-6.98621118
-126.64052934
-125.07626129
-132.08053409
-473.58893212
-360.61538157
-121.03713073
-118.97857811
-359.08408767
-8.52024566
-123.86830666
-358.95720403
-232.68545749
-362.29740720
-379.67263536
-748.02348568
-119.74479860
-125.60575486
-129.08932264
-126.71260413
-125.10039726
-365.87771882
-862.54578899
-869.24639616
-254.40497033
-700.50201055
-777.70239655
-772.39449824
-909.59155181
-846.28932866
-352.56738706
-21.28809985
-606.56908952
-754.24250089
-134.00480711
-239.36553066
-758.23277385
-239.61482567
-264.13781438
-743.65472481
-766.49966927
-384.12629013
-261.70026868
-748.70730105
-364.40311996
-251.26119275
-127.93422219
-121.86464274
-250.84274840
-119.54876993
-22.31078244
-607.48634824
-119.66898887
-252.55962550
-865.76430278
-485.72530656
-249.05817397
-247.09064820
-501.97715322
-10.48663600
-875.71885510
-754.00362107
-266.20210427
-509.73034046
-390.33925560
-130.87869729
-240.40270330
-378.96094399
-140.35816604
-856.02200039
-144.95968962
-266.30095163
-10.98583201
-885.96672710
-374.63200037
-261.12441846
-251.33794656
-128.54765690
-833.02642266
-881.41498944
-751.54380981
-679.77511178
-5.96824009
-26.59428352
-143.39349121
-147.05752890
-147.47468042
-631.45970970
-874.59513058
-857.63969990
-637.53720138
-635.51668964
-770.13891736
-369.71046259
-339.01482787
-479.95789428
-378.36701755
-25.48656346
-146.68787689
-572.19346308
-135.61691165
-130.51293076
-264.33241716
-238.19993569
-121.22643523
-708.62907902
-870.88209627
-511.84572579
-130.02311983
-3.39817492
-115.37050058
-248.52073960
-747.65936093
-263.10451008
-133.15869292
-132.48283348
-240.49954339
-131.39420079
-132.28570247
-241.69801434
-132.06078224
-128.89325872
-129.98299120
-127.01667998
-231.55016122
-128.53148328
-252.03541141
-251.62177575
-123.30913560
-6.20337629
-225.56282208
-235.73696144
-136.96617823
-125.45091474
-233.63438943
-242.64058030
-13.04276166
-247.70575412
-134.34662766
-508.74499649
-747.55369038
-630.89615278
-20.90201358
-637.23521678
-267.62084547
-261.00776055
-607.52218143
-887.44498292
-990.99074953
-803.01140579
-1002.58761394
-945.33697117
-874.68407047
-874.27448117
-263.81393080
-357.00380511
-143.64655004
-142.71969947
-488.37633094
-355.36513841
-513.74479080
-510.73807139
-577.08067998
-975.58904666
-877.54181324
-778.86564554
-266.94528112
-129.47401712
-7.77644680
-1021.69563440
-13.67143285
-126.48924291
-9.87293112
-238.67618770
-136.12746479
-249.01614185
-246.86019290
-142.84935282
-148.66911335
-882.46859033
-1011.86268004
-1015.73443044
-22.70294455
-140.63661389
-258.00409206
-367.26798087
-254.35506289
-140.44926917
-847.87300144
-728.61784012
-508.49481449
-766.01221435
-854.40121827
-494.66000221
-762.02660195
-758.71258205
-509.05715626
-248.70843131
-138.47546975
-27.73885766
-263.91085560
-144.55476477
-234.32043187
-759.08417664
-259.56866175
-126.93791323
-235.80840532
-252.40929924
-131.11029455
-142.66177791
-19.61544510
-23.31807165
-133.60700293
-264.96806662
-138.75086994
-384.16734080
-366.48934638
-139.98820529
-139.13117705
-139.76388089
-141.69556315
-322.36706591
-137.96810986
-23.24021205
-134.59410304
-382.02730485
-142.26674156
-756.14675327
-878.00858673
-871.80664132
-453.19798731
-133.94040895
-135.24946097
-131.68984340
-126.73835296
-491.56966471
-872.47936782
-495.53678108
-881.75639452
-965.00535573
-130.29532185
-240.78649075
-622.49789241
-123.51578830
-126.91665689
-899.70449179
-890.70026915
-760.98664193
-135.64560144
-372.77412027
-253.84011185
-133.30363414
-10.23129609
-251.02806132
-11.75063271
-354.54954287
-130.50463176
-122.69351736
-239.56559003
-238.52604663
-252.50612201
-130.71867328
-126.07179136
-132.11972748
-7.01521833
-406.49334636
-129.72045851
-237.74321113
-123.96357696
-340.21560729
-347.39769017
-120.73287065
-126.74788096
-720.65425274
-344.10593305
-740.12352979
-124.18473973
-123.57209220
-123.59569377
-241.91412406
-231.44251399
-127.08636713
-239.65275669
-230.14220417
-477.85428568
-120.34270634
-978.16307101
-597.74889881
-125.56874498
-239.37237014
-123.11249663
-353.16440028
-246.09054677
-9.77673245
-116.30334286
-12.00873513
-120.72384354
-236.06317914
-851.94771323
-876.73059727
-243.45017443
-375.33853393
-779.10737684
-243.87022611
-877.80540835
-762.39008544
-126.91203299
-242.75170730
-839.02685271
-628.36229510
-877.72093941
-955.48115646
-1019.90209963
-995.26677050
-939.41407596
-619.45463447
-138.97958382
-140.39782174
-887.86637666
-996.66856516
-878.42119523
-630.20081852
-386.22757081
-260.81171803
-144.51804279
-262.71705705
-140.71277299
-359.60226000
-143.35361639
-369.17924537
-552.39993043
-867.00270706
-869.89730426
-140.49381488
-147.30194414
-138.64717138
-368.38473021
-130.88346274
-728.97867679
-622.90053248
-711.56968610
-748.03958282
-253.33396764
-388.41607301
-263.38541221
-147.96798313
-246.65912700
-268.21887683
-755.78481144
-498.57470023
-266.30382970
-131.29793665
-140.90281952
-144.15459849
-143.50384245
-123.69488761
-745.25979089
-495.64069865
-876.78609074
-871.81503566
-782.58368875
-758.49433603
-257.96889756
-4.45876888
-866.80576433
-244.10420253
-984.50809001
-124.05145783
-881.82580319
-363.03394128
-125.09508860
-338.56819843
-1027.71375318
-1013.20446959
-367.39373685
-133.88925064
-247.30135894
-247.37470902
-119.57010562
-121.07461815
-355.81539571
-123.10795910
-370.98144843
-273.49766988
-124.01006378
-3.63797119
-634.87894426
-228.47824185
-338.71520093
-124.43207340
-118.34835315
-120.16790403
-122.60680984
-124.92197011
-247.58126754
-333.34156061
-117.10163686
-343.21693693
-241.25786064
-117.18552661
-245.28693651
-852.99284914
-1109.50959520
-860.63666820
-997.61591676
-746.50285256
-239.71860572
-226.32822378
-124.43486662
-500.66275255
-352.04027053
-126.95790990
-648.96241523
-809.88343202
-766.59072507
-220.78416202
-623.51864122
-753.10767793
-590.12080885
-399.27157355
-142.37990248
-2.52049141
-616.34647518
-759.20678844
-890.85026534
-757.47195017
-838.09265121
-538.56453452
-116.85411325
-265.37764554
-372.55611609
-507.79242628
-627.80209376
-626.23616814
-730.27920264
-850.82719711
-926.39627452
-382.50668978
-25.23004304
-143.40183586
-493.94669440
-622.96822920
-734.39414376
-817.98235750
-142.69163936
-146.99981052
-252.56111834
-259.63246201
-268.41946708
-145.20547042
-139.72771418
-492.56847353
-875.01692178
-866.61214498
-826.41595603
-263.36739740
-328.39551169
-434.83658595
-265.36093132
-384.59439599
-519.53827722
-743.92909452
-259.14849567
-800.09638492
-515.40528386
-1003.02771621
-1026.98142591
-928.69319321
-885.58767575
-866.67354706
-872.67143051
-504.26190713
-121.64824340
-121.17979481
-122.34273668
-114.07362229
-379.06273449
-906.04914508
-757.73159116
-2.80038074
-122.09860949
-120.29705722
-330.56684230
-331.32916750
-129.72633262
-364.71498082
-124.78682431
-365.73277557
-349.59494142
-243.22170625
-868.51147899
-602.39518485
-251.69778277
-125.11393061
-4.27782031
-232.05007718
-3.73874810
-227.87968390
-4.64209533
-245.94108439
-3.48620965
-126.88377831
-228.30137386
-122.55696615
-124.23716247
-867.66353392
-243.69663516
-130.63437089
-298.31429114
-247.16818475
-123.00811099
-841.46106597
-357.91125910
-820.97624029
-249.89005269
-385.40911233
-124.16429690
-875.19020043
-245.31663719
-5.16923898
-130.96330658
-4.50206959
-128.95390315
-234.43533172
-121.25569907
-1023.91781722
-1025.52757984
-242.56415702
-575.67614405
-241.56647883
-120.24660314
-230.58253526
-239.52744352
-240.96872164
-127.14301019
-126.66447584
-6.74120484
-129.57084784
-118.63792734
-251.00080190
-376.05271655
-249.05242582
-123.92425854
-5.15856022
-121.11687633
-129.12795521
-350.94422148
-122.16744312
-604.40841964
-626.68173117
-832.01812003
-250.51972941
-346.32588264
-122.32347864
-365.09441905
-239.71422994
-243.28611399
-126.78517405
-248.57340943
-328.63725398
-6.85211786
-130.57637388
-339.24060549
-127.02325354
-121.07378840
-235.23217387
-252.91092714
-241.12056055
-1.74912169
-564.10737191
-1000.33393174
-817.40736965
-234.90723103
-232.61475968
-127.37079864
-124.89699245
-376.52876949
-260.28329967
-490.72364096
-124.84325626
-127.14639669
-129.34335166
-124.77876905
-119.80800359
-7.33742594
-368.78236873
-4.29774443
-120.16740914
-125.47153626
-126.60535627
-238.86500852
-8.77645334
-116.14060286
-246.01208833
-117.88256415
-420.85136904
-848.72642015
-616.50110442
-494.30256629
-124.26221967
-3.91940658
-503.18541667
-632.50478430
-753.12571242
-915.15726296
-910.83509062
-508.46479534
-854.99053562
-894.31472176
-236.62456040
-16.27400610
-495.80652292
-119.06886518
-332.75720886
-238.40119414
-124.26868866
-224.29188380
-7.47926521
-122.00569835
-124.22331174
-122.94649454
-131.24200736
-129.26739519
-1010.70451969
-251.34412896
-123.72388847
-378.61096192
-12.00951464
-243.54105573
-245.43439079
-119.39207080
-120.16625981
-123.61044682
-120.42630095
-6.37420595
-130.73717049
-332.28851206
-122.66935817
-243.38171638
-120.66602916
-229.93568938
-242.49866536
-132.23527202
-324.10323749
-216.57523331
-125.99545245
-134.46856341
-132.25482066
-138.67016145
-229.83475267
-248.21604686
-132.67711163
-130.28687765
-132.61610545
-119.00472610
-391.32326921
-727.08717703
-259.61334628
-504.79201442
-971.03063681
-626.50368230
-484.49838424
-324.71154662
-123.86181737
-615.08576222
-121.78440167
-122.47097590
-120.05511495
-756.45198500
-118.73936378
-122.00318387
-123.69722719
-120.16122722
-122.07010858
-118.19212472
-124.44143734
-0.57153085
-0.62356839
-0.13693777
-125.96491193
-120.45331379
-248.38814999
-119.21767778
-117.22546604
-2.54842975
-0.38545297
-221.13474483
-752.07111450
-875.33932626
-829.42652512
-259.02548447
-252.47145284
-853.08459290
-623.92596030
-701.55181823
-629.71958331
-331.48690034
-12.18627391
-137.43791754
-127.32759220
-621.69875173
-135.37393926
-744.61519922
-860.22356642
-872.22147927
-749.14166934
-760.39416684
-234.90573193
-134.77343664
-126.10191842
-244.73232085
-253.46918078
-237.65814779
-696.67100468
-623.57497813
-479.37971219
-130.65566364
-259.69090888
-348.53935922
-137.20058246
-135.76597733
-374.27250357
-257.65088290
-257.99583217
-368.60694125
-139.82152760
-15.86187718
-130.63880878
-259.27018966
-129.17497445
-135.38255172
-128.27060077
-292.55835790
-502.39391577
-878.19600493
-725.75171549
-477.65748053
-137.37135449
-316.52003810
-235.62128602
-231.68669210
-130.13859016
-240.33103909
-324.74829300
-255.43047978
-21.69479605
-245.46244053
-138.82570381
-255.86891904
-132.38205013
-136.71652163
-18.43967682
-137.05613841
-253.62519984
-259.47288387
-369.91519365
-256.75004931
-137.10860536
-373.24437641
-391.24883547
-508.75032080
-382.52618586
-252.83381840
-249.33638114
-355.03182367
-473.02722258
-362.81317214
-476.49631059
-255.35628377
-129.78201198
-249.77306227
-240.63601409
-22.34800314
-240.43125670
-139.40397759
-482.81795564
-130.62751990
-498.68081635
-133.51670522
-247.12657553
-314.07986081
-245.81246606
-114.09606887
-113.73216068
-124.47478665
-240.09434827
-606.91767542
-500.84846997
-488.08515384
-122.36219124
-124.96169676
-352.49670620
-490.12172671
-414.36034470
-138.15438483
-359.56572831
-501.81759982
-944.99175179
-490.84505034
-123.43262091
-122.46425641
-244.23110532
-131.03289952
-629.93235908
-847.92436019
-500.10557836
-248.60757147
-133.09886277
-246.86006119
-379.95124123
-501.23517838
-257.20457870
-234.31992251
-12.46800203
-246.16672131
-886.39449795
-743.59950511
-257.76039640
-348.38581780
-626.76125502
-501.60747668
-753.07440184
-129.68803885
-250.38622506
-128.08678086
-127.37018339
-129.54345132
-123.33890462
-132.14059632
-625.00784642
-380.24251085
-120.63840803
-324.29579315
-510.59088695
-6.49743323
-203.24458785
-500.97798575
-592.47742281
-126.28462042
-716.57724891
-122.88134690
-124.62313132
-121.67184034
-118.61707516
-120.31460672
-119.72466941
-120.11572062
-334.19176854
-219.99546009
-125.93610581
-122.70067890
-125.91203116
-236.25766781
-247.44754645
-2.97184869
-120.66004507
-251.16695415
-252.65248539
-122.78714473
-132.13724820
-132.54159760
-255.86166631
-591.32379509
-137.78351350
-134.11612044
-258.40123007
-600.24352213
-376.67009206
-257.17660310
-130.22469829
-237.19495269
-126.01263396
-127.06657089
-236.16106294
-125.37060617
-249.71966279
-250.13549475
-129.74825242
-127.84972126
-131.47508049
-360.46314513
-248.99273374
-126.14526360
-349.09538298
-6.03769919
-235.64723593
-127.48318537
-122.58508422
-347.89176747
-472.69778990
-233.11478846
-127.85932287
-124.65608801
-7.62000922
-132.65561669
-7.32317070
-7.55008180
-241.79235447
-290.58231351
-379.37982205
-125.02935436
-630.91922234
-613.30253002
-613.98831096
-379.55525424
-239.31406933
-316.94605190
-240.56227856
-15.72058001
-14.06950661
-129.53505696
-129.72478483
-125.66175604
-136.06873263
-234.61160867
-135.51688004
-10.83946990
-127.34572648
-360.32103311
-124.25099474
-6.01465087
-316.37430781
-233.63306255
-7.56785573
-230.00055022
-120.88147885
-126.85387936
-239.70175833
-8.13106168
-129.47413063
-236.49660946
-245.22505247
-10.43303720
-240.38722992
-124.87245923
-9.29465932
-124.73928170
-240.15034306
-120.78094737
-124.19622881
-124.50311550
-128.18030774
-128.16615912
-125.78507657
-239.70306916
-1.44599857
-228.26468512
-231.35756315
-222.35201543
-232.54922691
-119.02888047
-121.57663287
-119.79433741
-0.18061189
-235.37707846
-358.37374706
-118.81159725
-126.32122698
-127.89139937
-122.13247033
-228.77285801
-130.77129686
-118.99441588
-237.32746389
-117.41541330
-247.14226691
-120.35971874
-405.08762755
-127.47736485
-242.57524974
-1.33799916
-368.83056927
-117.58476410
-123.57110417
-884.71945246
-894.10058985
-349.45547234
-342.09399035
-0.15560075
-228.62346902
-244.09899177
-0.74665793
-840.65803713
-705.55998485
-234.94547645
-126.04826133
-5.20270574
-355.97704618
-311.23427069
-124.28919409
-5.85925718
-5.50840064
-5.24493811
-589.27848888
-241.51442782
-5.07233155
-122.99945042
-124.90694761
-126.70147378
-120.25385397
-121.21583073
-353.26731720
-120.52655081
-117.88555540
-369.19358346
-119.85376646
-124.82796273
-371.73397703
-124.03889261
-117.40048870
-122.39281674
-126.85867120
-119.29908733
-120.56352760
-120.20303960
-743.96735222
-618.42267887
-489.99878232
-3.93397561
-3.16188411
-359.09390424
-240.55818168
-126.20298573
-236.49862396
-313.47821536
-249.53808067
-246.98818227
-128.99448355
-236.72849493
-129.59318082
-132.51722536
-126.95428788
-359.44301600
-246.22155189
-242.72380746
-131.23214088
-341.14939189
-499.79738188
-485.65538500
-609.40674577
-828.27921697
-739.63011433
-645.07758032
-864.85776842
-1009.75271475
-912.49505384
-878.96145187
-493.88198781
-312.16650857
-121.50762338
-127.19850643
-120.43696247
-119.98218192
-482.35698857
-362.92166485
-121.59871335
-126.27827835
-7.80399024
-127.56087545
-120.70876430
-227.33624243
-236.10331286
-336.26971157
-117.04196319
-128.90802251
-118.23706425
-118.43824865
-118.41663052
-125.12306260
-123.21297464
-115.62600965
-117.63553754
-234.20740432
-3.31272678
-3.53403643
-132.41265906
-126.93826457
-127.34784720
-119.65840037
-328.53350358
-1.37766729
-2.92806992
-123.41961356
-246.39054545
-240.52399528
-484.35240523
-242.23959940
-868.48208445
-126.52448622
-244.25700977
-868.90593892
-379.59720846
-239.40812498
-228.11381976
-252.69509335
-123.22607930
-681.64866189
-848.66152688
-2.29577556
-128.64406804
-4.61302708
-120.36591218
-192.54315851
-1080.74609586
-964.75681632
-4.19491180
-120.66957461
-12.08872098
-130.57663443
-255.14411504
-746.05561877
-941.27101992
-688.88139738
-858.39409009
-544.36450173
-819.74705935
-137.16461727
-381.32385274
-137.49335515
-675.43239611
-244.66634247
-262.89689516
-126.44583225
-128.06553376
-128.46444420
-366.85048429
-235.26005355
-251.18362912
-382.81586607
-250.28686999
-377.52289708
-608.22624396
-244.65918759
-132.61941855
-348.43648919
-130.00193430
-499.80198604
-368.02263724
-132.49773623
-251.78505200
-141.93538554
-241.92687110
-14.17243023
-529.50845891
-372.82734008
-130.65774101
-242.32122603
-500.65786317
-498.96093489
-248.38371436
-248.56326376
-135.70427729
-17.22719220
-126.98357144
-348.39137666
-130.59109665
-254.79553977
-241.68921792
-329.10216750
-129.23956777
-120.77622212
-243.19896602
-375.16122799
-701.65701937
-614.07492865
-607.45897288
-489.31590339
-503.74482271
-612.85369222
-496.00380354
-685.66840490
-378.78993057
-375.48720195
-228.43745559
-2.94358727
-373.40266786
-251.59427142
-125.77636692
-252.96670704
-249.91050893
-371.24554719
-245.65659695
-239.16664937
-121.57131351
-128.49912388
-124.50235912
-129.33367828
-385.04654838
-374.06577240
-366.86742884
-357.82882733
-611.00460340
-492.98311896
-626.05607271
-622.58194159
-378.19471636
-244.62445032
-133.31158285
-225.30480974
-1.78365097
-421.45344966
-8.82248519
-239.05336925
-556.44433335
-126.39015735
-231.78036642
-677.38512060
-130.17107116
-242.89392520
-140.19783004
-248.40015488
-131.41595908
-129.15960060
-139.80368063
-17.08616936
-305.31873128
-262.09461131
-239.22463658
-343.97944490
-127.43947430
-233.81830080
-381.88981584
-875.38766341
-502.74699800
-237.35428079
-3.86248032
-752.15960902
-128.91174290
-129.83363742
-463.88141128
-248.06153359
-487.62285259
-687.72471271
-496.41113835
-613.94714073
-256.17498816
-6.80521917
-328.56901054
-234.79965701
-120.71878934
-125.72875142
-123.27827425
-130.73115505
-118.24673376
-858.10322832
-1007.16045463
-900.96821272
-125.51188826
-126.60331425
-120.13401559
-235.95837845
-330.21784831
-121.91863510
-245.66628350
-121.95984152
-142.43937079
-4.34937513
-228.26717136
-128.99765484
-762.07569797
-634.81700602
-11.28143346
-317.79347401
-127.12668036
-134.63204587
-263.97893831
-263.15880518
-254.44142348
-247.77231640
-11.89106151
-352.13746646
-246.46700561
-357.88822880
-250.93034944
-252.25024248
-129.95264783
-133.82676702
-1010.75543222
-737.73249702
-358.98591499
-374.11425630
-252.20620147
-987.73419658
-744.54187040
-248.55860101
-131.42957677
-131.24177255
-371.69465483
-130.17797916
-258.89509049
-127.93983359
-132.38008406
-131.18875817
-249.51667228
-243.56284710
-126.75552867
-749.59272667
-723.03801656
-245.09881128
-225.56872886
-240.76919981
-124.97581466
-122.68473170
-125.16478111
-134.11262511
-17.84572657
-237.31779904
-344.08322679
-502.53721764
-528.23608937
-722.14564075
-505.29257120
-611.81530691
-131.36628638
-135.75168588
-230.45882329
-122.47580973
-237.98183018
-3.93142556
-346.97116337
-132.80573045
-224.88005363
-364.24035907
-121.81110563
-240.91758974
-0.27912878
-323.33383890
-120.75610071
-234.76489406
-126.94871106
-127.99046911
-124.66961379
-465.15023733
-326.89164220
-1.29106251
-120.08121339
-126.52995966
-117.90004676
-121.30109708
-118.21073715
-241.29440327
-123.85026186
-232.30558284
-120.07246849
-227.94903129
-118.64586633
-0.93690844
-0.50214902
-357.22355953
-389.34555847
-130.64645769
-130.33808119
-314.56453126
-247.97778591
-134.75769402
-141.36989523
-245.91285129
-382.42224694
-374.81921431
-378.40754203
-20.72417311
-141.80926944
-241.12387345
-144.37054330
-374.37600287
-129.67865066
-138.20175716
-525.24445316
-134.24148278
-133.68987260
-498.79632556
-375.25258786
-0.55687920
-248.57549056
-263.07578846
-613.67836836
-505.65019925
-246.04037227
-259.21126047
-384.54642572
-624.04162741
-132.46466079
-139.47143155
-251.14465530
-253.44515880
-138.98465099
-496.54350430
-536.72282017
-700.40121191
-1113.75499585
-918.17246774
-746.35363811
-659.95277568
-492.94088127
-561.61785771
-259.90606129
-134.89705240
-11.61728631
-117.06121995
-126.31462509
-123.76132042
-254.32637745
-237.68773968
-124.88027962
-2.43117214
-275.59109024
-741.83948913
-243.04170734
-2.03546759
-240.73898987
-117.57657712
-120.31473336
-343.32731408
-3.48058006
-135.96670888
-123.49496941
-436.49535763
-765.03322189
-1015.68602448
-888.78127380
-807.09442805
-882.11406807
-741.55617730
-489.37160145
-123.00852220
-500.14677907
-610.58231906
-12.84977010
-492.98210098
-125.38373037
-124.02955646
-245.68904365
-248.19091243
-257.68012763
-131.90960210
-18.63661647
-137.92605454
-364.09468232
-19.00744870
-139.16716111
-248.87979799
-135.81811056
-138.45012633
-251.22693009
-381.27708575
-384.96577019
-750.55514042
-754.56028223
-866.17208708
-741.82300074
-721.25917197
-384.17579348
-383.35640913
-133.10042018
-625.24978464
-376.86540691
-371.08989784
-620.00404935
-10.00290566
-248.76905503
-622.03065191
-822.09733715
-129.94039823
-250.79503422
-231.57443847
-132.75874391
-129.82493038
-233.94709642
-247.96266802
-257.82322211
-367.67436733
-858.29071492
-939.48046804
-137.72217836
-849.71799893
-871.30136529
-765.04118740
-629.86523564
-327.53659434
-250.29073587
-134.38550697
-131.23052754
-263.76008805
-968.26081906
-992.90147210
-1093.10086401
-765.62538962
-134.01010316
-599.43155667
-896.19847739
-863.32271684
-985.90374651
-753.91109484
-123.18169852
-130.02758161
-489.99541458
-247.41987142
-243.01657076
-238.39058681
-12.34300229
-130.66936977
-135.08102473
-15.09608874
-126.59857814
-242.00194988
-234.96653988
-238.44203003
-116.80515362
-243.70989837
-122.53737223
-122.86947720
-124.29163230
-118.08710195
-6.81695951
-126.37355505
-132.08787328
-233.07791404
-124.59693056
-128.85343207
-236.43300657
-338.43179455
-11.27382293
-361.01060094
-9.78379433
-121.40534457
-233.88392363
-252.33529515
-236.38576986
-123.65550425
-122.31532456
-235.52649120
-129.31926669
-236.18530622
-248.31144470
-119.52785498
-128.14642944
-238.72173797
-375.23038389
-120.87730999
-119.56494082
-122.20967177
-369.47567645
-336.40308775
-122.48723740
-123.43774099
-121.40630731
-372.07826014
-120.78682017
-124.74329479
-124.80113374
-246.03356262
-1.23254563
-234.28610968
-239.80939445
-116.05031381
-378.05366715
-222.39028868
-116.92362968
-114.62868181
-232.81370703
-118.48555822
-356.54114025
-0.90158886
-119.22112561
-878.47962897
-642.55106010
-488.88892194
-508.48653979
-349.46775588
-224.97125339
-226.33122612
-119.57339572
-119.84528353
-236.17264752
-246.67423709
-506.90265244
-337.05010583
-122.33186431
-117.35198203
-619.93339080
-1.20101312
-346.98781255
-248.65819451
-118.25582030
-240.60829030
-246.67825622
-795.79846694
-252.95158640
-241.18994485
-125.18115040
-124.55853361
-239.90004685
-247.40480746
-241.71707388
-362.95632593
-126.01123389
-126.94288321
-127.93851814
-249.03021594
-363.61561043
-5.24396689
-229.75494102
-246.63548042
-227.27278142
-119.53629078
-261.36324671
-225.92200819
-118.29432441
-248.63506078
-2.75220248
-608.62247179
-1001.48082066
-754.57745058
-639.67344116
-380.86281976
-127.47688849
-127.37244507
-253.04187377
-127.34330348
-128.99055939
-246.33400133
-620.48960080
-666.98406670
-750.46764070
-758.41127517
-873.33552653
-255.63755540
-803.50514479
-258.47063128
-504.88127219
-249.82289518
-257.59160081
-248.00009325
-137.39176156
-131.51144674
-240.30815229
-127.99246207
-133.53033397
-126.67828855
-129.11668690
-383.48773960
-395.50505222
-335.58744101
-377.83262299
-352.66066682
-127.86041051
-246.87268036
-4.54892821
-241.82000283
-250.12952734
-122.40485156
-248.84533515
-317.84349853
-6.15629317
-1002.03354546
-886.29559101
-2.97111333
-246.72118834
-3.52038975
-123.84551471
-126.80865593
-621.12219929
-123.71118352
-122.21138752
-2.96475434
-249.06344314
-123.75720224
-242.59995986
-238.89798198
-2.14071810
-119.55442540
-126.50512340
-242.27901552
-129.55510645
-855.87816306
-635.23036106
-233.42795860
-131.15274597
-137.79802967
-131.79790998
-271.54249544
-388.47168528
-820.48045426
-613.24705738
-259.06521080
-18.91458172
-367.16563280
-258.54895508
-514.56732772
-640.37375367
-507.72489242
-390.44012247
-391.67711240
-252.19190373
-622.65728819
-858.93061357
-626.95248522
-632.52989986
-955.97155908
-1037.07173238
-1045.36868767
-1163.71490847
-1014.90557748
-999.16191091
-1003.72180119
-510.42154050
-133.08636318
-137.87846582
-20.50791108
-131.30185144
-375.01832038
-139.17457083
-253.63940932
-624.96201334
-703.55756691
-134.62345061
-133.63307469
-134.90955306
-141.71497192
-255.07802531
-129.79652108
-383.60293268
-399.35095296
-339.53824434
-132.23440637
-238.45344672
-125.78411661
-301.18594279
-353.68703075
-736.00683457
-132.78649838
-126.38118604
-329.26667295
-233.85968173
-917.92959915
-877.48806287
-673.15028915
-1016.32483624
-1053.14253753
-502.30961715
-123.57483178
-123.69656446
-239.07650597
-755.43122088
-162.46049446
-707.22966151
-248.96071495
-343.51801745
-11.49175694
-250.42787663
-8.56596102
-232.52596933
-323.62036672
-120.59776571
-125.96362258
-3.48032438
-246.60604080
-230.83379954
-4.08606850
-119.56762322
-120.82390408
-115.18231751
-238.87527174
-346.23863551
-243.20155467
-1025.63406544
-125.11767049
-366.47865611
-120.58484259
-125.33275057
-133.22615810
-12.89051391
-998.93443649
-881.08247717
-247.88452453
-235.20040267
-0.31933582
-117.99037747
-121.98897643
-118.70779618
-236.36547045
-127.43659420
-2.01291484
-118.70582814
-222.79941692
-119.42961152
-343.57771965
-361.52256152
-118.60262458
-234.57185530
-236.74297650
-306.65210236
-124.19719805
-124.01251509
-1.34701662
-124.52481723
-1.17842116
-127.63182653
-0.70402748
-120.41883471
-427.25224284
-1.91694971
-124.80487467
-120.17643753
-240.14133542
-122.83164724
-235.56748507
-120.23302678
-228.39024403
-0.95130099
-1.08889395
-1341.67569346
-119.45305809
-1.43411893
-328.83741456
-334.97888919
-247.87136099
-726.56631256
-312.49550599
-1.44095166
-124.98282414
-1.43241285
-120.11496310
-129.90011129
-118.37299550
-376.21222882
-384.00524311
-259.63346465
-123.31084258
-244.93192590
-120.47737200
-1.17622854
-237.51097587
-326.97404543
-125.39305878
-348.41412620
-121.55726011
-116.62141894
-121.07272506
-231.37232097
-285.18508853
-119.32813326
-241.61682914
-247.77548575
-246.76449446
-119.80343550
-363.88862586
-0.98459062
-4.01627379
-120.33586289
-120.40837240
-124.38625213
-987.06980344
-379.41365706
-117.18670010
-327.90414856
-1.83340290
-2.45811085
-125.52482146
-118.51832018
-115.82076225
-119.85590105
-234.11362570
-120.99224939
-2.33076765
-119.80118495
-359.34940673
-231.39690195
-123.20542649
-237.98772242
-233.76382618
-119.89819416
-125.28416152
-122.02090028
-237.66890733
-124.39008629
-117.78345031
-239.60394757
-120.37308709
-121.51551975
-120.84337784
-121.64563822
-115.30237522
-242.44864445
-1.95550682
-297.45994278
-338.81526833
-120.89744192
-325.10758632
-374.39760387
-4.21151475
-2.15303580
-342.39889249
-235.75077568
-227.35448221
-618.36080600
-125.69291625
-495.88851954
-126.21806393
-118.93860195
-470.28803063
-863.48528732
-634.29019207
-120.79792057
-239.46194388
-125.16540497
-123.61222748
-119.36668172
-119.25382438
-121.11250339
-360.79084778
-121.78267886
-123.31707905
-2.37805159
-242.34208587
-1.52125458
-244.25756831
-232.65533275
-116.67985531
-120.01536191
-117.42608873
-5.20224718
-123.49785485
-4.26667057
-621.29486953
-742.73564699
-128.98714452
-56.61655042
-873.89402660
-994.41339702
-749.91457899
-137.84049762
-16.74070607
-264.20691785
-259.40789824
-129.64147630
-383.25787290
-16.89235642
-129.75630518
-134.41977793
-244.19816188
-300.30049836
-633.33635804
-633.90433548
-804.76238478
-635.34180388
-256.14875228
-754.73550219
-17.04469559
-137.28118770
-292.26471009
-242.74120323
-262.37649613
-268.20124920
-253.92911477
-21.67057939
-138.82726845
-141.94338675
-495.32814916
-886.79803099
-869.94867386
-748.90305279
-857.13336434
-878.01356163
-760.01195807
-888.68462861
-734.75019981
-767.17673029
-507.38068335
-251.67839707
-130.27126162
-133.41366843
-123.22798756
-688.70252254
-493.09452625
-693.71421043
-740.07505675
-498.29282071
-522.52359214
-126.23199310
-754.53912189
-888.43446000
-918.97940399
-1141.32499751
-1006.38737477
-255.89185120
-128.88097452
-377.51136929
-387.19376199
-137.44745564
-134.54685432
-132.38180864
-132.56746591
-14.11802863
-797.08483280
-11.50106246
-261.89183888
-134.74584063
-126.59070034
-119.90905560
-114.25969684
-118.19717942
-1013.33309813
-1017.42715851
-322.57861228
-228.34655961
-240.29325123
-4.88462956
-5.27152100
-3.53857663
-2.74756997
-122.82587595
-125.93464584
-238.30802158
-237.91381678
-2.84663318
-124.90495263
-122.45192700
-246.03556167
-126.12771758
-120.87265786
-128.12276561
-120.14348643
-360.89718908
-247.18549051
-113.76639588
-116.45931064
-238.59474649
-242.80658033
-116.91593474
-128.24941439
-241.62663642
-123.61538739
-244.12369951
-122.51221341
-117.63523769
-124.73693490
-240.61820151
-240.58699196
-358.02929463
-721.26729444
-129.02171006
-120.97405951
-124.03306767
-229.07751588
-3.74173932
-351.72157369
-356.65307420
-123.85124145
-122.24602669
-1.65039827
-1.56673539
-123.24281421
-247.80562762
-294.62206522
-1.72536341
-229.75674275
-120.60314363
-859.05310270
-377.37594328
-2.69758676
-245.62248373
-351.68762930
-505.46095943
-124.85053322
-126.13644684
-126.32553526
-239.92430808
-122.80279312
-423.76632864
-126.96273194
-124.17316414
-119.54608919
-238.51457397
-126.89472032
-230.01224656
-242.44651762
-121.61690510
-245.60170091
-246.54794355
-6.22086264
-129.08136488
-249.08905417
-128.78240997
-118.55403254
-285.37401366
-128.33416255
-121.66038949
-870.24758949
-1007.54311529
-1123.85266793
-1009.24916288
-1002.74695168
-989.39706677
-760.04786575
-992.49487460
-241.64300056
-132.02382231
-8.61044232
-133.02914582
-17.39547146
-140.79773837
-241.72095508
-23.09751045
-382.44802111
-978.99876717
-513.24491911
-142.72215803
-134.21226036
-132.61516754
-247.41780167
-249.68725964
-260.64248438
-265.18857917
-366.89639391
-134.52091528
-346.16257276
-25.80186048
-368.12637813
-756.95159283
-809.81534642
-674.00022016
-742.96971551
-772.88159388
-381.87762401
-149.16754467
-636.79545667
-143.79847410
-255.19903071
-131.89084035
-1.87006375
-130.46257772
-258.77268104
-271.20403914
-269.36660292
-755.81267877
-932.13787602
-877.11727613
-477.05676747
-257.71437135
-756.79922791
-653.02763045
-298.16248129
-134.31038969
-498.19303323
-871.82441548
-863.93665281
-142.93264147
-136.60140654
-247.91437259
-255.51295426
-510.05474490
-885.87556122
-875.31757063
-753.13631113
-145.88538315
-137.12647086
-750.71913896
-354.43703239
-865.92264646
-889.26950034
-753.63268714
-381.95816566
-266.13395475
-629.67340569
-863.91788663
-144.81695784
-137.54044629
-256.34482383
-755.67675347
-16.15822158
-453.65883250
-437.26523086
-229.40425359
-235.22536018
-355.27947115
-906.00065473
-125.55043393
-225.75906537
-227.31489756
-119.86971937
-118.29253718
-243.77433745
-2.83569305
-134.89084721
-125.95903831
-118.61002830
-117.23404839
-4.70739793
-0.59188306
-0.86723133
-232.63649970
-818.85500843
-358.93686833
-280.20053855
-13.64915906
-6.04668734
-131.09012040
-351.51905938
-460.92891412
-250.33698452
-127.21173760
-232.68669211
-234.56780572
-245.93711131
-834.47643826
-756.31465524
-744.65772163
-869.73786581
-751.89294064
-878.86852166
-1004.04895436
-855.05968207
-695.49853756
-388.51503428
-853.83711012
-684.54072334
-750.73091313
-962.37876530
-879.26953209
-675.79499823
-624.79527848
-17.99372076
-135.31876377
-507.29110000
-374.38571174
-244.97386181
-133.69592976
-133.73835997
-135.80077966
-18.48765954
-355.65900161
-364.03329477
-233.60441672
-128.40236332
-890.93637381
-625.89882467
-128.92542157
-127.07295231
-9.59479653
-127.91332989
-239.15744267
-370.86131183
-722.24665626
-741.06406182
-378.28092777
-124.12959645
-245.63449163
-127.81592910
-123.77759089
-375.04879219
-8.94573471
-238.65443888
-357.18722111
-319.41723377
-237.95603312
-10.91122397
-239.93866041
-244.05604762
-130.50936601
-1.68692759
-349.83427413
-125.83281258
-233.97647045
-129.74347674
-129.10494693
-131.74650174
-131.48223857
-243.08040657
-250.24912705
-10.31328035
-237.26036219
-131.73974636
-129.63565515
-255.09293616
-253.59006653
-122.57730785
-127.22322742
-128.59681731
-124.40172182
-243.30978311
-237.09720623
-368.54403936
-226.64658894
-358.77607424
-118.91476451
-342.63727663
-119.75502110
-237.53217202
-125.92852304
-239.56406180
-121.99075044
-124.14638002
-250.95808341
-125.11582347
-117.39337722
-755.19899705
-832.07022906
-240.93106531
-127.97920540
-120.55301610
-3.69413825
-3.53618201
-119.07982508
-316.63147013
-353.40822761
-290.79166253
-595.77950025
-498.17999552
-479.75261512
-606.09111951
-123.69091385
-227.17761436
-124.19574335
-234.79069522
-249.96429608
-126.37477746
-1.99628748
-240.92110175
-2.30923001
-117.52963883
-122.96153579
-116.13030027
-0.78142396
-230.85002448
-121.11146924
-233.03665533
-119.54657487
-122.44009582
-119.76615465
-226.32048368
-121.93797736
-127.42189395
-117.70462275
-1.62842315
-238.02410178
-378.39710530
-359.03929660
-125.80750310
-124.61062572
-236.98576012
-366.56433896
-123.33887619
-119.30405656
-123.05965601
-242.75597755
-224.77608263
-126.94656322
-118.70147229
-119.33118802
-0.60555401
-0.61828843
-232.82406417
-240.48429590
-349.07870380
-227.32171569
-0.15089459
-123.20312190
-246.08959426
-224.93163066
-492.03171716
-133.82560426
-253.91802838
-244.98220824
-223.73610492
-1.24920904
-504.13583059
-121.82915263
-125.66561463
-116.72788800
-230.75585272
-1.16765114
-250.71696145
-633.64693978
-747.33217606
-617.44820774
-454.88196666
-612.99174046
-121.65589673
-235.38037843
-123.29515592
-126.40020193
-119.29170324
-312.94067080
-121.43826233
-11.17253045
-122.64244596
-117.48616043
-123.02071489
-118.49011046
-235.76889796
-119.16988438
-747.23957519
-239.17059972
-1.20714658
-6.59620626
-1.84041888
-368.70150343
-124.42208148
-116.92495036
-238.66616469
-256.47298852
-121.15520585
-131.27454290
-123.67913250
-122.89008835
-249.74144680
-2.84883420
-117.82477351
-239.94681295
-250.62249033
-117.75752098
-302.60815095
-1.80718719
-125.85449954
-244.70130433
-115.28073423
-123.21098303
-248.18167980
-237.65365003
-118.51267986
-117.43550737
-252.33536524
-227.71118186
-121.41907578
-239.55194730
-491.08738694
-118.92831693
-124.30683215
-134.14466902
-118.34062636
-1.61175639
-118.02009811
-221.70640232
-244.74106486
-353.90124644
-239.70096545
-334.44531107
-119.32258412
-327.49217724
-238.66896439
-118.51432423
-124.89893244
-121.09018503
-0.43166803
-244.20054794
-497.40537921
-866.53523599
-623.52008389
-238.02086415
-227.85100095
-121.56029423
-235.26821745
-126.16846470
-246.38160545
-125.33416288
-123.69080587
-463.22426046
-130.24990858
-238.81715386
-256.59537527
-237.93942736
-117.48130919
-237.60773926
-231.72992158
-8.23178897
-249.69632158
-127.25274618
-251.45832493
-360.65033163
-125.71573547
-356.49191889
-8.49153483
-126.86228520
-3.01401840
-367.39060871
-241.53711666
-245.28328802
-126.38711057
-136.63126113
-345.56040833
-25.45694693
-339.12240708
-8.85954204
-790.66862500
-835.02464629
-119.24108567
-128.70711229
-120.20210661
-121.79764319
-242.82941111
-132.34076550
-116.77366700
-229.02259774
-124.26343437
-121.30599646
-1.97977807
-118.57352667
-1.83615178
-123.37004067
-234.35308765
-238.61655320
-126.14368827
-237.84599504
-241.03039312
-1.71478360
-119.69852050
-1.15765158
-236.40332348
