-1728.41757854
-1519.90987825
-1372.31980783
-1441.82385693
-1473.68456971
-1566.92496423
-1288.38717708
-1417.14325459
-1322.20470165
-1302.44376464
-1289.19027290
-1492.40956360
-1607.59092161
-1578.22732627
-1503.03687000
-1641.85253515
-854.23750057
-1249.89987455
-933.57321287
-1254.10173390
-1501.88660554
-1384.61485394
-1520.32027276
-1153.01995959
-1344.37909618
-1284.32227678
-1347.05563103
-1478.48411799
-1211.65350292
-1431.97156704
-1444.41982396
-1469.25935540
-1416.21846657
-1410.37533992
-1437.00440951
-1422.42042348
-1483.96278423
-1434.11550231
-1499.68789063
-1487.70375140
-1612.33334570
-1594.19949561
-1497.64584644
-1225.18917694
-1490.01530883
-388.74756327
-1441.96814805
-1548.99212355
-1255.15151849
-1375.41545414
-1355.08281341
-1536.09792851
-1348.21674215
-1587.56392924
-1207.12007151
-1615.65743260
-1109.05593884
-979.04251207
-785.67973258
-1322.67056604
-1197.17069836
-1451.23849490
-1206.21326605
-1484.39333711
-1347.34217014
-1310.93035246
-1418.33965312
-1112.80184987
-817.29436184
-738.47047054
-1200.20640479
-1511.40153535
-1437.25716178
-1247.55494380
-1521.83058445
-1266.93999901
-1515.65668873
-1527.07198650
-1366.53575149
-1369.61577856
-1257.97724561
-1363.94455240
-1194.86197280
-1217.96020397
-1485.97684366
-1354.55307819
-1362.41812752
-1173.01902503
-1367.76330457
-1140.13445395
-1387.82797702
-1497.58543255
-1349.97329737
-1262.61289444
-1373.17258369
-1386.75775177
-1509.62129741
-1502.72215181
-1496.89201047
-1074.42584554
-1072.46269159
-1268.08998109
-1066.35266759
-1381.70639998
-948.44223136
-1461.93690627
-1411.61652830
-1244.16513504
-1300.09065860
-937.29932001
-1361.35485937
-1256.43258196
-1340.27280143
-1321.70076080
-1190.06716066
-1256.21339543
-986.16765602
-1301.40904445
-1368.36651148
-1219.13141687
-1335.48380309
-1169.13187261
-1508.73241819
-1513.18513246
-1305.81777436
-1504.13547528
-1538.38420687
-1421.28899484
-1353.58068810
-1396.62755375
-1503.53380407
-1374.45833483
-773.13147702
-1394.11652168
-1074.75587254
-962.03421185
-1502.58097989
-869.80704827
-1310.21750926
-1171.73793434
-1511.81504943
-1410.81817195
-1581.11048520
-1495.50510444
-1225.86617181
-1454.81717319
-1518.85068660
-1555.90909711
-1568.43186102
-1428.56218877
-1352.96526300
-1339.06401720
-1548.98097249
-1108.64278996
-1341.09053944
-1310.52576037
-2.90810984
-1507.69927919
-1139.83421533
-1078.99003695
-1410.97624877
-1403.40352105
-1324.66041631
-1115.61465025
-707.67230905
-916.60730013
-1183.94137819
-1248.80894977
-1306.34641770
-1180.78661809
-1073.59970708
-1332.20094432
-1477.40489497
-1244.51366255
-1072.98979668
-971.23571124
-1325.47110315
-1394.21217937
-1380.14205338
-1419.47134926
-1439.57660281
-1363.96127978
-1482.02070296
-1479.05282721
-1471.27438292
-1373.38257667
-1353.45737239
-890.85362787
-1351.15924189
-1079.16357950
-926.53360887
-1365.85206832
-1029.08451725
-1355.92868829
-1217.86803316
-674.55548853
-1115.29105891
-1114.70669902
-533.97391847
-776.68677820
-1026.78408861
-1214.85957499
-1201.55373410
-1295.52614242
-1422.58131401
-1366.29132355
-1269.95456487
-1394.23688510
-1517.39911109
-1497.76261938
-1518.06894902
-1354.23903958
-1350.15170321
-1064.55253975
-1195.12945396
-1075.99428862
-1360.62972099
-1179.93892633
-1336.47162362
-1310.24317470
-1180.52207261
-1189.70612431
-1026.47211487
-767.99729434
-1068.35499878
-804.08510680
-763.59025657
-884.99396430
-509.25187118
-983.32677036
-550.69950116
-504.91711188
-611.89526383
-1488.88957534
-742.09184855
-1183.97379447
-1280.53282458
-894.72403627
-1013.95507050
-902.70279147
-1035.43330204
-1040.45774064
-384.86487709
-1055.48101331
-130.51868058
-617.11795714
-917.67150939
-376.75742052
-1001.87511861
-254.05095865
-133.08339285
-132.17163559
-252.29072992
-484.75977668
-1011.11883287
-874.63711836
-249.53829615
-0.05437323
-0.49451546
-507.26521449
-498.63432452
-650.21377253
-0.33317455
-0.34049950
-890.73679318
-907.14360072
-1195.18462343
-1016.67734146
-768.80185657
-6.07276868
-1001.16175239
-988.05102878
-887.71370493
-116.38603521
-490.96794670
-1261.91258830
-377.32952458
-374.38982790
-387.45630659
-118.86254209
-546.17227197
-397.38549712
-362.55571014
-475.47321102
-244.27954186
-119.56918795
-633.37271919
-118.81296305
-125.42442138
-1040.90791381
-139.00975805
-12.08937784
-907.43444525
-244.87704974
-1.85806349
-890.39958959
-367.95176130
-0.65553877
-486.23064823
-1019.31259454
-759.62600186
-1178.87061732
-1265.20881667
-247.00889046
-120.70627691
-123.65637001
-373.07417204
-1.54566310
-1001.82573813
-358.88976089
-1106.58798458
-1084.64965881
-1272.15186413
-1154.65942038
-757.76212975
-843.92203249
-1687.61658207
-127.19695921
-887.80097278
-497.72612249
-1380.02785805
-486.32617947
-1660.56658518
-368.87619443
-241.56690143
-492.30670318
-870.16389043
-908.08670652
-969.54154853
-496.93775896
-117.29117298
-230.22888127
-467.24285393
-755.70567767
-491.63781015
-248.92015031
-1529.15899315
-622.88470384
-356.99375590
-120.65528523
-1475.77286807
-1067.84936305
-499.03283740
-1765.73257704
-836.51763629
-825.20796298
-1427.74892445
-492.28658656
-361.25460357
-354.89002887
-372.22376871
-373.49535290
-1029.14330163
-1031.24184617
-465.74467984
-620.64850670
-1564.44730646
-1642.13733170
-1039.83028735
-750.77761062
-887.15928458
-1048.16813523
-1133.45317291
-1245.53638823
-352.64953215
-359.03134291
-913.03343124
-0.30050340
-345.84376831
-243.42271519
-350.38664178
-1.57316488
-702.71268076
-0.83544882
-122.96174484
-333.12596216
-237.34778728
-119.33283567
-1056.39926021
-371.06883081
-1115.74429525
-1071.01819207
-0.74220529
-122.21386006
-120.52882127
-121.60314730
-122.87615033
-700.95455324
-676.04577286
-837.21546327
-713.61170150
-250.87202817
-611.72158449
-238.43729457
-125.77219639
-368.81384323
-496.72454444
-240.38087159
-230.42899982
-123.78609539
-1236.89224639
-1438.85518058
-1283.96485012
-1202.20877103
-356.94355160
-704.24666878
-123.64191265
-937.86170519
-1288.30586838
-1314.48081036
-1170.64865868
-1032.01159887
-482.33967064
-118.68915201
-236.01513223
-725.50218316
-119.29882185
-1546.59989336
-380.64122562
-1218.62021807
-859.80418374
-236.81874505
-344.60639413
-125.78386273
-467.74017263
-0.59858058
-468.69418150
-349.09715245
-773.03606478
-622.48813670
-224.32528293
-768.75283831
-242.03563263
-236.28656238
-47.71226212
-853.91296361
-658.16732697
-619.80232045
-124.15604163
-120.42016044
-225.61361635
-124.71428228
-123.85267186
-119.26915750
-233.75786278
-122.26366305
-239.24890302
-224.80020331
-1025.96600806
-1213.18349411
-1228.09167167
-526.80059016
-118.49144967
-4.18718936
-1211.68269333
-1013.61195339
-357.63010677
-1141.79088734
-1146.89962791
-1315.63680436
-1136.93603561
-122.62529491
-116.25576078
-1228.62118421
-634.15537778
-1.23989718
-120.28441697
-121.65594637
-517.12006147
-249.90612460
-942.27669240
-868.18343726
-501.26366515
-109.73454965
-123.42904515
-121.44678281
-121.48974544
-336.75317241
-1087.81127672
-1065.76535569
-886.65011950
-122.17528154
-237.75620229
-119.74029195
-117.23024208
-126.39080590
-0.13090294
-387.35428837
-495.42676344
-0.43549872
-238.39757626
-1.19275633
-487.61934534
-245.16323326
-242.20676992
-236.95731523
-121.02446369
-121.00020064
-124.10702788
-238.66698678
-120.81663012
-367.50318783
-230.28843508
-123.93860895
-119.67546105
-360.98790678
-119.39582229
-236.62888561
-236.84442438
-1039.70377408
-244.76341842
-0.73854308
-118.65607893
-255.07762239
-121.02237721
-119.00793218
-256.48356471
-1273.13643101
-247.02359803
-1250.34661279
-243.56070185
-245.88781848
-1210.55980826
-874.58414145
-370.57463529
-468.73239254
-120.26285012
-2.35565855
-360.95871490
-1015.22849152
-1069.01191108
-1005.15255639
-122.25855732
-0.52942388
-1004.66780986
-596.77423359
-235.57206237
-997.87019974
-876.95794832
-240.13477122
-123.69009155
-737.31937750
-120.88912598
-0.74161023
-379.43295070
-116.25826263
-0.52926423
-236.86710329
-119.20068795
-0.59255349
-122.11933121
-349.88416015
-122.69541221
-232.67070972
-361.60774059
-121.39941010
-352.34627356
-355.88307923
-0.53993892
-1015.26560460
-989.35115053
-246.21390304
-121.09011559
-237.44843567
-120.81265450
-119.88758925
-117.21712396
-121.34577274
-114.49125025
-235.75001187
-0.68313930
-2.65125655
-120.45011125
-483.80961910
-118.64090183
-317.45232826
-604.81046536
-594.78607592
-120.69766244
-123.73134484
-604.71478141
-345.00240350
-525.30904995
-120.54745969
-0.17516049
-1176.83897813
-1151.12663884
-495.18944977
-123.48758557
-120.43641568
-122.22548881
-349.64963573
-118.88995380
-123.89733027
-122.76991652
-743.27265764
-480.94256830
-123.63520062
-125.41085852
-236.13809668
-354.61752601
-124.29646731
-122.52304384
-488.31067109
-239.95402651
-122.70169305
-600.25020887
-789.75254100
-491.95254895
-150.23383696
-734.95142182
-631.15503317
-744.59470811
-761.87852176
-592.24296000
-622.16258524
-1139.00865455
-856.81599780
-831.39424570
-705.64865215
-238.39439355
-238.51509329
-242.65337935
-122.23362517
-119.59526832
-757.05554845
-629.00995892
-524.60013636
-488.04917912
-760.48188218
-616.18372221
-127.73388011
-625.71116527
-354.38233532
-0.09744272
-248.21263058
-591.41685976
-244.04806944
-650.78426907
-0.47051357
-1.19267794
-249.64255090
-0.52703328
-372.11444748
-126.89286054
-245.18296756
-125.82548113
-124.72612355
-125.30851648
-714.44148657
-435.92252544
-748.94057259
-120.27989210
-122.38219654
-245.41375392
-354.09551935
-229.31947364
-118.59021352
-241.80838441
-355.18912334
-125.43243078
-119.02251440
-361.45955433
-0.86176103
-120.84878993
-245.19707327
-231.69784502
-124.37664002
-0.59614709
-236.71628012
-238.12670833
-124.38587782
-537.11784950
-358.89630731
-118.34805918
-123.35997519
-3.33092938
-609.03557140
-240.34019215
-366.97167980
-249.94172838
-622.87000835
-374.34281149
-249.25653877
-116.18873958
-0.16456090
-114.72366656
-563.45802876
-123.04480994
-229.87876512
-353.00860453
-223.98525387
-123.40286876
-236.35502289
-120.15320574
-0.52475519
-0.52831352
-120.23635249
-570.21577691
-233.86049873
-601.97978465
-243.73877134
-628.61767414
-245.67596677
-372.36272040
-125.48405055
-493.68745653
-122.80055496
-367.18303509
-368.18647278
-246.73398693
-122.48987550
-123.46946658
-233.32577202
-123.11462597
-120.31945305
-125.40430755
-119.18358555
-121.33042774
-121.24130363
-119.84929455
-241.17254834
-0.75288207
-126.37076202
-246.88392408
-229.85309736
-340.07719533
-493.63407687
-124.59280531
-0.75359464
-243.95606996
-505.44907717
-367.93964205
-573.77657417
-622.31050789
-118.74885380
-121.79246134
-233.61225002
-121.89591942
-115.24793136
-228.60826108
-342.35363004
-442.72053042
-219.10045912
-115.54028418
-240.47592599
-326.34574923
-240.11072401
-121.38594954
-123.53132111
-116.05764678
-241.34411442
-116.71817211
-347.46588376
-247.83975181
-373.11195320
-123.75723102
-352.52924162
-236.71586657
-124.94444435
-236.39507566
-119.92333590
-118.97310330
-358.67259618
-405.29854698
-617.64311381
-994.62348497
-939.29865654
-739.37899308
-362.59884135
-119.92653448
-128.31050817
-116.27881568
-121.27275620
-118.40502722
-232.38000560
-381.79421032
-557.04576900
-361.02654320
-122.18057710
-239.53829084
-253.77614094
-120.60836467
-234.13109844
-126.47122848
-125.49846131
-0.31981444
-501.85435052
-359.29846631
-114.88606360
-1.38619088
-239.62789062
-223.55188768
-646.52717839
-341.92026165
-254.03937712
-250.93255798
-127.82977152
-240.08692795
-243.15122098
-122.88222817
-235.65384381
-231.95654744
-115.93132447
-250.34075508
-119.28148115
-242.91584395
-236.11594053
-122.86432196
-124.09504223
-126.34240651
-0.21043366
-265.31534533
-0.34774513
-127.10087231
-122.91307935
-371.01924028
-248.58456262
-128.87160951
-447.75292535
-125.13954177
-598.50633425
-0.60135702
-320.91282701
-125.48343174
-116.52973677
-125.81186944
-126.04124104
-128.41037613
-118.68911243
-227.85072873
-358.42009384
-127.09613464
-126.05894836
-126.66622022
-123.66991252
-116.42470975
-118.96389459
-126.61447337
-234.72978466
-355.43490936
-125.70231968
-120.13351605
-126.56104947
-393.98375620
-241.06858041
-243.98535294
-124.64453062
-350.19570768
-240.83230082
-119.41752524
-262.46677752
-0.26826847
-120.36934249
-124.32913743
-1.25547273
-122.38813188
-125.52052931
-2.33115683
-120.29958197
-116.70713681
-126.28316259
-123.70129732
-121.09134885
-125.87715288
-125.02424551
-364.54758100
-118.65469531
-244.49965283
-1.86093463
-122.38567902
-361.82065441
-424.80158087
-1.61205591
-245.07387596
-118.31032369
-242.01878301
-123.90245051
-126.46653045
-0.16972556
-121.97754938
-256.96518984
-0.45264797
-124.16256171
-393.01253289
-125.00790860
-121.28945146
-117.57469096
-114.67461923
-120.73908733
-127.78568413
-122.74344857
-0.12690895
-122.83148704
-241.85791679
-240.91915160
-369.31026363
-2.01846646
-124.26272301
-120.16178037
-243.94729138
-118.54786959
-118.84731881
-125.43083140
-122.47600237
-129.94515057
-127.94933157
-122.76966266
-0.02261874
-127.73831938
-126.03970854
-0.12542822
-377.10986184
-372.28970374
-124.30755244
-0.63141335
-248.46647902
-346.79298549
-1047.99035867
-986.33131114
-1.79382969
-380.59973660
-495.83780528
-120.27468230
-122.36262180
-222.09306597
-127.48931878
-126.88714302
-362.04259199
-1.61825265
-368.53985869
-123.94411143
-239.03606276
-123.40121538
-124.93651167
-235.54803793
-757.21541557
-810.18694889
-1011.38638792
-250.42998503
-260.47282815
-124.59935384
-0.03970058
-879.54513958
-1116.87086448
-1133.52968461
-1181.43668999
-1196.06840281
-1115.16449443
-1022.29379375
-1023.01436285
-1119.60209412
-1023.15021424
-1055.88146084
-762.17652017
-726.55593364
-1024.42161500
-599.19201101
-251.48315111
-892.81907489
-910.56065038
-1126.46116163
-881.84627919
-888.00534594
-116.87706044
-905.55815551
-948.63598568
-875.09924899
-239.19140602
-626.87959148
-791.62804789
-937.64998199
-999.56710829
-747.68914492
-244.22606719
-2.28569458
-615.21891757
-674.79411397
-123.46963348
-125.56588910
-1026.75517653
-1189.34306752
-1339.25113978
-1438.15316976
-1348.60241766
-1301.74297721
-1247.42692074
-1168.95384585
-1025.33991916
-1188.88608136
-349.50535208
-121.75099000
-1304.17186611
-1352.82005287
-1300.73622809
-1321.92466698
-1332.41337976
-1235.73983942
-898.73553914
-124.14003840
-114.66993989
-0.94369622
-230.51643555
-579.81538172
-1035.28406430
-141.17808260
-341.34115279
-0.26375177
-118.87552574
-121.52803015
-1063.60042076
-1044.20204065
-1043.99852148
-228.08084286
-923.19098824
-774.66673996
-256.08319766
-1.53366010
-124.45040264
-0.57551863
-126.83683750
-349.68760118
-118.46506271
-367.51769590
-237.72351437
-516.62492390
-245.14205664
-0.57151596
-241.79145630
-325.05866046
-116.31169599
-0.63191661
-223.71102294
-125.23186965
-117.73311152
-251.19407361
-115.99030040
-114.26857420
-128.99297119
-116.85364064
-115.92249767
-126.20926126
-124.02392083
-230.56484334
-985.94604571
-903.99938453
-578.28161584
-356.24925358
-238.68414107
-330.99076722
-116.53164965
-118.82451640
-118.63476994
-116.64779701
-113.66407650
-116.88308612
-358.95071661
-114.51752924
-125.74181598
-233.86379374
-0.73499606
-0.57890638
-1034.49522931
-260.01492904
-126.21805026
-250.53965110
-515.33139430
-119.12878370
-124.52495488
-352.34583590
-0.14616827
-378.48464766
-120.34825125
-119.44521258
-114.35173113
-124.25615565
-243.84027700
-245.99150208
-236.50200164
-118.79762099
-374.57266169
-467.31503696
-129.18237970
-126.28511011
-121.43131101
-234.78921179
-229.34894637
-124.89389716
-438.77312907
-122.97445310
-122.24720789
-238.70258522
-125.69014107
-118.42959239
-237.72249672
-127.01726012
-125.79415495
-241.74107570
-574.47405258
-389.85219500
-3.08162211
-238.24159515
-118.38168842
-118.50977218
-117.34309034
-234.33706111
-120.91090056
-124.48255336
-125.67893017
-122.57472905
-119.50619918
-0.98923541
-229.55787457
-1.02641845
-261.89751459
-120.17561004
-118.23052626
-117.31975187
-117.86869744
-0.13956135
-387.57699044
-512.74271387
-0.03758312
-125.34782414
-125.06625805
-236.82444738
-1496.66857384
-3.03002365
-235.76846544
-122.77881510
-241.74505083
-116.96337767
-613.45067681
-364.25738290
-120.30049805
-116.87833638
-115.37881590
-241.39620346
-0.06048536
-233.23390104
-119.47190918
-1493.91022265
-126.28766556
-599.36059888
-124.88944724
-119.39796235
-116.25888699
-368.39899893
-1492.20961441
-239.63993642
-231.78469043
-120.72204020
-127.41660027
-125.19856834
-121.90350468
-123.07450949
-1.35491503
-1528.07283393
-119.67561364
-356.97968255
-120.63301754
-116.29105668
-124.48078569
-0.14124564
-123.98173229
-120.34335982
-117.10236535
-2.47341061
-127.90693029
-1.77925417
-120.38293594
-123.80371421
-118.42150734
-121.66324329
-124.88430886
-122.37055534
-121.48516605
-0.01847489
-229.53750009
-120.79318293
-120.24284041
-124.31616313
-118.46332386
-124.08428182
-237.56649628
-114.84813860
-120.64528760
-348.65901976
-120.35290038
-249.37851374
-125.07765200
-120.10845100
-0.13400929
-118.65335033
-237.08160544
-116.40231569
-121.54548939
-119.05505941
-127.67610622
-0.96834363
-117.92220823
-447.18378838
-250.09126075
-126.47836496
-121.62820657
-114.89963175
-126.44377965
-233.88922442
-117.86587720
-241.53589954
-126.25495564
-118.24509505
-125.36813968
-128.57177745
-117.65274890
-117.78658767
-375.34831653
-331.89499426
-231.01043331
-247.37446770
-125.31168344
-1487.71256955
-349.20724425
-1463.93334323
-117.74364711
-116.33367203
-121.04261359
-114.48136367
-118.97007732
-124.16985662
-1535.15211774
-118.25977755
-122.59700989
-123.61194010
-119.26939248
-125.99570095
-2.61361412
-1483.03642788
-1490.11807243
-121.74762961
-735.53516533
-241.50564358
-125.86005940
-127.65178411
-126.07333894
-466.94138747
-493.94437523
-123.96808808
-114.78173781
-364.12511295
-353.38598060
-119.16133312
-1.35269881
-347.57987374
-1496.90504323
-458.60119247
-123.09007080
-119.77230999
-118.29030215
-358.58651824
-124.83529614
-0.07006664
-240.59199958
-121.22380885
-369.53876601
-125.85328088
-1486.26225511
-126.46065188
-1.42144189
-582.48752265
-513.35630998
-262.68725441
-123.56884463
-125.32301764
-126.93200235
-125.84987196
-0.58067083
-118.93407784
-121.39820701
-120.60977042
-116.74885818
-124.33578486
-397.86709904
-126.36828816
-389.08982497
-120.24129879
-359.64625715
-449.05786916
-0.21584882
-124.31416609
-119.75512272
-119.38926593
-1493.68599752
-1.42006546
-119.48148329
-0.52477008
-125.47348894
-270.54172938
-1159.88721447
-0.10881811
-126.45943091
-1498.16726873
-2.76313078
-394.41859846
-874.78968581
-358.73420705
-383.76511933
-2.47283448
-118.43885809
-123.50146843
-126.50690196
-251.81367480
-259.13446344
-1.66038556
-117.27044002
-117.43509125
-127.60796436
-128.78322584
-539.19964648
-1592.94047471
-530.75208641
-124.76893237
-1494.89125099
-1506.23868483
-248.24405604
-123.83583590
-0.03998761
-0.18326093
-1448.84941178
-1606.33501063
-1.18733494
-0.55275733
-123.59414261
-122.53398109
-121.51148147
-1584.60422545
-248.53376048
-1778.36414046
-119.64250035
-246.40724175
-1661.15046149
-124.22008156
-1.70597952
-119.24057432
-1732.96750377
-1714.21140239
-1625.19401230
-1.40708132
-124.88032204
-0.05614172
-0.30265562
-1611.11737529
-1487.28759541
-1552.77774784
-364.51729392
-244.43628850
-1525.44297250
-116.63166290
-128.45583459
-126.90791353
-1462.59474426
-1542.41101241
-123.22492690
-1534.53944804
-120.61333762
-1552.89489964
-1646.80162492
-1570.98149489
-116.09054231
-119.87186522
-116.95971941
-249.30089003
-123.39031909
-0.84818816
-364.76667439
-1574.51704355
-1596.34584545
-1608.83937683
-231.84988295
-0.63995565
-1610.57909444
-729.13079118
-1575.01047728
-381.60995598
-1491.53690308
-249.62538725
-250.39968552
-244.46349746
-118.90309515
-0.53429642
-1495.32166526
-1503.49574987
-116.08232625
-1496.90286255
-246.47891779
-1554.08527370
-0.03857631
-127.57617901
-517.88378971
-116.49428044
-118.01541461
-1639.11442800
-1634.62135868
-116.99982591
-124.24430108
-1572.50021850
-116.02464019
-533.24628525
-116.67356482
-0.64273600
-253.44946460
-1497.85532019
-247.61291245
-1483.28857243
-1473.65258983
-1497.52695858
-122.94082194
-0.52136603
-1538.09565240
-1474.41144148
-1447.05995791
-1469.15664685
-0.60036608
-127.45388897
-0.14497912
-120.75821547
-124.35678250
-119.48379686
-128.24337021
-1617.66536917
-124.03270432
-0.83542034
-120.47737518
-124.27336427
-121.60167130
-1493.70449434
-0.68293976
-123.12043186
-122.05799123
-1521.38502465
-1526.21592723
-1516.12161410
-1446.45323465
-1702.92032452
-123.09566039
-1527.94451040
-1560.22288998
-1471.35321306
-1433.90282961
-1649.45453176
-1437.41367932
-0.24985682
-1660.06492763
-1639.96388304
-1585.85561824
-1779.60499172
-1729.47323457
-1787.31939748
-1879.72993091
-1879.07605146
-1529.25612775
-0.34171678
-1615.62974206
-1782.99191509
-1791.88748463
-1803.86590147
-1771.52289095
-1802.06672030
-1832.19310826
-1582.56919435
-1701.45593433
-1631.57991845
-1485.82142441
-1482.04004273
-1455.50578190
-0.02974922
-1382.62419067
-1518.99592070
-1561.53011977
-1499.10141778
-1494.73606689
-1456.71188064
-1495.15610865
-1522.46569959
-1492.49092693
-1561.63300907
-1487.38954233
-1498.72695093
-1472.33090143
-1383.30470915
-1498.54128278
-1452.72199295
-1483.49126390
-1511.13603348
-1542.46591166
-0.19631798
-1409.38294483
-0.40577960
-1437.22358211
-1475.46238447
-1498.41843207
-1462.84914841
-1522.97399944
-1464.92024881
-0.05759549
-1429.23671249
-1500.94832001
-0.47333203
-1521.67850253
-1659.11423059
-1790.04318229
-1556.68750044
-1653.13131902
-1733.82689589
-1531.20552736
-1739.92787757
-1509.62746655
-1480.32499312
-1643.78821385
-1553.39735771
-1592.01427748
-1670.20067665
-1599.25989498
-1530.16029755
-1624.43302512
-1411.65505991
-1708.84043034
-1601.47371767
-1792.47913280
-1878.13263335
-1901.92499346
-1878.76273545
-1533.97824510
-1755.21477109
-1603.98403236
-1577.41537052
-1639.63753384
-1626.22416606
-1566.96252370
-1414.34944627
-1689.32778402
-1788.30883821
-1482.34243989
-1572.70336640
-1623.84624394
-1703.85804403
-0.23943638
-1615.48500675
-1662.17599205
-1436.22841391
-2.77004722
-1507.14084336
-1517.33960392
-1490.20673854
-1489.76071574
-1504.77040779
-1507.42565744
-1420.28764802
-1496.13820603
-1448.66936186
-1509.54687356
-1485.17396377
-1594.25183956
-1568.08765880
-0.50328080
-1358.26710681
-1488.67237681
-1439.96369946
-1427.79387302
-1494.77056615
-1522.82245923
-1518.03013793
-1488.55192857
-1488.81559196
-1501.93104138
-1494.49006803
-1489.58715666
-1503.46222233
-1509.09915945
-1494.27073694
-1545.99260731
-1.95348830
-1545.78298682
-1492.99890617
-0.60858069
-1536.67154428
-1725.92185511
-1645.12039087
-1712.53008025
-1603.92709794
-1285.00357273
-1468.18276843
-1509.54963816
-1444.51443502
-1433.64078866
-1512.77934297
-1521.48966010
-1500.87414656
-1391.66664708
-1462.39363206
-1407.99818673
-1475.52358233
-1365.66189794
-1467.82409131
-1474.99534792
-1507.63360798
-1498.36044047
-1500.08069603
-1509.14965606
-1431.75860636
-1484.20863009
-1494.00355271
-1118.66819905
-1500.45500941
-1588.01713682
-1759.18820748
-1870.67557279
-1878.64543072
-1655.52697170
-1813.29775433
-1709.04360874
-1799.17501466
-1838.43040089
-0.22046259
-1765.52522524
-1577.15958446
-1651.87548355
-1612.71780898
-1691.49835664
-1755.11769989
-1721.00211181
-1688.25156161
-1423.51013215
-1525.34235195
-1649.01842047
-1553.10463589
-1680.77427599
-1508.90652647
-1678.87410040
-1815.66286300
-1465.05449696
-1445.64866898
-1511.14482671
-1484.43470834
-1488.96961190
-1501.75035084
-1532.13391639
-1532.70018719
-1552.80875456
-1525.92469410
-1449.16825822
-1454.76358711
-0.32588314
-1428.43901243
-1489.03716917
-1462.90709313
-1494.32663200
-1559.54043215
-1516.14726157
-1625.76913116
-1491.25272344
-1449.33249349
-1645.95975241
-1508.65941708
-1536.21220416
-1476.99331560
-1453.29399616
-1456.74784081
-1569.63308756
-1480.56794602
-1563.52095515
-1581.20706661
-1606.91272966
-1581.55333387
-1571.49121680
-0.03752843
-1433.42852496
-1486.04007512
-1446.66702204
-1538.43411429
-1523.88536904
-1541.21837820
-1440.23764114
-1450.29698008
-1399.74813103
-1538.90221015
-1452.45293866
-1441.18992456
-1441.58220286
-1489.91205325
-1471.21190635
-1575.56696922
-1660.41334566
-1830.41890164
-0.60956295
-1619.54465190
-1666.87439979
-1623.32237162
-1801.33038944
-1555.77603443
-1432.73509651
-1483.21418752
-1472.26836041
-1429.52947358
-1493.60810252
-1484.55707482
-1527.03142123
-1850.26815336
-0.71790965
-1673.60684802
-1792.10641971
-1774.12428620
-1806.41046340
-0.04226148
-1575.45481022
-1553.46757578
-1624.13817610
-1709.00221881
-1683.94784372
-1652.87450286
-1602.15156044
-1591.09590766
-1547.52283676
-1601.52709785
-1663.87161450
-1686.00424054
-1599.70662224
-1489.80526264
-0.37764435
-1505.80853221
-1507.10035794
-1473.63775640
-1495.83205556
-1553.14738421
-1540.39255698
-1565.70298051
-1489.76775243
-1506.47843273
-1513.63839687
-1503.26500531
-1474.26512971
-1497.35716940
-1458.77070788
-1491.84815711
-1505.56922240
-0.23791591
-1466.54345288
-1500.01339001
-1507.33867017
-1504.20627527
-1399.21558268
-1478.73791304
-1534.89796548
-1517.86570074
-2.19848781
-1448.66271573
-0.36268629
-1468.12650671
-0.19286983
-1473.17896592
-1395.85213621
-1557.35364703
-1663.76998597
-1589.14786350
-1643.37247221
-0.61088123
-1.49556315
-1489.58372443
-1506.73270222
-1486.04474383
-1515.21273545
-1513.20877601
-1484.11632035
-1455.04669838
-1466.00943518
-1438.47009180
-1481.82688281
-1456.66909393
-1484.39985088
-1484.18682097
-1449.14602421
-3.04960995
-1550.88623556
-1552.66230344
-1573.15161157
-1509.19598068
-1398.76208778
-1493.54729961
-0.77055016
-1510.69141173
-1506.04834287
-1443.41752545
-1477.64600028
-1511.79747164
-1494.73764646
-1470.29982919
-1526.24978943
-1677.12005482
-0.42702330
-1622.91068533
-1640.40543620
-1689.10121175
-0.25532872
-1648.54296588
-1550.16011122
-1557.36813681
-1611.13019686
-0.15501059
-1671.15105363
-1670.93840414
-1656.68223693
-1642.92348516
-1582.44949780
-1459.01544425
-1524.15429778
-1516.94494883
-1570.98193212
-1549.27866293
-1475.98534502
-1433.74346392
-1483.63481547
-1486.04028741
-1345.94223099
-1499.32450235
-2.51018692
-1440.51931361
-1495.83383576
-1434.04459045
-1380.87828890
-1463.68159724
-1478.91270549
-1522.30098685
-1597.71240174
-1593.37164574
-1411.59924913
-1492.88559279
-1446.79063890
-1459.82762772
-1476.01629644
-1496.06463656
-635.90209527
-1470.77208572
-1492.88590214
-1474.46239308
-1506.90481519
-1483.22904014
-1522.27789306
-1541.84259833
-1540.32867589
-1497.86029420
-1488.27512899
-1.85986907
-1510.95101665
-1519.45755314
-1496.25456250
-1531.56662844
-1475.16437135
-1506.92533439
-1616.51498333
-1530.13986717
-1.75654375
-1399.16150278
-1538.80971007
-1559.98793762
-1531.05425056
-0.42966815
-1510.56951165
-1454.11627822
-1420.96201422
-1482.11572364
-1429.86106926
-1507.54388522
-1549.01653594
-1519.97997578
-1590.45496063
-0.86853838
-1.61211930
-1521.84599371
-1598.60804912
-1606.67113363
-1590.86502474
-1825.55442796
-1607.01162319
-1549.23793358
-1554.43477076
-0.20750474
-1804.44103445
-1718.28398249
-1760.89043398
-1818.77219475
-1632.78324937
-1.67532135
-1656.70024612
-1703.93970631
-1935.92288122
-1677.04296362
-0.37763763
-0.21623381
-1662.23095795
-1687.24021831
-1582.31421764
-1622.70219138
-1699.06834266
-1498.07081747
-1588.01808838
-1490.83462562
-1417.76974108
-1503.53569010
-1479.62821922
-1547.01565692
-0.26994411
-1636.85079478
-1425.77775103
-1420.27056072
-1592.80658068
-1483.71883632
-1496.32243688
-1571.33039686
-1573.79328629
-1714.60281313
-0.09002568
-1722.97217516
-1573.75868467
-1449.58454204
-1455.26329318
-1497.74130923
-1523.11247511
-1505.67137952
-1589.97359105
-1553.81056019
-1586.16182094
-1628.18599978
-1530.56731236
-1443.81778818
-1502.80861386
-1361.97140072
-1.34984538
-1725.46770818
-1919.61625712
-1545.92985476
-1472.66170301
-1527.62661703
-1514.91501596
-1508.66476967
-1499.02979908
-1574.22694954
-1511.30298767
-1229.53509294
-1530.11739079
-1433.65880390
-1473.31329744
-1464.64551371
-1462.49034175
-1451.70549021
-1518.00557705
-1522.02635114
-1500.26750570
-1563.26880307
-1516.18940499
-1646.73501838
-1471.43728894
-1764.35112715
-1685.04302217
-1588.28340981
-1644.80769131
-1670.13014212
-1671.45095745
-1613.23851141
-1695.13216286
-1491.59136675
-1736.05779024
-0.22593565
-1503.64609965
-1503.13038741
-1706.79360297
-1666.34495607
-1653.06182707
-1655.91699527
-1606.65447840
-1558.15276596
-1487.82377439
-1565.50283026
-1558.38810894
-1650.54672662
-1409.31762579
-1484.22135449
-0.44126478
-1553.76715655
-1439.06119507
-0.13567577
-1427.93435654
-1497.39744125
-1514.36543221
-1515.74645070
-1490.96457227
-0.09004869
-1445.89845796
-1476.79843274
-1573.64236017
-1377.95127344
-1461.48140548
-1530.64148920
-1456.48593762
-1492.81771329
-0.08763920
-1518.56429016
-1472.79464364
-1547.12023583
-2.31809880
-1498.66701405
-1484.68519307
-1478.64102788
-0.93808499
-0.63185509
-1577.60098860
-1382.01862000
-1463.17577170
-1510.56326298
-1411.19974514
-913.58482468
-794.17512452
-1485.77284623
-1595.15163947
-127.78967311
-121.40018082
-1504.14501969
-1503.74686088
-1411.41065119
-1487.95291198
-1518.31904581
-1514.66234657
-1258.84799994
-1263.14922866
-1359.60505116
-118.92532773
-0.53837245
-1506.18754785
-1448.44335323
-1532.30880370
-1327.56918995
-1522.95671265
-1487.92607028
-1478.26869287
-1571.63712312
-1699.43978643
-1520.31166620
-1584.48836562
-1471.64708269
-1552.99548152
-1678.66213229
-1727.53897175
-1537.19040274
-1565.67904854
-1723.56944917
-1704.81707093
-1477.82896049
-1614.55574055
-1604.46045682
-1630.21924760
-1586.05227173
-1487.06895530
-1551.52078053
-1436.71789006
-1500.50059379
-1535.92335329
-0.05828094
-1538.29637148
-1580.71492769
-1581.39966292
-1718.28932816
-1760.92209945
-1605.69120955
-1544.69417331
-1426.46305301
-1377.06650519
-1491.32473917
-1503.72773911
-1516.67978504
-1461.07688616
-128.29581695
-1498.74941639
-1522.83468099
-1532.08711030
-1553.06522645
-1522.68878086
-1567.98874796
-1487.33815175
-1497.94403526
-1445.59254398
-1560.17268154
-1809.74176945
-1588.22839112
-0.13782732
-1524.03093873
-1383.69659692
-0.60960350
-1480.59238670
-1259.25641364
-1502.23260795
-1478.16032636
-1383.19778978
-1448.12623339
-1540.71754052
-1526.45557079
-1519.67789672
-1446.02990259
-1415.35481213
-1358.58228580
-1332.98507466
-1492.08696947
-1483.74781993
-1402.99308136
-1520.53323795
-1535.89495954
-1497.73114455
-1490.90188699
-1399.53461936
-0.38329219
-0.23092609
-1500.23742253
-1487.55825920
-1499.41693994
-1481.89877433
-1475.43919364
-1527.78264768
-0.48904221
-0.56226574
-1516.05843737
-1501.64063108
-1507.68000553
-1513.86216633
-1483.79319172
-1445.46847430
-1486.10823140
-1464.78588021
-1487.94775509
-1493.69036403
-1355.77037266
-1506.50959603
-1510.34115661
-1474.38056207
-1493.65824511
-1473.52720020
-0.17568075
-1495.52847197
-1488.84524439
-1529.35713531
-1595.04799844
-1665.21189829
-1452.05872029
-1550.69740667
-1345.65791271
-1386.20803272
-1550.45500247
-1697.35616519
-1436.63166397
-1511.70325543
-0.16909717
-1504.96605918
-1514.15481598
-1509.85239538
-1482.90068234
-1435.29475437
-1492.84693311
-1436.30777884
-1580.07959650
-1663.51679868
-1682.33014655
-1584.79423749
-1501.05969190
-1580.15266977
-1637.06870325
-1484.38925347
-1554.27252420
-1409.78181494
-1.50112230
-0.76142363
-0.62931247
-1604.13974891
-1494.05048396
-1539.09279899
-1460.07248294
-1491.64565742
-1494.38138560
-1534.68971314
-1498.40982147
-0.80132514
-4.76945384
-1216.86782170
-1452.75383324
-1576.09284008
-1612.43322696
-1539.91610525
-1569.82183690
-1574.33916160
-1444.44206457
-1437.98717987
-1486.35840413
-1485.58878270
-1459.77761371
-1482.53080221
-1524.90996380
-1464.76102581
-1555.19301679
-1.14177101
-0.71527934
-1519.48695838
-1496.70618536
-1458.43222593
-2.19513740
-1636.51800347
-1753.77767833
-1550.03965250
-1755.85879004
-1409.65448824
-1696.50942896
-1654.26130546
-1627.01860443
-1574.97547651
-1487.22999824
-1480.19673255
-1778.65357692
-1678.64440740
-1651.70640690
-1536.09209056
-1615.99883110
-1369.74287090
-1423.65631478
-1520.81063786
-1781.04291429
-0.08737656
-1282.62453359
-1599.82287425
-1.23861243
-1364.68026314
-1475.08488924
-1512.52633607
-0.86268704
-1690.86765195
-1744.46857336
-1806.23683348
-1887.04668816
-1680.53754127
-1787.65383224
-1733.95019220
-0.20636778
-1867.71831696
-1920.49549959
-1874.49242568
-1908.33050279
-1856.57608449
-1836.59174170
-1707.28789453
-1526.36312149
-1678.77221975
-1804.87767864
-1849.22957803
-1801.94827323
-1766.39441187
-1787.73468625
-1679.69846560
-1488.23186266
-1778.25195770
-1730.50990879
-1763.93948896
-1759.12956044
-1828.34954838
-1564.91172249
-1637.33081753
-0.55377446
-1682.22599299
-1595.37646010
-1670.08565197
-1698.98105658
-1685.52037746
-1709.92756772
-1642.79675076
-1661.94597049
-1409.26357450
-1469.50315335
-1566.86182576
-1548.92653984
-1519.23901049
-1620.16717187
-1636.61393240
-1553.90297426
-1617.39247922
-1610.17834284
-1583.66289426
-1516.22182224
-1573.86501543
-1527.32540000
-1516.67673255
-1512.50859389
-1519.50879174
-1546.48219625
-1526.44436851
-1588.66552498
-1516.29146308
-1465.06950319
-1480.09315770
-0.30557133
-1527.74887666
-1490.19841952
-1601.75989224
-1564.64564403
-1710.59476493
-1508.10087147
-1484.36621335
-1490.13745012
-1552.51690180
-1465.44761022
-1377.76791744
-1497.02026301
-1394.36600871
-1449.86348053
-1489.67115705
-1487.70413133
-1487.89210028
-1484.90471361
-1458.85320245
-1464.85153702
-1479.56566745
-1445.29048274
-1467.67032942
-1527.88513307
-1504.16150571
-1555.09031204
-1527.60452384
-1353.52330387
-1522.13548335
-1497.97462936
-0.08718381
-1435.75518222
-1466.57780187
-1484.17322682
-1.01486401
-1480.28183606
-1464.68319388
-1471.67527410
-1513.87044794
-1333.62797702
-1477.59238900
-0.13486181
-0.71302101
-1446.56739177
-1493.50528423
-1440.17207238
-1493.99810573
-1435.11909038
-1448.66421964
-1498.15868760
-1535.05447277
-1485.46267048
-1442.20657801
-0.14822486
-1463.77803289
-1471.76244662
-1532.46129962
-1645.54785901
-0.31150053
-1671.49710067
-1776.04653583
-1708.40888183
-1589.21848047
-0.48619498
-1771.09939263
-1588.55815288
-1568.22586373
-0.10692804
-1711.89644402
-1562.61579890
-1403.12975420
-1681.63346608
-1723.12695389
-1470.63325829
-1475.10284675
-1764.14074396
-1736.33112809
-1716.68834144
-1486.88190353
-1769.04903981
-1494.99729924
-1685.32766334
-1435.13949000
-1703.90087386
-0.51423466
-1576.10956761
-1460.26818723
-1504.38390827
-1490.09474913
-1639.30725928
-1487.78617780
-1464.86619120
-0.50365118
-0.54602405
-1491.78182074
-1398.90444086
-1488.74136133
-1262.15821474
-1403.33993189
-1488.33115730
-1481.70224177
-1457.44014816
-1518.12822136
-0.11443381
-1483.94781508
-0.07835528
-1457.97096395
-1458.95160154
-1498.86305465
-1482.02784986
-1483.40127779
-1494.49965408
-1460.35129825
-1434.36793257
-1480.22969618
-1488.50242493
-1494.29108308
-1492.90972730
-1363.19737611
-1485.52338633
-1452.61510045
-1456.08678571
-0.23139043
-1505.62605031
-0.44081300
-1557.08948239
-1723.38514040
-1492.09596660
-1646.45433273
-0.67906249
-1594.01833057
-0.37900496
-1567.42347485
-1626.00504464
-1612.74461602
-1534.25762666
-1457.47559427
-0.54442731
-1545.06807176
-1565.17844704
-1639.98779879
-1510.50351645
-1484.58920993
-1597.28349116
-1586.61514262
-0.02435380
-1480.83587547
-1785.38993167
-1647.21662120
-1498.93394916
-1556.12126051
-1807.38174041
-1822.18595896
-1597.60946668
-1868.81109449
-1618.77095427
-1559.53880302
-1583.44812629
-1669.02517276
-0.64374985
-0.96814370
-0.82007589
-1641.76898455
-1509.25745900
-1592.10426500
-1595.99976191
-1554.72104626
-1542.16458790
-1546.65926584
-1537.77636738
-0.20466516
-1729.67354837
-1579.19145349
-1558.22084500
-1539.20942973
-1619.40685722
-1533.43003699
-1555.22894809
-1482.73125375
-1429.89518910
-1517.21054397
-1527.72564886
-1449.83631127
-0.24301877
-1477.16325935
-1502.20721622
-1458.15169173
-1490.05978055
-1486.55488621
-1517.29340341
-1492.59148865
-1331.30792627
-1375.18489043
-1491.94479701
-1511.68217690
-1502.19487677
-1507.16808990
-1348.06782939
-1530.37429331
-1602.85197307
-1504.47815915
-1481.95748377
-1547.77972302
-1589.79659636
-0.16488917
-0.52921862
-1600.70543644
-1565.20325380
-1647.28276291
-1690.12087266
-1462.83930581
-1484.39596916
-1368.19306661
-1544.19031767
-1480.52945612
-1330.42973868
-1482.02203510
-1559.79417884
-1590.74065521
-1595.35713986
-1508.60306517
-1346.65044332
-1444.85933758
-1525.10735860
-1508.94473909
-1496.54827912
-1527.90591265
-1465.68322190
-1586.66643562
-1527.19870864
-1387.76529587
-1453.53817805
-1388.00188391
-1491.69796337
-1488.99467022
-1286.82194246
-1517.97080889
-1472.81584854
-1478.88574748
-1.38489575
-1560.57733611
-1475.83227111
-1454.68323805
-1644.59471155
-1479.39705354
-1592.77473975
-1.00872114
-1547.96753608
-1585.17180200
-1503.98791607
-1.26467154
-1510.49887280
-0.22051132
-1468.61706070
-1474.55309964
-1391.11147432
-0.22544822
-3.57224863
-1416.85262773
-0.17450225
-1498.03131494
-1498.99707215
-1486.67351099
-1592.43303246
-1651.78040621
-1575.71598409
-1519.46633041
-1446.24194751
-1437.67805194
-1546.55319671
-0.15647285
-1458.39914951
-1.39975262
-1.37845934
-1555.34562483
-0.95533055
-1.04109730
-1704.68343863
-1479.63457907
-1477.10900302
-1413.27466654
-1496.75603403
-1530.24632560
-1579.55508655
-1610.00713077
-1833.62766953
-1850.58708062
-1910.14876298
-1924.31563098
-1833.35443645
-1914.47760888
-1604.11337612
-1797.19127683
-1712.01129244
-1822.75800569
-1628.21448335
-1532.99516257
-1538.68726815
-1728.62266530
-3.26204446
-1889.93660275
-1741.59292305
-1754.73736185
-1702.17533606
-0.84327804
-1849.58294555
-1783.20071507
-1645.45454196
-1848.78139848
-1842.31085521
-1.59339958
-1681.97479534
-1750.24723890
-1824.65577030
-1821.58580967
-1837.29191326
-1881.51042258
-1844.64594014
-1630.00526519
-1644.37802726
-1707.90753703
-1790.12945215
-1622.29214119
-1685.75809786
-1697.72998335
-1710.24227823
-1620.45566906
-1774.06798838
-1756.45012932
-1621.38649337
-1702.90584762
-1680.05468883
-1716.53108180
-1683.22431136
-1715.13573295
-1585.75118061
-1388.74400864
-1541.49821438
-0.75927745
-1508.39105445
-1438.85807631
-1502.09553833
-1477.45590495
-1490.81556902
-1478.03291021
-1486.84194921
-1497.10661801
-1.53690948
-1483.45743062
-0.59266769
-1494.65846661
-1439.78251085
-0.66684341
-1515.66214416
-0.27503591
-1520.15387355
-1528.23281912
-1534.61200660
-1407.63314636
-1485.74435249
-1330.75817713
-1470.21714989
-1528.31622084
-1591.64147905
-1513.20926439
-1433.02188314
-1501.89317236
-1562.96068795
-1484.93496094
-0.09309090
-1372.55040166
-1539.81530371
-1432.46251076
-1459.39185261
-1560.46667898
-3.00327516
-1541.09672793
-1.58589570
-1514.86553737
-1489.31268878
-1534.02827310
-1477.95922405
-1407.56633736
-1466.68429699
-1498.99728356
-1447.01355658
-1.23270125
-1509.85874618
-0.04938811
-1496.54931874
-1474.70053123
-1444.28243405
-1488.61781345
-1494.78187550
-0.06773698
-1579.58644522
-1465.28240097
-1411.36223507
-1539.00110876
-1490.43213580
-1499.73915346
-1.71103906
-1272.35831131
-1452.86038587
-1330.30259305
-1473.54065950
-1724.28059126
-1382.84437019
-1412.66967960
-1398.71181437
-1350.16653530
-1387.71273376
-1561.04496860
-1796.66002344
-1773.40056138
-0.44676333
-0.15059128
-1721.71881993
-1742.92596737
-1515.91033439
-1762.45284089
-1678.88405123
-1685.74430045
-1849.35017363
-1829.04129261
-1341.52230221
-1861.20648031
-1720.34345058
-1677.71691315
-1793.65091649
-1828.32842550
-1527.87562474
-1406.50178714
-0.82456722
-1473.34770302
-1456.27618268
-1470.29952874
-1503.45615812
-1485.12222137
-1.33612985
-1502.14197688
-1487.80927521
-1316.19927455
-1461.26014295
-1395.20083760
-0.51780241
-1488.94894208
-1489.21339545
-1486.99556396
-0.12198006
-1417.46877916
-1530.34002384
-0.64439794
-1620.07249368
-1652.10265287
-1629.05031830
-1766.65797709
-0.39038591
-1591.28320987
-1683.87914879
-1533.17725072
-1506.59368530
-1636.01369441
-1557.59763650
-1551.19549063
-1745.48957681
-1601.99978422
-1586.26104698
-1580.22125699
-1585.70518216
-1644.57879071
-1403.77102206
-1674.18088381
-1432.04589047
-1588.36116128
-1298.50079340
-1517.99288154
-0.04632882
-1502.72005790
-1498.96742227
-1537.28762473
-0.20895325
-1544.83575555
-1561.53147769
-1576.74544455
-1563.31643855
-1501.43659745
-1467.76619322
-1548.87404040
-1528.21778085
-1411.48527365
-1469.34505537
-1527.97651943
-1716.92396611
-1838.83880168
-1693.06722632
-1796.20860550
-1655.21678314
-1680.31046930
-1576.13050230
-1555.76914584
-1491.24092042
-1437.59020496
-1591.57550080
-1463.74543257
-1481.84954778
-1483.33127844
-1496.58977291
-1501.28600443
-1493.31426050
-1486.01473682
-1505.12948883
-1500.98638365
-1486.49694153
-1508.01049637
-1490.73623623
-1541.01918812
-1570.97949019
-1607.46780895
-1656.74916596
-1659.71319087
-1577.58309683
-1615.52667425
-1629.15958682
-1751.74518142
-1564.83530097
-1474.88020881
-1447.31340824
-1473.84403471
-0.21642360
-0.16588316
-1580.82715481
-1599.67025594
-1404.62115380
-1502.22089685
-1.29421352
-1453.67747996
-1564.27928941
-1562.24845486
-1514.14344826
-1487.84235669
-1464.07294784
-1476.55650566
-1478.38574445
-0.29858644
-1414.07749760
-1471.16978740
-1522.80928341
-1499.58581026
-1349.72957453
-1504.79771822
-1438.64474156
-1479.88074850
-1512.76069675
-1448.92004796
-1505.89601490
-1507.60844737
-1498.08879878
-1474.78595172
-1506.52999671
-1494.39348933
-1489.00833595
-1815.71017186
-1531.41588820
-1358.71934513
-1543.29783434
-0.11919139
-1518.88936827
-1435.42325450
-1507.29199153
-1497.95714047
-1578.39446105
-1481.94418299
-1537.93833707
-1464.55933196
-1522.58171996
-1560.67731715
-1685.26978222
-1800.84105678
-1734.08675441
-1870.50764945
-1842.44318612
-1913.30027426
-1825.03834059
-1849.09609002
-1773.56920915
-1872.34746847
-1.39371033
-1874.04708111
-1662.14911996
-1773.04982596
-1729.02981684
-1754.51474450
-1757.02526199
-1696.54384669
-1876.47641842
-1587.14624544
-1871.51598487
-1685.09864729
-1647.88897943
-1866.75223749
-1857.43036040
-1640.62676966
-1878.87527056
-1723.52489618
-1739.84182782
-1817.47908213
-1884.50079636
-1849.93098417
-1709.65516894
-1879.19112956
-1851.98745935
-1742.75236490
-1.63800490
-1837.39759676
-1746.56998635
-1750.49679153
-1835.19373423
-1604.90456488
-1568.85844046
-1549.61802292
-1397.34971345
-1642.85006237
-1564.11581465
-1563.07684271
-1430.56474031
-1611.52967940
-1618.01758327
-1615.19170073
-1478.01795328
-1461.89338436
-0.13126786
-1537.24493816
-1397.39573246
-1571.29391298
-1720.30538684
-0.20517161
-1560.21216421
-1530.77371919
-1439.72057949
-1586.90326721
-1651.68130055
-0.09908801
-1586.34296401
-1543.44502776
-1594.21381671
-1493.20280141
-1606.27296051
-1520.40039547
-1482.95411821
-1406.34854550
-1589.28707173
-1729.17264329
-1665.88611268
-1517.64673038
-1361.86613858
-1533.20567791
-1413.79087990
-1588.36334323
-1449.72079889
-1621.51207182
-1583.56767547
-1710.66684370
-1699.96346249
-1747.90709191
-1453.71444564
-1730.36599905
-1415.28306216
-1340.70220510
-1528.13090732
-1574.88770471
-1481.17999107
-1547.27443138
-1672.69823700
-1405.81779266
-1.12953951
-0.14765795
-1.30086119
-1445.18839345
-1632.55351399
-1502.48787746
-1604.22982981
-1476.37881075
-1.07980024
-1698.89203274
-1634.21324351
-1397.83141420
-1748.67527417
-1643.15719374
-1759.96281012
-1535.71009868
-1553.45702377
-1470.63855355
-1434.04824699
-1562.97498261
-1447.97482279
-1482.76123992
-1519.33249130
-1443.82013043
-1553.66839023
-1496.29502458
-1446.89596638
-1479.48322754
-1493.23128280
-1489.51350415
-1.21128065
-1473.21658099
-0.26395397
-1488.10778225
-1477.59244482
-1468.75086381
-1513.29827224
-1503.89474729
-1498.07052871
-1499.34071829
-1457.76021886
-1528.96617295
-1391.92745387
-1529.18508703
-1482.02579071
-1563.74487907
-1429.91634607
-0.56337988
-1901.48584543
-1864.18939241
-1832.15184248
-1574.97574470
-1847.80032529
-1843.51996713
-1856.14603217
-1582.79783478
-1.76034877
-1740.63662177
-1637.58207586
-1654.61437933
-1754.33024751
-1420.17675096
-1577.53985112
-1559.00194311
-1567.45210684
-1619.98439075
-1593.09410403
-1494.34065733
-1567.72332719
-1558.70229257
-1521.86281547
-1501.05867790
-1502.64264572
-1525.89298013
-1604.43758146
-1689.44171787
-1272.95363751
-1.45117316
-1718.82342896
-1591.88398216
-1716.88501879
-1664.71312604
-1462.84308526
-1525.56313144
-1577.42873695
-1508.33054328
-1542.94026446
-1414.95832192
-1566.98190537
-1522.39622420
-1439.72809603
-1411.13824689
-1452.78834147
-1435.64252630
-1557.55152968
-1.02673765
-1476.24731107
-1499.29622957
-1406.81880234
-1446.11465757
-0.26223061
-1517.03173852
-1589.33623290
-1488.14174252
-1443.71485334
-1534.08469189
-1613.98968187
-1629.20369442
-1493.26729365
-1640.37347809
-1483.19263761
-1347.85149340
-1594.87878846
-1409.41425918
-1491.32778205
-1730.94949616
-1616.51230573
-1386.06540831
-1421.65899599
-1422.52762233
-1498.62296848
-0.27618733
-1.07033937
-1307.82392370
-1418.02443970
-1573.20768345
-1921.62192464
-1485.25717133
-1874.15332916
-1325.01168551
-910.08887853
-1551.77963797
-1496.26859528
-1114.69664604
-1227.91149588
-1430.07672239
-1499.65768109
-1333.58363554
-1550.02884495
-1465.55454066
-1417.30358438
-1375.38548371
-1492.47795943
-1422.95194677
-0.85950288
-1375.65122027
-1475.45116742
-1362.45752393
-1479.26131807
-0.02831972
-1586.38879555
-1499.60613744
-2.10863247
-1556.97218205
-1584.74183619
-1507.28402818
-1587.13899579
-1589.91750357
-1619.21703512
-1651.18474884
-0.99494169
-1564.70876824
-1365.80307686
-1618.05969184
-1528.76021893
-1353.91774989
-1435.97973234
-1422.34282777
-1551.62411046
-0.11023630
-1633.47549863
-1493.58801952
-1472.01575133
-1550.69814329
-1508.58184418
-1491.81593700
-1.60666029
-1516.55148222
-1502.25258383
-1519.61711063
-1656.37392516
-1483.91668554
-1520.61978761
-1515.19167376
-1552.05719093
-1614.10724772
-1394.89844290
-1527.14325264
-0.39177239
-1433.31244240
-1437.48969945
-1522.18289434
-1522.61887468
-1498.46061621
-1454.02053971
-1382.75990931
-1391.03230569
-1468.20037060
-1353.83146503
-1440.69243808
-1494.03272177
-1470.21718008
-1.02355419
-1.45027858
-1518.20223251
-1505.27765027
-1510.60557231
-1369.21244801
-1461.85420593
-1354.22231943
-1405.73934792
-1449.95954095
-1623.89985877
-1532.92625139
-1538.10245084
-1301.45423383
-1683.16824299
-1567.05110040
-1384.57934563
-1321.52939411
-0.29237139
-1486.59379650
-1345.32041511
-1387.75685877
-1490.21983283
-1400.25556555
-1573.01111352
-1628.41123640
-1488.01147424
-1398.45490583
-1320.39303669
-1435.58017075
-1423.20958223
-1329.13400385
-871.18185862
-1231.93814976
-1507.93996547
-1308.12849036
-1352.04016721
-1166.32592973
-557.54519004
-1484.93384212
-1498.15167867
-1513.66594900
-1469.80510621
-1524.45839162
-1491.70826153
-1572.96472779
-1547.85586129
-1493.36360531
-0.63070750
-1331.45222072
-1552.17882151
-1528.32811894
-1396.56051012
-1258.42733032
-1453.35809790
-1379.13389876
-1436.59050093
-1504.74424121
-1189.15922713
-1457.57867930
-1371.36483702
-1226.40303882
-728.77451900
-1239.90426531
-1233.16990172
-1513.09060247
-1285.83856206
-1262.58381994
-528.78590553
-1155.80956171
-1318.93460317
-1483.56113826
-1497.94798712
-1440.12348643
-1472.97570005
-1473.26435705
-0.55068169
-1673.81592729
-1480.58549656
-1338.57653800
-1368.89118147
-1596.28902649
-1492.47781061
-1375.39400490
-1526.80691679
-1440.72839236
-1373.53610921
-1264.34315663
-1399.58900247
-1433.63236033
-939.94724082
-1478.93920906
-1493.93357065
-1061.97759511
-1516.96241706
-1498.93020665
-1226.27376260
-1511.53964485
-1037.52281588
-1498.20376088
-1604.47654869
-1637.98033919
-1254.70610217
-1577.13074032
-1497.32587380
-1579.07792327
-1513.07582869
-1374.70687931
-1527.16495919
-831.53921827
-1081.87913960
-1538.86147070
-1460.99427858
-783.04136373
-1485.47433581
-1521.34640814
-1069.26620154
-1041.84823886
-958.82626841
-1076.59386307
-1486.25459661
-1497.50343151
-1438.62957360
-1504.30033435
-1558.87228197
-1489.29124305
-1437.77301842
-1637.92512937
-1466.65851059
-1523.98001797
-1499.37941557
-1432.96227602
-1605.82972151
-1484.82247784
-1620.21207073
-1565.69690473
-1064.61334536
-1173.03713915
-859.31591629
-1619.91456346
-1222.78802800
-1345.09976749
-1371.32066498
-1304.10879198
-1285.51827178
-1283.33624695
-1502.54369502
-1317.12569813
-1356.86847585
-1375.61387814
-1255.88995810
-1507.17298662
-1470.81302662
-1458.12512523
-1347.18310649
-1481.64196415
-1516.94689951
-1421.77857124
-1387.22804856
-1501.88259447
-1325.86773184
-1425.11513041
-1454.20753630
-1404.73996211
-1489.12909580
-1466.00556998
-1449.63799263
-1240.59330010
-1307.53660242
-1315.70706568
-1224.19710929
-1523.02726939
-1476.06072162
-1516.78114928
-1348.39845783
-1349.95749462
-1573.65952969
-1592.50747107
-1599.72246213
-1498.37827891
-1415.09901583
-1655.17547960
-1514.18646514
-1479.68011517
-1569.24468259
-1754.17235319
-1371.51551468
-1463.89283397
-1207.81931785
-1254.99433526
-1419.24797202
-1267.53637968
-1411.38604907
-1374.31825942
-1374.26899938
-1351.13895858
-1482.62202265
-1335.71759654
-1391.46826125
-1374.98326130
-1047.57858297
-1055.33369572
-1361.05876777
-1219.15664123
-1285.35233536
-1368.89442004
-1491.57297115
-1230.62498151
-1490.50415561
-1462.68223546
-1409.25478422
-1445.48984703
-1403.33029469
-1428.29299792
-1223.10965499
-1440.47589236
-1342.14641301
-1160.68499341
-1444.32254636
-1277.60245988
-1282.85937039
-1278.73018115
-1435.09812976
-1156.60484215
-1484.51040187
-1484.95314490
-1493.72787105
-1490.59082744
-1540.27297223
-1190.95776031
-1566.95796564
-1364.13927468
-1143.19878305
-1512.30273274
-1280.47060873
-1522.35067593
-1345.65041579
-1371.66371321
-1632.51441377
-1388.06780466
-1419.52301030
-1480.68716027
-1512.95089119
-1403.76313896
-1171.24956680
-1329.08529212
-1152.88919179
-1104.53736147
-1066.95074533
-1304.82484285
-1532.09340228
-1386.47711687
-1444.33277732
-1426.21935197
-1484.63018752
-1294.90998233
-1453.58596709
-1401.85852533
-1270.86975203
-1293.78764982
-1349.93355645
-1319.36122064
-1345.77821403
-1425.78011552
-1408.76786747
-1353.02316778
-1405.38944139
-1483.13876022
-1159.64991754
-1206.17286327
-1355.20182621
-1282.35763526
-1246.47901431
-1372.64515691
-1265.64596744
-21.57350780
-1284.05171142
-1239.83534776
-1205.02698843
-1235.42414712
-1113.05703697
-1262.82609358
-1593.21153268
-1560.19007397
-1514.21491669
-1321.51861641
-1401.52219630
-1304.55821309
-1212.18409154
-1180.19000672
-1397.22114973
-946.93017645
-1535.78263460
-1188.28965061
-1508.48960849
-1165.35607765
-1087.19316924
-1429.43160188
-1461.41322157
-1138.93050039
-974.17262932
-916.63598142
-1070.48011696
-1285.71078352
-942.63422147
-1500.90631821
-7.76751512
-5.00404565
-1184.73817291
-1487.10955169
-1183.39956622
-1063.35502067
-1236.87853692
-135.36844964
-1177.56834871
-1390.66845411
-1669.96409865
-1289.80121529
-846.45007301
-1553.72876969
-945.04121890
-1438.47170864
-1516.04508637
-1371.22802050
-953.08310623
-1141.38063555
-724.84759419
-1092.51104010
-1084.89220627
-958.37735900
-1546.33418002
-131.17360241
-1549.20695964
-2.60962623
-117.19138001
-1498.44128325
-1592.35532797
-1583.55374201
-1497.92444966
-1294.00743056
-1.89939805
-1481.18625453
-1521.73323457
-1372.81067613
-1164.75690690
-1290.36182502
-1616.28616136
-1298.56472686
-1497.08460724
-118.63200559
-1208.50338613
-1230.35615366
-1205.25831836
-1.07950216
-127.57096451
-1202.88406282
-1251.24179119
-122.99386859
-128.38359048
-1331.94705233
-1355.44775415
-1495.14696433
-1507.07527413
-1539.40877887
-1442.72324577
-1383.66672338
-1285.94283420
-0.56092840
-1326.45291006
-1340.79114302
-0.86841105
-1270.35446864
-1505.10940226
-1375.07833657
-1428.92717726
-1483.90275699
-1485.99390858
-1419.99921668
-1484.32797025
-1504.73056254
-0.65536387
-1526.09452231
-1510.04544048
-1458.42130880
-1455.26057190
-1467.34645435
-1389.14802570
-1369.32871456
-1477.47492972
-0.46660124
-1392.11029984
-1357.70149677
-1504.11745262
-1469.61396860
-1386.16097382
-1435.62648989
-1322.22225989
-1510.81489242
-1420.12445350
-1368.59182648
-1375.07333736
-1371.18952801
-1326.13019295
-1356.32734038
-1247.39002111
-1359.88101538
-1488.04646541
-1483.83932799
-1495.86476746
-1359.44192726
-2.19057302
-1264.27384932
-1441.38121324
-1261.12922332
-1352.35536071
-0.93667063
-1495.20155156
-1486.55716610
-1418.52703727
-0.16276488
-1533.69133630
-1521.24434458
-1504.31578363
-0.40533026
-1437.24329492
-1366.11113865
-0.35869664
-1544.21565014
-1546.60835256
-0.83555167
-1487.08964281
-1556.64046213
-1588.44601228
-1354.78350422
-1622.73168540
-1475.73476058
-1471.72801619
-1627.81648160
-1283.28468518
-0.14863954
-1444.29595805
-1391.33275655
-0.18570913
-1453.49770406
-1493.53206592
-1491.53085871
-0.88810318
-1544.98762860
-1561.78390655
-1522.38128964
-121.69167265
-1379.48349070
-1436.70727306
-1556.29491811
-1613.80714406
-1573.58106233
-1460.46725482
-1499.60007738
-1393.70979823
-1615.65726900
-1598.71728427
-1507.68456482
-1490.67110549
-1.18929292
-1286.77495702
-1504.69727919
-1425.74167820
-1394.44910505
-1347.84401548
-1342.37554100
-1329.58383564
-1332.40061951
-1527.34177230
-0.65672689
-1375.67484066
-1383.20666233
-1362.25694503
-1363.76078069
-1495.94536195
-1451.62018700
-1445.87166594
-1563.15907958
-1537.42904077
-1499.84631670
-1625.61806904
-1388.77001944
-1485.13725061
-1439.27590344
-1478.69643989
-1548.02050067
-1483.79413059
-1396.41954535
-1527.62630000
-0.77525329
-1483.80099548
-1460.11107512
-1490.30098695
-256.20744834
-1557.34536958
-1565.18890048
-1458.47477076
-1424.68928762
-1202.68205417
-1301.55661415
-1512.84841818
-1492.43062956
-1199.57524995
-1305.66044587
-1485.67036794
-2.47282737
-1727.99164904
-1651.94441231
-1574.22918324
-1635.49799242
-2.33700128
-1702.43092166
-1906.61429552
-1842.42950393
-1714.78989700
-1741.30378183
-1549.51393664
-2.15054848
-1489.61748170
-5.46632194
-1438.51890496
-1352.39739886
-1470.42103566
-1552.91513918
-1524.69961216
-1506.97790974
-1527.41128061
-1439.65663019
-1.56666819
-1523.86192790
-1592.80827546
-1577.97615073
-1687.00320132
-1629.52857853
-1768.24809055
-1723.29286340
-1783.94147408
-1688.37602344
-1668.11122607
-1540.01963981
-1166.95276528
-1494.47996386
-1499.38476296
-1609.34129119
-1593.12753711
-1588.98030506
-1580.70539197
-1474.29614357
-1531.63671966
-2.90534418
-1351.15048189
-1.51724250
-1505.18101499
-1414.38621181
-1269.64763030
-1495.68452842
-1460.92668502
-1502.02771348
-1.09732657
-1476.11625479
-1496.52518440
-1417.88309192
-1386.61980127
-1468.21239212
-1484.35831630
-1421.68771990
-1437.11406848
-1488.98479489
-1355.46178562
-1342.76441936
-1361.07207784
-1328.81982048
-1482.63914661
-1404.46894312
-1504.77264557
-1492.05505429
-1312.35746579
-1491.68978784
-1472.59452748
-1501.59758895
-1480.31122816
-1204.39977329
-1280.17856640
-1362.42060696
-1312.42504545
-1440.91569016
-1248.29406468
-1518.30848910
-1542.31615236
-1554.59954333
-1488.27115328
-1384.65388452
-0.25595434
-1567.27863712
-1611.10326392
-1375.66879808
-1511.78771786
-1464.51412054
-1424.36880888
-1572.51247658
-1572.97531200
-1583.51145441
-1485.03759230
-1497.65085478
-1518.74252809
-1488.54947264
-1373.45551814
-0.59105262
-1336.70621424
-1461.96603932
-1595.18394379
-1390.62986208
-1347.88630660
-0.38967198
-1205.41658881
-1426.76949537
-1226.09420229
-1489.69633223
-1502.28832004
-1374.80195678
-1477.23623313
-1434.33107432
-2.97884158
-1461.80190252
-1500.45694233
-1566.55172300
-1275.71481330
-1327.87460979
-1421.21908911
-1471.57863643
-1512.91395965
-1483.79014844
-1441.95241775
-1559.63783992
-1338.27561064
-1430.22344788
-0.02663189
-1384.79740994
-1469.93870122
-1542.19113791
-1662.79909545
-1386.02416290
-1440.22343881
-2.82980383
-1600.17127355
-1282.06787210
-1602.06021566
-1519.46329149
-1708.36376936
-1612.14904125
-1461.31224703
-1518.82675849
-1434.56863180
-1430.50892793
-1438.79303523
-1544.09644253
-1104.44015193
-1482.34997667
-1648.74850095
-255.40480874
-1449.93032841
-1290.85448895
-1.67336579
-1422.68712107
-1485.20755853
-1502.31152433
-1486.08127954
-1499.29377914
-1477.68603122
-1469.96694792
-1462.33480688
-1455.96182527
-4.50527968
-1491.99327879
-1388.48519081
-1388.18455422
-1450.56693832
-1474.23776798
-0.33116289
-1397.40422683
-1439.54330405
-1.88776832
-1504.57047655
-1421.79182645
-1601.71770210
-0.71443484
-1767.66789286
-1596.98759192
-1560.41928290
-1579.69086457
-1559.88491224
-1463.20506683
-1531.65592871
-1494.16214730
-0.14558674
-1839.67985906
-1670.27825805
-1771.01212171
-0.36523590
-1483.11178757
-1455.95271882
-1452.35571467
-1357.34473711
-1488.29642448
-1487.28318744
-1504.54149853
-0.34595468
-1518.56907902
-1578.90614669
-1578.26465194
-0.20003758
-1687.27928844
-1672.49681955
-1553.60849830
-1623.43462828
-1504.08393416
-1693.24491165
-1478.60818876
-1649.13525906
-1.76490523
-1549.46883214
-1424.39244258
-1535.96958902
-1610.14673045
-1845.11916094
-1810.85682285
-1697.52389784
-1723.36023259
-1647.14907090
-1502.81062510
-1829.96827584
-1666.78258291
-1.13732250
-1.39064543
-1772.67829501
-1583.69400205
-1707.35862297
-1580.89083327
-1603.51037266
-1.01609975
-1711.26137978
-1680.65630156
-0.44865483
-1632.83377422
-3.48725975
-1575.81503290
-1643.85497307
-2.86266322
-1628.56530329
-1643.13000170
-0.22496751
-1507.26932126
-1721.81025338
-1720.72569882
-1531.81814094
-1489.91739503
-1464.95387836
-1508.81681492
-1427.65173065
-1461.99056239
-1468.26385890
-1394.58995144
-1500.54790229
-1456.31835183
-1485.88422464
-1511.13338147
-1506.91566948
-1462.75911163
-0.08751041
-1467.36475557
-1491.49907097
-1482.22517587
-0.02315763
-1400.37994066
-1486.58701038
-1466.94519777
-1461.69302700
-1478.53058581
-1456.84143646
-1368.73178149
-1488.75858589
-1495.47838978
-1444.57784958
-1.29050888
-1339.66541725
-1401.69775384
-1479.92215333
-1346.11818821
-1415.29106648
-1349.46772838
-1442.36003337
-1446.03153313
-4.25185686
-3.07570819
-1499.52482357
-1387.86588568
-1481.83032755
-1457.17691123
-1483.18396510
-1380.06545553
-1420.07137725
-1444.92596655
-1489.37243154
-2.23749117
-1429.42214450
-1455.47092588
-1.88694936
-1464.10282700
-1474.26955592
-1468.70798878
-1446.23089383
-1432.02848622
-1417.80120873
-1443.69457547
-1472.61086078
-1475.81280115
-1509.23727328
-1526.73934990
-1584.88086195
-1485.24956410
-1495.95013059
-1515.77906620
-1506.30303829
-0.79335661
-1479.12416622
-1472.33819981
-1498.90250570
-1502.13602805
-1483.60748469
-1471.67474633
-1493.94611090
-1495.53217626
-1465.18894771
-1557.13750956
-1518.69485427
-1507.85629881
-1404.56206377
-1397.35600711
-1455.77019893
-1438.09183882
-1517.38636991
-2.14829130
-1496.58130283
-1501.96267511
-1496.83059939
-1643.70890034
-1449.02597893
-1489.97991580
-1446.20244374
-1513.01047616
-1392.90038853
-1375.35009868
-1419.45436679
-1502.93722901
-1485.54416510
-1037.01266703
-1508.44587634
-1513.57088839
-0.63048773
-1645.53969696
-1454.70006665
-1384.07327257
-0.77938384
-1478.03008980
-1528.34760274
-1388.55262674
-1481.83772610
-1348.42197700
-0.62089411
-1438.69581567
-1513.22124652
-1728.14949538
-1541.96677694
-1378.75959834
-1660.69570347
-1751.90297005
-1768.65627298
-1567.82617665
-1511.22538954
-1503.40504922
-0.22764573
-1485.75736871
-1511.22016548
-1412.32729627
-1488.47346497
-1447.04787988
-1443.80131742
-1529.75214709
-1503.84627319
-3.15336892
-1756.49250400
-1727.14391693
-1697.20614507
-1636.49974250
-1754.14749049
-1735.35685062
-1698.88205521
-1.18559571
-1663.11110256
-1463.25598364
-1662.12219653
-1673.19146093
-1499.57915403
-1503.61217612
-1474.79913644
-1334.85482004
-1399.39695024
-1486.58866525
-1476.07046716
-1393.59996222
-1440.84801609
-1704.11985146
-1599.00730491
-0.48969607
-1516.35688489
-1442.43977603
-1520.42104075
-1447.15632540
-1.69480934
-1565.05402483
-1567.73302727
-1579.65448154
-1581.65267675
-1637.68016516
-1693.92915637
-1688.40528552
-1664.37255832
-1500.70945423
-1624.16987446
-1556.57288701
-1612.28947544
-1473.09589913
-1372.15257545
-1471.00224002
-1497.82267461
-1447.22684532
-1505.38824276
-1584.31766870
-1550.26250059
-1545.35187276
-1393.11397889
-1509.89506705
-1485.32869900
-1393.19708519
-1536.48893385
-1494.63080664
-1492.74976043
-1474.49801990
-1482.93938033
-1456.06325250
-1493.14829756
-1393.25065148
-1487.82579697
-1387.80284586
-1462.87732322
-1502.70230284
-1444.98815479
-1633.26699897
-1574.91668770
-1298.85566852
-1493.34452313
-1441.12626336
-1496.14546011
-1466.37224404
-1490.79840222
-1500.05651979
-1519.58909940
-1506.88184242
-1502.85520806
-1363.89784018
-1533.72458597
-1517.19388292
-1471.92660676
-1483.41796356
-1453.87519701
-1376.96726841
-1365.61716366
-1512.99279294
-1443.23198022
-1461.56684898
-1449.84732594
-1495.30368688
-1556.47764634
-1645.82357170
-1508.25146235
-1495.43268306
-1642.84398679
-1648.28449090
-1189.88919533
-1405.60611435
-1486.17722871
-1350.52266729
-1380.30230549
-1485.34416796
-1235.87583358
-1320.83080293
-1369.38328090
-1137.75188266
-1466.21747203
-1501.83461131
-0.54566552
-1320.08033108
-1.31825095
-1394.00460654
-1451.34219092
-1499.19533125
-1476.73705693
-1452.62080263
-1504.90794658
-1417.36002329
-1479.21660649
-1525.85059639
-1454.02981804
-1595.95383603
-1370.64044853
-1528.32152881
-1489.94534169
-1508.65913927
-1487.49050437
-1483.66323697
-1491.17558446
-1508.39654652
-1498.64527068
-1441.25279138
-1515.38828163
-1432.00481508
-1424.63269478
-1239.96746661
-1500.05053576
-1499.50290671
-1485.46211485
-1.72609745
-1503.65362597
-1504.07569025
-1566.03524130
-1372.69211865
-1494.37482597
-0.71251767
-1526.24299017
-0.20622425
-1374.94506750
-1499.54465088
-1480.62330572
-1485.46496483
-1544.79840048
-1478.84287311
-1566.22848579
-1603.96915040
-1586.99637281
-1511.14490309
-1671.56255763
-1620.31757616
-1599.01187329
-1438.56364911
-1527.24059361
-1551.48699425
-1468.40127771
-1.11274272
-1272.84530126
-1486.40221271
-1511.31455405
-1484.95418949
-899.34688804
-1311.89257545
-1514.32992029
-1470.34488597
-1521.02350445
-1575.71721288
-1775.23151744
-1748.39920244
-1619.85366586
-1568.48989121
-1707.25248483
-1565.72600262
-1580.93791133
-1703.56066164
-1687.71415470
-1733.93374495
-1578.14839817
-1750.83069042
-1607.24284831
-929.22050878
-1748.92780133
-1337.15448637
-1370.14894325
-1229.20714326
-1267.70266463
-1722.54362142
-1766.95455497
-0.25840351
-1317.88434421
-1626.49925371
-1451.18549727
-1779.27737493
-1576.09039558
-1779.96453064
-1759.19955769
-1498.75683446
-0.34652014
-1441.26410112
-1508.06131560
-1633.16903505
-1572.44145096
-1530.26895436
-0.31712237
-1370.19873319
-1500.49261375
-1487.73807946
-0.03489824
-1440.12032193
-1447.11082715
-1504.39725868
-4.52147521
-1497.85294809
-1531.46828268
-1489.40957943
-1441.93719036
-1504.03785842
-1506.64187823
-1446.60955720
-1526.67982004
-1707.44824497
-1700.36565837
-1667.40103344
-1793.28763082
-1666.17663298
-1512.91374186
-0.01553603
-1437.34674929
-1560.46679024
-1522.62273557
-1473.45101055
-0.22416393
-1437.02634314
-1.60737327
-1.03790434
-1565.82970528
-1536.66804617
-1383.99240704
-1692.80723612
-1621.73836357
-1507.76283243
-1488.16293515
-1456.33802014
-1485.41845504
-1411.32151895
-1454.63586206
-1455.01309336
-0.66476370
-1436.03019185
-1499.72471319
-1526.62160450
-1381.64186540
-1474.13933512
-1609.50704315
-1495.53280655
-0.52259545
-1380.78937723
-1493.97802543
-1491.85313604
-1464.58389153
-1510.53367213
-1401.28914679
-1432.43310004
-1485.57493595
-1506.99029782
-1511.12345079
-1590.10494396
-1357.25159736
-1597.54822974
-1089.40339421
-1464.45634678
-1419.79489888
-1477.97065948
-1498.50185157
-1484.77801672
-1678.84264453
-1498.01321479
-1487.50311130
-1475.66617814
-1498.92895384
-1409.08763606
-1406.92056964
-1490.83958619
-1418.79202737
-1535.81097056
-1619.32387416
-1476.46921776
-1413.04348941
-1683.41279194
-1372.46332766
-1576.91657417
-1679.52216451
-1547.52781680
-1538.37637821
-1463.17113706
-1437.89964712
-1511.95020488
-1690.87668536
-1864.96860851
-1528.95700721
-1401.13768255
-1788.18307217
-1757.76533002
-1603.79152319
-1627.33057547
-1537.31690296
-1521.29408490
-1605.67016890
-1508.70526657
-1428.83181649
-1482.87657253
-1384.83006771
-1548.77992351
-1492.91319152
-1627.08473718
-1127.22154466
-1543.81665634
-1142.52361178
-1558.08142524
-1480.05437707
-922.86179306
-1062.53000230
-1081.77951429
-261.35964756
-1141.22342979
-1522.08329169
-632.74224653
-1487.19831062
-962.70587506
-1607.16330445
-1528.01780277
-262.71597335
-2.09443246
-1530.52340094
-796.45679949
-1541.27717122
-132.96908608
-1035.67404726
-1633.49353164
-1637.53288376
-1486.40219106
-1682.86613710
-1508.09742374
-1502.72309833
-1514.40271596
-1272.95391539
-1375.89192714
-1.89141292
-4.87234779
-1250.47332454
-1521.76580228
-1144.34897459
-0.35636490
-1531.35591223
-1525.08207812
-1515.30969919
-1044.03863367
-1248.67796602
-1119.89718008
-1144.12160282
-1122.68593747
-1085.08756031
-1461.41776163
-7.95507801
-1004.71328322
-1511.09048031
-922.86879573
-1338.63611228
-1514.44451630
-0.26981727
-939.94508390
-984.40185150
-1407.42344255
-1488.23918092
-996.41723549
-899.95842573
-1484.88216684
-3.93308714
-1469.61414986
-1453.17958881
-1165.26711741
-1099.55312989
-1268.43538969
-1570.00060529
-1524.12108445
-1012.37218094
-1363.45709268
-1492.78411158
-1063.26093517
-1016.82330885
-997.80162478
-1060.68540142
-974.30869868
-1480.80894460
-1135.98546234
-1518.40607506
-1306.98616406
-1297.05784818
-1282.88405872
-1609.66529961
-1622.22004211
-1204.24425654
-1049.79495010
-1564.95980308
-1580.40231352
-1268.27275862
-1419.52686786
-1081.69536197
-1476.32420524
-961.50960322
-1479.54588213
-1297.48298498
-1546.39579170
-1269.75750582
-1327.22967720
-1303.40253669
-1388.81739183
-1267.08138894
-1218.19688349
-1563.10898507
-1483.18826009
-1275.84397177
-1339.16641190
-1123.12272245
-1242.66361363
-1194.45036963
-1172.32639768
-1443.82305750
-650.65016287
-1396.03680316
-1549.54186640
-1493.27732103
-800.00069253
-1286.44374068
-1596.75579018
-1310.31477843
-1562.97218432
-1193.44530750
-909.55707499
-1485.79113202
-787.05317558
-1320.61695614
-1136.23512697
-1474.65485697
-1218.75261429
-1128.67891790
-1208.98850242
-1331.27854923
-1138.02770151
-1317.74782652
-1550.92123559
-1188.85478780
-1489.73654374
-1199.41880987
-1293.87371302
-1480.66956217
-1244.01494050
-1321.61415477
-1458.03567432
-1535.22406938
-1198.49316220
-1193.86283920
-1069.25002997
-1165.27861076
-1109.17260392
-1485.07012539
-1085.49874577
-1358.62918864
-1228.74023372
-1278.49179055
-902.69273213
-1388.04288185
-1482.22054927
-1485.94139111
-1337.32515025
-1498.46786288
-1453.39126626
-1192.50983079
-1469.41720703
-1502.74959263
-1409.70502148
-1493.95534405
-1499.13565048
-1509.37113130
-1445.24578465
-1480.36808319
-1484.66417114
-1523.40425654
-1447.07754628
-1515.39145074
-1530.06039509
-1475.48684769
-1496.10691997
-1491.34556676
-1101.34302171
-1547.56017094
-1342.86563767
-1515.86762038
-1252.02936985
-1451.74110272
-1490.54743817
-1519.33068928
-1481.68263109
-1452.75824472
-1521.60288600
-1422.84070563
-1437.14034607
-1488.59673471
-1401.83539378
-1387.40546131
-1104.57724675
-1491.91052427
-1287.34257538
-1460.11236716
-1556.07162764
-1176.99925099
-1227.70891343
-1280.14405049
-1611.69341870
-1697.68552052
-1403.49089113
-1428.85090261
-1591.34417646
-1510.67279203
-1243.77109190
-1497.63135458
-1332.05212717
-1496.58441001
-1507.78807653
-1311.88980751
-1596.11184565
-1285.30448670
-1511.69254723
-1344.13170778
-1527.08816282
-1165.19059488
-998.89622823
-1546.08387789
-1491.50555611
-929.26323664
-1487.65757510
-1025.92699791
-965.21233469
-1611.15084850
-1228.82704965
-1385.78662256
-1356.92623509
-1288.75053637
-1325.85507330
-1307.07856493
-1295.28702856
-1212.20287105
-1170.25826687
-1223.23730649
-1194.63124567
-1518.76100959
-1206.79612392
-1496.03390211
-1489.97235894
-1168.48255565
-1128.49409951
-1104.87037407
-1137.75738573
-1230.22396860
-1498.18794046
-1296.85378202
-1248.10515245
-1228.07319403
-1229.92592990
-1329.89228126
-1478.15733055
-1252.49696642
-1213.82491985
-1275.37104958
-1295.40258483
-1234.18277450
-1302.49085230
-1294.40296367
-1257.81146664
-1232.70272178
-1256.52955317
-1402.16205140
-1359.29093035
-1244.14825513
-1317.93991748
-1292.61602214
-1202.19878409
-1215.74701169
-1272.25395351
-1252.36638219
-1205.35456548
-1545.34952769
-1183.75376646
-1349.74642663
-1130.43416809
-1174.16367200
-1368.01910470
-1491.76584371
-1521.51401510
-1493.47378777
-1494.79058707
-1408.81487808
-1361.16334963
-1015.01034633
-1549.68575909
-872.79568650
-1196.66991610
-1489.98964386
-1308.60812177
-898.25731666
-1365.23671426
-887.46320059
-1435.14482396
-784.99361832
-1317.52911109
-1444.57362655
-1493.92703521
-1291.78750581
-981.29567888
-908.03418785
-717.45581258
-1259.85968147
-595.58775412
-726.90185624
-641.87249125
-655.32352932
-654.41232139
-922.99526964
-1330.43670529
-871.04893214
-1302.21782808
-1326.24478312
-1363.67845824
-1563.06081417
-1416.15915203
-895.16022513
-812.90908885
-794.30929978
-673.98097444
-777.52780794
-1180.59811368
-1145.70830796
-968.48678056
-1498.57131915
-968.80130772
-1071.19644240
-833.66901287
-1047.34799430
-1449.18797453
-839.80566557
-1117.77079035
-1467.80916175
-1500.87732213
-1711.42155860
-1157.24471110
-1068.40317713
-1158.40334186
-1060.41225294
-953.35086994
-979.88224736
-1252.99319891
-1334.03709804
-1485.88926917
-853.20756913
-796.40047572
-1583.56217434
-1612.20628687
-1115.27851233
-1590.32864516
-1159.13057383
-1195.23794361
-1229.67133870
-1287.71509825
-1046.93743747
-1633.27273008
-1478.00158699
-1490.32701850
-1196.95984760
-1320.69662461
-1403.68252045
-1172.62091119
-1612.39917133
-1543.05033887
-1583.55766605
-1504.43085297
-714.50027643
-1487.06485950
-1085.45707272
-1314.09024391
-1065.36985478
-1488.14808601
-250.04397874
-1528.74257697
-1186.02305728
-1629.44544612
-10.85212318
-1583.81657897
-362.88371243
-1522.47728580
-1442.47982401
-1463.12215101
-1057.89403557
-129.48598685
-8.36483906
-1449.93325210
-1558.87429917
-1521.09682996
-237.71922288
-809.62944505
-119.32399799
-1503.85500564
-1527.35616134
-1555.82269121
-1079.59126787
-849.61348161
-1395.35573287
-1075.20888839
-1632.94659905
-1193.40263779
-1545.54313138
-1554.90116568
-1251.26275420
-1517.30824698
-5.65158591
-1578.61070176
-1658.26640114
-1282.65059663
-611.69605078
-1248.64069098
-1197.46920832
-1121.16909124
-2.32916634
-1086.86608950
-1086.39772661
-1163.47777140
-1415.72431712
-1280.41966799
-1070.36081240
-1105.74209971
-1133.09407703
-1149.16052317
-1095.51888095
-135.73721016
-1204.86007516
-1217.84922870
-1299.06373878
-1394.49731352
-1101.02592842
-134.22611967
-1480.89015080
-810.07608108
-1567.78925410
-925.19190658
-255.74397044
-514.33482887
-1520.21604448
-2.49310162
-1025.04588127
-1121.72893980
-1139.45108401
-0.84016266
-1155.33750213
-1493.73943709
-1115.59646312
-1111.37121223
-1487.88530889
-2.56455376
-1062.92207883
-2.43927288
-1175.13513257
-1066.42309528
-1185.57313206
-0.13287908
-1560.59611869
-1438.40933716
-0.40023669
-1350.03247448
-1076.44189152
-1378.93457212
-1080.88746899
-1094.99436141
-1491.17698840
-1051.77149042
-1496.34174844
-1497.29107413
-1065.33378676
-1331.14049238
-0.09809436
-1427.41849494
-1639.40430431
-1576.16585207
-1149.24081233
-1214.56369478
-1174.65095384
-1675.59064630
-1176.51592225
-973.82852345
-1091.87653955
-1074.62909051
-1071.54254291
-1075.18993819
-1087.72458619
-1483.04319909
-1607.83513170
-352.03651071
-1577.52613601
-1294.57269264
-1237.77773515
-1238.99625342
-1271.46144020
-1511.65758535
-1770.79927409
-1268.32372391
-1231.13460322
-1385.72960513
-1280.51225662
-1214.81490303
-1212.01220151
-1226.13862206
-1196.33570079
-1520.59895286
-1187.81970981
-1096.12616726
-1196.14416520
-1288.20145680
-1577.36227349
-1110.76460159
-996.62323564
-1108.85558187
-1501.76074439
-1105.69711932
-1198.88262286
-1360.01408062
-1331.72283755
-1086.49211870
-1115.30826870
-1537.77167669
-1484.23442244
-1176.15808944
-932.31296998
-1125.17731976
-1069.54975074
-478.31514314
-1141.76505831
-1187.86169804
-956.48430932
-1506.67341327
-1083.39582796
-1518.11750478
-1562.47911565
-1438.84339805
-1273.31115410
-6.20480333
-1508.69621839
-1488.52230503
-1516.13983903
-1608.47910824
-1708.24350655
-606.66879351
-1810.94808475
-1498.12961348
-1500.44749586
-1647.79506295
-1393.73153080
-2.73439494
-1383.63515742
-1.01340936
-1432.39454357
-0.56294185
-1555.76618418
-1462.57932143
-1507.38560532
-1332.54056392
-1389.81037248
-1496.05470696
-1572.71032083
-1281.79951810
-1252.47329962
-1102.95369608
-128.66994322
-0.17075116
-1257.80863198
-1.25680957
-1112.19578059
-1323.92284878
-1644.89095817
-1087.28260296
-1283.28809846
-1.63569307
-1106.39514476
-1115.17688960
-1175.42150629
-1218.52437845
-1294.20007770
-1069.58414895
-1468.73604989
-946.02718079
-127.35204814
-1070.98866304
-1517.41916594
-1180.34253692
-1256.00262135
-1374.77492650
-1077.25276529
-1307.87165065
-1074.59196910
-1489.52407462
-3.99260114
-1184.94935655
-1.18023683
-1265.22182279
-1634.96971828
-1188.47507260
-1591.37298070
-1557.37717012
-1157.16863353
