-1132.80275052
-1195.23867754
-1510.14502699
-1596.80779130
-1178.46013747
-1354.37526496
-1623.25951697
-1339.32248027
-1183.77657396
-1193.79191651
-1346.01726784
-950.14013591
-1555.61522803
-1421.59254229
-1405.21398269
-1775.93572737
-1453.68954011
-1511.25917312
-1369.98323413
-1104.69186158
-1382.70197897
-1246.27458570
-1331.17135181
-1509.64378898
-1211.94035558
-1088.46325055
-1102.28648930
-1137.54655112
-1135.46517819
-1497.37328954
-944.94833148
-1626.74408227
-1077.77550529
-1400.20831117
-1485.62605440
-1080.35562988
-1228.49933763
-1537.41236679
-1013.21431675
-1300.63699894
-1486.52165976
-1225.31220216
-1369.48081786
-1292.04748391
-1003.49151087
-1079.81060638
-831.70553648
-949.86720923
-1056.00367699
-1065.98835097
-1110.68720066
-668.66165252
-1487.18501979
-1224.15296333
-1360.17312311
-1211.46600216
-1095.15108617
-1338.42642775
-1442.01425233
-1524.60412845
-1159.89052967
-1530.36538726
-1234.92180297
-136.11420110
-1506.24313581
-1502.94578995
-1506.53469440
-1455.33859075
-1540.11025577
-1565.05604914
-1294.33220676
-1339.56058914
-1407.79165995
-1352.13681244
-1430.26632835
-1395.51273232
-1505.11783399
-857.76558208
-1204.25661526
-1394.81396312
-1188.50668749
-1509.02796274
-1381.97421193
-1110.64953897
-1504.73657819
-1520.57004098
-1381.13176790
-1300.55751852
-1358.65149738
-1322.55851985
-1172.09409438
-1043.30546278
-1205.80276688
-1527.54622221
-1016.13047381
-1465.99526035
-1587.08922110
-1630.71886886
-1633.58865526
-1445.02027144
-1583.13762400
-1650.96837817
-1482.05881728
-1496.43991122
-1629.90964840
-1654.14508182
-1613.02170442
-1482.74855296
-1197.43918043
-1296.82939722
-1044.91789900
-1348.70755935
-1237.02537775
-1200.85191491
-1258.08562920
-1316.47005291
-1099.07009762
-1162.84427370
-1116.27469473
-878.54325888
-1128.31257017
-1180.49951957
-949.11801004
-815.76536994
-1326.89884712
-1277.78438438
-1351.90599796
-1188.34088717
-1486.41295464
-1102.52476821
-1135.59940442
-1002.02241569
-1132.53255847
-1549.38610956
-1257.41075118
-852.52115831
-891.41120478
-1390.93712453
-859.11215275
-749.50918458
-874.55892106
-1399.00709021
-1333.07594882
-863.84345332
-986.78404192
-1485.37703897
-867.13127310
-1165.90697038
-1230.92755442
-1512.69357551
-1168.55229423
-1046.63661757
-1515.18173444
-1345.46492487
-1161.91397094
-1532.84805009
-1619.61909220
-1627.70575093
-1602.82762036
-1651.67899924
-1567.43644001
-1639.96869256
-1564.85514062
-1598.04358261
-1494.47685651
-1414.46183605
-1317.17964005
-780.90400164
-1474.93090751
-1081.68940236
-1027.74256354
-1317.86450243
-1640.89567178
-1360.42842435
-1421.84153308
-1376.35361984
-1339.98761460
-1311.69164610
-1591.50363759
-1434.50018791
-1345.30598556
-1346.44067879
-1016.42888635
-1251.09050496
-888.54535389
-1215.82908894
-1297.99478033
-1434.01177750
-831.67577208
-1284.39483355
-1161.20964516
-1180.54561118
-1257.02429959
-1402.62371757
-1366.24783366
-981.29605269
-1479.62641049
-1504.34554828
-1268.30199730
-1050.43405691
-776.51654227
-1407.02971781
-1199.14771755
-1315.72367873
-1165.29294099
-1495.16042120
-755.56628673
-644.10479628
-1518.47773147
-769.12595120
-1503.75590283
-942.51891326
-1365.66242783
-929.65950096
-1170.87327982
-1201.50707197
-648.74907699
-432.58162386
-1176.16086406
-1533.23477140
-758.78184709
-1380.72466062
-639.93885551
-629.43304852
-1065.63622656
-1053.89072436
-1391.04012074
-1077.86345495
-1105.48920964
-1647.22375134
-1063.58255339
-1063.96083012
-1027.59942165
-1117.70894417
-946.10147583
-669.90523477
-1328.65047264
-640.89912247
-1559.92475036
-1025.81523123
-1542.38750189
-1565.05137868
-1593.20585439
-1054.84729094
-1321.29486689
-1485.72777310
-862.13724479
-853.80852971
-1324.50454092
-1447.15772131
-723.90193728
-1495.31539025
-990.88467724
-1573.87809018
-1425.35580450
-706.96945740
-1562.56884713
-1140.30746352
-1058.14049064
-842.37782988
-1582.29538709
-1452.18740531
-962.77092100
-1565.92681507
-1188.97216202
-1438.53757090
-957.84829207
-494.76853776
-1157.82939239
-455.86721994
-381.95051992
-489.61180664
-1557.15760102
-126.12698832
-1503.87120606
-1351.66861337
-1175.31625226
-1174.40038863
-604.63326328
-1215.20605188
-1255.01667327
-1066.83083848
-1210.65106230
-924.70360731
-1442.18741255
-982.30479276
-1401.42549514
-1159.77004277
-1169.08207190
-1111.06394856
-777.78017834
-1500.02428529
-628.25167431
-1491.52019365
-1105.71683339
-903.95127895
-519.76653786
-1511.15728826
-125.03557959
-131.32099207
-1383.10149491
-1268.84327814
-1131.36268978
-1490.14121784
-994.89086284
-642.35662337
-1117.67546184
-247.91472713
-129.95742056
-1307.87644356
-1446.23322346
-253.94732535
-117.75889899
-1584.17312842
-374.55488855
-483.66811896
-506.28303442
-495.81196023
-1789.75430077
-1673.08204392
-132.05593671
-1187.88987969
-1258.03783188
-258.38400903
-1371.45488339
-124.90826617
-237.55291256
-494.60914127
-1225.40167495
-640.27171992
-1231.26152884
-1502.61196466
-1515.39376400
-948.48096970
-118.18537384
-696.26883806
-1554.01973492
-367.41252502
-1511.91222513
-243.17984535
-767.47753461
-1486.99777076
-1146.50434502
-778.35718019
-1377.66841540
-1515.06053623
-254.38764946
-1068.93600480
-1475.37651312
-128.93477547
-1059.42769639
-1525.89855607
-117.84295890
-259.54825872
-1497.47973947
-5.44448440
-1072.64635326
-1536.28088593
-1314.21648536
-1443.67917047
-122.71808410
-1140.67699956
-1118.40519693
-1357.90293418
-1194.50885493
-1520.03457480
-1149.68166501
-1075.16582773
-5.94863975
-243.68591323
-1369.41216375
-522.87230365
-1306.60590423
-750.30485821
-833.36703947
-1431.59533200
-1487.35653882
-886.48629190
-510.44716053
-1477.81824240
-120.50338896
-0.81152464
-719.93789156
-1355.55819021
-250.16268990
-904.82259727
-507.54386984
-256.62208288
-493.36769124
-120.81264702
-3.27023600
-1184.86426475
-1419.27257301
-1502.74744611
-1175.65767989
-720.05902222
-634.48360849
-1348.83905587
-1163.14187217
-367.52041747
-5.76651007
-1274.87115231
-969.39776592
-1485.63375693
-2.83457275
-1142.05769199
-707.94877368
-1186.77172755
-1582.02865445
-385.37791779
-114.67080849
-970.07883945
-477.26786488
-1193.51208837
-1311.50194530
-1415.74788943
-1156.58062364
-1370.02345314
-1506.91672115
-1594.35680863
-1547.09402598
-877.42531413
-1271.79800164
-992.90712591
-949.96967845
-830.64111613
-126.73322817
-1257.46134401
-236.67493955
-1442.97850579
-1483.67889298
-114.40292780
-254.75240986
-1473.95168570
-1392.61635473
-374.80728840
-1513.71711128
-507.44813916
-490.19727025
-1411.83754874
-1488.42437575
-1359.66185567
-1401.18884375
-130.90235607
-1549.58770801
-1180.67116914
-260.72855814
-1614.84299239
-730.62683217
-496.51143746
-131.54459514
-1610.16856214
-951.84308443
-602.95827787
-1511.90639185
-230.19539300
-252.32931648
-128.79207501
-120.78379702
-120.17884243
-1282.00341652
-1388.82779810
-1158.43061214
-494.87000747
-379.25477905
-376.94038818
-1181.96474687
-1396.78952239
-1496.93727615
-5.74276664
-1430.87592629
-836.35085483
-1271.30198023
-1330.82790699
-1533.22873436
-1561.96988145
-136.23880748
-256.87985185
-1073.55455908
-1158.26279040
-122.38115257
-119.25163334
-6.73262860
-370.76640754
-1487.26144755
-1208.48174340
-119.23593807
-1338.16757240
-991.75175534
-491.31841694
-493.06238017
-1486.37176861
-1370.06328030
-1190.01803848
-1292.95453295
-371.47209867
-1389.01491882
-265.51999189
-512.62050260
-623.43291597
-644.63010596
-495.39411094
-1511.21795792
-1148.41729349
-629.40490093
-754.51908747
-1293.28468377
-1154.69282612
-1298.51495499
-1348.68223014
-1531.82130935
-944.69911055
-128.88553697
-127.53587723
-119.86408259
-132.88175407
-1481.25786779
-1065.26607201
-1186.22135304
-1590.52556015
-1342.26422491
-239.06253656
-3.49293084
-474.07016143
-1417.55082791
-124.43505662
-251.38646047
-354.57893361
-1433.76323494
-655.14980632
-1194.66721646
-381.52928442
-1437.83395702
-1494.38722499
-1360.42462365
-123.17893607
-236.71872618
-1187.07895064
-13.29875906
-1064.69395793
-1170.22421070
-1170.68499709
-1654.11637923
-1459.85396999
-1331.87120385
-1188.89823277
-1649.60484922
-1457.88610797
-126.70669823
-1207.05041527
-1133.09608847
-722.71139351
-1612.87794209
-1539.48952457
-1304.60678202
-620.29487735
-737.83134056
-1450.93452383
-732.63273917
-739.65467781
-845.77591888
-1376.98407198
-872.21895899
-740.62163806
-1167.40511525
-1491.84123373
-754.29649689
-1278.36984150
-721.00741888
-1407.87222349
-1412.52603210
-251.00770848
-361.77930807
-1146.55119022
-1387.75345002
-120.29372109
-1303.39350331
-994.77652273
-1468.71112842
-373.80718238
-1503.78692229
-1490.44444788
-1432.19972735
-1519.10657160
-1344.46247940
-1270.37243725
-1470.33642329
-964.85341334
-369.79890479
-1338.62868643
-1242.39863852
-482.96101827
-945.84990780
-1341.16961490
-1486.98563564
-1497.14308719
-1040.87054934
-1177.74175743
-745.17386068
-618.52005904
-1031.83938523
-1364.67016144
-1422.53073725
-775.49242069
-1195.27209638
-1346.71797677
-757.33326862
-618.68921054
-1437.26280790
-619.72288329
-1221.98115197
-496.81909547
-589.10743599
-744.97586817
-945.82677769
-622.20645101
-1190.77505848
-1272.89315529
-1442.54311943
-1184.86679495
-551.77356972
-980.52978025
-836.31628662
-1306.76076034
-132.21298390
-617.55626737
-598.87392066
-369.02723319
-341.64823331
-1476.80473538
-782.00380412
-1200.13175566
-1502.54784433
-1364.10336684
-1008.86871414
-860.21832518
-756.93902088
-933.55801756
-875.14491831
-1214.16836742
-998.87273062
-491.52360756
-941.06154658
-1455.49689858
-618.74178377
-625.07094505
-1419.19293979
-1222.05405476
-241.20956526
-841.88871419
-1414.38041957
-872.91833320
-592.63967664
-1330.36871528
-733.86412042
-999.08576166
-951.42224100
-1258.15752494
-733.20244148
-751.88757443
-1146.51028397
-956.01075488
-869.69747317
-738.42716826
-1570.88807100
-671.25767361
-1640.48433299
-1326.78328505
-762.63206340
-1048.40258504
-1180.59810922
-1316.70604100
-1509.06773206
-873.95717899
-1478.61875545
-738.60907506
-1529.63964632
-1179.87602987
-725.82330014
-605.04445881
-1551.34620873
-609.02348732
-940.30710248
-704.96812417
-823.16578657
-947.10175225
-1410.14432487
-893.39026343
-1438.81564666
-1474.06544935
-932.10724126
-907.84680442
-878.90664074
-1400.48202032
-1302.61658947
-609.38613752
-749.35679519
-743.98236498
-742.32649621
-767.31888550
-1434.58566621
-1386.87217673
-725.87142825
-622.66756771
-732.67412039
-715.52629237
-750.34641223
-749.98558595
-1379.97568966
-879.77476792
-878.37674940
-751.60696040
-626.92295735
-496.40625177
-1537.78391643
-1160.51971446
-709.48836954
-1340.00228117
-1574.20752418
-1339.25090155
-749.72647418
-626.14030746
-626.80167872
-1369.67270490
-621.72178175
-1671.01465002
-1523.87837566
-883.45391726
-1485.98499130
-1162.84419164
-1604.80574394
-752.42554794
-750.59084185
-1218.76082247
-755.84866445
-1545.79160772
-1358.68345623
-758.32450091
-634.97820215
-736.78074448
-740.26851536
-729.00441370
-753.11937213
-1548.20835186
-1445.94587304
-879.55725187
-1268.71223641
-1532.94675151
-753.67792236
-1321.03439265
-752.24327874
-950.10289241
-1135.74583725
-1293.12268219
-1012.30390460
-1491.11815700
-1191.61188166
-1012.03135825
-1234.27057372
-753.01963009
-1190.70242735
-619.74988132
-738.19932645
-1196.11614698
-1353.69864567
-1226.21147976
-620.84015137
-749.03103638
-725.22579116
-1390.16589486
-1233.28499843
-1368.97388785
-622.59812728
-752.60488097
-634.31027724
-744.89044623
-1514.41765937
-653.20291994
-617.71572155
-1539.56571177
-503.06302812
-1277.23394138
-509.81084042
-1504.95633456
-1513.62259949
-512.93275274
-1170.21844475
-389.76112796
-509.82691545
-1106.77305445
-756.49471332
-754.90639233
-754.06447765
-880.56744230
-1206.76845995
-1386.97957387
-1023.32507438
-1464.00803599
-1280.09598111
-738.48720401
-625.48932957
-1431.29526904
-1515.42705922
-939.67649804
-1314.64674041
-1546.97271423
-1495.83745428
-752.75767564
-729.55661750
-752.11345011
-1491.57080957
-1326.71442171
-878.09985241
-633.09124949
-1096.51334934
-1370.81036124
-243.36296460
-842.79304056
-1604.01445834
-1662.26452541
-1157.17989501
-1345.19953378
-1522.35385012
-1555.25884251
-1177.42442184
-126.32491685
-630.70205772
-1537.00664429
-153.84871753
-134.85633771
-372.41850127
-1484.91571343
-1440.26723476
-1066.26081923
-1134.10008491
-1487.64365033
-1559.73192272
-957.09626307
-1436.23234815
-1523.48838965
-1096.40266278
-639.91217624
-1142.17245042
-1179.58736986
-677.26362079
-1271.55206864
-1174.07520321
-1483.38170190
-942.37716877
-882.05679407
-1339.40240739
-821.85957677
-1366.24817095
-1277.92386458
-734.80401535
-506.23899910
-251.47335866
-1494.85164970
-247.67488872
-451.66246787
-609.20431532
-1227.83448552
-190.40282580
-1307.24184323
-1649.52194008
-818.85521775
-722.19469982
-243.95521507
-1192.79737075
-1601.13718271
-933.45322675
-1276.96863937
-602.18698448
-764.48599371
-618.55670980
-942.11772882
-1197.30055750
-1124.80449122
-1479.33607294
-751.11978764
-1191.19047252
-1233.97388978
-1464.11210749
-895.65680206
-1431.95297454
-924.54478103
-1472.73318863
-1406.94363434
-754.34402791
-761.65822859
-991.73304937
-744.59193969
-1189.40315445
-1597.53914737
-1023.97509477
-1048.92139064
-1292.03935085
-726.69397613
-844.94659517
-1504.83046496
-625.10984512
-480.07241365
-373.82129784
-596.71812181
-1121.16904627
-1534.61511921
-1401.17113434
-1329.92807048
-1186.54772667
-1070.83864871
-571.38140720
-1307.22661977
-371.56849728
-1217.60638162
-1188.58030121
-1180.72669341
-1484.51322930
-1484.69806824
-1490.07431143
-1226.71456434
-1188.23507455
-510.85338811
-621.85001456
-981.28858971
-746.88117088
-1434.86203875
-1466.47917266
-1330.28370566
-1467.93253432
-882.75025741
-607.85027407
-1180.13352108
-1609.87956281
-1061.33396980
-1206.83137049
-618.10812508
-1495.72946844
-749.95076311
-1398.90429720
-750.02608776
-875.70329676
-1226.71425397
-1135.84732425
-847.40616973
-861.25059447
-1495.16367905
-877.51294285
-884.46618339
-1004.30714121
-1432.16927503
-1501.91242998
-761.42530916
-1485.11095389
-877.09882651
-900.17221621
-1005.43882077
-972.72485955
-1487.32333288
-962.12195310
-1291.15514946
-852.78144425
-746.65184625
-375.23555599
-596.97302914
-1432.15256159
-1575.52452020
-1574.87321041
-1274.81655265
-1562.98419466
-1171.15119528
-836.33199197
-1506.51701236
-366.24263436
-1051.85462999
-251.67441076
-343.84307833
-1169.62681275
-262.69351108
-367.15005540
-1369.15851107
-1325.00831118
-1509.03685193
-1310.26084280
-710.11846968
-1494.59073149
-1002.16790536
-1119.56912404
-798.04669897
-1465.63416843
-722.22671405
-1513.58565784
-249.63064793
-1403.90542116
-1531.50688046
-747.06233970
-719.87980291
-745.70583942
-1158.23486746
-1486.15089625
-1501.78447984
-1545.99717585
-429.60015907
-1597.08783659
-130.26107751
-1360.07790507
-618.99345252
-763.64670397
-848.05362605
-612.16803342
-686.37647419
-1193.74516673
-1146.94424537
-1082.76219573
-1426.36577753
-1491.99584961
-767.52040232
-1493.43874727
-752.32237994
-909.88955949
-872.60757629
-1209.81867012
-768.08825774
-1501.14119393
-501.14237598
-488.38241975
-707.00577260
-1210.28386616
-828.96604652
-1730.62612043
-1095.45364073
-1274.74343956
-1180.57681522
-829.20287739
-247.54720210
-1372.49741796
-356.69812545
-1558.31343811
-454.77989541
-1396.55498585
-1562.93892732
-1143.85500329
-597.18696311
-488.22681444
-1289.22518030
-383.20634838
-505.89503650
-622.04252214
-390.35059074
-1105.48793056
-434.37640880
-502.35836840
-1454.92332000
-1494.25444861
-508.98846621
-1443.07909275
-1623.23734709
-1620.01334592
-1180.95845440
-852.99283037
-865.07594920
-964.90444070
-1029.23181119
-897.48083421
-1011.51069032
-889.57218701
-1509.89005747
-1050.13558280
-946.39876532
-1289.41738396
-1331.10264406
-1594.64892681
-1285.39567493
-951.65726155
-900.69337479
-1287.52830223
-1418.87983600
-868.15843256
-1292.74607992
-1005.29182672
-1339.81666918
-1136.85272627
-870.57485043
-868.47429250
-1164.16694126
-953.51584374
-1409.22269922
-994.22271866
-1355.69316803
-969.01489082
-965.66993005
-938.98019956
-1195.02022214
-1324.72863001
-861.85488335
-1013.99687114
-1327.79513544
-1374.23073239
-1316.69361593
-847.60984504
-946.58225292
-722.98952909
-1141.94822104
-881.49892407
-1484.59314179
-999.22198403
-1518.75218722
-805.14961089
-834.04474071
-838.12276630
-1494.60820697
-1068.49712722
-1511.08517182
-974.18767803
-753.71701938
-370.54251481
-879.00661941
-1468.65909089
-620.05383031
-617.73279585
-497.51492591
-1444.74612285
-660.04231505
-1353.62599198
-715.13641244
-484.50080594
-1425.72463675
-1348.99956450
-1080.03319035
-768.48762607
-1202.57719932
-1396.96354658
-1145.75160964
-604.36859002
-945.93218627
-1313.88523335
-1063.28043901
-715.99108807
-1570.42652814
-1538.38702799
-1378.33387614
-495.41439799
-1191.54571727
-1149.54115102
-501.58511541
-1075.56265780
-1655.47153690
-480.85958152
-254.86239005
-1558.67667053
-947.59431037
-576.67894323
-1579.34216583
-969.81627198
-980.51770833
-1484.17408557
-905.82028219
-597.53435739
-1317.96579166
-1645.32760247
-612.20641961
-1297.42285395
-795.26009989
-1084.16372096
-762.78025207
-865.44266268
-608.47431103
-943.85368849
-631.07849066
-1548.50904948
-934.73873106
-954.32644460
-1424.99992974
-973.48378300
-1516.96417189
-1461.95151800
-1504.00885454
-1577.33842129
-693.55620233
-636.59732579
-1520.47453834
-1418.91112051
-1032.83713055
-1181.79768226
-1406.12386969
-796.26551573
-1528.88625805
-1569.43105515
-1178.70099416
-829.28002224
-1654.74276074
-1070.79472190
-1366.19203874
-1451.93778633
-1780.83441479
-1138.03971077
-1826.49099550
-1499.99253354
-497.17011706
-527.61807202
-1305.73966671
-851.29087900
-1171.90359484
-1480.25801775
-1485.44194026
-941.67850563
-1085.69638054
-1218.69126097
-1207.42827781
-1170.92559000
-1211.53410584
-1493.43333940
-1277.88012774
-612.46778460
-1255.61353594
-1171.53680834
-637.43562263
-612.74066168
-763.52870802
-951.40866151
-1062.99372818
-760.55121108
-947.83384896
-1442.02244025
-631.68058862
-646.31565287
-1011.89344375
-1151.22298230
-1161.72757831
-892.45686704
-860.91861445
-797.79832933
-1013.98261133
-885.19851386
-1021.63722099
-974.83123506
-986.15263826
-1184.37361321
-1023.16725589
-1157.32554169
-1209.80505857
-1129.08680674
-1598.09711900
-958.86878739
-1419.74579855
-900.28332349
-754.19832479
-1271.00199632
-713.78100047
-821.70101589
-614.33288834
-1506.86487175
-753.69705132
-747.22067919
-750.09779397
-1421.24799679
-1175.33470946
-1508.30022641
-1485.67582742
-1309.20073299
-872.48440127
-626.84304508
-1310.49331538
-1193.15302580
-963.83696028
-1137.49597114
-1096.85598052
-1490.71464498
-953.47441758
-880.15343137
-1023.45144449
-1442.87509312
-1367.40223072
-1048.71909942
-1255.21076406
-1283.28165224
-1055.07659284
-1190.68674964
-1317.61421409
-1502.01361557
-1020.44757970
-862.65361853
-1441.41688175
-844.50350020
-952.26264592
-775.38289273
-622.07630224
-944.49281614
-625.23898208
-883.70283883
-1472.35309031
-979.54845323
-722.65626906
-766.27527247
-1152.95644588
-1358.86087154
-749.56168707
-1437.84761530
-1618.90631399
-1268.58506628
-1539.05547894
-1201.70294516
-1499.65446762
-1491.84929591
-1227.75646077
-1197.07980058
-883.61360905
-1492.28241509
-1528.74027188
-948.18334027
-901.98385718
-872.46858966
-1307.95414068
-921.79076453
-870.76609269
-1339.54579863
-1264.64775664
-1175.46319833
-876.78387311
-889.54161749
-885.78631055
-858.60611591
-1407.67857128
-1180.01830155
-1424.04992330
-750.77086518
-923.09985965
-1507.40829424
-997.87468427
-855.02161911
-869.98525953
-1184.69180619
-1074.81114682
-1533.27100816
-1223.11868998
-633.30718170
-1511.70203565
-840.70968825
-1388.96243138
-748.05339294
-1534.91044556
-1087.34015125
-870.94968805
-951.68211525
-881.79527621
-882.55329690
-774.57301380
-1449.27619680
-1153.90540936
-1182.38415685
-873.14936193
-745.76213846
-899.70871023
-1324.13970225
-1429.78447943
-1696.44280171
-713.66330283
-1503.75813376
-1060.07370088
-1517.71175110
-637.65080605
-833.49786410
-1392.86090316
-740.62502249
-1578.70450007
-710.81211788
-1179.70527272
-803.39863933
-746.04315662
-1279.53726698
-1221.03566702
-1366.97399918
-1168.46372965
-1032.72283182
-1068.22755816
-1320.63548089
-1225.07030428
-1299.68461066
-1586.74695062
-1506.27841055
-970.37463281
-744.13331577
-1573.20479392
-835.11378707
-1212.91888872
-1522.22296167
-1568.77982333
-128.46973446
-1545.61733356
-494.47663833
-1001.19576151
-1176.92908400
-941.17044531
-253.67550068
-1485.58686637
-1290.49909140
-132.12976018
-598.27873289
-879.76330270
-1427.57225531
-1491.10807827
-1165.48044820
-1177.40752150
-1182.76643075
-1587.34537784
-668.33760955
-1312.16228182
-1390.09839668
-629.36783709
-1445.96088673
-1425.58213321
-876.55338828
-1366.42274596
-1021.53377794
-1040.36614132
-1140.52201728
-1018.73140133
-1022.19488610
-1134.28407404
-1064.60003685
-963.88461576
-1466.44687300
-872.35658370
-888.71349821
-1291.98873800
-1560.17557347
-852.55588765
-879.74058937
-1509.83036333
-870.59817221
-1324.73058416
-896.32947572
-892.14960044
-877.81329059
-879.76381303
-1301.57013177
-627.07798029
-632.54019974
-1157.81315926
-1533.67934950
-1183.65794571
-1474.63781990
-1326.74446443
-890.05600530
-874.33081204
-1018.60668973
-1553.84453962
-874.67340761
-1497.94482107
-782.13060218
-1307.96297750
-1067.98870120
-750.62834418
-1398.87322128
-1336.10765009
-1511.40031469
-771.62933697
-1328.95123720
-1560.10187308
-1493.75110198
-1029.15259665
-1490.43803136
-1444.02234413
-1273.12725061
-1148.69151002
-1289.16517796
-1485.69673303
-880.50686640
-831.76959677
-511.63869657
-513.98592239
-1089.70358855
-1490.29766537
-1011.17694498
-1012.18912669
-900.80713171
-888.94916675
-875.05851070
-1500.97790151
-1496.90210057
-884.77242820
-1495.28163557
-1362.15438599
-887.76175907
-932.91523442
-1500.31089113
-858.52053223
-879.22011928
-1519.41751736
-1549.36020729
-1232.37358902
-1507.26490996
-877.04365394
-947.50003588
-750.16200930
-747.62099357
-765.82429077
-1169.28496742
-1485.02603392
-744.89437212
-973.73384706
-1067.99990388
-1494.84135397
-1485.84882443
-1416.41116672
-1412.60153560
-620.06864625
-1154.99311763
-505.76898120
-1429.02365550
-1556.39836936
-1633.65507212
-1126.13211363
-1554.51999720
-1058.46734101
-649.39887699
-1042.91558745
-759.12152660
-1200.79440186
-880.57044925
-1171.03127405
-1068.19236564
-747.58992618
-1043.98591155
-748.10678895
-1238.60251229
-1488.80864062
-767.78904610
-1509.60982828
-851.81659994
-1111.96441455
-750.34280697
-1369.64309440
-957.90923872
-1178.45754257
-1119.60774235
-624.48963069
-1239.54149522
-624.01904112
-744.92851452
-1037.01395061
-762.55005423
-651.18669867
-1474.39919045
-1172.89739295
-750.30611016
-1453.54295518
-1539.70809827
-757.62521887
-1216.40959874
-1061.81959002
-1208.24515295
-1479.04204068
-723.82472426
-746.32888110
-738.35515271
-720.12407776
-630.43797134
-629.39045308
-1650.51287373
-997.31832749
-1152.08458119
-932.94735011
-838.51887616
-1500.22191726
-1148.34863579
-1048.34023967
-954.60740417
-1542.25863404
-1163.87872588
-1334.24844602
-1232.80699697
-1539.34353437
-1102.40469568
-1058.86780429
-584.70198647
-791.24056965
-741.70368957
-1509.35066224
-684.22813838
-846.92178750
-876.00349997
-1337.78478320
-888.37031060
-956.39440870
-895.61785716
-890.62682933
-898.02646635
-1489.81412315
-881.28742751
-844.00942825
-1174.96682460
-1215.05951337
-875.25551167
-1212.38764805
-726.11097302
-759.24012559
-1356.39282994
-759.03370585
-958.51736105
-1201.67603710
-1224.31932529
-764.25430611
-890.98831283
-1024.75728625
-759.21757049
-1638.74606709
-741.68516072
-756.11522311
-800.53773641
-881.06203888
-1353.27853612
-1486.90163023
-1515.60268076
-888.32337146
-927.84870437
-1486.75203546
-1484.06989072
-873.12689549
-892.13975236
-886.81479256
-1056.65840925
-631.28122133
-838.48119120
-883.57451611
-1495.59317050
-889.68913605
-1037.01922434
-1200.70474639
-1424.22718241
-1397.60506563
-798.55420453
-1183.06015072
-1233.40087239
-1071.12809436
-746.26623376
-1588.80542814
-1136.90950002
-1203.23508612
-1553.13870484
-616.74470738
-841.71481859
-1716.39080228
-1597.15021491
-1097.46103670
-633.67372686
-755.88706726
-1658.00572841
-631.32274492
-1050.54204341
-1631.41470934
-1428.95129562
-1212.81269084
-1212.22919032
-811.85961926
-968.94083575
-1311.73304924
-1107.41922511
-1294.09661186
-966.22472437
-1485.09194318
-1252.60510814
-1483.23129847
-882.53759279
-883.00290138
-1484.09207943
-1013.34698702
-1486.72187475
-1509.40179452
-811.54922565
-754.90423438
-859.10278184
-889.63808683
-985.99032428
-1136.67941834
-1078.37875747
-1316.76915274
-1484.87611212
-1089.67013997
-1342.25608226
-876.55038111
-1164.75797826
-1359.40892185
-1429.30054163
-1322.16309127
-761.29488704
-813.49252418
-1027.44020870
-1192.91440632
-726.37781230
-610.45104058
-1329.59281151
-956.39471755
-751.49567546
-1543.55146608
-749.71258026
-1462.25259784
-1190.22533803
-742.11556593
-630.79834150
-1644.88582032
-592.98898979
-1168.89849130
-753.32744495
-814.50306788
-1457.29273066
-748.52103630
-1236.92870706
-881.50216642
-1309.13433068
-1340.14088721
-938.89965491
-1163.64768953
-1372.75583758
-1157.36834191
-1044.04397789
-1318.30458172
-984.03504718
-1385.71887512
-852.20953244
-1188.32587494
-744.04696441
-1285.43236425
-1595.75251494
-628.88742796
-752.71782168
-750.40263071
-748.91426756
-1516.68549767
-1231.33941558
-741.82056869
-656.13663407
-1401.73836537
-877.70707915
-1096.92689185
-786.45825305
-881.10716170
-1243.15729834
-896.76226934
-885.96774697
-1353.84471208
-859.75857195
-1054.78293717
-1500.67503271
-1003.59566023
-817.41628341
-843.40985559
-1499.93888298
-1392.37311084
-1070.43406704
-622.97995733
-618.13407684
-613.54400885
-1329.74322454
-1187.23724932
-1035.09447399
-735.58234706
-744.51432917
-1485.39166049
-1354.58208678
-1565.58907248
-1169.37776585
-730.22527937
-1499.05519796
-1518.17604012
-1437.61813108
-1413.67797175
-496.09410857
-1064.84169032
-1494.06271446
-376.76124020
-1466.84757414
-481.28027237
-1150.52533727
-860.40128215
-855.16185593
-1186.30239645
-1270.10789604
-1329.60384280
-1345.25214355
-1207.37485845
-1405.95038683
-1499.14715256
-1340.66389812
-1361.61720734
-1482.80007663
-1518.42339213
-476.21559540
-1146.84906831
-502.92308955
-606.52777734
-698.32599049
-1486.68152476
-897.12514498
-1274.57236849
-505.21909501
-1499.21032968
-653.97271995
-749.36559664
-1304.76497467
-624.83742098
-1562.74953707
-1388.78171304
-1567.04973901
-1486.41310465
-1099.73960409
-829.78347313
-1574.66608779
-1205.53071077
-1328.71440966
-1238.21339259
-1306.33436992
-376.69682496
-1314.02550665
-490.47015590
-604.22129144
-1512.41037802
-1457.52450963
-1491.19663648
-776.75859295
-1348.47437053
-762.35267641
-762.71340191
-1341.02420450
-1069.14646944
-630.10854597
-1513.89224004
-1024.51849579
-1116.14181712
-1178.69573756
-598.08564088
-1522.64334712
-1272.19677864
-1289.73577848
-484.30787331
-1361.38059371
-1381.03471726
-1401.02905351
-637.83725761
-1233.61318336
-1338.06719444
-1150.31249613
-1483.65628492
-1590.56649422
-1472.43854516
-1317.00742450
-842.65654824
-1470.76849273
-606.61067272
-621.96919947
-1420.39265576
-614.37696722
-1509.33590015
-1490.07026979
-697.64652820
-1500.82528020
-1423.91248459
-1212.77979658
-1314.67526135
-1495.99992948
-1491.47112898
-1405.71911485
-944.22575230
-949.66889398
-610.92880043
-605.14184900
-490.71462535
-1662.72870601
-1121.39599297
-474.20664978
-833.63325094
-493.69744273
-643.07816504
-613.43487866
-1141.54976789
-1566.62655734
-1287.84933256
-825.15525053
-1457.04143551
-1493.35457419
-1481.32539903
-1333.50521463
-1196.06771748
-1486.94608643
-1604.84821066
-1657.86863943
-1413.49442069
-610.36603034
-601.33523885
-967.49316611
-881.10689363
-1405.52459545
-1200.33335481
-1047.21006037
-497.85184467
-1185.33526759
-947.49167659
-1181.39860091
-1547.79940014
-1193.70500203
-624.89505426
-1442.98839856
-1393.64974778
-760.35745493
-1360.21179250
-1315.55930503
-1525.37096798
-1565.46120671
-1172.37875185
-733.96578744
-1484.77350198
-1361.51959601
-903.85679537
-1333.33414993
-1359.25414621
-903.32445277
-771.20597180
-1269.28617421
-1286.45862380
-641.47561797
-755.67138055
-949.69411911
-1188.01223239
-756.64406972
-1381.81912089
-1469.80826699
-1268.09480076
-632.81918485
-613.15112848
-1512.85582895
-625.98075416
-663.56091618
-1178.88762259
-1489.78948643
-1160.93102166
-503.60968971
-832.37972567
-503.19944841
-1525.17729005
-1189.97197167
-372.88001778
-1309.24396775
-398.85229848
-1035.59468215
-1209.98258573
-623.87456479
-900.18225796
-1462.44305242
-1441.47864217
-769.07295718
-508.08640567
-1363.50275675
-1310.41434375
-247.86346256
-121.35438586
-1330.56613916
-1186.64804476
-496.36285900
-251.19505834
-1357.05031125
-1159.78030477
-1154.39165304
-1701.64366399
-761.58610856
-1266.20945005
-716.02182272
-1558.39882855
-1058.13755624
-944.88082348
-1474.58287484
-1515.53705651
-1470.84538818
-1545.33112221
-1531.63392610
-1346.31299457
-1193.80778555
-1491.16586637
-1189.17257960
-1574.83622298
-1170.41221951
-1345.61780998
-373.14669895
-255.51389044
-1204.20259449
-1209.69228565
-128.08539750
-1162.61459557
-1171.53121505
-237.58734046
-120.30807176
-383.16840222
-398.53045132
-1033.29676124
-934.44135612
-1279.70490654
-1179.37040662
-1560.40588260
-1156.91599291
-259.30703250
-1095.97540727
-1317.85531713
-1336.19474461
-245.84417620
-645.58874414
-737.86740158
-1664.51043827
-1205.01736310
-119.27101575
-1499.91305237
-255.66310209
-1343.28401824
-120.23926635
-376.38730213
-250.00037670
-1488.48612480
-1466.96208976
-1327.71427263
-505.26428581
-1026.63564436
-1304.48292605
-1530.27192437
-1292.56895929
-779.50162574
-476.65287486
-1509.71843175
-242.69396089
-1306.86700382
-895.87040401
-631.10603500
-492.80893536
-510.08358057
-1482.94327551
-1015.95852523
-1365.86828560
-497.44747966
-1502.90119158
-1158.57581893
-1483.77736856
-1262.93973164
-1495.68357035
-1472.45315100
-1236.64296253
-267.93749387
-1081.94528325
-1071.13512035
-780.65684235
-1183.14957965
-1295.04310538
-252.80018189
-618.43996204
-1027.15730218
-1284.16247682
-119.41736729
-595.29266893
-642.25461371
-1257.65811480
-1518.41141862
-953.38764135
-371.39730221
-1473.70985955
-1206.99318169
-839.32487770
-897.53597574
-1393.09446778
-948.51651232
-1496.93152004
-759.92392852
-119.63584873
-483.78831815
-643.29254502
-510.36875183
-1367.66018919
-1282.93599696
-6.16658486
-1409.34878697
-1204.71714147
-131.06488897
-363.48741932
-1260.11149619
-1514.96138707
-944.29471136
-936.28230163
-1358.41187192
-1596.69441962
-119.08647726
-119.67332755
-1060.77999394
-1368.03227480
-1418.64050744
-1313.67487711
-124.44222170
-1375.85709040
-0.49854015
-1406.42264624
-366.58548918
-474.94579568
-123.48811547
-959.65770317
-953.74080052
-1507.08271001
-1452.53874315
-1498.78880898
-1539.64210722
-1529.08635446
-1439.65707748
-128.29271131
-596.28132555
-639.75246712
-507.17922619
-1391.66228017
-1209.19365441
-1182.34884925
-1593.78168725
-1203.23471449
-1488.09223103
-1042.26557867
-1280.24914232
-127.18344926
-3.62071745
-1503.61165654
-129.79924057
-122.66594774
-130.49789614
-388.17852055
-767.44412162
-934.58051401
-1236.33169594
-1493.49747553
-1475.56424790
-377.57120535
-495.46258036
-1415.82177086
-1056.51649108
-1239.19172586
-1476.99693440
-1043.31592908
-496.83328315
-127.98678676
-1371.94536433
-1498.43702118
-1247.96538910
-1537.13126484
-1086.31265654
-1355.66956905
-1111.24423229
-1161.09248563
-942.22397565
-1174.29407428
-370.64472415
-384.27456773
-367.89980842
-1528.62438251
-1180.15031923
-1058.40756897
-1462.76019463
-378.48006880
-1123.82177373
-382.42171037
-1452.15813375
-476.43626579
-120.61998073
-1436.55318608
-1694.91218487
-876.27284912
-1441.25564061
-1170.01195284
-1709.75022901
-1516.56553000
-1172.31613930
-372.59852408
-244.79723053
-0.92873066
-1228.79660161
-128.59637560
-243.57510488
-1543.40304957
-126.33635566
-1204.14319541
-127.45751928
-1567.85303823
-1542.72730420
-124.04662584
-1580.23724041
-1353.28244696
-1298.23056540
-604.08825969
-786.53139253
-836.02098428
-1201.62194281
-723.60169348
-1532.66093952
-1514.50448663
-1437.34941861
-1201.26289906
-1514.34183327
-1065.35542589
-1327.01139003
-1523.91144762
-911.27913912
-1075.10833407
-420.26010479
-1171.43046250
-1483.62038777
-1513.45932802
-258.71114821
-1555.77135887
-1535.75559404
-1202.90106254
-363.55616121
-710.24821305
-1352.62099587
-515.00801398
-1157.95966640
-383.08766212
-1330.66503736
-119.63357430
-712.44724443
-763.30635786
-622.33085913
-771.46253763
-127.75444004
-1501.12937657
-503.42693347
-1494.88632683
-1486.79278563
-1487.59784380
-1300.94883848
-1360.16043531
-887.70943426
-1493.66423428
-1397.08717918
-383.29073671
-1174.81637578
-601.28330052
-1186.09464650
-516.25250871
-389.10074399
-357.44060365
-902.71583210
-1372.17333992
-1321.50632871
-771.90592417
-1510.84203222
-122.73067733
-3.90405166
-125.74682697
-128.88644438
-516.73700062
-1309.06424009
-1546.81898577
-1058.36276320
-1404.91700007
-1221.85987054
-125.16457588
-1266.43592250
-1468.81744801
-1505.98300001
-1412.89186922
-895.86636191
-1333.27590076
-122.11654007
-124.88324837
-901.63775596
-132.56965244
-251.41954438
-253.07969845
-793.34518093
-1547.36543161
-126.38484313
-2.49332268
-131.13731955
-1130.32476243
-238.00616837
-1441.48440863
-120.78876252
-1481.40860358
-1274.65880163
-1323.59135974
-1166.92773985
-1647.76308636
-938.00106709
-1349.07124193
-118.88501722
-1075.64960330
-1320.35678414
-1270.49008586
-1396.13093186
-1197.66118401
-857.31956639
-1484.05639859
-1174.43339915
-1562.03111357
-1420.07956420
-1519.76816955
-1289.24595109
-1502.86596868
-1150.31086162
-1107.66733968
-1263.79603245
-1430.28677385
-1665.05409409
-1508.05282069
-1469.86203591
-370.08896779
-1417.20410327
-1108.71293305
-949.83675446
-1478.23100171
-755.74953236
-505.15708383
-1485.11943521
-1296.91725960
-850.90393677
-774.95302824
-1282.82807604
-375.75313675
-1062.49653445
-248.71521915
-1064.64813261
-1046.58524665
-1253.99063620
-1377.66430710
-1311.84525043
-1273.39335953
-1329.05734845
-1358.52036434
-122.51256625
-120.44263782
-1547.00675391
-365.54387257
-1019.72516775
-1132.42820426
-1356.43443497
-1362.74862826
-357.18734165
-117.66101668
-1102.39207627
-986.42383119
-1405.12573680
-948.99561117
-378.81040605
-1176.98696164
-257.52818938
-1243.05333225
-1329.77503901
-372.55576807
-1484.51843333
-1081.02066469
-1167.21887109
-508.80438542
-378.25627186
-979.14891123
-1306.66189363
-953.80635430
-271.61269151
-1069.33333072
-977.45032952
-1021.86746092
-1212.11569830
-500.79182354
-254.73777405
-506.65474052
-949.54991244
-1360.42256183
-1369.21324473
-1445.77625169
-1253.86421201
-1245.81296289
-600.51196864
-1406.97009861
-1032.38821720
-250.52272475
-125.79625564
-360.54149702
-1514.05718490
-1495.85946554
-1338.02955378
-1583.72278605
-1272.37222353
-1433.59767675
-1322.00164149
-944.03207186
-495.80705327
-233.32075218
-1342.75327445
-1.89612129
-1614.36597662
-125.49083032
-1061.49211822
-720.84055461
-1063.41019474
-1493.49996377
-1026.44290833
-1394.12097164
-764.59157696
-1283.12873400
-1260.92965777
-1556.38565138
-1482.95883791
-1496.50090062
-373.43813460
-1370.93148772
-1295.19020991
-1221.31527350
-1264.18587677
-124.70587645
-1548.36486213
-1445.42947102
-1339.20650834
-373.46193967
-761.12265460
-1516.19561516
-1380.38978488
-1070.14764581
-1346.14520114
-1531.19094223
-1497.08315923
-1488.83273949
-1384.75171550
-1261.16960420
-1501.16615856
-1626.59919221
-1198.23195928
-1546.03220253
-1445.31107056
-1057.59280344
-1641.79845672
-1516.74044887
-907.34118230
-1169.25072258
-946.12842176
-953.67756310
-941.87113808
-550.56415067
-1476.88143912
-493.86042265
-120.93848360
-126.06955500
-1368.64467468
-1177.57179919
-1361.42334375
-120.40018221
-1486.82042708
-1207.25937522
-118.14950514
-1496.81267353
-1290.02340150
-247.13843690
-603.92540603
-1354.00170752
-117.78035135
-1.99364294
-1123.83109776
-1394.12172790
-1490.37223507
-1237.84438361
-952.56351031
-1041.11851480
-1446.86079699
-1019.06736200
-1503.34744170
-1555.36229856
-1546.65087861
-1430.00279814
-1349.25822364
-1306.06203161
-1377.57062139
-1501.48667555
-822.24186977
-127.38926990
-1192.38478870
-1489.66289052
-1667.88000781
-127.61228020
-1062.05628369
-1222.38988618
-1480.56852582
-1.04289411
-650.57685015
-510.79245851
-992.07368739
-1508.97465304
-358.85578528
-1523.11320646
-1333.59120474
-7.47152642
-1059.08665447
-241.36211627
-1355.12275158
-1631.08155496
-1579.63082004
-1036.44820632
-1351.02309749
-1171.60779266
-1525.34737176
-1279.48496266
-1490.86830832
-1505.70754896
-1170.61466079
-1647.69369716
-1632.20613971
-1576.04911320
-1651.32525041
-1502.08150664
-1440.87641576
-1596.89030826
-1460.88603429
-1571.37521810
-1652.92721927
-1648.34993862
-1033.95093089
-1558.37510404
-1168.69811526
-1364.46910853
-1497.09163338
-1508.37058531
-1164.83598871
-1483.01070512
-1571.40140206
-1649.25916460
-1598.05840767
-1186.61357966
-1258.73963896
-1053.13758888
-727.73541997
-1493.66274043
-1644.84948858
-1517.15021884
-1295.41240725
-1652.15802944
-1619.56932659
-1289.99142849
-1643.74404164
-1643.81884904
-1628.33347450
-1628.84343199
-1307.67596776
-1636.01314649
-1614.52017498
-1606.78002478
-1140.71222802
-1561.89230075
-1173.96270402
-1648.24757048
-1646.52319740
-1639.37807434
-1644.05352211
-1125.47116844
-1181.57372991
-1598.12520253
-963.02762666
-1332.31696062
-1154.30060405
-1257.33646981
-1054.08617372
-1225.34051727
-880.69811579
-1027.79911117
-1082.47292203
-1088.91076365
-1485.78148384
-1044.73342495
-776.50621759
-512.85422036
-1240.78939844
-1509.28242315
-950.85002761
-1087.73390776
-1510.00953975
-1255.46489357
-504.58659845
-940.27071592
-900.97096453
-1354.31591207
-851.49061871
-1044.76559517
-773.11420906
-1344.08624455
-1490.73904697
-1058.81315042
-1324.07104688
-1483.93904832
-1046.19927393
-1159.18966147
-1310.39271237
-1260.78822296
-1551.17185834
-1267.19725796
-1455.10209873
-1047.41147804
-883.84365681
-823.99383100
-793.75251494
-1197.14075539
-1197.90649558
-903.11356443
-522.29786084
-127.35483098
-1491.61857462
-902.75139076
-1436.43927396
-1095.08269126
-1611.21740587
-1606.41022329
-1467.30102196
-775.49511640
-1560.03409533
-360.14201120
-1250.73995455
-1554.71279682
-1065.03089943
-1424.73218087
-357.59687999
-122.06675160
-1484.44674943
-238.95644930
-1521.13017421
-1184.73719890
-128.52230734
-3.28657534
-127.80641992
-1352.59262013
-120.24856361
-1536.01757520
-1509.58412511
-1401.46398861
-120.11399858
-3.95699522
-1589.74203555
-1596.59762847
-1050.87350304
-239.53323957
-1354.50235436
-945.46250897
-1666.65539068
-364.88857216
-1486.46929403
-633.92127269
-1505.00480995
-1385.86007890
-1072.61945492
-1239.36159596
-932.67760990
-1283.48533132
-1491.42412237
-1527.41349319
-1184.25726436
-1519.97028385
-1505.90741198
-1537.79396534
-1530.29540259
-1506.62851995
-1291.99745058
-1141.12864519
-1610.23780383
-1634.18113866
-1415.84321386
-1566.38177110
-1597.05121848
-1136.16684507
-1637.20373500
-1528.08261101
-861.91634470
-1630.08653822
-1232.14542471
-1486.32174775
-1525.84461541
-1084.27777486
-1402.89725722
-1462.58261130
-1646.68715043
-1306.16049375
-1461.81439734
-1448.70460929
-1218.05550316
-1547.97255120
-1507.77424747
-1516.36795182
-952.49446165
-795.88488230
-1023.74343882
-254.60057201
-1162.05534472
-244.59041840
-1535.20689978
-1081.80106490
-1371.13967151
-1487.63912797
-896.53364305
-1429.27391532
-1245.55928098
-1500.14553716
-1498.88583477
-1493.70123051
-1330.42007564
-1626.80290418
-946.78398582
-1355.23299883
-1488.49096190
-1551.05630259
-1448.58984550
-1381.80813029
-1570.88073434
-1605.47016652
-1087.02781467
-1582.39999669
-1186.83906367
-1469.15521209
-1107.51602956
-1509.99368298
-1515.37359221
-1246.95133595
-1116.18617614
-1486.16774770
-1653.80155335
-1516.77469932
-1506.76134413
-1296.33913000
-1123.08340261
-1515.32214790
-1487.17845555
-1518.86110478
-1629.71377632
-1588.97845709
-1599.49840310
-1190.00221156
-1172.10503958
-1319.99035461
-1224.34080762
-1497.09130668
-1572.15728989
-1428.07494615
-1505.87099802
-1377.80875149
-1504.39671442
-1523.61509596
-1526.96024455
-1456.64941359
-1020.46538469
-1555.71371956
-1345.37173065
-1385.35061218
-1089.76607344
-1609.38762121
-1231.52349517
-1650.45652463
-1419.39380074
-1461.79811752
-1146.46614192
-1533.52516867
-1494.63790464
-1202.66343291
-1329.70728415
-1631.52634354
-1254.02497800
-1339.16041249
-1201.99312311
-1401.52595146
-936.12133279
-1232.95039240
-1498.44253526
-1457.26058177
-1621.14001483
-1644.47048247
-1345.19874098
-712.20827270
-1351.03537825
-933.47103206
-1487.96170701
-1552.49477626
-1641.86962022
-1392.27194084
-1617.28614251
-1491.52400269
-1652.39413493
-1644.69741873
-1559.19849453
-1386.79134719
-1544.74307498
-1653.87473497
-1152.16495402
-1441.82700691
-1551.41320105
-1607.45933499
-1510.94024081
-1508.56680544
-1186.41846570
-1548.94103415
-1607.51098586
-1407.71630244
-1639.33074695
-1510.05302796
-1635.46772199
-1221.64572583
-1211.35824315
-1086.71552968
-1595.62804229
-957.22441227
-1175.33724865
-1547.18772674
-1255.05956012
-1631.81162601
-960.09502656
-1500.09615332
-1652.11879747
-1151.37210582
-949.19394062
-1256.00989603
-1303.85892301
-1417.44386938
-1071.10667057
-1343.17597327
-1209.74578349
-1497.08485753
-1517.46902633
-1502.11312694
-1358.13213804
-1199.69088663
-1163.22637918
-1377.27101657
-1618.77731146
-1512.40033088
-1635.14615028
-1511.81026122
-1507.44738173
-1242.90056602
-1343.03010052
-1564.21420439
-1547.88826458
-1597.98867347
-1599.42892232
-1606.65278121
-1364.68120307
-1606.10843627
-1566.29017399
-1644.09146943
-1312.44454315
-1067.40864755
-984.79972790
-1643.39505768
-1431.28280427
-1354.40350443
-1483.80920483
-1506.05911093
-948.70246292
-1206.20380497
-1495.33214904
-1327.48528956
-1643.09837781
-1202.21554649
-1491.64823634
-1519.53312481
-1329.21798176
-1549.48589603
-1635.10910210
-1184.95677560
-1514.19840919
-1515.50131930
-1650.71743564
-1557.52688452
-1452.69529599
-1638.99637190
-1640.86601959
-1612.30650225
-1649.51511710
-1588.81845688
-1649.69164035
-1230.08650567
-1001.24994570
-1386.68074940
-1629.67263061
-1565.34153507
-1702.87146366
-1051.29691284
-1251.99326114
-1400.87638017
-1674.11256568
-1236.68834890
-1452.32232972
-1627.08224487
-1644.07453047
-1312.99197577
-1610.84400292
-1483.63264523
-1487.46506063
-1576.17226920
-1631.32108003
-1627.14878416
-1306.16080366
-931.68346892
-1490.04489397
-1159.07201361
-1323.90156587
-976.10350583
-1645.55705869
-1640.42423552
-1648.58762197
-1250.01417836
-1178.52317228
-1502.41428192
-1155.46461432
-1505.62646317
-1455.71089838
-1063.17729553
-1154.30302017
-1067.30366405
-1437.64263797
-1551.08983471
-1650.31055025
-1156.04456049
-1543.51013797
-1480.55604105
-1638.58758669
-1487.16635824
-1524.34061327
-1055.94971572
-1410.33544600
-1055.01374921
-1471.62202893
-1294.44145753
-1665.51101907
-1503.66726333
-1468.90483966
-1453.98922264
-1542.01038190
-1095.86854991
-1538.66929005
-1524.46876979
-1591.34424484
-1519.61115592
-1491.51670649
-1623.09909545
-1503.80053199
-810.86070563
-1487.24697357
-1061.11222136
-1095.16962127
-1313.74531941
-1469.55529928
-1431.51598391
-1315.67522997
-1606.69857933
-1350.65066899
-1090.44430643
-1175.91056041
-1641.78687317
-1234.12499520
-1549.99131457
-1488.78868972
-1594.20418211
-1558.48949136
-1571.27643073
-1646.30171750
-1575.15545693
-1627.81556436
-1647.63836585
-1193.64085372
-1431.41679811
-1487.88560732
-1408.45431465
-1423.58528552
-1438.03550174
-1408.48666198
-1471.06056631
-1526.54493226
-1650.68776656
-1649.22161739
-1650.41422371
-1235.28555798
-1490.14360356
-1532.14551873
-979.28823846
-1609.43700801
-1251.63408012
-1516.73129946
-1651.83586234
-1301.67444807
-1634.03880444
-1485.92942337
-1256.21308349
-1485.35552284
-1490.87234653
-1344.90255113
-1516.97480804
-943.71849340
-1496.61686660
-1405.82982566
-949.27119000
-1054.04436153
-1650.51014190
-1228.55633508
-1503.90379725
-1639.83556427
-1316.47036197
-1426.03909550
-1648.46539041
-1552.07146433
-947.60154189
-1594.84137893
-1633.25400566
-1142.17463341
-1644.85460050
-958.15713745
-1600.85096666
-1432.08729408
-1315.65681617
-945.74437661
-1498.02474099
-1498.73037925
-1048.10418825
-1351.98768888
-1318.70392122
-987.75162264
-1567.55002521
-1633.31332737
-1536.59720316
-1515.76232544
-1252.66398646
-1469.57170963
-1230.06688186
-1489.59904214
-1524.02863714
-1184.57123763
-1241.93520100
-1508.10837615
-1379.30803668
-1251.12056028
-1557.78918735
-1330.59363254
-1047.82051290
-1460.90734158
-1465.10165449
-1175.80018002
-1194.71301861
-1163.03098161
-1519.74898846
-1546.68914220
-1188.25208609
-1268.22669301
-1492.41117491
-1538.54073226
-749.86292493
-948.43947179
-1486.31664929
-1526.99479519
-877.34013559
-1091.64924532
-1426.06020691
-1651.87564604
-1640.74015986
-1527.97883346
-1051.45770712
-1610.03165850
-1593.90892320
-1502.29092067
-1190.82956732
-1551.00178204
-1045.66274216
-1577.44859199
-1278.15485457
-964.37825975
-1390.06078224
-1523.79433946
-1491.13289388
-1592.79935267
-1565.59058055
-1520.52799419
-1468.59349298
-1539.80245389
-1548.04629527
-1512.03602525
-946.93611121
-1518.76667074
-1316.38987275
-1115.12851153
-1437.75036869
-1016.86300356
-1447.20646568
-1469.38308711
-1520.35520139
-1180.29881574
-1563.42271306
-1508.54958795
-1524.62865520
-1533.79083044
-1487.31283172
-1603.13014277
-1205.39416760
-1644.69471389
-1411.73682380
-1487.57762732
-1308.79219014
-1647.57025943
-1161.58213983
-1570.33872738
-1550.64531885
-1475.84313631
-1603.41342083
-1525.97473610
-1554.28240604
-1429.47716558
-969.02851207
-1195.80643472
-999.88174846
-1448.36717520
-1252.46604675
-1646.89208464
-1566.90062699
-1491.41419917
-1508.24390034
-1646.46247470
-1642.51888155
-1365.92832078
-1462.62686684
-1349.82184850
-1642.97352425
-1513.23589404
-1117.09428582
-1543.08433393
-1638.41899466
-1060.48667743
-1507.26910079
-1156.98203324
-1486.84470360
-1517.88360897
-1484.11027266
-1540.38110121
-1489.27360140
-1352.40648534
-1222.30322554
-1008.40694096
-1639.57754865
-1557.88808544
-1357.41142154
-1243.05752155
-1187.82528067
-1639.73624275
-1456.10127621
-1594.98618878
-1636.82487513
-1367.15161339
-1509.51229069
-964.56395094
-1371.08703318
-1621.37842193
-1533.04650830
-1252.21476972
-1601.10238003
-1507.50027260
-1613.71285277
-1622.06435617
-1587.97765203
-1258.62280843
-1346.37431930
-1364.94579120
-1503.30588496
-1630.51040464
-1629.42437852
-1032.08822124
-1085.95550402
-1134.66800433
-1629.78285417
-1506.21252375
-1181.11552271
-1492.97841904
-1636.27165331
-1240.61157391
-1599.37151272
-1646.51225073
-1632.72356586
-722.52305762
-1312.99052434
-1226.78529573
-1221.13179772
-952.51193101
-1471.03591637
-1405.43719466
-1379.66700502
-955.33814208
-1605.46665445
-1574.99388683
-1594.08204995
-1355.49772711
-1211.14816855
-1236.79556854
-1357.32130352
-1181.69419964
-1180.98675086
-1340.96734338
-1479.38631954
-1505.61795269
-1357.82733713
-1422.06995358
-1308.23549970
-1504.54954815
-1115.11385584
-1520.62521439
-1185.89212514
-1572.37438850
-1244.50877911
-1410.97183836
-1372.27594529
-1314.15184058
-1486.96438075
-1635.20271470
-1398.61144792
-1187.04154984
-1547.30309530
-1406.23643531
-1497.23758223
-1469.30660597
-1366.64660123
-995.43631633
-1455.57227371
-1479.61449185
-1504.95040370
-1515.10374029
-1576.13022380
-1560.71056999
-1497.59113321
-1241.32503723
-1404.82524700
-1095.48123700
-1235.84239652
-1162.75003906
-1156.73315036
-1426.25202444
-958.43557930
-1540.90315092
-1546.25211597
-1568.84283191
-1059.46971180
-1510.91703205
-1498.18952157
-1171.75714062
-1460.16867079
-1119.00956667
-1190.68609200
-1736.35711648
-1173.05396234
-1327.25411144
-1373.34126979
-1541.66830722
-1622.82289564
-1392.32053532
-1515.65648380
-1524.67843274
-1026.69412056
-1190.47153885
-1354.43311093
-1501.02585107
-1559.55518543
-1431.75341650
-1644.56206948
-1378.44154775
-1467.28484764
-1503.34142808
-1494.78915639
-1525.33118578
-1531.81497291
-932.90009283
-1648.51757838
-1324.21574818
-1547.08087650
-1491.17511844
-1648.55900506
-1500.12927920
-1515.84007842
-1509.98963125
-1533.94630147
-1506.03369799
-1370.74057187
-1238.52292549
-1570.17112135
-1423.92694054
-1628.62689562
-1516.24258703
-837.40682448
-949.63771627
-1318.35208912
-1124.59574966
-1502.18755524
-1338.94925329
-1262.72051455
-1518.98681968
-1615.80366296
-1443.87857676
-1526.54821181
-1327.56834542
-1471.46705918
-1522.37779917
-1434.23650888
-1270.92274135
-1499.40119738
-1263.48101169
-1628.60912564
-1636.40177486
-1562.45211325
-1385.14550640
-1500.87754209
-1345.12642136
-1504.63643159
-1568.47567339
-1633.26231441
-1463.06855615
-1484.47918579
-1506.65997926
-1260.53505950
-1479.52547846
-1175.42154067
-1184.43863423
-1623.19543427
-1519.91865527
-1172.65801771
-1438.00926114
-1613.22134426
-1543.96336151
-1455.49992325
-1299.40140275
-1519.19444944
-1646.40015191
-1501.69073884
-1602.08236974
-1087.39278772
-1546.53633173
-1254.68371221
-1487.04241346
-1507.87428627
-1629.42580016
-1369.97122348
-1640.03838000
-1034.39731134
-1650.63653368
-1274.87686480
-1512.82259125
-1355.22851678
-1641.28215033
-1328.65945764
-1567.04411866
-1650.95847000
-1650.89081897
-1211.58491061
-1580.12082356
-1408.65833668
-1536.08797563
-1620.01733322
-1523.75206238
-1016.00250367
-1495.30015595
-1508.02509683
-1259.81575546
-1482.39740565
-1512.84501996
-1536.79909903
-1235.51002686
-1468.55102153
-1587.33400660
-1257.36609011
-1095.37414665
-1499.44043968
-1047.96568201
-1179.57774541
-911.26650094
-1490.46993097
-1203.77708530
-1308.32596864
-1070.15507433
-1409.99916844
-1055.20581224
-1509.84722884
-1498.19179543
-1489.34158563
-1649.65613929
-1642.72671669
-1626.86578913
-1645.07372791
-1055.30232106
-1548.48494986
-1483.48156951
-1508.58057687
-975.74607000
-1560.74730584
-1630.30540163
-1374.43132416
-1589.33808927
-1549.16338492
-1097.27475541
-1242.96807276
-1451.14444119
-1460.75602572
-1605.36845751
-1077.06679383
-1510.30262517
-952.67498251
-1653.95937902
-1615.24515009
-1463.77091406
-1060.99819550
-1503.88447263
-951.64809122
-1383.02858625
-1259.60038169
-1619.79330389
-1221.20210274
-1544.34356418
-1493.85540065
-1627.86718790
-1195.46262608
-1488.98280564
-1260.89160820
-944.56208646
-1590.74654945
-1422.87640162
-1524.56164905
-1413.45928307
-1060.64257749
-1509.94532702
-1343.61340203
-1393.08951102
-1494.37300553
-1579.97751826
-1563.36591726
-1649.21431671
-1362.65935877
-1302.54220298
-1477.32292568
-1514.13692627
-1490.32142369
-1510.73410870
-971.34006072
-1460.40769018
-1168.94950596
-1372.99032770
-1505.44089634
-1150.21671532
-1536.00221625
-1207.69632025
-1386.72522428
-935.15500097
-1066.90925547
-1327.61098737
-1484.16895452
-1328.56113048
-1438.98148954
-1491.79795786
-1395.48054866
-1603.70620633
-1632.70305389
-1490.67838804
-1520.24159037
-1428.21978666
-1543.73805352
-1617.90957581
-1288.43306992
-1484.51086648
-1525.94157370
-1603.97679819
-1516.78588229
-1315.11392861
-1503.22064665
-1627.34848277
-1070.61845656
-1212.09422512
-1488.95744122
-1503.18490990
-1567.86693732
-1376.69222919
-1173.12326700
-1367.91066882
-1126.29108506
-1563.99643795
-1520.81550221
-1283.96407889
-1283.00550168
-1456.35334596
-1369.67742275
-1519.78501831
-1383.90313769
-1425.09647040
-1414.67299038
-1355.18390601
-1587.12331212
-929.68921282
-1491.90936431
-1649.19524924
-1141.43968074
-1617.38633391
-1494.91007458
-1653.89616748
-1591.41216084
-1577.16842521
-1504.29158206
-1564.24685962
-1653.08025707
-1393.85358805
-1650.68771360
-1350.57036157
-1323.59983121
-1639.17510571
-1530.37008828
-1647.29042976
-1441.18201612
-1470.87596419
-1480.83343792
-1605.88671308
-937.29099177
-1320.95767647
-1344.91786989
-1224.61929095
-1262.08358823
-1633.27700450
-1647.96048963
-1474.97622427
-1062.05606464
-1444.32692772
-1062.64546505
-937.30226089
-1582.72879492
-1328.11295791
-1045.44386590
-1562.62859910
-968.49786867
-1493.60360286
-1488.45456421
-1619.63959007
-1589.47085269
-1656.58031781
-1304.72977792
-1167.67179185
-1453.52223341
-1501.83785705
-1286.68605854
-1596.28589393
-1492.26219895
-1486.93842722
-947.87931693
-1412.82704982
-1391.19309641
-1582.93356679
-1124.72795623
-1181.26784192
-1312.65393052
-1311.08269198
-1511.99824274
-1487.38081753
-1433.36638421
-1174.50151809
-1416.93074334
-1578.38471701
-1431.71313260
-1625.28869040
-1158.45841766
-953.65757805
-1505.48925313
-1637.89270607
-1492.63353020
-1165.45606484
-1595.85557227
-1643.48873814
-1639.41687762
-944.63533285
-1060.08973880
-1521.52166677
-1500.13100673
-1606.16303433
-1097.19728458
-1309.97162701
-1508.81143242
-1501.42654321
-1519.67787992
-1605.28308496
-1488.29482367
-1488.17442589
-1610.37957861
-1527.83711867
-1322.84463853
-1255.67601946
-1647.37491500
-1620.60600837
-1187.96871472
-1486.80232686
-1183.72893164
-1144.79869567
-1543.24381437
-1434.87326512
-1583.87584893
-1499.71662761
-1492.42592288
-1680.26762507
-1582.99980518
-1589.08895466
-1327.92765050
-1593.22291385
-1188.79456506
-1430.18869626
-1584.61714850
-1639.74387335
-1644.55670676
-947.53045025
-1431.08992552
-1633.55793281
-1610.67638813
-1231.87685649
-1200.57808056
-1620.30922103
-1611.66909953
-1558.12482293
-1166.35155708
-1466.96949684
-1529.38159106
-1517.49853762
-1355.05399169
-1203.32678732
-1141.99126570
-1647.20798215
-1636.19224069
-1486.87517085
-1559.25907737
-1211.91648893
-1544.61136211
-1483.22697215
-1569.63443808
-1611.61795964
-1515.38872866
-1517.91988399
-1499.69325342
-1606.65384984
-1202.78016039
-1498.72775065
-1485.88851585
-1591.83944584
-1650.24918621
-1092.43808643
-1522.37097333
-1596.95250531
-1521.87559919
-1494.04964576
-1326.90692528
-1531.28006488
-1499.28211529
-1452.64423157
-1437.98733821
-1127.03380578
-943.74272851
-1627.07428874
-1645.20833648
-1596.24554749
-1633.44516580
-1413.80268097
-1651.27618277
-1329.65466046
-1057.63605623
-1512.09287776
-1487.12870667
-1480.32948769
-1468.53215515
-1701.22141797
-1374.53162150
-1810.33012036
-1075.57030453
-1211.73234397
-1312.65580139
-1295.65534982
-1162.28019056
-1639.62469583
-1533.52510937
-1499.55874800
-1642.93769207
-1634.35361367
-1494.45130873
-1183.81381135
-1652.18465315
-1072.89545284
-1549.96117017
-1025.11703824
-1474.69144706
-975.75868846
-1510.81404042
-1198.42405476
-1646.77806612
-1627.64476822
-1616.52847982
-1175.97334167
-1430.20195205
-948.17494375
-1248.67759209
-1551.74672090
-1059.69538024
-1646.23067417
-1443.84335322
-1303.94847425
-1622.29116461
-1583.94814790
-1561.81838513
-1637.72272707
-1311.97529244
-946.34701239
-1651.52521736
-1343.27329555
-1515.27325931
-940.16007313
-1544.56661113
-1494.73445609
-1475.45112168
-1560.74698786
-1611.41981505
-1215.56398872
-1504.20259373
-1519.73092942
-1445.02808943
-1199.86257654
-1431.19461437
-1593.38714400
-1647.30965445
-985.32375627
-1523.80757974
-1492.02144721
-1367.38303695
-1645.97059430
-1501.33042137
-1646.04458036
-1580.94126012
-1064.60158540
-1537.65643794
-1535.43944911
-1716.42117818
-1529.32510505
-1383.80979945
-1627.29341744
-1255.49144952
-1500.23213583
-1163.45748620
-1341.82004811
-1432.51207177
-1211.87599702
-1508.31304792
-1155.21343961
-1515.04659630
-1206.28903629
-1653.43498439
-1646.11704109
-940.96969632
-1651.29916323
-1347.06111630
-1413.75705142
-1624.08726583
-1645.62413319
-1611.22084334
-1496.19706328
-1485.81288047
-1578.11584458
-1497.36108909
-1056.40608774
-1091.20954988
-1091.60403754
-1482.59553538
-1181.62274386
-1190.24887421
-1021.57559774
-1428.88049221
-946.10935765
-1366.26692459
-1193.61663930
-1415.64856060
-1643.06215959
-1487.38952418
-1644.56317438
-1374.84162062
-809.89497259
-1513.25219257
-1620.94739295
-1172.39786167
-1551.03064719
-1071.54108293
-1495.11890397
-1062.51253355
-1647.77477752
-1375.65135985
-1113.74968629
-1644.24545784
-1283.42209712
-1204.52467332
-1393.74316365
-1633.16215299
-1255.04711514
-845.43721516
-1143.98190725
-1523.97520154
-1538.74311314
-1320.59612942
-1483.80268779
-1631.01550630
-1367.69866618
-1378.34459123
-1642.31418972
-1653.26990189
-1157.58698585
-1573.61042970
-1533.27997776
-1648.93920389
-813.95817959
-943.14853102
-1198.32554681
-1524.61421498
-1643.58675936
-1253.33677052
-1620.69695097
-1615.46252765
-1535.77739144
-1501.52256495
-1167.42100693
-1095.18817828
-1465.66935228
-1176.41196230
-1502.80640191
-1566.80366593
-1490.84662377
-1178.44715087
-1627.55539260
-720.50454463
-1470.98259503
-1424.34339979
-1497.46034905
-1331.49692514
-1504.27276926
-1087.86232983
-1517.52407987
-1075.58265230
-1051.84999913
-1635.43134463
-1652.99296440
-1112.83187364
-1501.26327782
-1648.50571513
-1645.29049331
-1650.91964121
-1496.69755612
-1626.25665777
-1387.05832691
-1136.30756817
-1420.71138856
-1337.60657642
-1572.29694207
-1483.76954411
-1036.61438349
-1527.17386914
-1311.84204598
-1155.10497407
-1230.78547044
-1530.31061331
-1512.04442274
-1490.75324666
-1289.51229946
-1192.56757485
-1243.02625536
-989.77735303
-1490.81436738
-1270.00443723
-1642.66870725
-1070.50548161
-1633.29252795
-1646.56316564
-1160.20017134
-1600.98639736
-968.59295661
-1482.65297363
-1510.35032227
-1394.34514391
-915.36895753
-1477.16478587
-1643.72395205
-1172.53623350
-1416.40689609
-1543.32227315
-1536.16955773
-1335.36614683
-1508.81931491
-1645.18630967
-1396.41868888
-918.42427433
-1528.88120116
-1494.82677310
-1489.74587598
-1275.83343407
-1414.41017376
-1613.27622608
-1154.01856462
-1612.63514160
-1496.59407349
-1206.82361905
-1299.87494318
-1540.96481863
-1541.60512962
-1507.66297856
-1263.27237738
-1644.17817535
-1385.31947602
-1590.55414388
-1439.37743013
-1571.75861796
-1467.36633625
-1634.44224804
-1601.38289430
-1537.89133432
-1579.02319760
-974.53926285
-1537.68339581
-960.92103784
-1499.89717285
-1580.11970739
-1476.87783319
-1103.14338550
-1647.98367378
-1652.99626945
-1015.75339010
-1487.40796072
-1397.48369153
-1063.87218634
-1171.37902672
-1238.78432294
-1407.06873015
-1129.22826103
-1626.36759642
-1534.10876104
-1528.00728437
-1492.08627409
-1289.58441391
-1431.32462600
-1334.96118638
-1159.81087677
-1647.48665141
-1599.56005547
-1619.78256126
-1629.39023717
-1512.15732376
-1136.92063043
-1519.12161992
-1439.76605895
-1646.20846757
-1523.61486125
-1649.36050055
-1623.12113701
-1611.58259683
-1493.21646764
-1465.99122711
-1639.29803683
-1357.57754597
-1506.78058678
-1542.95432988
-1619.99443316
-1231.49049631
-1608.64906559
-1487.36615323
-1161.66348131
-1653.33135504
-1304.56773964
-1075.82831312
-1063.76778222
-1233.51258470
-1174.12501788
-1510.33753801
-1463.82342165
-1287.99578166
-1633.36245558
-1083.10107723
-1173.69039121
-1632.10764113
-1649.25447812
-1184.75043044
-1628.20771151
-972.14753087
-1646.40350835
-1498.07920189
-1636.86589277
-1614.83940660
-1493.63741462
-1560.54940989
-1484.84618119
-1643.13744349
-1577.80084925
-1493.49552040
-1533.64578793
-1319.67064051
-1507.17555444
-1495.86802780
-1260.71074384
-1512.68597884
-1645.18763743
-1358.67179991
-1627.35888988
-1321.38267107
-1432.45482776
-1117.73354005
-1519.20898037
-1173.71448043
-1181.88488732
-1605.63479651
-1608.44665015
-1610.04019103
-1519.29815408
-1599.97705972
-1309.22834383
-1314.20146894
-1661.20948039
-1415.00949992
-1064.53452553
-1641.07548623
-1548.78246389
-1257.83904908
-953.15623697
-1642.51289438
-1430.22919267
-1139.76607786
-1538.02347932
-1407.22857261
-1263.70085227
-1638.46653961
-1215.70434822
-1382.85340046
-1461.76674402
-1526.64532318
-961.76112149
-1339.19296736
-1516.16990315
-1484.36973084
-1641.44342394
-1504.20750724
-1178.43726565
-1255.52398882
-961.49045123
-1384.63294371
-1454.93127418
-1115.18650651
-1209.48241350
-1644.14374188
-1619.99141018
-1065.00631594
-830.72532285
-1608.80018487
-1320.34127997
-1203.97637272
-1647.09947274
-1105.53982603
-1486.65408409
-1583.32122970
-1102.72031040
-1592.09886928
-976.05792580
-1604.26437826
-1573.61345402
-1572.54892564
-1368.26478929
-1494.03086327
-1537.82760190
-1519.48756800
-1273.98606042
-1510.43487374
-1203.72435537
-1625.37887217
-1596.63473556
-1622.02655160
-1065.25762631
-1606.12397172
-1380.63940690
-1614.98348930
-1504.63570934
-1532.59433988
-1641.12572600
-1541.66464557
-1444.69627875
-1645.03576786
-1171.16082579
-1538.68365887
-1543.89654708
-1414.57871628
-1337.82505657
-1488.15169045
-1500.56621986
-1531.17634090
-1563.45130077
-1059.92578001
-1351.25428674
-1599.08865654
-1651.84248375
-948.51857556
-1644.40523558
-1639.38154798
-1607.01291825
-1371.65312117
-1233.77662668
-1502.63135006
-1482.28630403
-1582.12772468
-1442.06244780
-1432.74926964
-1391.44758314
-1314.94663339
-1198.02820263
-1424.23284685
-1628.59760800
-1523.30464003
-1472.54265955
-1226.25056539
-1284.85019023
-1227.16560994
-1080.06954465
-1116.30314753
-1150.04320512
-1318.71410477
-1562.08903979
-942.67339395
-1347.81349295
-1398.17501490
-1201.36145378
-1609.76336988
-1013.04812118
-1342.59830041
-953.07121997
-1358.33589272
-1334.59295700
-1179.56428767
-1340.05789058
-1518.34802212
-1644.44192470
-1493.95801687
-1431.36347912
-1232.29422046
-1588.16310377
-1635.81535343
-1628.55703303
-1622.31790911
-1607.11328372
-1541.84331616
-1365.75080780
-1486.76166136
-1641.26723309
-1439.91973183
-1614.98483816
-1598.85263979
-1335.87073185
-1329.64057944
-1178.93598949
-1469.47763152
-1103.15198823
-1513.81044230
-1162.47756846
-1631.94887882
-1518.38805719
-1227.94005664
-1545.93135783
-1253.06857434
-1494.68185161
-1514.59026507
-1334.66687910
-1538.33887138
-1170.84206622
-1384.61896943
-1649.12559851
-1267.93783117
-1535.33876303
-1653.05018179
-1653.17976848
-1105.96378799
-1070.34815323
-1621.11030913
-1477.68609491
-1212.99948251
-1526.12355788
-949.99035561
-1501.33652518
-1622.97216003
-1483.41365140
-1641.71774248
-1153.39149941
-1146.41744354
-1590.45041181
-1031.72116591
-1184.21971945
-1643.61061263
-1511.19679309
-1153.91172048
-1568.37525759
-1509.92138048
-1217.28955328
-1620.81140422
-1635.25421396
-1544.56850721
-1136.97496718
-1451.33773995
-1380.73569502
-1394.25993149
-1376.18964784
-1644.72233700
-1638.38029969
-1481.87630695
-1484.86091233
-1288.96218249
-1643.77404053
-1639.38562275
-1568.14386233
-1582.47138814
-1357.40021944
-1019.33241263
-1494.86904360
-1545.67718356
-949.15268908
-1357.06220667
-1544.36997477
-1624.48080271
-1196.82269474
-1491.05122378
-1079.52322024
-1485.83156512
-1544.95311108
-1485.20260054
-1637.02671647
-1068.23321524
-1649.54032487
-1563.96222846
-1626.05866295
-1637.01138242
-946.91471686
-1565.78677598
-1246.81510831
-1499.81419878
-1073.36739319
-1558.02867798
-1149.53056625
-1523.27525561
-1441.46698292
-1284.87386977
-1548.17617530
-1529.64546219
-1554.14337168
-1506.79607632
-1496.27039392
-1648.25677926
-1525.10798205
-1632.44602709
-1148.55768888
-1596.91577265
-1309.41525544
-1379.10144056
-1146.02879889
-1504.09060377
-1613.67905757
-1327.76701428
-1336.43982839
-1648.39465513
-1336.41126511
-1645.00174689
-1638.59157944
-1173.98850107
-1312.96930232
-1364.83905685
-1403.72890221
-1544.27646071
-955.88097917
-1168.43790076
-1613.45526306
-1484.82966904
-1645.98662740
-1502.55985937
-1483.54926509
-1222.46902883
-1495.48779880
-1625.15943964
-1219.29495888
-1414.99266051
-1164.62721646
-1513.31151299
-1348.97207551
-1524.69300650
-1512.98010144
-1542.14790749
-1364.28632229
-1147.84420102
-1491.85550969
-1488.24552314
-1087.56367992
-1331.95845670
-721.12430015
-1603.05693969
-1444.36289816
-1554.39710324
-1641.94520008
-1150.33371078
-1539.17554716
-1518.19931802
-1635.39378969
-1646.95899464
-835.38979926
-1615.06045221
-1502.53450200
-1650.78844461
-1280.25575252
-1505.90763611
-1492.04101261
-1317.27126123
-1396.04480256
-973.28371802
-1649.88927787
-1646.56796340
-1531.10627784
-1488.37951078
-1382.55835245
-1644.80291965
-1259.22834534
-1331.87241829
-1496.76191875
-1489.22613461
-1537.74072607
-1563.04948353
-1436.48674559
-1640.33358282
-1642.34044507
-1484.11985616
-1645.54037808
-950.51221218
-1601.55863085
-1534.01566308
-1636.85956455
-1352.71987849
-1310.94587390
-1273.08791132
-1179.03311688
-1370.58457568
-1456.21337678
-1109.77932111
-1207.68966242
-1275.32842878
-1490.29323197
-1513.28572768
-1592.17585078
-1627.70093494
-1459.44541668
-1631.27744928
-1624.23102789
-1510.68414235
-1396.16508711
-1255.69727766
-1155.40430724
-1260.90236023
-1342.10821535
-1490.52070035
-1291.19279294
-1560.99064143
-1050.42070525
-1508.03188312
-1283.95560864
-1483.89978434
-1430.75105394
-1632.67628145
-1628.98150649
-1582.20965975
-1653.04862623
-1352.90325568
-1530.89749551
-939.41865333
-1555.08137320
-1442.62439255
-1648.21384470
-1549.14777080
-1609.27062471
-1488.33536575
-1630.94396327
-1303.60920777
-1367.76850860
-1065.38394455
-1650.10081145
-1399.30398053
-1181.21081838
-1560.76656295
-1563.40735885
-1186.92002937
-1643.90930085
-1620.77246040
-1587.74379485
-1352.21400109
-1062.32340313
-1476.85384724
-1465.84810103
-1511.54707764
-1642.37253176
-1298.43598875
-1488.16525261
-1569.63774353
-1651.40138681
-1568.68208324
-938.60040242
-1550.67344524
-1240.95665643
-1189.73945187
-749.24765550
-1036.81451707
-1511.79026765
-1640.24002938
-1493.36827870
-1343.91238772
-1647.58297497
-1608.17255016
-1432.04427994
-1259.60213662
-1083.37190883
-1304.84093891
-1239.66052785
-1181.49150173
-1605.07753905
-1394.89919791
-1368.91441620
-977.27306808
-1557.83619772
-1455.15067168
-1550.61053291
-1505.76212633
-1526.20819732
-1487.31307068
-1331.70527855
-1563.53173887
-948.37901748
-1402.89479776
-1608.39774495
-1503.01979590
-1536.79084190
-1502.17623436
-1172.02137628
-1096.49610517
-1472.45114094
-1591.95289369
-1591.95556974
-1375.18859901
-1526.73911879
-1488.11680947
-1173.24643304
-1193.64441297
-1485.32188458
-1640.48254275
-1338.69331688
-1497.05032102
-1535.74943873
-1018.49259271
-952.88421880
-1587.26769575
-1642.17629240
-1652.63117066
-944.18184359
-1488.66376707
-1395.89792616
-1521.54953385
-1492.74874344
-1612.00774507
-1546.12376016
-1516.80651055
-1363.67209498
-1442.67707402
-1237.78889703
-1486.90454554
-1410.78262093
-1335.36958484
-822.29736365
-1491.15638854
-1262.24490084
-1439.20529992
-1612.15952912
-1489.36667113
-1541.66623401
-1553.02689022
-1487.90578582
-1525.70732050
-1354.09848897
-1511.18582148
-1486.16017033
-1112.45734935
-1524.87129270
-1438.72481028
-1563.98745719
-1638.18247666
-1636.61296267
-1553.14825613
-1175.12625760
-1512.56414831
-1662.04277754
-1487.90017882
-1669.42962211
-1629.60173982
-1527.62410012
-1635.86993105
-1516.71557636
-1503.77350375
-837.34839774
-1183.01090259
-1477.22670399
-1163.05284345
-1540.53433470
-1616.17318652
-1060.94821940
-1505.78412893
-1151.70254576
-1494.32126781
-1514.62308457
-1335.68457167
-1262.94894835
-1580.50132392
-1492.19744524
-1205.84318697
-1626.89648576
-1562.03360643
-949.90337557
-1649.93019524
-1529.19610872
-1080.80412477
-1352.82257486
-1583.99157711
-1649.35100673
-1297.87687881
-1623.04595437
-1147.98033173
-1220.11400893
-1640.60690477
-1494.87397338
-1430.74683395
-1180.17226132
-1513.95179739
-1536.90635269
-1169.55041984
-1350.27997136
-1467.73672847
-1364.90812680
-1305.63373815
-1341.56238007
-1505.19575227
-1599.47464591
-1632.04473758
-1327.82483396
-1058.55448014
-1230.72610436
-1582.50529133
-1519.60053070
-1251.73736892
-1230.85514257
-1525.43494261
-1520.70367844
-1281.03334907
-1514.71263312
-1253.92412897
-1466.28779998
-964.40142544
-1540.15510704
-1358.58161157
-1643.85975532
-1307.93812205
-1394.60333736
-1640.09209822
-1652.97396146
-1648.97996024
-1625.46433340
-1648.77730220
-1650.60090026
-1170.79265169
-1248.82390694
-1623.49081001
-1343.91726688
-1393.38701470
-1567.05001515
-1479.81295006
-1627.95007601
-1556.80285388
-1162.53276543
-1491.51530022
-1373.19277728
-1487.87017339
-1538.83183278
-943.21011673
-1130.47613004
-1648.30268754
-1413.85227299
-1488.84236564
-1338.56137811
-1494.44923153
-1616.02167311
-1528.83037148
-1541.28647021
-1623.42315882
-1531.62882274
-1557.00910691
-1299.06507210
-1496.35709051
-1591.26479093
-1615.15915069
-1476.33503472
-1463.30403583
-1566.08227286
-1490.98518876
-1573.92548063
-1338.88202607
-1499.94915422
-1563.48414014
-1176.94255297
-1479.61726486
-1611.45890769
-1519.13485013
-1647.89357109
-1334.10283793
-1455.78386645
-1274.83199066
-1634.90675983
-1468.46864187
-947.59197084
-1212.03486042
-1493.71652560
-1648.97728582
-1217.33102452
-1053.49900670
-1649.51248525
-1641.78182030
-1349.29048459
-1633.99329817
-1334.15893635
-1320.08873684
-1610.47824634
-1494.41226707
-1632.92566108
-1615.75481929
-1031.97757913
-1554.19104415
-1166.75939330
-1608.17293150
-1491.60242589
-1099.86491909
-1649.85944726
-1430.14928454
-1494.58357278
-1570.66793899
-1500.60905491
-1427.02416651
-1506.16801073
-1652.53681227
-1647.02380876
-1553.49451758
-1224.31483067
-1080.54910192
-1500.04469655
-1502.50501492
-856.45987186
-1699.03983702
-1702.34572959
-1296.94995730
-1179.57301371
-1567.03378647
-1567.31878827
-1529.45755027
-1153.21263553
-1624.04968697
-1395.65082357
-1634.36784784
-1614.84318894
-1592.76667609
-1663.76261757
-1556.32039512
-1587.19890371
-1522.74219141
-1525.45558066
-1075.51729076
-1159.50557403
-1581.06799919
-1641.15181531
-1582.18913885
-1058.39151945
-1359.94020606
-1493.41478996
-1386.18486608
-1438.16179865
-1591.62258672
-1121.30824954
-1055.63762418
-1507.90915287
-1646.00478077
-1641.33537072
-948.04170675
-1168.88479918
-1550.05568556
-1419.29575191
-1196.00648038
-1531.34260985
-1614.19638570
-1121.89149712
-1525.05832887
-950.10722565
-1525.87346201
-1415.06562651
-1329.65650865
-1471.44826591
-1126.38425399
-1577.38037253
-1592.17807605
-1164.29862524
-1638.91928987
-1617.51370145
-1293.49982103
-1485.31192037
-1465.33441451
-1403.42045455
-1447.78309489
-1378.01513709
-1469.22014220
-1652.97097531
-1550.63661077
-1368.62424332
-1453.16140324
-1534.57953097
-1498.61705881
-1530.02027492
-1451.53706945
-1286.44319433
-1249.71097070
-1269.73691018
-1625.78225963
-1631.90400774
-1028.40390150
-1281.29516035
-1491.76241420
-1200.49320946
-1632.19429936
-869.59599643
-1576.97503264
-1646.41537302
-1537.86900075
-1485.68163873
-1551.74599196
-1187.55788839
-1306.76064393
-1319.30450597
-1626.61877256
-1486.41628422
-1652.58739024
-1408.02347818
-1623.41273743
-1143.13847965
-1279.31062275
-1399.60188606
-1207.51688716
-1288.97894754
-1126.21573292
-1288.75725371
-1385.03607296
-1483.19101532
-1644.01648541
-1290.84567318
-1486.43720989
-1290.15026439
-1551.10897248
-1631.13401174
-951.47915652
-1573.63855097
-1382.87584488
-1123.37145045
-1518.40584158
-935.34196596
-1177.37308563
-1359.19489862
-1610.97874675
-1473.75937766
-1604.74743381
-1420.04430804
-1447.82194642
-1182.98471370
-1201.19043134
-1101.90066191
-1634.73355591
-1461.46101981
-1548.76542975
-1289.07943967
-1480.97446177
-1634.83094466
-1513.35243980
-1528.87432289
-1595.83524647
-1593.32930911
-1258.24883682
-1499.44794910
-1649.62917591
-836.40854989
-1075.07450825
-1536.52400433
-1525.68742988
-1516.13393589
-1492.28036928
-1141.34764223
-850.53779250
-1227.24175690
-1623.48136968
-1476.82714567
-1586.08180967
-980.91979914
-1152.86151350
-1524.99744676
-1510.33399978
-1628.34253376
-1452.27745665
-1615.42489216
-1168.07996107
-1537.75633319
-1302.88625185
-1649.74838628
-1649.56511572
-842.65690518
-1652.16193312
-1646.63125492
-1333.04849053
-1643.67929147
-1527.04373540
-1590.08080057
-1518.27808991
-1482.09735543
-1347.25845954
-1371.16351446
-1282.12301972
-1079.50210107
-1567.87953944
-1485.35952876
-1526.61695050
-1512.99601695
-1504.04819644
-1605.66345481
-1649.68909243
-1650.80745106
-1652.64092544
-1509.38906092
-1275.85423490
-1455.02649324
-1526.16704220
-1384.35483376
-1501.68491567
-1370.79177888
-1172.45507387
-1398.51647349
-1547.15561058
-1444.92227205
-1221.83542305
-1636.03744261
-1633.34446736
-1274.40493890
-1076.40202323
-1524.79588594
-1376.66263480
-1191.68666888
-1054.77569358
-1529.91211841
-1488.03561784
-1485.53069983
-1518.70055845
-1640.54467822
-1625.86246625
-1005.12340427
-1653.11791402
-1654.65315555
-1105.13589053
-1074.64526857
-956.02004471
-1652.51466392
-1501.16871507
-1484.70153309
-1381.39202353
-1326.56401021
-1430.44148388
-1408.52078551
-1546.01171952
-1149.68096063
-1528.02659402
-1583.97935326
-1411.78879679
-1595.91483572
-1636.64456369
-1619.71277122
-1572.21024787
-1467.55195877
-1611.79228762
-1208.40086366
-1614.96679600
-1487.19204953
-857.82946329
-1237.57932262
-1352.76985590
-1470.03702983
-1288.62353657
-1272.89626686
-1455.31739979
-1554.63391982
-1518.84973975
-1209.57353714
-1595.12980613
-1199.04166248
-1596.65003745
-1641.97633081
-1481.58155204
-1160.23717379
-1499.92652476
-1639.61204492
-1627.38878743
-1543.98472782
-1322.38169607
-1216.29035309
-1540.75679818
-1347.02450012
-1176.25554231
-1188.51732147
-1420.45628540
-1324.90346095
-1324.61642941
-1333.38342314
-1449.80757313
-1521.24809606
-1487.89308508
-997.37065502
-1209.27009573
-1538.00736701
-1635.50159137
-1494.54049706
-1527.61717420
-1598.99709216
-1402.15584167
-1320.56625097
-1494.34044850
-1324.69778867
-1596.24294236
-1641.14739554
-841.16852818
-1647.21930543
-1099.94391827
-963.59787077
-1574.96036428
-1611.67039790
-1645.18157287
-1551.63400968
-1501.13630911
-1293.78519642
-1539.78923488
-1266.79985659
-1396.58576608
-835.55151137
-1622.62695071
-1169.05128029
-1450.88420883
-1345.75327796
-1564.22237506
-1038.16225837
-1303.21905940
-1585.90692524
-1653.02249750
-1584.35690201
-1488.78400425
-1616.14109465
-1652.60645693
-1301.54302362
-1647.73184889
-1644.22557923
-861.70514499
-1192.42560123
-1608.34442718
-1179.97323357
-1511.01101346
-1458.85844300
-1505.59348477
-1321.81219158
-1646.01276745
-1180.12075040
-1177.91550834
-1646.90322028
-848.98225016
-1645.97611110
-1516.81008478
-1690.96426455
-1163.83968877
-1645.22662704
-1315.61491404
-1567.16204615
-1172.05111759
-1497.30330967
-1029.58580426
-1265.35246575
-1295.90876113
-1095.88552307
-1570.52054189
-1127.63398663
-1620.18123644
-951.44604216
-1279.19708629
-1207.55632664
-1104.69078921
-1233.75053257
-1603.92060393
-1647.31748758
-1262.65657961
-1652.06032802
-947.88864167
-1148.34112441
-1524.57287179
-1497.47967699
-1202.11555874
-1602.28886988
-1180.04170319
