-1235.61061748
-1584.30434475
-1646.18613254
-1540.72785812
-1502.78584352
-1493.19796114
-1429.93252985
-1266.45895781
-1642.50696044
-1618.85452140
-1249.98597372
-1551.99166928
-1460.85497523
-1087.33844776
-1569.46725882
-1429.59634999
-1055.12216906
-1502.29361614
-1490.59857826
-1565.43138287
-1633.00130927
-1579.23392979
-1351.35598468
-1576.27030850
-1480.07029998
-1157.61297063
-1588.36763532
-935.27747848
-1261.05091537
-1182.16624490
-1486.37481744
-1624.46966591
-926.64253609
-1527.84986225
-1080.97735018
-1524.10003270
-1216.90166383
-1631.96061298
-1280.20222240
-1304.12740416
-1628.36657184
-1652.07226676
-1646.47189824
-1645.13661047
-980.78092225
-1338.08543642
-1653.19393691
-1190.80796080
-1231.21701759
-1252.06786449
-1644.47768799
-1528.66551260
-1366.70878725
-941.55953267
-1063.48801525
-1640.44692609
-1448.01803437
-1078.45857432
-1627.18702661
-1651.47753375
-1369.87850893
-1512.48274257
-1143.91613967
-1506.22649448
-1420.85013329
-1642.43201131
-1612.59118780
-1630.58862804
-1561.81728009
-1500.44599763
-733.96162178
-1321.97889139
-1564.67526014
-1221.93726974
-1462.70997654
-926.62500541
-1276.81489288
-1189.52246575
-1556.97622578
-1506.71527125
-1463.79586570
-1636.88091458
-1233.68374836
-1436.70063355
-1218.24504164
-1586.40755245
-1070.31787784
-1518.60497199
-1497.48920143
-1602.49652412
-1494.96379169
-1049.26224918
-1491.03397619
-1002.94020061
-1362.35833358
-1475.65373459
-1571.25529045
-1389.48378598
-1490.57155753
-1543.36491363
-1535.13973025
-1613.21788029
-1495.70667902
-1389.11411010
-1564.79232410
-1559.13844626
-1247.47725322
-1329.07749780
-1561.22392553
-1631.58268228
-1254.67032587
-1296.78977253
-1496.86549671
-1606.37228388
-1640.16678443
-1649.30876615
-1568.42020494
-1128.75340991
-1629.41108001
-1510.84074730
-1510.18579937
-1451.89213915
-1447.00780620
-1759.49887060
-1104.73754124
-1542.01389438
-1506.07733152
-1526.00499978
-1348.05949175
-1340.82570259
-1511.41466140
-1294.51488519
-1246.21163728
-1164.99515044
-1359.24484009
-1491.86308016
-1332.42337774
-1638.91348806
-1317.65184678
-1470.87437604
-1626.69042562
-1218.06299843
-1035.63718747
-1536.36897566
-1530.27008463
-1278.48639690
-1645.89433531
-948.74108454
-1382.32758605
-1163.83961985
-1179.36460641
-1632.18913127
-1553.61431765
-1466.43973936
-1074.82389273
-1504.19543229
-1216.82292326
-1586.12886106
-1559.74486780
-959.86293137
-1375.00900641
-1593.34142876
-1299.30241367
-1357.87884249
-1633.50680433
-1649.89838245
-1507.54097511
-1612.75473404
-1556.27134063
-1599.30796275
-1487.33885495
-1593.38903432
-1309.77887493
-1416.69815930
-1177.31747587
-1485.23931598
-1645.49963569
-1621.92179240
-1508.61071972
-1494.58093162
-1023.00949808
-1080.89006826
-1490.49382211
-1180.33128155
-1348.86235477
-1367.68107750
-1294.33335766
-1484.03113958
-1638.49447342
-1619.17290180
-1494.24165432
-1067.89480417
-1650.46031575
-1528.71964637
-1175.59792079
-1502.04786412
-1604.83080397
-1269.09159462
-1331.99974612
-1439.75402980
-1584.77212389
-1233.15608122
-1328.02567975
-1397.57497912
-1492.21427601
-954.11466480
-1295.30922798
-960.91075155
-1609.22667360
-1651.48514908
-1653.26822679
-1500.83606387
-1652.60065833
-1497.58539305
-1335.41877555
-1118.29186561
-1625.93176273
-1644.89182273
-1518.88232257
-1606.40587705
-1506.53119436
-946.92271943
-1646.08509123
-720.48517107
-1631.69009738
-1024.16029869
-1405.15663576
-1652.95109489
-1486.45268575
-1468.04496847
-1489.19781868
-1646.51878648
-1651.33851899
-1634.57640452
-1587.39482353
-1064.36456587
-1576.72553062
-1536.81745846
-1178.14790642
-1485.57847120
-1315.01257427
-1447.09671273
-1509.74221429
-1524.36445202
-1264.16191766
-1568.65174306
-1187.91980148
-1524.74014967
-1650.92099827
-1358.62484755
-1525.14662935
-1589.07318123
-1631.40494711
-1490.74241217
-1260.42066160
-1556.19202388
-1610.03961182
-1511.39718754
-1536.50963239
-720.18651220
-961.90158796
-1635.74235426
-938.88460236
-1502.35027522
-1634.07475353
-1545.97498490
-1538.02400795
-1304.95374215
-1332.71060113
-1447.46204828
-1637.23457271
-1532.09192602
-1521.09467910
-1644.52570545
-1507.20662392
-1498.32418036
-1630.82150515
-1488.13235988
-947.75720896
-1558.55930098
-1478.85035218
-978.21283478
-1363.89309299
-1395.47724927
-1651.58694068
-1492.29788581
-939.30732252
-1652.46404495
-1641.51725306
-1637.23250156
-1645.58361163
-1389.21442033
-1633.49764621
-1636.53073546
-1304.20998075
-1168.12156025
-1505.16488684
-1500.11117572
-1634.46104516
-1083.33171538
-1611.62394959
-1620.00437686
-1572.24164166
-1541.37769574
-1647.18128221
-1432.56512926
-956.12421918
-1619.42575151
-1629.59760167
-1517.23039853
-1465.45729591
-1281.57285046
-1552.53502855
-1491.49964253
-1653.70328485
-1647.59818404
-1352.26878157
-719.59270333
-1627.62244022
-1501.88261299
-719.90318803
-1352.32562151
-1165.34315972
-1073.61527394
-1501.38696450
-1232.88127883
-1562.15090637
-1544.35324079
-1043.33708078
-1265.08310194
-1593.10096212
-1203.64989647
-1631.90119525
-1465.24650961
-1489.14943129
-1434.36676219
-1602.00970553
-1493.74196933
-1063.47003642
-1524.84501393
-1165.24588366
-1244.92963010
-950.00778153
-1605.40583666
-1622.97704675
-1428.44872585
-1613.41024012
-811.92779539
-1084.18213533
-1488.90982785
-1613.27632284
-1295.82602191
-1603.34360475
-948.92795433
-1247.52166735
-1511.90566090
-1439.74526586
-1538.69462532
-1177.19220881
-1225.01602005
-1460.80425769
-1354.29864187
-1082.84156706
-1223.94312718
-1186.92663420
-1552.39984206
-1486.16550265
-1489.49469910
-1203.48090185
-1335.19229888
-1646.20071785
-1433.86810362
-1293.72172842
-1642.97901559
-1066.82307435
-1149.76398043
-1270.51072104
-1531.58602494
-1097.13526409
-1435.67377670
-1767.01623243
-1722.44387991
-1862.94783846
-1799.33153813
-1453.05779274
-1513.85176652
-1416.30808564
-1195.79434344
-1565.19266991
-1460.64001439
-1471.42501296
-1115.71139256
-1130.46059449
-1480.16962922
-1155.67471312
-1315.77961362
-1230.23787189
-1554.41180557
-1541.48809223
-976.56987018
-1073.33886420
-1458.83280547
-1493.04426651
-1144.64749358
-1368.62413695
-1475.46724553
-1372.02673040
-1247.62324791
-1449.09441344
-1423.01106344
-1058.52588268
-1247.81503293
-1473.39352386
-1176.21672749
-1493.98018608
-1183.67041027
-1216.92531315
-973.73152999
-1420.11262144
-1464.12136352
-1458.06150458
-1669.49276117
-1309.41441644
-1514.49270933
-1730.14356954
-1255.55890227
-1192.24703726
-1600.64208760
-1206.78322426
-1572.52817210
-1314.26345755
-1570.33093505
-1538.17940135
-1420.27876978
-1294.43608099
-1503.83218669
-1226.17466288
-1233.24137351
-1343.97583741
-1112.54350064
-1183.35495724
-1167.05950298
-1354.80948840
-1511.16070970
-1177.86457840
-1229.02420162
-1326.74406667
-1484.03330844
-1182.28506387
-1500.51120988
-921.74634929
-1164.93792414
-1319.48412356
-1440.65072807
-1253.02383605
-1297.33413230
-1156.27839863
-1303.12158025
-1220.11974748
-1023.41054844
-1493.87077395
-1489.54329234
-931.24492530
-1520.95366409
-1445.91709075
-1507.68510369
-1575.81526279
-1537.00739832
-856.32053451
-1577.84488039
-1150.52310454
-1183.02186755
-1566.60095119
-1296.85412448
-1313.03177257
-1694.74787502
-1525.55106550
-1198.34289216
-1318.28688568
-1493.47255883
-1374.75180956
-1102.84357669
-1329.08539885
-1103.02738564
-1324.21678782
-751.38208748
-1506.90400714
-1165.64601671
-1470.92676499
-1058.42546157
-872.42496142
-1362.89658426
-886.72220300
-625.34329640
-1326.11292728
-1147.64171215
-1162.56956580
-1571.60897739
-1522.36381181
-1612.83551864
-1640.84752772
-1511.65560556
-1532.61948951
-1067.50167698
-849.90363825
-745.49306772
-1060.85261411
-854.11200637
-1096.37073059
-1422.01867846
-1349.32006102
-1588.08166613
-1218.59023675
-1074.92812725
-1364.75578362
-1486.75629283
-1517.88436281
-1030.93923741
-880.96362899
-1486.92530252
-1509.83235348
-1211.36145487
-1488.55718548
-1054.57366113
-842.71922853
-1426.31801001
-1538.83880849
-1262.02972955
-1240.33185474
-1069.60844665
-1056.84896048
-1354.68913926
-1564.62666818
-1558.78100320
-1151.18145576
-1242.71623840
-1086.12439786
-1110.00870671
-1096.22697109
-1598.02311255
-1250.62644908
-952.08738430
-636.90875790
-1512.37324198
-1058.93017056
-1417.18403214
-1059.17277181
-1426.37890354
-1464.58995177
-1027.11666023
-1506.86359356
-748.15834672
-1510.11243682
-1588.39576351
-1071.60150623
-1055.76818431
-970.10114647
-833.31404404
-987.16532881
-1014.65551513
-1130.48556977
-1144.36117800
-883.61957794
-1544.89170390
-989.25202291
-877.62095435
-975.64915418
-1011.09138334
-1493.71030051
-838.88925650
-1364.42411679
-1394.13104959
-1503.49851763
-873.64955148
-1490.53808580
-1231.39946863
-984.09309254
-944.19262309
-1357.39751810
-1049.80458444
-1326.16693069
-1505.71219606
-1593.08819752
-1553.67788907
-755.56706572
-1357.10207261
-1182.78042006
-944.18526652
-818.17932298
-875.21257702
-1514.69705934
-1237.18452279
-738.74593305
-982.04741253
-1490.80234249
-1459.89541022
-751.14017510
-1482.66152591
-1086.21040586
-1495.09921367
-1385.82926654
-1033.19968057
-946.17945527
-1009.24420286
-1486.97054201
-1301.12254280
-1488.71015392
-1443.11280633
-1345.19747225
-921.79592968
-1161.29905915
-940.67019690
-906.05230944
-1064.07614639
-873.78615262
-888.26956476
-1495.59277308
-1000.90929069
-890.60306222
-1488.65094749
-954.62980877
-1350.98040475
-911.53188099
-1021.50708186
-1036.31129940
-1087.39013707
-1266.86421121
-1500.78239911
-1267.75076398
-1160.09957702
-1180.10878170
-1175.04651601
-1144.19818854
-887.40494008
-1518.98142513
-812.50793659
-1502.63851503
-1372.32668069
-1065.41241007
-1374.81389281
-1447.30089916
-1264.01219469
-1562.14818552
-1173.27849640
-1269.38862629
-1494.70097563
-880.67548027
-1525.44569198
-954.29482116
-1156.66871119
-1682.70452908
-1474.00084314
-947.89960179
-875.96227151
-868.20946092
-751.72754218
-765.30644321
-1066.91273269
-845.97650452
-1266.16783150
-726.44854523
-1275.92046635
-1483.51053931
-1299.29153948
-1060.49612721
-1549.46942561
-1206.08987381
-1479.85818414
-1316.37376430
-1556.47147337
-1020.27253864
-1375.55232030
-737.34460036
-1072.36682680
-842.58216761
-1496.16248733
-822.81691974
-969.90014546
-1171.79751785
-1298.17533441
-1539.71497922
-1492.78195609
-1499.66495175
-1561.66990540
-1407.50566075
-1485.68048592
-1508.96055684
-755.46921960
-934.26256296
-888.80326707
-886.69172371
-1267.15683762
-753.47402101
-1062.02896539
-1199.34459422
-1504.07523425
-752.28643065
-1098.29602430
-870.01820799
-1472.29628915
-752.80997634
-1502.07874680
-1122.67238659
-888.36877382
-873.52251766
-1484.32079985
-1432.64794968
-788.21484989
-999.14054311
-994.96750574
-1038.31093303
-1067.89943013
-1625.48165331
-942.93767476
-939.57316710
-1431.30592719
-1491.68054368
-1197.06744266
-751.77756154
-1533.25936272
-1509.74185804
-1529.64549061
-728.01449969
-809.69908839
-1243.61406300
-1444.84596758
-1152.98881716
-951.12866803
-986.12261445
-513.31720615
-1561.90881360
-1063.43454762
-1053.23517717
-957.32118882
-749.05981192
-1379.88719547
-1358.20306100
-1046.85798082
-1029.26107672
-1267.79817850
-1289.18819147
-1064.33260836
-1261.50164976
-1313.69780344
-957.88255240
-633.34193003
-828.76972164
-800.15347308
-1513.79629242
-1052.06244858
-1431.56244743
-1208.95279419
-1011.03519802
-1036.21148959
-1501.34930635
-969.72023806
-1342.11169633
-1016.04926655
-1188.30574013
-1363.45050383
-1016.46884230
-1519.55053054
-874.38012853
-634.86263184
-1245.02383233
-1580.18827562
-1233.38583667
-1348.49524559
-1587.78650424
-1043.00466512
-1414.41019671
-1350.11090227
-807.44337206
-754.08083372
-792.36388478
-1042.99381768
-1024.46292386
-1644.31308809
-738.18314807
-757.60112893
-1160.35803935
-760.59738952
-1374.18677316
-875.51381166
-756.57925287
-880.70931962
-874.00572126
-959.38142039
-950.94063344
-928.45379861
-952.74811752
-683.18102783
-733.14012896
-720.88289718
-722.88123507
-1540.05033785
-1302.07026215
-1507.73587600
-991.27258407
-1409.26196324
-1514.75565029
-1076.19955885
-636.44740113
-1297.18729037
-1081.27384999
-1302.23324462
-631.42785133
-1506.62834385
-880.22217778
-1415.40965024
-1498.51090355
-626.13620372
-612.36499090
-1567.27262792
-1047.20801780
-1547.31508683
-1357.01927884
-1048.01394570
-1190.07245549
-1549.32944802
-833.44064161
-816.37152212
-1056.42000903
-1069.57012767
-1502.06017914
-1135.02608918
-1613.43816878
-1323.57535316
-981.52023211
-949.08311103
-1214.03229776
-1640.07494923
-740.60077695
-872.59682268
-1344.68477041
-846.16492516
-713.00684015
-1061.01813651
-1231.88992290
-1526.27136828
-1078.23013240
-1079.63276067
-1426.62429792
-1508.45044450
-950.35889921
-1091.94446970
-1054.53397156
-1210.96494199
-921.15292351
-1488.28104640
-942.44686846
-1621.83794933
-733.42811014
-1488.78388855
-1220.59117207
-949.35942930
-1057.95796394
-1279.45868264
-1565.00563011
-1505.38783476
-1756.82835662
-1310.51137294
-1067.14828635
-1168.08162985
-1317.83846009
-649.63312105
-1530.11028581
-903.21336552
-1475.14471720
-729.21947000
-747.99049038
-880.17773066
-925.15636280
-761.32268681
-950.67624854
-873.20185802
-1310.95183973
-877.85364724
-1184.49722777
-1205.28770569
-765.78243311
-672.54110959
-1440.53119594
-887.79819285
-1488.71055333
-750.68807256
-753.98622326
-797.90299446
-625.02310594
-1529.54161606
-833.20172652
-832.69945965
-745.66640600
-617.92555257
-1505.09865014
-610.56150870
-700.47189654
-1601.56951640
-1362.49126455
-1390.39497375
-1345.00135438
-713.82864006
-783.28209276
-882.35902022
-1292.77756163
-1341.53529695
-930.87576316
-1396.82738382
-1618.22006329
-1166.37182841
-1418.70426004
-1674.69628239
-1430.62749477
-1072.57104805
-1058.42348565
-839.39729344
-1512.11642864
-754.86543326
-1170.17668341
-1080.76012688
-1128.60637764
-934.28845081
-961.24201299
-1512.04531804
-756.75343057
-754.21513384
-1312.84905668
-833.52222367
-740.66066392
-789.74853487
-1488.56542755
-1162.68343572
-894.94303515
-876.00920704
-1359.71144920
-1494.93305502
-1488.81840318
-757.43321034
-759.82514444
-760.42705691
-1341.81710240
-750.67501488
-1405.72791032
-1293.68378320
-1503.80750547
-1350.57526638
-764.24697095
-949.37717590
-898.36179149
-1045.50126185
-999.46767616
-1046.09904888
-1154.34873282
-1312.70262020
-1173.02723049
-764.01632999
-877.91887458
-743.79097362
-1177.83749099
-1493.75250485
-757.54574233
-1538.28139098
-1533.20124993
-1546.86731632
-1058.98225607
-879.73717642
-909.10692721
-1481.54562133
-829.64644401
-1199.30433976
-1055.18816057
-1505.76254962
-1349.81826403
-1383.09610934
-1096.04412542
-864.99279042
-884.47840037
-1511.45968730
-763.44218888
-758.58444862
-746.65162456
-1535.08301420
-1221.97992945
-1347.96988504
-1211.76247925
-881.09682402
-1264.41732789
-1484.76925141
-1197.12474611
-708.85272409
-765.10284542
-1249.93373566
-1556.66821280
-741.57088038
-753.21977601
-1505.44815476
-1065.39611548
-1552.91543065
-1090.70771327
-1051.14745777
-1076.99128388
-1603.90215871
-1082.77134543
-1321.28991544
-1171.03926320
-1368.65137438
-948.59845633
-1533.85598214
-1058.16395180
-1575.47463288
-1486.21156435
-1318.27737218
-1292.60403143
-950.22164829
-1515.17868470
-1169.53759671
-1482.14886418
-1068.23026661
-1209.58074423
-1499.47589223
-1055.75439681
-1284.88897424
-1492.73395365
-713.16697806
-1597.93929545
-1205.49109681
-832.77967576
-1012.77987715
-1364.56854975
-953.88875773
-754.54326731
-1167.57307603
-1033.20977993
-1380.57951041
-1209.06124074
-1642.66572465
-1583.19459725
-1393.77547037
-633.38202539
-910.82143005
-1060.21825623
-1640.46126973
-941.76834266
-717.64529505
-1558.05750694
-957.46401293
-1279.29087307
-1550.77998339
-1526.34438960
-951.47448155
-1574.57619582
-881.06258707
-1322.75040410
-751.76308814
-1404.18944812
-1527.52116380
-1292.02328659
-1491.51655547
-949.86889035
-769.64141275
-891.83167338
-877.95925423
-1485.14710312
-1023.64963829
-1023.44984661
-1495.56385373
-1041.99948516
-1185.48084033
-1161.32574750
-1262.64510467
-1489.36727547
-1041.65762289
-1387.67089412
-1047.55883325
-1599.27244346
-1167.14425274
-1607.83625047
-1408.00084681
-1053.41131602
-1611.98244819
-883.86334482
-1058.91618797
-881.29858566
-1315.55750760
-992.13454527
-1105.71636507
-1143.35859771
-1185.64491679
-1131.19159089
-1543.33787959
-1553.33395616
-1358.44334950
-922.30346832
-1226.17362445
-1150.37084876
-1871.48094206
-1681.12800981
-1067.26566259
-1675.33047057
-1341.47400133
-1695.30897792
-644.00673923
-1681.40641289
-1163.25615310
-1057.41879600
-1059.83251052
-866.67513286
-1017.38909430
-999.90634424
-953.42542579
-1018.42219915
-1082.97895361
-1434.11100644
-1063.12965076
-874.09320593
-836.63128474
-1019.07478363
-1155.68030515
-1455.96481473
-1305.63342092
-885.71890998
-1538.77981702
-892.32178419
-894.60263346
-887.21205842
-1413.49908773
-945.07150912
-1060.79458865
-727.49181546
-956.31369445
-1190.69145327
-950.90859570
-885.14840299
-892.85806981
-1535.31468705
-1288.99245609
-755.06968611
-1536.89668197
-946.90441705
-1516.51559791
-760.24521080
-1177.72011096
-873.40109790
-938.99519642
-1437.97136351
-1100.97553077
-1483.34928002
-1384.26672211
-862.89095558
-756.63727456
-829.97430914
-1463.55523223
-1076.71397700
-1421.83060340
-1572.14294152
-751.70513577
-748.65393468
-1510.17425898
-1122.80818746
-758.70064369
-636.33207719
-732.89083118
-962.17088282
-1468.92463056
-959.19817789
-1315.57652643
-1644.67582299
-851.00860615
-1562.69443210
-849.13036673
-1487.80072634
-1079.44529551
-1183.94872120
-940.56361013
-896.87657260
-976.56977209
-1489.11309761
-1379.41497495
-765.27078023
-1241.33907593
-1145.85471149
-729.86075610
-1573.79430512
-641.74258137
-1141.82906040
-763.46768520
-838.67574808
-1365.15036130
-833.60659519
-1270.84301176
-1416.46985992
-1047.47154261
-1181.47223699
-1207.25126990
-1420.59475473
-1474.13274300
-762.81395334
-939.06574344
-1024.04130409
-1043.56031707
-1514.31260980
-1218.11460814
-1016.19490348
-745.58011633
-1402.23909449
-986.52486116
-1563.92511911
-1547.95679759
-1402.73538872
-1232.37834806
-1030.02978704
-882.60848883
-881.20752491
-867.68138217
-667.14567229
-875.09488278
-1228.76956970
-1484.21490284
-884.50552463
-736.17952441
-738.97822106
-1581.62773195
-1538.64484303
-1516.11817630
-1379.15966208
-1256.17386893
-1525.18898578
-1500.85227545
-781.52675189
-1632.70102942
-1586.27807625
-1188.75003647
-753.56355725
-1245.65430989
-1514.86837873
-1337.78258918
-907.20931580
-1046.85717150
-1657.08524475
-1376.85988313
-1544.69662932
-729.18305544
-1303.37645561
-958.77520549
-1041.31468132
-875.12675607
-639.57756469
-1238.27188548
-1496.55422556
-910.65328136
-857.52043398
-752.58950060
-1159.88424827
-1229.50071937
-1550.87853896
-729.16365697
-670.26200216
-1452.37475395
-1138.29821664
-1056.07427011
-742.31941613
-625.51317525
-631.22838260
-1384.88965257
-994.62151585
-1463.90383776
-1451.83023535
-1290.31413897
-1554.99956556
-1664.62395745
-1724.90651573
-1038.77369645
-834.35330018
-1572.44948699
-1041.42873661
-734.77707896
-1196.24510717
-1519.44272245
-1404.32324468
-945.13274424
-1066.48624541
-1155.52233950
-750.57784356
-751.73596096
-880.18895672
-721.63640393
-736.18050645
-946.20318516
-1491.13095333
-743.23492719
-843.51221912
-1051.77222219
-1634.03960695
-892.52072868
-632.21480890
-1330.44866335
-1563.87439728
-1323.66891035
-1475.46491074
-633.48811130
-646.99453968
-1363.20259758
-1416.45757088
-1367.51623364
-1462.33347430
-657.43945470
-630.54785610
-1010.69879230
-1518.25726652
-885.76965010
-881.88530993
-1187.90760710
-1319.22825187
-1373.78008813
-1009.57742702
-884.65610187
-857.31703336
-1502.76970111
-652.54655002
-987.41284297
-1446.59141730
-758.89196840
-1377.37313340
-756.40935907
-735.93845991
-941.90029538
-1602.44631479
-1060.24209253
-1316.97048566
-1031.08718017
-1241.28681474
-955.18198549
-1549.33448679
-938.11238343
-1614.50018646
-1080.60622845
-627.22138385
-1475.79244940
-1180.95407633
-1063.07376421
-1504.99978866
-1439.14289729
-1472.99246416
-1636.00565310
-1525.99060486
-1029.12213251
-1490.00717017
-1213.21990109
-744.73223434
-1485.69038893
-1189.10153057
-1054.80931792
-761.10567185
-1023.66136538
-793.45870077
-1392.75240586
-740.61962069
-1422.01619720
-751.53296245
-1413.33114035
-950.63606348
-1500.80930718
-1055.00675331
-835.93574832
-919.87935919
-741.30320149
-1509.04808226
-915.84137409
-1493.97157594
-1318.51662315
-1180.67888783
-762.04738563
-860.13063375
-809.60490640
-878.24555942
-1174.65775372
-764.11043564
-1383.40475104
-952.89179412
-1076.19891353
-630.87987359
-778.75399549
-1178.08512423
-761.47135733
-916.20850703
-1303.14568938
-960.12463476
-1358.76089235
-862.12154719
-1239.45523919
-1361.05590447
-1514.82555469
-1362.63104651
-1429.48628189
-1510.25279753
-1273.99448914
-1390.25811154
-1168.42180243
-1192.65654199
-1566.96243594
-778.66043403
-729.37821403
-1378.41563214
-1365.55427843
-1054.40632348
-1450.20966434
-1012.57033475
-1060.05633463
-1230.79027603
-954.33210861
-1276.00062811
-731.74739451
-636.66524966
-621.30712175
-962.83888836
-1344.92596130
-1564.38282351
-1418.22870836
-1342.32200434
-1619.89635859
-1170.28461977
-511.28985219
-1199.87854895
-1151.52680361
-1245.15303857
-1500.63916318
-1055.54130602
-1587.94102358
-1276.99269831
-1199.51328799
-1076.63205185
-1068.03946578
-1681.72273716
-1148.05489742
-1334.84402363
-1477.80232810
-1165.58229556
-1472.20729336
-1437.05487878
-1511.60914325
-1356.21268634
-1038.85961037
-1026.46279838
-918.95836884
-1507.79000658
-1256.93136604
-744.64567077
-1417.01188143
-1453.03546472
-1239.79597023
-878.74400056
-1499.86687120
-1450.95969242
-1263.94613030
-1465.69038042
-1520.01902979
-1333.26875911
-1510.81547844
-1302.94399403
-1184.23819452
-1553.69729741
-1246.72454948
-1638.47341266
-1517.41392313
-1010.51881128
-922.11066366
-1340.81736074
-760.15534495
-854.06965501
-838.77673907
-830.02429040
-1531.98093589
-1404.02273528
-1491.84584732
-1291.46714653
-1575.03209959
-836.86726358
-1613.92259645
-1492.13201106
-829.97391069
-1357.50289400
-1147.13574201
-816.41446601
-975.02488365
-1497.41446689
-1364.97384483
-1190.42205955
-1518.97741818
-1027.79861408
-1466.54413146
-1466.34203854
-1339.87265530
-1205.52485750
-1510.55114058
-1486.15118149
-1304.59284819
-1349.25729542
-1515.30024263
-1175.39245658
-1356.49337231
-1619.07152359
-837.10330130
-1069.26490135
-1073.20672050
-999.36343686
-1360.96357051
-944.74256594
-1356.46216135
-1192.51544340
-1346.00977816
-645.05944307
-858.92717249
-954.30745651
-836.07740559
-887.94034883
-774.55458678
-881.45807566
-1487.46995071
-1465.48546077
-1188.61142718
-1484.54981341
-1498.21050750
-1019.91360319
-825.77299033
-1609.08054594
-1577.57382226
-1563.62849641
-838.39542120
-651.96950129
-873.42882602
-1622.72984943
-1262.34864305
-952.51175090
-1617.28909122
-1348.90338731
-625.77632057
-762.98314718
-769.66449730
-1180.03813501
-1044.52939894
-755.54202189
-1204.80395736
-1324.54795037
-892.56650235
-904.44467597
-1472.38287424
-1029.13802995
-1513.82154809
-1050.93416653
-1009.12808453
-943.85363743
-1290.88334194
-1297.79088519
-1022.55878927
-1326.34140712
-707.69362047
-1631.74627051
-1425.75895909
-1428.91487214
-1515.32765066
-1495.26600158
-1485.07515239
-1154.74977590
-849.51495949
-1014.60325443
-1499.55508762
-825.23321917
-1233.07066430
-610.65304005
-1046.37978780
-1394.16846171
-1018.31444039
-1483.56819134
-882.94472592
-1214.70867708
-1555.81089443
-808.91426034
-1335.27657775
-880.04820060
-1492.42636217
-1010.57043224
-881.97434726
-1503.95503367
-1382.99152570
-1009.67598809
-885.29008307
-927.45451900
-795.00072045
-1350.89476042
-1341.77117871
-1049.08592534
-756.06747739
-751.77943848
-1270.61327463
-1298.70879406
-722.02908617
-948.90814606
-1067.02747029
-1423.13344421
-1270.75827234
-1079.44778047
-1335.69015619
-758.05414612
-1527.23161648
-989.66847411
-1184.87033318
-741.88849280
-754.93172263
-798.23702399
-1429.35839790
-948.09010491
-1508.79432321
-1485.41827805
-1022.76907803
-1498.18909057
-632.08457779
-628.75709144
-1509.11371078
-1025.38526911
-1015.72370569
-1472.14177645
-971.31993141
-1440.70321893
-1017.10788525
-1323.34623779
-1351.89420339
-1484.41070552
-987.85836612
-1502.91263001
-754.43023130
-1509.40711515
-1517.11992710
-1411.81117233
-1006.12345287
-1053.93973531
-966.15357295
-967.55818507
-871.24926004
-1213.09061355
-1464.96059997
-1307.58383882
-1492.11283215
-1009.06506001
-1316.96673251
-1502.62253324
-951.63205186
-1589.04034677
-1367.13012706
-1579.06953549
-1179.77992325
-1038.20729826
-1011.02235326
-1596.22924492
-1025.83618170
-1610.12293855
-1061.96969523
-1059.34289433
-1598.53339318
-1532.01225421
-945.07722374
-886.95314122
-994.35535128
-721.17047893
-1286.95030465
-880.57649300
-1313.59070149
-864.69356903
-1485.84758711
-1147.67529542
-1376.70663411
-1504.97372454
-1337.79590794
-1493.55809795
-1058.08855663
-1491.36820884
-1407.39937447
-1020.71564164
-1186.96777275
-891.42425967
-1414.81128892
-999.18464270
-1319.90897076
-829.38873476
-1007.49780426
-896.36166116
-1253.81439801
-891.06843764
-1461.84303511
-899.40253788
-1487.54787473
-1015.78292637
-953.70866828
-884.40164370
-722.39217790
-1010.64257139
-1223.50949910
-1014.05472362
-893.71756306
-890.76845818
-1442.53042373
-1402.71389920
-759.99857071
-1351.40499888
-724.60936277
-1065.38609672
-680.30535845
-617.78579845
-1073.71022131
-1456.28520599
-1387.46915073
-1690.38502357
-1457.92710482
-1105.79693925
-954.44411250
-1179.18630047
-867.83206353
-1192.65876383
-1232.56772465
-749.56752037
-1293.03193891
-1279.80552752
-1077.79467622
-1483.61720795
-935.93483769
-1487.90156320
-878.48584414
-1212.13441130
-1031.22574477
-1193.00142677
-1016.64144302
-1015.81884661
-1488.73801366
-1540.02697871
-1501.07736912
-1499.66605051
-1248.75617439
-1503.75197573
-1049.64980155
-1171.69569777
-1198.18962544
-1123.59169964
-1512.19575721
-1049.03813707
-1089.11483106
-1343.60615176
-1105.10832738
-990.01025460
-1531.31033582
-1027.61756551
-1169.48051450
-947.51349240
-1009.29604621
-916.69502619
-1352.49896161
-1416.31431620
-763.49550413
-1573.83864699
-940.12811971
-874.07595735
-933.68655795
-1487.15233278
-886.00404638
-684.58829508
-1565.92815947
-1588.83503931
-874.54187042
-887.55336998
-1007.63829287
-1018.45941040
-1022.67650154
-897.73723798
-1214.18538816
-932.66314564
-920.54847264
-1005.99535178
-1500.04895071
-949.57093400
-1492.56591886
-949.18545690
-880.84744519
-844.29911714
-880.63625739
-882.46597503
-1225.83735982
-1196.75745342
-755.61489090
-1621.88352730
-1571.35681009
-1441.98267034
-870.80632055
-907.63551561
-905.08473723
-888.73288454
-749.68600699
-1348.04146297
-1340.14118082
-862.79001891
-1374.00599526
-814.52649897
-737.15008033
-765.37504095
-738.36962802
-797.86529405
-719.96221496
-1493.49382844
-859.22429894
-1519.17458816
-1367.32405685
-1378.04807191
-1485.14776795
-1529.62352690
-630.66694612
-1467.27871787
-1384.08602589
-631.33935699
-1072.85779968
-1423.64293243
-759.72357714
-1312.16187748
-1518.34153116
-1296.05315498
-1535.87351041
-1600.09220323
-935.93550399
-1452.97354778
-1479.80537240
-1595.15573121
-1158.13737145
-1440.39756472
-1572.71931833
-621.94744836
-1266.83149854
-1340.44779083
-915.16863937
-1527.30408225
-1174.30520197
-1585.56705488
-883.74811244
-914.22841909
-1093.80258865
-613.52713593
-824.48525684
-831.25583990
-629.57761655
-1425.08963022
-748.92871075
-1200.86296280
-1415.17734632
-1449.15642420
-1445.70213441
-1485.96764266
-1013.15344997
-1009.16055905
-1030.60009500
-1165.59292641
-1186.56166362
-855.63335857
-946.22373510
-1043.52902431
-1324.51529263
-1071.97636808
-1235.04819566
-716.08310780
-1022.12767071
-1022.75691249
-1348.17207154
-1109.88380490
-1279.18668481
-1386.53956708
-1383.00570106
-870.45434803
-884.84957889
-1573.14316866
-1394.48144278
-712.96112698
-1497.48703186
-639.03249400
-1265.56246317
-547.98934291
-1561.09791300
-639.22692877
-1161.82422355
-1494.81766379
-944.26643138
-868.24229288
-784.18135221
-849.90443426
-1069.00598752
-1476.82503599
-1037.10103583
-1134.33165920
-954.77100836
-1046.56362927
-1045.08355829
-994.04317093
-1063.82387657
-1329.03682150
-1504.78243585
-1507.18275027
-906.28373933
-1502.67992832
-960.29423721
-1137.83093299
-1131.91773211
-1386.63938100
-924.53673514
-1495.30403878
-1011.28804535
-1455.63934392
-1500.88779721
-1015.95013947
-1493.81638802
-1178.00778389
-959.67833993
-874.17725404
-1591.60430792
-1343.81609530
-1230.30999406
-1406.73794956
-1330.45551359
-1272.40219524
-1147.72958162
-1313.09401805
-738.77754496
-748.95890388
-632.56193704
-1376.09320143
-1183.24621121
-851.03587766
-824.24003475
-828.40740752
-1488.89621055
-1020.15312507
-977.60168053
-1503.75543565
-1486.25573752
-1476.06367548
-1487.46923714
-867.48917340
-866.69556202
-1490.16538452
-1192.80002867
-1428.90578599
-1500.43549967
-1059.23622096
-1314.68086102
-1279.37789817
-1375.19981098
-1195.66295119
-785.84574959
-750.75146770
-764.42441675
-1418.03582421
-1492.39321063
-1489.98547156
-1402.97152183
-906.93236655
-1479.59753119
-1476.21998656
-1104.00895646
-726.62843915
-1656.03293098
-842.52028958
-1079.61816166
-1508.53467291
-750.21553298
-1520.27782140
-1012.64875985
-1286.63028950
-1317.16272922
-1545.93139449
-1540.70425216
-880.05332349
-1326.73102486
-856.74886970
-749.58656526
-1076.29426599
-1318.86095463
-938.26343432
-615.39428191
-1630.93332682
-1176.12867268
-1683.11519835
-1444.44954351
-835.60630530
-1010.41955946
-1322.39563914
-1208.57825164
-1566.33270426
-1532.99153511
-756.33992694
-1257.23579081
-1375.37947257
-629.50942814
-1193.05957861
-1203.21259026
-1362.43403870
-1065.92945126
-725.10175245
-949.97584391
-640.78826696
-1063.89774315
-1314.31496182
-1007.92928110
-1469.36729773
-618.63043394
-804.07969947
-1307.48900666
-1526.89104905
-1232.46304613
-1489.68654034
-1184.21131125
-1289.97994793
-912.10797469
-815.09987932
-1528.06484725
-844.08768847
-749.29543447
-745.00005192
-1354.45817172
-1302.10799240
-1339.39125539
-1045.46271251
-740.54917447
-751.41308828
-749.04844033
-1185.80073663
-1320.95593112
-737.66175037
-622.80525698
-1040.35949542
-613.32876647
-740.92790838
-1328.10891325
-839.96694563
-1584.96495235
-1520.49733669
-1307.89941538
-1510.72963058
-1013.86843935
-835.80516396
-1625.35394466
-1624.37369518
-708.53826056
-610.92067681
-618.72855996
-1499.60592400
-512.55018408
-1310.53448789
-1487.23422908
-1417.58183497
-954.54469237
-1188.50110736
-621.56173795
-1426.38566082
-1290.41351110
-502.78600809
-831.41000391
-961.25427147
-1213.89591590
-1175.35637363
-977.21119494
-580.61011044
-1253.47892603
-501.51435693
-950.00233562
-1127.86416002
-953.40148895
-497.76695471
-1414.97182485
-1307.55232402
-439.79005337
-375.84417918
-380.35134144
-1322.16377129
-1493.05886883
-617.99630873
-1401.52616673
-1502.22864341
-613.19427067
-742.36645973
-1028.12868570
-378.73443782
-367.22589852
-693.70991393
-1221.46194374
-1086.85643375
-1494.29499724
-1488.04137424
-1410.45761835
-733.58638812
-1316.08198820
-1176.91608573
-602.14087567
-1484.76642346
-697.65567457
-724.94718168
-709.61088293
-603.75853866
-376.23447508
-254.08250195
-1359.63204557
-374.04525661
-1527.91038911
-490.88530637
-945.72324686
-1470.93504038
-491.26144132
-1165.13701438
-716.37855081
-828.99504786
-1216.83064331
-378.73954578
-366.36986685
-1530.62611766
-255.66145010
-138.71245098
-1030.72548142
-620.94612825
-1199.21797912
-580.64829876
-1165.89576663
-1506.01403411
-493.27792138
-132.71043864
-944.09676263
-1342.70576445
-369.24930617
-135.11949680
-1558.46722232
-1435.26824656
-1232.76278838
-269.76567080
-959.84601086
-247.30293317
-1070.22135399
-1048.24079836
-1436.27421294
-837.00092936
-1231.90453999
-1071.61839091
-256.61139253
-1214.09969019
-736.26189246
-752.57819439
-500.85851205
-490.81150437
-135.93534839
-501.69047087
-778.18637687
-1450.07633725
-1131.50567807
-768.69079233
-873.79279380
-746.23808401
-491.18896642
-1314.24736889
-602.97544408
-1358.89242853
-943.16887979
-1313.70137303
-833.33147289
-583.32254959
-1060.38579253
-1279.66622279
-622.21050705
-1308.16220977
-1435.84506576
-1306.68633965
-1486.83697038
-1484.18914898
-376.89319687
-1066.46647604
-1316.40697669
-1614.98011235
-1178.59346869
-484.17877139
-491.79178376
-1405.10664354
-374.33466275
-374.56821599
-1352.52651322
-375.38328727
-1287.95401202
-1408.20054555
-1055.48507963
-488.39673253
-366.62063660
-1166.68034599
-1576.75605088
-1449.30787659
-1345.06062271
-832.54194156
-1544.21210051
-937.32452520
-1297.89351945
-1178.23866796
-249.99529610
-1121.67645276
-834.88807115
-686.67373745
-928.79187885
-253.99677845
-1499.57940881
-1489.68681931
-844.01035429
-1343.74745487
-1498.38486736
-1393.06452910
-1398.91328006
-366.64785761
-1444.66426335
-371.53679529
-378.73589704
-1032.88836759
-1553.07670413
-371.74598191
-247.82225125
-129.30853669
-246.61108832
-1320.20563651
-830.34454728
-348.13287697
-497.74299968
-1616.90537631
-1404.20484117
-717.48833553
-1627.28678951
-1282.04207325
-1635.92798347
-830.53427498
-309.40271560
-1636.75915807
-834.92762249
-1640.36047193
-959.15382056
-1451.89944158
-1509.42939129
-942.26294387
-1352.60308835
-1313.87129955
-1293.13946130
-1507.10020337
-126.83621751
-1491.05662363
-137.18227591
-1495.33053524
-128.40220541
-255.20312474
-246.59665630
-1055.50435353
-379.81139577
-496.38690147
-1443.97534626
-1489.86856839
-1351.88408033
-1520.80670239
-134.27297374
-918.18639716
-1349.84423425
-1586.61404827
-599.01563390
-838.05807061
-1440.95530848
-1569.45857201
-117.46363223
-957.49552404
-8.46065747
-1284.70122615
-1258.31886016
-1491.83067648
-136.81505428
-1157.24526445
-10.59030877
-126.93053879
-119.98256300
-882.44089733
-1292.48605521
-714.89972844
-244.94621903
-359.57187860
-148.58489966
-1639.54845319
-1532.26611390
-1528.03813198
-137.29340213
-1521.41948606
-479.19549651
-1500.68819382
-132.51809964
-367.70671284
-127.89686420
-513.83344954
-382.20335706
-1502.22084006
-1268.51451514
-120.76961336
-251.93836424
-1056.04471519
-948.88613266
-1.59264437
-120.44737923
-120.37527781
-1198.53843800
-1561.87684615
-1377.67076965
-595.66509382
-1503.87113108
-364.47228241
-259.23904863
-368.40479696
-1311.02025025
-1507.72993775
-1213.80398944
-127.91799908
-7.08829448
-1320.99573822
-11.34304614
-600.90880929
-670.98968944
-1660.04629216
-776.40276447
-1161.76430305
-1292.37010892
-1352.25338652
-132.67740094
-1430.29549008
-1527.18131020
-943.61207544
-1498.47572809
-1551.82532937
-362.61761451
-129.42473215
-1215.48581650
-1304.28555681
-1502.62298583
-1516.98900526
-1178.34701771
-116.69978100
-241.76476892
-887.73066421
-2.18108665
-2.30675777
-1283.63042849
-1495.50373792
-1486.77414498
-1236.63382443
-1487.06903903
-1178.68986833
-1449.11468781
-1621.61685163
-1296.31197004
-1488.76094949
-129.61589069
-4.10388395
-1322.38069667
-1504.64784063
-1519.16486144
-1490.88171844
-1497.18996753
-1360.31420162
-1487.82030442
-370.56216463
-119.08412853
-1502.72664377
-1.60521940
-122.23086246
-1360.76393407
-1536.82404092
-941.73053680
-711.03813935
-0.69165428
-946.93072201
-237.79920329
-122.60815149
-1353.67400125
-1506.32001329
-3.02865118
-1192.52929348
-1154.52656358
-968.74609403
-1512.21045857
-1454.94149926
-1023.37286495
-502.13143202
-119.15893405
-1141.33555369
-3.91722050
-1095.86120835
-1023.96414282
-121.78563497
-1488.74855024
-712.84136869
-115.26495804
-758.90133981
-1495.18397499
-1251.72642402
-119.31739242
-949.90233231
-253.25957320
-1494.68928128
-1320.66419282
-1330.86049916
-1285.20185485
-1147.32609243
-9.04616429
-1451.46510719
-1058.63214672
-950.65746422
-235.25593731
-132.96653579
-21.02323264
-277.30269480
-651.42303136
-1182.18118920
-1484.90368273
-917.78093922
-1157.75556126
-1275.14231133
-1614.74582066
-138.31184126
-249.82945114
-1496.48906837
-1496.56659456
-627.31179937
-1231.71965965
-482.11302294
-1312.41267189
-1455.19878545
-374.35268772
-135.53155620
-1551.04104429
-1559.26716293
-1467.55895591
-364.43703407
-128.68708204
-1270.33940919
-610.78308454
-711.37732088
-940.57686961
-1409.22277775
-254.65873008
-444.18512243
-375.67220981
-1323.61249470
-10.58561412
-363.77693008
-1210.87551695
-1200.79497606
-1481.91625932
-1251.98754289
-1431.68005847
-136.80585855
-1390.12210010
-503.38202472
-905.82890161
-1093.51696683
-1442.78112878
-1508.30174910
-1159.92742110
-715.35377445
-1213.39221583
-905.05652623
-1380.89068157
-459.92656268
-1398.65638076
-1087.22309830
-1408.18604130
-1165.58118128
-1475.71199222
-1256.74650581
-1490.23234496
-1545.14705399
-1308.86516325
-1356.88855149
-1496.83419669
-1321.07187730
-1218.76777546
-1434.78546170
-602.16780411
-1409.64334391
-1208.65570399
-1528.11099361
-1373.03807564
-128.64288703
-365.70559354
-249.76274645
-1451.08166410
-1444.52644202
-1236.36317480
-139.70769878
-491.72889043
-372.84952706
-1484.12050357
-627.93896921
-382.03055686
-507.02605334
-133.69292304
-448.36344393
-1001.44858493
-580.92427132
-544.31347045
-1489.26881880
-1330.00238100
-184.11974452
-1337.86264746
-1261.32456433
-940.08126735
-244.88849358
-765.70251443
-1347.00267246
-988.46107833
-1192.14300155
-1571.34698419
-1557.89238669
-381.29602987
-1151.04040973
-1490.76698590
-506.40450779
-123.13876126
-1195.40862075
-1214.39126374
-1248.75701432
-229.71697175
-1151.91964350
-1586.18190510
-358.14677859
-1370.68160258
-1191.85747592
-836.47775263
-1749.75884345
-1062.47528605
-1076.52050761
-980.91388083
-924.23050368
-1562.48948366
-402.64564434
-1509.91163786
-1524.47119975
-1572.94130904
-1174.96106096
-836.46358309
-1183.65370940
-1589.95108527
-251.37558923
-1547.19676130
-1398.43959251
-377.56011541
-1419.42388627
-1485.32464139
-261.16950959
-512.01795987
-1349.21986505
-506.42984355
-445.73720125
-948.71455258
-961.70202335
-366.96005922
-888.52713894
-955.95826323
-127.78369887
-484.53738785
-625.27570606
-1360.66938190
-1416.70412681
-1134.40839228
-1241.16497882
-1501.03123736
-719.05195015
-1139.58543562
-1039.83831194
-885.18175106
-770.53285965
-364.68261386
-599.93516740
-1313.39483536
-133.54303016
-1017.53348944
-135.19055995
-511.83767180
-1484.75617788
-382.33711340
-834.55858409
-133.38673096
-245.45472977
-1157.06747099
-1160.17123295
-1310.29058251
-247.81698997
-949.70375380
-1409.31868403
-115.80288940
-1615.46997783
-131.74018645
-366.15036642
-1188.71960684
-1589.58649413
-1452.15730023
-1516.08868159
-1489.20784724
-131.74616781
-1286.49105981
-1043.97976951
-1483.69277735
-1445.09276965
-1557.70560537
-1314.40080254
-479.61309420
-1219.80221707
-241.62862556
-365.10204122
-258.63846181
-1532.54930877
-251.61894878
-373.51125326
-1335.36049999
-611.28940239
-1708.25792613
-907.98718937
-1514.22627913
-915.19879472
-1529.11497189
-159.81896547
-948.80802533
-255.34683837
-1573.69558115
-1529.04555806
-243.14176741
-1.11172361
-1539.03247652
-1349.67919879
-370.28544326
-476.88349794
-10.08960784
-1034.76260490
-917.19860528
-1392.11221143
-385.77983804
-1514.64609401
-1100.48100199
-1510.48465941
-225.58106409
-372.26847245
-371.12426715
-1148.11976538
-1486.78101515
-1502.00449745
-116.41056008
-1122.30218547
-387.26472991
-632.16252044
-141.98816525
-159.46543724
-1158.27682802
-1541.01543236
-720.81303407
-1130.59576209
-120.26089024
-255.02582619
-131.73346962
-139.18698736
-372.34460601
-475.91457464
-137.28218656
-1203.31695379
-822.17271092
-238.01363173
-788.62277404
-132.41054346
-242.90343639
-1347.14734754
-1354.77121422
-1062.97095603
-474.21414600
-123.63909172
-1518.75024152
-1552.99419471
-1286.91226287
-245.28751132
-710.44105616
-1256.45129699
-1252.34704907
-1065.59283071
-1160.38346552
-844.67717471
-1289.10411395
-244.13653328
-987.15062028
-1315.47327555
-372.04601792
-1395.22426477
-243.64481863
-1026.30874406
-1072.06335095
-631.17557999
-1475.64387016
-1309.58871831
-252.18739452
-508.93513904
-1021.61887475
-1473.62884656
-624.59375008
-1494.30910622
-508.80497836
-492.43387338
-1423.26156857
-382.13658199
-1442.36936771
-371.83062017
-9.06426660
-703.84366063
-712.68917125
-135.56186864
-9.18210875
-255.06499007
-512.31183974
-1259.60669921
-1065.57828743
-916.48147141
-373.97620607
-1067.67837727
-132.40949002
-124.95962792
-258.43168701
-117.44805564
-1306.66421252
-1406.48511730
-1537.11427155
-1065.14889869
-246.53706178
-1491.03040804
-830.95488601
-496.63967327
-122.50116634
-1274.21762624
-961.73335440
-844.40949572
-495.46873065
-256.29890137
-5.95660592
-1215.26540110
-127.97137609
-1170.16531021
-1587.00925500
-1062.26069359
-1500.98241331
-500.36992643
-128.61440602
-1512.26914219
-383.41048249
-381.93266486
-483.83249022
-373.20210960
-251.45014622
-239.03975349
-158.36400557
-490.67361475
-1492.21638780
-1130.67660050
-369.16085409
-1489.74716211
-126.34167539
-131.29890603
-1546.06929449
-129.55234337
-1413.36330421
-1649.16416975
-1404.85135722
-1.35947019
-1261.39659120
-1159.60786797
-121.57886862
-1347.95514803
-1492.90039234
-1308.51894703
-1056.62613666
-134.61690103
-241.78789261
-1600.54790862
-1659.06113429
-514.71078429
-772.33071786
-779.83814143
-135.91827998
-1177.15771942
-951.38430066
-832.59580557
-466.33809405
-502.03355508
-1088.92048963
-769.57593693
-874.86642450
-1317.05938768
-1056.29731944
-541.05841735
-1492.17333711
-1351.66795542
-1179.27551925
-496.74848094
-1204.64113837
-504.24038411
-1238.13060033
-387.42678189
-584.99505681
-509.17391441
-1329.45338228
-1348.11813253
-1310.76425725
-1492.32299265
-1333.54285671
-376.35534377
-495.30890460
-1167.83227916
-388.58010505
-1483.77684162
-640.07740839
-754.13499420
-1388.88153553
-766.82634634
-1067.66514578
-1489.66558940
-766.12126951
-549.70146697
-1040.07543082
-625.41649817
-1099.80398737
-664.33637273
-523.80168683
-499.75957167
-1503.87028362
-1408.23582326
-383.55664239
-1167.42559319
-257.14262147
-221.68011690
-1550.38885511
-385.21414102
-262.98556635
-1024.86461548
-1587.11793915
-1008.57246649
-369.51790922
-1055.02504834
-318.43095230
-381.35063628
-258.64626011
-1540.86048138
-1109.73106592
-1506.80050497
-601.18028841
-1493.14933122
-454.14626989
-627.98189480
-1492.13651998
-1095.22072366
-130.29587277
-129.45894434
-356.82679671
-1392.05759107
-258.26734290
-1335.11721555
-247.36649581
-363.78285571
-1569.51330485
-1682.31212944
-2.41938250
-1059.00235085
-1650.04161276
-129.91382459
-1507.78795335
-947.57835777
-1368.87193509
-239.33916443
-376.21887075
-1054.98264052
-1216.15630342
-125.49980091
-495.99193897
-595.98575296
-493.73504774
-610.08375885
-921.64974560
-669.05555793
-511.05033658
-943.69113788
-251.90239157
-976.92240154
-252.25352292
-1622.64435878
-605.51820324
-1558.81060522
-245.02660541
-386.10609550
-379.47943088
-621.78923712
-634.43515847
-617.84824264
-1483.14354348
-493.44513627
-1472.41984693
-1452.84177566
-1319.22929168
-1188.16813436
-507.22750058
-1515.31926764
-384.71438170
-506.33496645
-279.23334511
-251.46303801
-1443.44506039
-396.88866426
-1330.14359072
-506.01628801
-530.54129843
-1186.49454501
-949.68080025
-1510.30598112
-1063.12265397
-648.57109401
-1213.46015910
-1356.40647419
-508.33360787
-1174.21189209
-1067.12501585
-1528.78785823
-1082.06146522
-1175.03672599
-1483.28970296
-634.64045451
-501.56252947
-372.57909378
-255.41956204
-1358.74386620
-366.48094464
-1143.83123868
-1580.34579819
-1492.36329101
-443.57727909
-1115.47778112
-372.29578509
-1084.93414172
-378.60093807
-128.30818975
-1183.67425676
-946.18070817
-497.50215796
-1069.12417117
-875.48849797
-706.74421749
-124.43204392
-0.83897386
-1446.78018356
-1209.41114398
-1151.15543623
-1566.89237246
-1050.60648935
-1411.59689015
-126.38332413
-1192.78205368
-120.37332469
-127.92031973
-126.94542001
-119.37288952
-1093.67594192
-1610.25880199
-1612.91001244
-236.20804854
-1217.37226902
-118.91046959
-0.14068961
-1514.62166621
-1447.07798971
-1308.06161200
-128.10093373
-1475.93395064
-126.94340804
-1517.69267730
-1488.70553562
-119.02013912
-127.62031135
-1512.85245262
-1595.75358191
-151.59600478
-626.77476108
-1172.29354416
-1150.83214711
-119.84959554
-1055.32199598
-126.29934483
-359.50799689
-122.86001942
-374.81743152
-127.78462195
-251.55960296
-391.88251505
-937.81304796
-950.85708954
-382.42323639
-1220.57001809
-1285.06020667
-1143.68374377
-889.80374918
-130.34669911
-126.61075795
-1456.43419440
-390.04299598
-494.42315117
-1444.99296295
-1377.36458485
-1285.29239813
-506.46255839
-1020.95257767
-505.92352927
-375.10547225
-501.04799271
-506.66798212
-505.08591116
-258.31593519
-498.45426236
-1347.04763341
-607.60185292
-1150.36149828
-1296.98255384
-1273.48934677
-1178.83129292
-1192.15756007
-1414.10585385
-1502.96886182
-982.57767886
-1248.01290144
-500.68562387
-1092.15529557
-493.70644467
-1040.38416137
-616.23572845
-1387.49460153
-1145.99792298
-381.03137909
-125.73648670
-1381.73525562
-1065.02578776
-0.41336103
-114.11154117
-1189.89227482
-1177.20774397
-1341.57773799
-1197.44395118
-1498.66374137
-1335.94727339
-364.98663115
-1485.66685819
-118.36687608
-121.08353354
-123.15101727
-1161.91709647
-1508.43059084
-1145.29680460
-1502.46458712
-1486.45240710
-1200.61373710
-1060.84056316
-1176.71319707
-1031.85980866
-1540.40721894
-1174.09174565
-119.41797559
-1215.75887602
-119.86078504
-1594.22595188
-1161.37079855
-1365.77787490
-120.48432475
-1389.35521172
-1253.79313783
-1064.24223540
-1587.92922998
-122.93597360
-860.01043585
-120.53209354
-125.54185024
-1378.59372464
-711.12915742
-121.87547447
-240.23487320
-1027.11401488
-1575.01539094
-1087.53620686
-957.10935739
-510.29518479
-374.32814641
-1410.49590304
-1500.14716226
-513.08025064
-512.46573448
-1379.37669544
-1120.85825681
-253.69999637
-374.22003529
-1057.30232446
-1457.29862441
-1156.27333504
-1490.48123951
-1545.22593736
-369.01394119
-1240.17366028
-627.84900581
-881.55651931
-1050.41774146
-899.38630525
-632.13004681
-1310.25679452
-503.06974698
-506.64708561
-1491.06526504
-382.34285133
-369.33313239
-983.82660407
-341.54881703
-1491.56274574
-244.80831714
-472.92534482
-1172.08789899
-1392.14693302
-382.17767085
-913.29796030
-889.46780895
-1029.98299044
-749.58391939
-1387.09678337
-381.52471340
-371.40317074
-1062.23226863
-476.62618997
-494.21564107
-378.21513175
-1398.93441411
-304.41464451
-254.06613859
-1466.31803359
-1562.47401824
-1328.97454022
-1349.17751197
-118.78942899
-117.16573953
-1490.57705685
-1322.33268327
-1511.69305302
-371.45828321
-382.68490256
-1515.08110519
-1147.19054905
-1462.37514016
-117.39954086
-129.95169152
-118.94862684
-1167.77624535
-1518.01804610
-1179.98173757
-1278.65242329
-1568.81811185
-128.67212378
-714.27257639
-1107.97065869
-1236.31819673
-1678.26640179
-836.25546281
-251.92331993
-1505.25882168
-1349.12111738
-0.63095797
-1484.69041485
-1497.14125627
-1494.64102961
-261.43242082
-383.17762557
-1431.90299756
-382.03091065
-1488.78039162
-1171.89492077
-527.12738272
-1490.49414609
-242.79881780
-241.85731474
-252.35214221
-127.11427075
-162.72748405
-832.91607768
-1500.26993312
-1107.26428355
-1298.91774464
-125.10513658
-1513.40703649
-1.42667726
-227.04701335
-1535.16424086
-947.28249788
-1556.91045975
-237.66747377
-1202.54871516
-1351.00855830
-1412.37820078
-1357.20879459
-874.55038334
-1500.25268862
-115.50227262
-474.39845772
-132.27353461
-125.51829133
-125.23705075
-1377.09278106
-1399.38409539
-1499.16789449
-1498.75306530
-128.48422291
-1413.96652334
-805.39626792
-1452.53776475
-3.21471591
-0.98959393
-0.47234845
-1269.52279614
-1067.80637030
-2.96376005
-932.38137042
-1.10452917
-1.50476461
-1.70136925
-243.74323068
-1108.34963843
-1289.58862970
-237.77777783
-1287.39481110
-1518.30948936
-119.48609535
-1486.11767814
-1487.95285306
-1100.28928477
-1486.94021087
-124.54262059
-127.16936201
-1594.48377858
-1156.08269853
-1715.69223634
-949.99800444
-1178.20525121
-1167.69782643
-949.81476446
-1370.97962380
-1050.58218397
-1404.10590992
-998.79801467
-1502.48622368
-1386.52914798
-1066.24498700
-1335.87149766
-2.82281258
-1550.98180109
-122.18762227
-2.70170290
-126.70095678
-1318.63336784
-1628.36165662
-1169.32786731
-1205.18178781
-1.03242567
-474.14675632
-128.47065447
-1397.49698036
-1158.09188871
-624.81893649
-254.68307033
-1264.68748394
-709.59376977
-1061.84641475
-1.44607882
-128.93223679
-930.25464208
-118.70343142
-125.04186132
-1380.56835001
-245.10517516
-254.34985901
-119.34698240
-1477.66138022
-1343.62951653
-1323.03702290
-116.19764470
-1265.15295824
-1647.10335929
-1557.59069928
-116.82792672
-1417.75122965
-1144.89040735
-114.04633557
-256.06247584
-1052.77317285
-0.38571023
-1507.73423607
-1534.00283201
-1.96498291
-1320.03303049
-1355.34284095
-1143.68310320
-1075.09048527
-1058.14957010
-1093.93488215
-1480.60540687
-772.52076806
-1509.40887728
-1075.48646097
-1188.40010841
-941.07837542
-1215.41685190
-630.19476815
-1351.68076984
-1358.56306136
-1309.35070969
-1677.87089080
-1097.75813755
-1300.83822388
-1247.99548674
-1565.29319017
-1492.07618552
-1577.90108284
-1467.52247055
-1559.48339908
-1345.75273890
-1030.00164751
-1298.03993070
-1430.05592746
-1487.62417096
-826.26114873
-1540.70524576
-716.73817373
-835.44171504
-1335.62801984
-646.19266513
-1315.23204479
-1437.78869656
-1522.69280659
-1488.21914520
-1485.58595701
-898.57875850
-1476.92341307
-760.16064005
-884.70142483
-792.27642030
-1187.94666422
-1242.96099893
-859.39658192
-868.22966629
-1015.40401664
-1030.01813212
-1116.32051521
-1442.80598106
-1591.31697941
-1267.48944595
-1541.61353735
-1269.75006703
-1448.04968995
-1456.23178380
-1532.61193199
-1543.41000976
-1358.05702859
-765.36381799
-1503.39428339
-515.50428069
-1130.04917394
-1583.21938846
-1640.33804250
-1542.08471972
-1512.38902237
-1386.65257750
-1482.72151595
-513.80157967
-1323.68835039
-950.93776397
-760.79909184
-1387.86178166
-1480.47874866
-1483.73814900
-953.21178959
-1389.35336145
-1007.68139143
-887.61282678
-756.40199879
-1536.60514971
-1308.68944488
-738.77368955
-887.12402904
-963.16975395
-628.21797937
-1493.41993383
-809.60554280
-1510.33002230
-1510.13315354
-505.75687659
-627.92411230
-388.17541169
-607.27848476
-890.85074477
-887.20765061
-901.52907461
-1245.53348124
-1364.07456179
-252.07292526
-1421.26183496
-1400.30607011
-1667.63673734
-355.91317347
-124.60125308
-1497.50687223
-123.50510868
-1174.15627209
-1496.04905971
-1155.12853228
-1187.52024696
-979.44842017
-1205.00980327
-126.86877923
-124.78165055
-1295.33409371
-117.75331430
-1.19908512
-1564.57522455
-1454.36566490
-0.94099857
-120.56396342
-0.10858875
-1472.38361805
-1593.50767404
-1302.75777557
-1382.42045896
-1464.80588046
-1179.68748357
-1387.45226390
-1294.12134404
-1478.69941650
-391.39218083
-860.88178719
-632.69397451
-1494.17606001
-998.64983549
-1654.50366514
-1195.60055205
-1601.98311339
-129.52581500
-508.68720760
-756.73246200
-1289.77353976
-0.85779000
-1208.94828999
-725.16207204
-1553.05094773
-1492.36091486
-1498.54679613
-1318.26508235
-1479.33998324
-1046.01622937
-945.03619371
-394.98477413
-972.85481424
-1302.80555363
-1204.24741149
-379.42012993
-1425.15523425
-505.56496156
-1497.80443763
-1486.90684589
-244.93688378
-254.53259922
-123.03400386
-120.51125483
-1360.08046140
-235.42814611
-1176.76494659
-1432.86221465
-1057.58762110
-475.82073533
-617.80121474
-1361.41380178
-777.46726000
-375.33075887
-1246.07888542
-122.77662965
-1556.80510312
-1253.38270376
-1171.76912104
-1664.34150189
-1048.40569372
-1180.23664457
-1.31192439
-1456.43094430
-121.05478505
-1520.59965647
-1507.21764175
-122.29656688
-1407.85009295
-1102.97962908
-1559.46289545
-1516.84388638
-1496.79796823
-1094.60960136
-1486.60944325
-1388.33152670
-503.21340682
-627.76889312
-670.58925497
-1498.63154431
-1449.77257010
-620.98323228
-502.60375961
-1333.30336309
-1145.67275705
-403.81555273
-549.99252983
-618.30115059
-1492.65499549
-370.43883882
-367.58668412
-753.07123539
-629.54611920
-1309.58179208
-498.63052554
-127.25640817
-117.27897242
-121.49968718
-1193.08078438
-122.33692131
-1192.11785819
-0.32497762
-1179.03774800
-0.11260892
-944.25919358
-115.35048900
-1299.66129131
-831.23015370
-1321.01216672
-1365.95792642
-965.30871566
-117.24789890
-1489.79425717
-128.87670368
-1221.99922547
-1249.14003754
-1504.10493942
-120.22181764
-0.39883990
-119.92449053
-126.24411883
-1506.18234726
-1132.59068616
-1488.70842319
-120.83757879
-1278.63242668
-118.81206134
-2.80398835
-121.30540427
-117.88545594
-235.72980448
-1275.69003069
-0.71740473
-949.57412521
-1271.75917149
-1478.97440393
-1540.96315950
-1329.61841820
-1388.24719683
-1486.43519923
-1372.59264150
-1346.08115478
-1314.78045360
-1336.68142064
-1453.33957492
-0.82710365
-1353.73444338
-708.60703374
-1462.81771835
-980.05395431
-1203.80489472
-1487.99201473
-1355.02561500
-1487.46378351
-120.99059225
-0.17980849
-0.79830058
-953.15588702
-1216.01295163
-124.07184868
-1317.31736916
-1296.80565193
-1237.56036848
-1344.54610501
-1478.86726045
-1449.16165802
-1150.98714366
-1483.52541898
-560.51644313
-1464.64837553
-623.85676148
-1301.53164063
-1143.62934655
-121.61098037
-117.49954703
-1485.34037849
-1385.98974150
-1549.01083104
-118.98094886
-1095.85108669
-1488.44901492
-767.39480799
-121.84450905
-1492.28715468
-1361.04723721
-0.17919754
-1486.79548836
-116.49784882
-0.75779107
-1462.22594008
-1311.53330218
-1559.79742847
-1322.26802323
-125.65545882
-0.01440585
-1287.43858659
-1484.18582464
-122.20207231
-807.05542396
-1488.84624009
-119.35697027
-1074.28327936
-1186.75349229
-1032.71829142
-116.12922662
-1027.33763004
-1490.56511221
-1214.33495119
-1500.52557846
-118.68203799
-1372.90050445
-1430.62984034
-1615.53660839
-118.01931847
-123.55204323
-1518.81171940
-1206.49888169
-1322.45504187
-1564.39327332
-1.13409090
-1195.40762189
-1472.20391199
-236.65230866
-118.15577992
-0.37726844
-1600.60474891
-377.74721851
-1309.07903910
-892.53736506
-944.87616589
-1303.52225230
-1572.03683257
-1528.76970693
-586.60995036
-718.02118639
-1317.61608839
-1438.73053622
-1515.20558608
-1515.12493150
-1186.48831798
-879.85601118
-931.42947316
-377.65292329
-116.31805827
-124.25225782
-118.16966707
-1269.30299197
-378.49096649
-502.93842423
-1008.32334867
-1053.64802618
-1501.88615975
-1092.25110202
-1271.21841620
-1635.63232925
-1240.11370156
-1063.88835761
-1603.72603259
-1524.67721336
-1376.80572538
-1071.88737270
-1017.92581168
-1499.13256837
-1063.84202828
-629.09639018
-1338.79248784
-1213.35503640
-893.89113203
-889.36036777
-1438.74165211
-1484.27176954
-855.65853041
-907.68245658
-1181.02817491
-1408.21237751
-906.03823363
-1178.13583816
-1067.93567632
-1504.77986256
-999.29655249
-1500.49917922
-1309.35652577
-1079.53781729
-724.70734235
-1181.96248810
-1581.40157081
-1526.07869133
-1381.01575146
-754.12802343
-763.83469973
-749.88065511
-1246.21438677
-845.52424096
-947.53121769
-1191.91878041
-1039.98122015
-894.23105066
-884.81764572
-1487.99339863
-1225.04772647
-721.68397032
-1483.44048995
-1484.07919120
-1413.20923951
-882.93732506
-656.46644545
-508.59106669
-634.34428228
-1521.52069790
-1004.32573513
-821.69399018
-1244.12441224
-801.38457217
-1506.21939740
-895.71430532
-1349.01944955
-888.41210471
-770.59907522
-637.73553658
-1316.17125712
-622.06305656
-606.44945183
-629.10265083
-509.62777835
-1156.75501706
-1394.96323914
-1312.28936386
-1124.98052582
-1217.53937913
-381.81390699
-1643.70612165
-1567.84688088
-761.23648932
-1582.15971416
-767.16596720
-960.70484879
-1539.89216769
-761.83376182
-759.45413353
-648.43091267
-1067.31887330
-1479.94817476
-1172.95034276
-1097.25651593
-863.73383838
-1042.80583093
-928.38941507
-1030.78727531
-922.03118906
-898.02167040
-640.11093433
-543.95592853
-1546.08001047
-1566.53173107
-640.25135826
-946.74918124
-563.38305911
-1311.27797848
-1516.04545673
-1367.08432433
-1042.51207797
-1039.66832688
-1490.06417393
-953.95047443
-1464.55245513
-1220.24982318
-971.46497409
-715.08126807
-253.66940354
-502.78617116
-1507.27869018
-124.75058028
-123.27082049
-1017.57171174
-1164.73689269
-744.17711511
-1499.21046737
-127.60782334
-126.27469973
-1516.63767974
-352.47569791
-1102.10884706
-630.41416572
-1107.80307902
-1436.37337328
-1170.37852561
-890.17828154
-998.97836949
-978.56220341
-1049.21379660
-1030.77002718
-875.62482640
-1374.88327934
-1061.80507583
-880.75422501
-1486.86723857
-882.41238863
-1174.07310830
-1244.10935814
-1408.80963069
-379.69321210
-481.29366562
-894.72358076
-118.87051244
-1593.76008739
-1367.27297090
-1590.98126691
-116.86089330
-121.75604314
-1476.97888172
-126.57450435
-1348.58998757
-1581.73919066
-535.22223977
-955.18729947
-743.77026225
-1441.46935407
-497.15122246
-942.15584790
-247.10735162
-1562.29825847
-1612.59206644
-1501.11195557
-755.98250266
-750.39205161
-602.91838131
-1515.11643932
-999.12958829
-655.77378161
-1744.17212121
-1025.58602090
-1429.24525330
-1121.26636014
-1162.99765725
-1103.11659882
-1042.25251451
-1354.09732074
-1329.83659403
-1103.12736287
-1487.44857847
-1477.99737080
-1043.20357898
-1119.45419150
-1061.02633341
-1162.11675296
-1033.98081330
-1010.44732673
-861.08512694
-1430.55390681
-755.35128291
-1420.54111395
-1411.52357074
-1320.64629724
-907.11745561
-1441.28103979
-1299.55231795
-1313.99594493
-1282.97776423
-1070.29857640
-746.53402784
-760.17161173
-884.60957224
-1350.14991719
-684.30633167
-1255.28564089
-252.72864730
-375.38702411
-504.50630214
-950.24605078
-1162.09188981
-1215.34964498
-1358.76667333
-1500.68853630
-970.27629825
-904.44690144
-1113.64709400
-865.43683422
-888.80231422
-1097.88184373
-995.08967359
-939.35469244
-947.51056506
-749.53799994
-757.98755237
-1340.19063263
-1206.29189822
-1491.82106337
-1501.05124884
-1360.07580634
-961.00585363
-1013.20706266
-694.33009640
-740.11460194
-1517.50675271
-969.77821588
-1013.85903875
-1013.24556487
-891.24871777
-624.59897105
-1064.44217359
-1527.15207718
-1310.92295256
-1190.54431892
-1410.65880047
-1535.61268776
-629.45652262
-953.09257757
-616.88088247
-632.83764777
-1295.75487163
-866.70760932
-762.77871280
-1187.28948539
-948.27462252
-1524.78117094
-1090.72230740
-884.81149923
-746.68225767
-1258.99928219
-1140.30041492
-1300.15593657
-752.42445638
-1603.03667190
-1591.40525625
-892.31464450
-892.51414157
-1016.51420486
-909.55295587
-888.43861415
-1622.25284339
-1016.29350341
-1487.32544419
-1071.55028109
-1494.30780091
-1025.60011517
-1452.79617314
-1460.44589098
-997.89943295
-1490.45931138
-1148.36291950
-953.18849134
-1007.49124883
-872.83049128
-954.85028904
-1418.71884498
-890.39322596
-1436.28621159
-723.19425893
-873.57736913
-760.42846773
-1056.97836079
-961.54684616
-1524.03786773
-1057.84100534
-1382.64903944
-1748.89150542
-1553.81754367
-123.79630209
-483.33128106
-241.65143056
-612.45895078
-1252.28587156
-1194.78934005
-1388.84330910
-629.72664614
-1173.22778864
-1499.64026527
-882.72759719
-1103.65081282
-743.63276050
-759.76721415
-1175.45600670
-1004.45659294
-1399.88497883
-1013.55881662
-1089.31015592
-1079.21838523
-766.40900158
-863.24900049
-1281.89825321
-748.87367521
-1505.19608323
-1505.42442907
-497.88440842
-1350.42381646
-117.99996302
-1424.62044910
-723.55473145
-620.42960893
-1626.58884093
-364.84191398
-246.02410989
-1249.01347419
-721.09235301
-883.72116282
-890.94344980
-1314.40092406
-717.90687996
-1169.84400976
-1011.24894557
-1240.72558671
-495.65811733
-1534.21270396
-1297.00612905
-121.16018008
-827.36102389
-1491.65076734
-1222.52138873
-1490.00041807
-1448.39599173
-246.30515009
-364.24056365
-125.59105295
-1471.08907716
-1210.21544602
-1245.00090726
-489.31269464
-1492.48025275
-1194.89879746
-243.65030960
-716.94557175
-124.92245605
-119.54650047
-1535.13317017
-1063.72506943
-1490.57712535
-742.79788881
-1166.11289624
-812.45183037
-620.35954000
-799.75593686
-1198.29570166
-1515.52838946
-1482.06590784
-126.25361301
-1251.99902862
-1595.89917570
-1325.66081989
-1263.21646352
-1558.38015781
-1229.43965069
-124.27984123
-1637.12919920
-1396.22522907
-0.24508909
-492.64273760
-1607.44522569
-1269.21763620
-1181.90232280
-1557.01398959
-1502.36439220
-504.41961072
-620.84794434
-1483.58952565
-1308.30242036
-872.16689884
-1235.73094190
-498.50410957
-630.10524862
-1423.57525687
-138.51144559
-1492.98346210
-1303.16391047
-1342.98910448
-884.72466310
-1330.51591874
-1137.83330581
-898.62385561
-1070.24752038
-490.62301360
-244.24826548
-734.02718426
-872.86787203
-803.83055470
-750.69800991
-1065.80596209
-1391.38438569
-625.53149536
-1488.44959577
-948.18865795
-1069.72067034
-1077.07825285
-116.83014330
-655.98436835
-1157.29382260
-752.46173529
-1199.68170340
-1009.48650119
-1258.73544842
-238.52975152
-117.12368759
-123.40217653
-1665.90784628
-125.78952606
-0.60730670
-251.18157603
-1366.33553515
-1523.08772810
-346.56858032
-490.96688918
-1186.67861183
-1411.79135603
-1295.31137042
-1254.60783851
-365.98033608
-123.50422134
-1338.83947215
-1034.18759240
-495.01567175
-977.16292579
-1481.43139278
-1196.07021621
-1558.89730654
-122.62617850
-1527.67634617
-624.67698494
-748.37601143
-1217.48745594
-1172.76068645
-1456.96235535
-371.17748241
-1500.30240707
-1552.41435669
-0.21128347
-1538.61932244
-124.90770017
-1065.53509045
-1358.55786342
-476.32065263
-1174.51783336
-1513.73310098
-1516.45320074
-1101.36986777
-1390.09113528
-757.23069815
-1130.66119301
-1117.30700065
-1494.08308445
-1232.38042210
-120.32237831
-1360.44960199
-125.79904604
-1526.70747632
-247.12424098
-125.71843105
-1135.50131571
-0.49399523
-1628.96578372
-1447.43112349
-1604.01313855
-1197.18800264
-126.10127144
-244.12908384
-353.41295979
-1304.40606131
-1449.76688890
-116.43264783
-122.46797348
-1258.77532587
-1485.84110556
-1139.21649353
-753.20213820
-951.48116671
-1310.61182935
-1010.46686558
-115.59187653
-1416.64554623
-122.33353664
-1544.67420490
-1297.50964745
-1224.05753244
-1047.16747487
-1480.43225381
-1444.65879290
-1174.42371600
-812.19351595
-1340.15676360
-1003.65491349
-1293.03813547
-1077.90144429
-1076.79235553
-1251.98988911
-1407.76293756
-1042.22968802
-1173.34124220
-121.94730490
-489.24461404
-375.11456833
-1468.52385584
-1508.14608783
-507.59835028
-1565.87445922
-942.50043281
-1185.46815366
-1541.68236084
-1499.81940197
-1581.15175623
-1531.24315792
-245.59860268
-115.85598027
-1109.10504973
-1533.57329669
-122.45295971
-0.09401708
-473.57695031
-1630.51399660
-542.58157451
-756.76295680
-1339.84696588
-1024.52062311
-1489.72164551
-1490.60679033
-751.72631363
-1318.20939000
-497.56225470
-1500.46780093
-375.45326747
-119.18698032
-1530.70967977
-1499.44567320
-236.95460533
-123.46608301
-120.57383014
-124.57387010
-115.32499950
-175.49257318
-0.36994739
-244.77897143
-126.21869449
-120.01521210
-1531.15600574
-1453.03236186
-118.53572088
-1535.75962262
-1495.16661246
-843.44250634
-1180.33603909
-910.05358815
-1188.65851386
-1319.91578026
-722.39418421
-1018.69798215
-640.44196760
-1496.76025320
-1186.68655153
-1290.16791207
-718.85704643
-1510.38697174
-867.93197839
-1179.22894017
-1171.53101717
-1295.45262300
-1341.51526979
-1416.26673468
-947.29639525
-1182.10959781
-747.93126440
-1164.87093684
-878.60640348
-936.84000039
-1494.72853138
-563.60658241
-842.02276948
-1323.91572958
-1513.60629272
-903.94332248
-1489.37385478
-1068.29329500
-799.50567470
-1267.51648258
-1484.90929598
-631.82066669
-1495.39354057
-877.53082770
-1494.82161778
-369.41799773
-371.29817955
-1167.42031576
-1068.52802448
-370.59071010
-125.21459968
-1530.48905605
-121.01303313
-1319.54007452
-1.35241447
-958.40274350
-237.78713773
-241.10236304
-1135.20820869
-1403.57682612
-1029.34680725
-1515.16428547
-1348.38870480
-1483.57267687
-948.54042402
-1495.86782479
-1365.72510348
-1025.74164606
-1028.80350112
-1025.89029315
-1254.87583680
-1189.99246100
-1575.74896084
-751.85911896
-837.83798138
-1422.57269380
-1158.94939471
-380.82694210
-1642.30908843
-757.37020430
-844.73795299
-885.10925081
-1341.02312658
-1706.79281878
-1429.34132625
-750.86767973
-1420.53590828
-745.93469047
-884.31114513
-1173.86571439
-893.41869238
-884.65738336
-1184.41019844
-907.54677887
-1014.42684416
-1570.12196983
-1007.73789589
-1256.71630236
-1022.15115232
-1319.47753809
-1501.34309476
-1406.98770856
-1077.00374969
-986.21240557
-1505.96517296
-1209.80398644
-793.48839304
-1622.59942112
-1395.98633036
-757.23915696
-947.07066809
-953.74641211
-1023.33325314
-1222.49062587
-1515.82325171
-1173.95799122
-925.91568883
-1516.71962121
-996.60498433
-763.40346220
-1400.03033067
-1023.95520694
-1567.89723365
-1563.10196781
-1164.12745617
-1058.10331256
-874.91399894
-1056.46804424
-969.03866640
-1089.72828635
-1188.46546280
-1444.13730690
-1150.42408674
-1040.05908435
-1027.87814771
-1603.25744357
-1522.82457136
-1561.33429890
-1433.57423560
-1150.13518230
-1018.38975542
-1255.77618645
-1438.42720961
-1207.54520526
-1200.63023135
-1490.45901669
-1508.67401628
-1040.51031836
-1494.25878325
-1321.14699324
-1497.93003941
-1347.92395080
-1391.24676750
-1277.07779319
-1505.54476291
-1021.14496903
-1257.68250888
-1506.24519177
-1186.52427680
-1206.57470709
-1026.21607793
-1519.10466869
-1263.12443986
-1395.26916300
-1476.66852562
-1122.48427236
-1163.59201239
-1189.61202910
-1187.55832198
-1241.99061464
-1232.59381221
-1246.89478766
-1265.83446379
-1306.29620364
-1291.88261941
-1309.50917932
-1487.84375509
-1241.43574715
-1182.58610104
-1344.62760901
-1043.96243683
-1357.28001549
-1175.26816438
-1042.15528999
-1181.22755736
-1567.36324801
-1405.26373339
-1225.77350450
-1473.26981995
-1495.25469067
-1510.95420519
-1420.02961145
-1483.19873556
-1280.55041960
-1473.69381341
-1303.35953996
-1502.04262420
-791.18298010
-1508.97130432
-1437.62913201
-1473.55292855
-1509.76522861
-791.60378732
-894.52952508
-1554.65281675
-1337.96925662
-1515.68534676
-946.75074898
-1334.14001658
-1176.55018897
-1032.77377171
-894.27386769
-1525.74228383
-911.20137507
-892.05774338
-1119.17234616
-601.97466872
-1085.25937197
-1354.75054167
-1332.52722258
-122.35560592
-1470.26028702
-506.40138020
-1131.93857991
-238.30855993
-1602.09549129
-1162.79514403
-949.16969054
-812.70602178
-1469.40539202
-1003.66669628
-1451.08221672
-1585.06668934
-1207.79915106
-1186.60904761
-1797.10361775
-122.40201093
-121.24747324
-1435.73908029
-374.09060490
-1388.32903122
-1200.55112350
-1166.07271386
-1053.13765284
-1087.18273362
-1326.87696820
-1292.33245382
-1490.17095531
-1169.06569198
-1230.17807205
-1531.67228660
-1430.18285179
-947.08792779
-316.19685870
-1075.57668786
-1015.87460549
-1392.08274624
-1283.36820318
-1486.53732898
-1193.85011402
-1364.49249522
-1354.11979071
-1430.22505161
-1152.12980907
-1203.31860386
-1018.45440597
-1086.10187145
-1165.09859654
-508.26364509
-1676.18871250
-1501.03679640
-1339.06937533
-1057.52042105
-983.29089126
-1415.25507343
-1496.65541044
-1101.60707271
-882.09988898
-1316.27716974
-1486.46980102
-1399.24887380
-1161.03218985
-883.21760038
-1182.88545873
-1525.87663837
-124.32394389
-1319.58350806
-947.67148167
-1484.53987910
-876.42972602
-901.11370265
-1486.02172648
-892.63418516
-1390.35035926
-761.58187161
-1342.22088629
-1464.24486616
-1186.64924241
-1480.61986783
-1634.51170264
-1547.33594430
-1187.32428704
-1322.77058331
-480.20117186
-119.94617241
-1630.67573903
-1540.13583212
-1618.08061793
-1241.87331112
-1657.30579178
-474.60978884
-1615.88229882
-1344.50682781
-1227.24458379
-1552.93061675
-1358.15556854
-1437.86633221
-122.56034831
-1448.50574630
-352.27927143
-503.69344694
-1199.98098202
-959.03442935
-1492.96915194
-1372.12959521
-900.45810576
-954.10539402
-0.34150759
-1310.04170214
-1588.25751225
-1530.20579661
-123.40077212
-1511.23433145
-114.97202970
-1311.13365551
-125.10668366
-979.68644018
-114.32499774
-1486.37555906
-250.93225154
-124.45303977
-1357.39549072
-1551.38003177
-119.06837800
-123.13590219
-120.95146828
-1164.24543822
-1321.37459290
-1511.49554924
-1209.02476143
-1400.28704084
-1504.05790105
-822.17549076
-1401.98341676
-1174.76499591
-1226.90950486
-916.50346890
-1327.58726641
-1315.02933008
-126.13440296
-0.60152489
-123.59078778
-116.31890038
-1290.89961646
-122.98858498
-1623.86675785
-0.28628113
-237.61173258
-123.56612090
-1409.37957803
-1581.95106086
-121.16759564
-0.38938010
-237.57268253
-1165.68254290
-1534.86450063
-941.48949246
-1488.18319033
-1177.49301780
-492.57851462
-1360.08794474
-1478.31165831
-1106.03680613
-1416.28107222
-1422.62890153
-945.33588353
-601.01195441
-725.42715404
-1542.84404787
-1493.54392253
-1472.56748358
-1549.34997469
-1153.08026667
-1214.45345226
-1051.77900165
-1610.07419576
-1486.37072858
-1667.33830523
-951.09108337
-819.23605287
-1441.68798177
-1436.28336741
-1305.87838744
-1173.38918520
-121.07648291
-121.26991454
-1262.83945038
-1289.60868544
-251.37698927
-987.33032110
-247.56060252
-1170.02420359
-992.54853686
-1120.06370663
-1353.93946259
-1243.01336831
-1462.27351390
-1317.47194341
-1422.73625660
-635.37384367
-1523.21164664
-948.59555118
-377.49506506
-889.38888158
-947.97239427
-117.52738905
-1447.67292484
-778.57456384
-1485.92970912
-1155.18502092
-879.60083444
-1253.48300324
-1193.92153716
-369.55393549
-1444.68646367
-475.76165961
-120.55543942
-124.50049156
-1572.92695660
-2.51472819
-125.03171603
-1118.35490241
-1292.91059539
-118.55838158
-1492.09679578
-0.42655192
-1485.25473086
-1139.79543330
-1486.59495304
-1071.05215047
-116.40588908
-0.56494489
-1334.85328562
-968.81268360
-1304.41228455
-1491.18893775
-115.52236684
-122.50678488
-1234.89535379
-1308.77734091
-1500.63307463
-122.80032359
-1544.45925253
-1634.69524654
-123.48441148
-0.48516543
-120.67137867
-1016.07859378
-124.86132831
-1340.04513638
-1619.17267542
-120.08858428
-259.68209185
-1499.81877997
-121.92858582
-246.98682347
-120.86403821
-1486.98007104
-1399.74979326
-1501.97205548
-1093.17588821
-1483.82927080
-122.69684587
-1414.18206581
-363.65181927
-1480.30439680
-622.64372300
-1483.21469865
-755.68749048
-621.63411045
-626.40366083
-124.49251205
-365.53675689
-120.44000451
-734.57929976
-827.55663907
-1556.79882404
-116.73459448
-116.09612927
-121.84120464
-1516.65450393
-1165.97502322
-0.17919489
-119.44133370
-117.44468609
-1508.50859945
-1535.97351296
-1162.68189568
-1042.18706859
-1168.93273627
-331.75207268
-755.97924645
-1434.62914684
-756.57838325
-1327.84114686
-1411.70347174
-885.40891683
-891.10325133
-882.87536911
-1201.12504827
-1428.26751015
-759.26712944
-750.15956088
-1333.71310923
-1074.16953983
-1085.58294811
-1.08624390
-1644.74677641
-121.82408946
-121.51718415
-119.07688013
-126.16827224
-2.24194588
-127.65382747
-1345.82801741
-1382.12051667
-120.37257781
-121.92111792
-1146.62089111
-1545.09841251
-1176.50930106
-1.28277628
-1220.69966813
-1493.76796210
-557.20696874
-870.94569215
-1488.89580663
-894.02968950
-1487.51213724
-936.48415018
-1050.97700309
-1302.53815334
-1487.47684095
-0.19074630
-1151.97800403
-1432.56809175
-1539.34473811
-1468.48796085
-251.71665714
-1397.21702028
-1313.38742912
-1211.65532098
-1176.55290191
-945.24721477
-902.78994919
-1566.68298810
-1172.66442174
-1397.71672882
-1006.21118897
-1530.48221844
-895.02844154
-1072.13962016
-1343.42955808
-123.51928467
-1546.49229712
-1445.92692586
-706.73284817
-1630.92723931
-1333.36409767
-476.83839099
-1363.44386764
-1358.55871030
-1352.05439122
-1440.57198125
-733.18205870
-1343.40615490
-1396.67993361
-1364.30000469
-1424.03104376
-1244.76295652
-1498.57135582
-1477.29848735
-1180.55039849
-1446.48804194
-1560.91527772
-1054.27808880
-834.77667299
-1171.40687727
-1528.54328473
-1344.17637539
-1596.88873147
-1075.71590631
-1166.65651634
-1448.77158718
-1216.24679594
-1211.86297681
-1405.24558592
-1442.45924325
-1437.57959178
-945.20361005
-967.29718278
-925.06704987
-831.17965389
-1438.41958628
-1468.70150371
-1113.86181302
-1537.70903297
-1036.55863383
-1518.34928352
-1489.08734772
-1512.30960439
-1490.05681084
-1578.34004142
-1627.47844141
-1318.33821099
-1159.18944995
-1392.98138175
-1390.57865028
-1098.52421814
-1392.03971237
-1484.79441723
-1515.32198046
-1342.94457250
-960.00671224
-1490.92767284
-1550.26293694
-1510.27450454
-1469.68557322
-1522.53365100
-1528.82913401
-1534.12978232
-1493.27431408
-1602.50667940
-1246.67847763
-1493.31023087
-1556.36502878
-1328.85584279
-1489.38818039
-1620.76368873
-1195.23338887
-1521.33941981
-1582.06582849
-721.87045555
-1541.37564992
-1312.08162147
-1580.16679967
-1548.23541771
-1267.50814038
-1540.73251529
-1506.80976855
-1086.07458212
-1173.96415995
-1193.69622307
-948.51061221
-1205.64108218
-1177.61570518
-1365.30683349
-958.09482548
-1277.60167396
-1341.60869022
-1371.58569912
-1082.22262421
-1253.44139013
-1489.98870199
-1519.44563403
-1521.62026496
-1511.35712788
-1376.93068372
-975.54073125
-1568.54148578
-1511.06603385
-1508.75100978
-1381.82110543
-1669.71632831
-1715.63227043
-1518.33314704
-1322.77592393
-1307.31681997
-402.96961886
-1614.59323296
-1188.59271277
-1336.89980805
-1308.59859337
-1336.62544223
-1550.47621294
-1306.38229365
-1287.50619158
-1391.67722687
-1482.93591042
-1513.11207657
-1324.97894160
-1443.94979998
-882.91989268
-1436.10964533
-1522.41219999
-1487.51596269
-1382.12031224
-1340.25885676
-1174.95169111
-1551.84197001
-994.02701429
-1043.61058236
-1165.97025132
-955.50751810
-1307.17119045
-1345.29885412
-1318.75982349
-1342.21170480
-1484.16101266
-1489.68797725
-1374.70560142
-1319.19301215
-1384.47960754
-1345.22790299
-1161.53175925
-1201.03583266
-1321.61469603
-1378.20953840
-1192.21944166
-1598.64942931
-1461.60575528
-1210.83055194
-1361.98950762
-1324.84628885
-1504.13196302
-1485.78758080
-1220.37042812
-1440.38942294
-873.19033529
-1327.53354883
-1542.08418556
