-1674.67353396
-1453.92266341
-1513.50958776
-1507.72128296
-1522.94717293
-1499.66969360
-1472.53141441
-1478.28212644
-1442.29506702
-1449.98934670
-1428.70415169
-1443.93588215
-1450.49358118
-1460.24199615
-1472.07399562
-1476.75435611
-1482.95298976
-1488.75490557
-1487.99635846
-1489.97296696
-1489.98920173
-1490.48578217
-1487.60173875
-1484.11507687
-1487.43166400
-1487.68743275
-1487.03407498
-1489.55249406
-1488.48030712
-1482.61134836
-1482.68544215
-1474.33795812
-1466.80126963
-1461.87726402
-1455.29654274
-1451.01433222
-1448.27654290
-1446.62281564
-1445.09663161
-1444.70317079
-1443.50363070
-1439.43360860
-1439.70779719
-1441.80018608
-1439.70533966
-1433.01861478
-1427.28633445
-1418.18172899
-1407.67619807
-1409.72080923
-1398.08303357
-1386.57828222
-1381.05597691
-1371.75559319
-1346.99785381
-1327.78863785
-1321.29527457
-1324.70749204
-1327.64355266
-1309.87238753
-1292.79304782
-1276.20382467
-1256.02924688
-1253.04676478
-1248.19511637
-1233.33187594
-1237.82556214
-1227.22052649
-1220.90380114
-1216.70590411
-1217.43808728
-1215.11995924
-1200.39155174
-1196.78251531
-1182.65832031
-1179.13498782
-1175.59063498
-1164.59542783
-1154.75616361
-1142.03771207
-1129.73961181
-1117.58332319
-1114.85532520
-1104.53631971
-1091.54836498
-1080.32134450
-1072.14441570
-1062.86981191
-1053.70961903
-1042.02075175
-1031.94244400
-1022.11274229
-1013.71519659
-1006.50815588
-997.21319110
-988.14095361
-979.25771424
-969.26644069
-960.76488626
-953.52711985
-945.31559287
-939.73844582
-931.80985834
-924.05489788
-915.25744831
-907.82573129
-900.51589768
-895.54027150
-899.93217168
-894.02615944
-885.97301253
-878.06777180
-871.37090169
-864.84157256
-867.55673276
-865.40748811
-859.10460488
-861.75926726
-865.31699770
-867.84095746
-861.72784468
-862.06033305
-856.07690911
-851.15849841
-847.44281540
-842.67734296
-836.04871824
-830.44368493
-827.02123740
-820.66163151
-815.27313926
-810.07706969
-803.99006455
-802.69106468
-799.66155036
-794.70087940
-789.77965693
-784.97670089
-779.33405612
-774.65401055
-770.01697442
-766.29256462
-761.75568522
-757.32886308
-752.93303229
-748.62951790
-744.40631393
-740.22547372
-736.08099174
-732.01673665
-727.96155662
-723.99603548
-720.01763332
-716.15153322
-711.53563136
-707.77207834
-704.05590087
-700.39797082
-697.46093257
-693.86705891
-691.08547418
-687.53739662
-686.36564444
-684.98738968
-682.95509787
-679.56880175
-676.25997089
-672.98613472
-669.76248330
-667.21366449
-664.03896578
-660.17956374
-657.08546950
-654.02332464
-651.61766607
-648.58891353
-645.60770382
-642.65169645
-641.02523952
-638.10844568
-635.22944159
-632.36879294
-629.54469974
-626.78611987
-624.03676927
-621.32906923
-618.63672647
-617.31131561
-614.70580806
-613.28722290
-610.74458723
-608.84919201
-606.35501616
-603.84569349
-601.39257874
-598.33327094
-595.30762642
-592.94752179
-591.74824471
-589.37010576
-588.20111515
-585.92651884
-583.65927851
-581.40268343
-579.17321047
-576.37085290
-576.62023007
-576.14760396
-573.99575655
-571.86320387
-569.72682035
-567.62789284
-568.52666520
-566.47505783
-563.84296109
-561.79918444
-560.33257064
-558.32819290
-557.35742743
-554.82629420
-553.36982448
-552.51473405
-550.54812876
-549.10152590
-547.22331643
-546.26380400
-544.38642879
-542.56013868
-540.73698705
-538.91199686
-537.10506855
-535.75848324
-533.96681236
-532.72944690
-530.97472681
-528.72954552
-527.04433483
-526.07986617
-525.44511962
-523.74848934
-523.02807553
-521.86345770
-520.23532561
-518.61731564
-516.51023921
-514.92443842
-512.84346332
-511.29948298
-509.75653599
-508.19299263
-506.68051509
-504.67573516
-503.16523448
-502.15995514
-500.70238237
-500.23295413
-498.74845193
-497.32034299
-496.70392692
-495.72221648
-494.30740181
-492.91758959
-491.50122990
-490.10167608
-488.72278684
-488.74632031
-487.87295591
-486.52976330
-485.20146797
-483.85114789
-482.50680005
-480.73994438
-479.42849468
-478.14164680
-477.27745351
-475.97395449
-474.71222183
-473.41492107
-471.71971789
-470.94395220
-469.68919549
-468.02532703
-467.24522736
-466.05048457
-464.83584608
-464.05440702
-462.87902426
-461.68904740
-460.49526602
-459.75328976
-458.95148795
-457.81518185
-456.68580061
-455.56367202
-454.44888227
-453.74865039
-454.97752000
-455.96797672
-455.26257159
-454.93560133
-453.43341170
-452.34788475
-451.26886572
-450.60046128
-449.50643286
-448.46195078
-448.19555696
-447.93361963
-447.26686503
-446.20363907
-444.77274962
-443.75894097
-442.71875735
-441.72885863
-440.72727839
-439.70166097
-439.38941477
-438.41155847
-437.42103868
-436.45231963
-435.48621970
-434.52731800
-433.56150939
-432.60396155
-431.67703879
-430.36238024
-429.42385184
-428.48012965
-428.60334420
-428.48463745
-427.57965356
-426.65743953
-425.38666866
-424.46797852
-423.55850130
-422.67313989
-422.30280180
-421.41044094
-420.86417259
-420.64265320
-419.76332669
-419.88432976
-419.74338053
-419.24094656
-418.03312660
-417.85702098
-417.02420230
-416.18241485
-415.34281522
-414.50730443
-413.65115758
-413.16246500
-411.99566086
-411.16513149
-410.67274319
-409.86024321
-408.71431783
-407.91727306
-409.20010593
-410.19607531
-410.82125292
-410.71861974
-410.24668012
-409.46610572
-409.72698342
-408.93869379
-408.14482636
-407.37360915
-406.91120754
-406.15827411
-405.71248559
-404.96356835
-404.54206626
-403.80306368
-403.04268393
-402.28740616
-401.88995114
-401.14295170
-400.40020442
-399.65460928
-398.93334841
-398.21250408
-397.81184346
-397.69923533
-397.30997982
-396.92194266
-396.21015737
-395.83921073
-395.46032381
-394.76455266
-394.38640985
-393.39403926
-392.71428941
-392.04168492
-392.77221541
-393.65291167
-393.25549798
-392.56683852
-391.89184169
-391.20264858
-390.52440658
-390.36406743
-389.70184521
-389.04189000
-388.39727131
-387.74375664
-387.11056357
-386.48081023
-385.83702837
-385.48303984
-384.85855708
-385.12765330
-384.80246322
-383.88881235
-383.24549054
-382.86709030
-382.54689629
-382.50001541
-382.41214354
-381.79812761
-381.48560131
-380.87577697
-380.27394634
-379.97064311
-379.64655374
-379.04913716
-378.45481411
-377.85375685
-377.26737168
-378.15299339
-377.28668335
-376.93104384
-376.36000820
-375.79238842
-375.50352480
-375.19799936
-374.86868479
-374.53231185
-373.97442583
-373.72384997
-373.16705783
-372.86612127
-372.30198640
-371.76194974
-371.20755088
-371.19327088
-371.12422084
-371.11513492
-370.83183515
-370.55109509
-370.50423305
-370.23261821
-369.95369089
-369.68888597
-369.70057851
-369.42370017
-369.15714831
-368.36569475
-367.84492322
-367.55616714
-367.04092210
-366.26549844
-365.99226193
-365.48198666
-365.20807556
-365.12683116
-364.87642172
-364.37543219
-363.62308088
-363.38578845
-363.38758370
-363.12559725
-362.63423728
-362.12768335
-361.64260839
-361.38452029
-360.64471788
-360.15842619
-359.67720274
-359.20807309
-358.72070033
-358.49205227
-358.23027006
-358.25503793
-358.00981319
-357.77217769
-357.29174304
-356.80144064
-356.31715260
-356.08646339
-355.60808980
-355.38478068
-354.92041127
-354.45104926
-355.46979708
-355.77653336
-356.30960140
-357.06588461
-356.60212588
-356.13869107
-355.68512405
-355.47030518
-355.28815397
-354.59407088
-354.14242152
-353.68760321
-353.24406854
-353.28897855
-352.60823231
-352.37841663
-351.93142046
-351.48464006
-352.34792737
-353.07615444
-352.63831050
-352.47786096
-353.43385388
-354.20260610
-354.98003165
-355.52350276
-355.78881532
-355.73308001
-355.52835198
-354.86573163
-354.43168657
-354.00305858
-353.92788850
-354.00188301
-353.80868561
-353.87053721
-353.44326585
-353.02329969
-352.61421432
-352.21046068
-351.79880281
-351.39109202
-350.98204964
-350.56647434
-350.16373097
-349.75527445
-350.04535788
-350.19037789
-350.25229562
-350.08111834
-349.67249455
-349.05175135
-348.64096423
-348.02656163
-347.63968481
-347.23876222
-346.84331281
-346.45640032
-345.84223003
-345.63393626
-345.02744535
-344.63623568
-344.03543861
-343.65217929
-343.70504326
-343.55121512
-343.16566748
-342.77110600
-342.38805285
-342.19698309
-341.59795577
-342.29826149
-343.00625391
-343.71914351
-343.77038666
-343.40235119
-343.03461377
-343.08439607
-342.72290469
-342.35936765
-342.00165748
-342.29583979
-342.15081495
-341.77592438
-341.19715360
-340.82884258
-340.66717599
-340.31100491
-340.15826331
-339.99811658
-339.42756887
-338.85308769
-338.49261917
-338.13194889
-337.78157956
-337.21992375
-337.05072510
-337.08550008
-338.06440352
-338.11903019
-338.56985848
-339.45039096
-339.28893303
-339.32405591
-338.96786249
-339.59343841
-339.99680375
-340.26601889
-340.90383389
-341.37481351
-342.18016749
-342.21943035
-341.86681495
-341.30866125
-341.35657469
-341.44272305
-341.91624931
-341.55842465
-341.40453730
-341.47081405
-340.92133357
-340.57238877
-340.41011655
-340.04558131
-339.70093530
-339.34440066
-339.20881504
-338.87180708
-338.70813812
-338.37109874
-338.02492364
-338.08822625
-337.75106474
-337.77161184
-338.31995892
-339.16450107
-339.22807169
-338.89211670
-339.34537044
-338.82341356
-338.48298277
-338.15014044
-338.19497630
-337.67793268
-337.52013408
-338.05691336
-338.88760645
-339.54900625
-340.59764536
-341.42807976
-341.47700192
-341.30617899
-340.96816597
-340.63469108
-340.29619050
-339.77925741
-339.66847255
-339.88919150
-339.38093781
-339.22771768
-339.06984461
-338.74026404
-338.61034319
-338.29313279
-337.97534218
-337.64748672
-337.49739295
-336.99613247
-336.66490310
-336.34644416
-336.03151580
-336.19759544
-335.87467598
-335.55580870
-335.60469230
-335.45072394
-335.13537881
-334.82365474
-334.50977632
-334.92353730
-335.01965813
-334.98113201
-334.50263153
-334.74856171
-334.45019128
-334.30343284
-333.99115435
-333.68474760
-333.91630343
-334.25720133
-334.85620549
-335.86544130
-336.91323289
-337.75665201
-338.87117056
-339.84112072
-340.84557546
-341.26168062
-341.11791905
-340.63273934
-340.48718157
-340.00055448
-339.91022176
-339.60228711
-339.11780255
-339.16973189
-339.93677948
-340.87734332
-340.74672403
-340.26362344
-339.78268531
-339.30210034
-338.99289333
-339.04093926
-338.87778540
-339.28023785
-338.80436134
-338.83306760
-338.35834109
-338.04894041
-337.74242724
-337.27565950
-337.31956010
-337.02304983
-336.72221557
-336.42776980
-336.13509233
-335.83840255
-335.90179827
-335.60887917
-335.14945979
-334.85434994
-334.70747047
-334.41798888
-334.47839270
-334.71126697
-334.59709001
-334.30157155
-334.40819490
-334.44003017
-334.14286583
-333.86048140
-333.56695402
-333.50281783
-333.36635342
-333.24118026
-332.96321560
-332.68037081
-332.55600644
-332.43565592
-332.30586798
-332.01876333
-331.57461160
-331.28616530
-331.00294001
-330.56210437
-330.45392904
-330.17895555
-330.05410936
-329.95949490
-329.85390688
-329.74408887
-329.64125169
-329.36025366
-329.40298614
-329.79544978
-330.19024936
-330.05098199
-329.61928604
-329.34787594
-329.07407244
-328.80683748
-328.70592678
-329.25845337
-329.14075773
-329.02237206
-328.59576645
-328.32056295
-327.89623054
-327.64045709
-327.53559000
-327.57894450
-327.62841564
-327.36649757
-327.24873704
-327.14520915
-327.05922982
-326.95262020
-326.68854814
-326.57171867
-326.31449664
-326.37913936
-326.43791071
-326.33500491
-326.06755630
-325.94748860
-325.68692218
-325.27933771
-325.17036277
-324.91331370
-324.65913840
-324.25189420
-324.20541517
-323.94293197
-324.01748826
-324.39184751
-324.79320596
-325.30375255
-325.97049674
-326.50181039
-326.88753868
-327.25357021
-327.89486813
-328.27197622
-328.58356183
-329.38657905
-329.76177558
-330.47199174
-331.29941621
-331.66767992
-331.54926823
-331.29189285
-331.03664777
-330.79147643
-330.53393057
-330.73688102
-331.38604044
-331.71616691
-332.63549149
-333.48839291
-334.14263817
-333.88989825
-333.63734242
-333.24404565
-332.99862390
-333.00132637
-333.62429173
-333.80627388
-333.68844114
-333.29852291
-333.04481509
-332.79365381
-332.68403319
-332.43034825
-332.46150439
-332.34578810
-331.95723594
-331.71556218
-331.72672102
-332.04801480
-331.80232512
-331.55911488
-331.44006930
-331.20150079
-331.06123653
-331.12044533
-330.87417464
-330.74788602
-330.71510842
-330.47547557
-330.50527477
-330.26643048
-330.29352273
-330.05163299
-329.80501118
-329.56021140
-329.31415849
-328.93479629
-328.69233911
-328.59964158
-328.50789708
-328.69759616
-328.59467463
-328.47703967
-328.35656058
-328.11336707
-327.73745678
-327.49522842
-327.26229896
-327.03600243
-327.08844444
-327.56443153
-328.04016398
-328.43284869
-329.05155463
-329.38770726
-329.66618952
-329.58170787
-329.34962669
-329.31728614
-329.20547088
-329.10636744
-328.99077960
-328.62106867
-328.25166480
-327.88894045
-327.67166950
-327.45014307
-327.90677880
-328.37949618
-328.83033918
-329.16604994
-329.63722798
-329.54746867
-330.12080960
-329.76503470
-329.53817529
-329.17914014
-328.95292482
-329.25660220
-329.17220287
-329.19890472
-329.52229978
-329.69746285
-329.87677024
-329.51573620
-329.27888777
-329.05415436
-328.69682548
-328.74803919
-328.64352855
-328.42129525
-328.19485336
-327.96592841
-327.87094474
-327.64977909
-327.70304292
-327.68256337
-327.58971217
-327.36553674
-327.27342502
-327.32915260
-327.73443375
-327.64530524
-327.95066819
-327.86374705
-327.77749604
-327.72966930
-328.33094798
-328.92996758
-329.51799162
-330.00342954
-330.18256840
-330.09787534
-329.75772464
-329.67823689
-329.87257288
-330.14524747
-330.55159614
-331.05336161
-331.60278753
-331.92146295
-331.96730901
-331.74600418
-331.40340322
-331.19242914
-331.08377292
-330.86971914
-330.77301216
-331.09208706
-331.16814823
-330.82305445
-330.72986323
-330.74632250
-330.88592290
-330.66572664
-330.57262840
-330.47593911
-330.51941865
-330.30521212
-330.09392448
-329.88096441
-330.05528632
-330.09553562
-329.87666694
-329.90245160
-329.68653894
-329.85392968
-329.65149468
-329.54897332
-329.33069326
-329.12366995
-329.04724994
-328.96135935
-328.75169969
-328.69043909
-329.11765669
-329.16912120
-329.07962289
-328.98732146
-328.65838410
-328.56881603
-328.56954144
-328.37064866
-328.54655323
-328.45867244
-328.61945873
-329.10208402
-329.65237128
-330.20159513
-330.20909145
-330.74306536
-331.18013097
-330.97979629
-330.65893668
-330.45608799
-330.61472329
-330.76823737
-330.69502843
-330.74412983
-331.06068497
-331.10477372
-331.02140441
-330.81810146
-330.73342178
-330.70732293
-330.51299972
-330.31293024
-330.12019532
-329.92407015
-329.96643963
-330.35787924
-330.16745377
-329.98031062
-329.90948613
-329.83274781
-329.63682039
-329.98790929
-330.30972808
-330.48236276
-330.63689677
-330.44384168
-330.24591250
-330.16306298
-330.08496939
-329.89478094
-329.70510588
-329.51981165
-329.21389313
-329.12745902
-328.93629922
-328.73619860
-328.54865030
-328.24541086
-328.16872782
-327.86528250
-327.78391228
-327.58887434
-327.51001355
-327.20553237
-327.01374618
-326.82344750
-326.62876021
-326.43257220
-326.45966770
-326.27216317
-326.19355639
-326.11692886
-325.92545664
-325.73916020
-325.75491423
-325.55754426
-325.36256638
-325.17677622
-325.22909970
-325.83714837
-326.27174536
-326.67273231
-326.95256627
-327.21706011
-327.25208109
-327.27841033
-327.09698630
-326.91182397
-326.61908997
-326.44017407
-326.36834715
-326.07668518
-325.89821703
-325.60367870
-325.52685385
-325.34962813
-325.38478897
-325.32052473
-325.13576124
-324.84475177
-324.99950491
-324.81951794
-324.75319191
-324.79051333
-324.61330941
-324.62357091
-324.44315100
-324.26889135
-324.08816797
-324.13219889
-324.17931573
-324.22651315
-324.04695649
-324.06063223
-323.77637413
-323.70223096
-323.63319525
-323.35085305
-323.18034205
-323.55705487
-323.83104346
-323.77427805
-323.60064941
-323.42480221
-323.25002385
-323.07927316
-322.80523127
-322.53125567
-322.36197402
-322.08491373
-321.80054608
-321.84279158
-321.56741214
-321.39450987
-321.43538877
-321.58105793
-321.51957010
-321.67682002
-321.94997249
-322.40431800
-322.34429739
-322.17090132
-322.46703999
-322.51248124
-322.56617944
-322.50675361
-322.44754662
-322.60551841
-322.54647930
-322.69857680
-322.85595246
-322.79360316
-322.62629956
-322.66800769
-323.03930872
-323.08885178
-322.92066778
-322.64877868
-322.58574355
-322.41152768
-322.34282333
-322.17123896
-322.20799359
-322.04126009
-321.77045942
-321.60658652
-321.54859252
-321.38178401
-321.21592081
-321.56848719
-321.82300016
-322.11024106
-322.45952832
-322.80709278
-323.25913545
-323.48881312
-323.62682963
-323.78761073
-323.93592542
-323.90133035
-324.03363070
-323.86144495
-323.90492970
-323.84463764
-323.78700915
-323.83216942
-323.98876873
-323.93730166
-323.67563635
-323.73610131
-323.57624962
-323.61204410
-323.65995558
-323.80654662
-323.89944644
-323.83786227
-323.57043405
-323.40794518
-323.14337779
-322.98024851
-322.92065514
-322.95102646
-322.89317461
-322.73374475
-322.56775345
-322.40217441
-322.24083342
-322.17332785
-322.01120276
-321.95859673
-322.10564163
-322.13487864
-322.27664327
-322.71991250
-323.07662282
-323.32741465
-323.26988606
-323.11296427
-323.03594187
-322.88239377
-322.71924076
-322.75530130
-322.68367295
-322.60755807
-322.85501701
-323.03248071
-322.86984748
-322.70686604
-322.63485222
-322.99119667
-323.03659659
-323.37561745
-323.41297556
-323.25132540
-323.18719621
-323.02471695
-322.76966649
-323.11132699
-323.35715457
-323.60570081
-323.94831915
-324.09870246
-323.94773821
-323.79172422
-323.73261033
-323.57758036
-323.31671281
-323.15412885
-322.99549171
-322.83243484
-322.67272802
-322.51013374
-322.44280162
-322.28368388
-322.13034250
-321.96695445
-321.81406940
-321.74003386
-321.66380472
-322.11572966
-322.73676282
-323.27142542
-323.71948890
-323.57071207
-323.69725633
-323.72533679
-323.64779655
-323.49385874
-323.83023712
-323.97997765
-324.23214922
-324.07212010
-324.10088621
-323.84409298
-323.68504643
-323.52726552
-323.37143538
-323.21105300
-323.25662335
-323.18966174
-323.03896882
-322.98085694
-322.92629412
-322.96568739
-322.81510013
-322.85019765
-322.89507874
-322.84411269
-322.88195660
-323.11638118
-323.44762051
-323.77461670
-324.00948203
-323.94498974
-323.79876732
-323.64508892
-323.49039639
-323.23975313
-323.08500518
-323.02262188
-322.87010398
-322.81027972
-322.85328180
-322.69860953
-322.54583314
-322.38545387
-322.53091691
-322.37275529
-322.30437587
-322.64416130
-322.92011474
-323.27698991
-323.85280076
-324.46642296
-324.98172164
-324.73520270
-324.57991891
-324.43129317
-324.35866360
-324.20293071
-324.04729605
-323.89661530
-323.74138630
-323.58597271
-323.43897800
-323.36983203
-323.21964021
-323.06678420
-323.09564116
-323.03909244
-322.89680116
-322.75069995
-322.60731512
-322.55186746
-322.49149387
-322.43203899
-322.76121481
-323.17994313
-323.57016034
-323.91648401
-324.03743599
-324.29422576
-324.23309687
-324.00001294
-323.76686130
-323.71100054
-323.56563049
-323.58418760
-323.91439322
-324.34851657
-324.76161659
-325.08873998
-325.49550170
-325.82008958
-326.13649475
-326.35690353
-326.68416143
-326.91596859
-327.14229552
-327.26301272
-327.11592018
-326.97130184
-326.82473856
-326.77257743
-327.15732310
-327.57567143
-327.97489386
-328.29267764
-328.68306903
-329.01583035
-329.33418847
-329.91256091
-330.13233287
-330.07485051
-330.00415245
-330.03569923
-329.80490200
-329.57353463
-329.42586721
-329.36468715
-329.31008850
-329.58196557
-329.62256581
-329.56105484
-329.59974503
-329.54115635
-329.48049046
-329.51226471
-329.46114770
-329.31804707
-329.44620966
-329.66394060
-329.71097741
-329.56843275
-329.42413692
-329.37128685
-329.68675134
-329.72284427
-329.57726806
-329.43102007
-329.28967428
-329.31256313
-329.24796729
-329.10369995
-328.95946146
-328.82277824
-328.85844568
-328.72416069
-328.72706221
-328.86031654
-328.71585303
-328.57360854
-328.58415677
-328.52274891
-328.45552750
-328.38869640
-328.24661665
-328.25526239
-328.18962640
-328.04913165
-328.08078353
-328.30217077
-328.16130842
-328.01641634
-328.32168542
-328.66964089
-328.70898690
-328.98891828
-329.19713837
-329.12895390
-328.98769354
-329.16023440
-329.36942336
-329.23106305
-329.08564893
-328.94633080
-328.88815881
-328.82446776
-328.85659950
-329.06166396
-329.42171035
-329.71503087
-329.74401314
-329.60017487
-329.61571396
-329.82470081
-330.20793998
-330.41191099
-330.33872265
-330.28205863
-330.21643564
-330.07873928
-329.93519743
-329.94332155
-329.72313360
-329.92635481
-330.12807624
-329.98948588
-329.85314915
-329.71330063
-329.49403090
-329.27537024
-329.22267176
-329.08447288
-329.08658055
-328.86854743
-328.73569796
-328.59396246
-328.37391090
-328.23062294
-328.26887934
-328.30601673
-328.16058850
-328.01779809
-327.79353899
-327.64978571
-327.50904233
-327.52293334
-327.38368067
-327.32751536
-327.27912510
-327.29458450
-327.15419802
-327.01405343
-326.79700340
-326.92015879
-326.96130393
-326.81850663
-326.76119649
-326.61853754
-326.47816229
-326.41235716
-326.44228344
-326.30494122
-326.16798257
-326.03127286
-325.97714876
-325.83721879
-325.70038327
-325.63757968
-325.59008133
-325.53951296
-325.32401834
-325.10906054
-324.97318704
-324.83982532
-324.70396765
-324.56906074
-324.51519190
-324.30584125
-324.17188057
-324.40953114
-324.82285807
-325.27695598
-325.58096577
-325.86998106
-325.90202964
-326.21428272
-326.16142601
-326.27536454
-326.14495339
-326.25979463
-326.20802512
-326.02876532
-326.05606102
-326.33677543
-326.28434439
-326.30773023
-326.50270793
-326.36452744
-326.23081479
-326.01568040
-325.99054600
-325.92647356
-325.79761538
-325.66330299
-325.52920737
-325.39688455
-325.26742153
-325.52455816
-326.02763373
-326.39408697
-326.90952951
-327.02648109
-327.00740683
-326.87775262
-326.74309181
-326.93886097
-326.80196970
-326.59095684
-326.45884020
-326.43834674
-326.37896817
-326.32470526
-326.18969314
-326.30391852
-326.24283966
-326.10917510
-326.21375879
-326.00735156
-325.87406665
-325.74441778
-325.61812513
-325.48727304
-325.28197117
-325.23063729
-325.17647169
-325.13584864
-325.00586345
-324.95376325
-325.15250217
-325.27413566
-325.43184184
-325.54987780
-325.73849870
-325.81533553
-326.08427895
-326.35301078
-326.46625655
-326.65457394
-326.61308849
-326.55718952
-326.35495001
-326.22743485
-326.10310331
-325.97469978
-326.22873334
-326.64965446
-326.89316971
-327.15624657
-327.03061376
-326.98205710
-326.85676738
-326.80147445
-326.83052184
-327.02801815
-327.26102145
-327.29174853
-327.16872652
-327.18646958
-327.06526574
-327.09535740
-327.36003963
-327.54001261
-327.72469033
-327.90862981
-328.09116521
-328.21783266
-328.55596679
-328.71342897
-328.59101147
-328.46457394
-328.41320397
-328.42408612
-328.36613722
-328.38930522
-328.18839512
-328.29639576
-328.31344481
-328.33235650
-328.28435790
-328.15773213
-328.03685361
-327.91311039
-327.86376732
-327.88284638
-327.76284430
-327.63918502
-327.59315719
-327.46552339
-327.34113135
-327.21333823
-327.01149168
-326.96336721
-326.76110761
-326.71088127
-326.67505370
-326.54832810
-326.41950955
-326.21829047
-326.16961258
-325.96987322
-325.91819141
-325.79510717
-325.75071723
-325.93665490
-326.04737129
-326.00301211
-325.88113837
-325.89718975
-325.77517894
-325.80907883
-325.68992516
-325.64548075
-325.52514424
-325.56758241
-325.60865188
-325.56236363
-325.36835334
-325.31795167
-325.19927970
-325.07618122
-325.09643530
-324.97320293
-324.91799783
-324.79674481
-324.67613445
-324.68722995
-324.56713142
-324.44560502
-324.54502300
-324.42332575
-324.37344364
-324.38641633
-324.58212104
-324.75919657
-324.70070293
-324.80123601
-324.76003726
-324.70691648
-324.58533498
-324.53263703
-324.41100796
-324.36267556
-324.24512278
-324.12499394
-324.07685460
-324.02717867
-323.90537158
-323.84903789
-323.79680499
-323.89348997
-323.77802336
-323.66210490
-323.60229013
-323.48438997
-323.36801195
-323.45950641
-323.63223882
-323.58755851
-323.61486314
-323.76343301
-323.86619651
-323.87949490
-323.83207065
-323.82604719
-323.70757819
-323.81488322
-324.06856432
-324.01878123
-323.98230929
-324.23308035
-324.32773271
-324.20826218
-324.08936624
-323.97048308
-323.99692913
-324.24513855
-324.34837859
-324.59362588
-324.92506454
-325.16482921
-325.49167482
-325.67710845
-325.99885943
-326.29258144
-326.61574605
-326.78930132
-326.68172302
-326.70509229
-326.65219874
-326.67009466
-326.55514601
-326.57781517
-326.46294719
-326.34755944
-326.23691922
-326.12203048
-326.14681333
-326.03394579
-325.99796641
-325.88808010
-325.98424345
-326.15929493
-326.48104537
-326.75460283
-327.12670480
-327.30568517
-327.62417267
-327.71207157
-327.53432153
-327.63803828
-327.65996964
-327.60954201
-327.56428899
-327.45278299
-327.34032709
-327.22922956
-327.17812834
-327.06464684
-327.35164911
-327.67499276
-328.05332623
-328.29642425
-328.31537164
-328.26370047
-328.22885964
-328.17425309
-328.12850179
-328.01419365
-327.89713742
-327.71572742
-327.59905236
-327.55429726
-327.43929127
-327.38961177
-327.67383244
-327.92088658
-328.23583675
-328.40561146
-328.29609818
-328.18460619
-328.21359253
-328.10429820
-328.19732485
-328.50809109
-328.73913510
-328.63228064
-328.72473114
-328.68270374
-328.77356292
-329.08258705
-329.31629622
-329.62189385
-329.92198943
-329.94728929
-329.89991159
-329.78538689
-329.60764869
-329.49432329
-329.73327198
-329.75162098
-329.83951279
-329.79054922
-330.00189551
-330.35724284
-330.51829766
-330.53994086
-330.56811768
-330.80011212
-331.06864167
-331.30623379
-331.59932164
-331.48798495
-331.37968945
-331.43532804
-331.39186284
-331.53571753
-331.68270183
-331.90555328
-331.86646172
-331.75579322
-331.64108934
-331.46156171
-331.41194888
-331.29656388
-331.18538552
-331.28471212
-331.31162930
-331.13416447
-331.02035819
-330.97224849
-330.98851962
-331.00433928
-330.89181397
-330.78141405
-330.80043822
-330.69018248
-330.64856129
-330.53785289
-330.49252937
-330.79624853
-331.25064104
-331.68894230
-332.07436409
-332.37846269
-332.33158260
-332.21343687
-332.09912178
-332.45269195
-332.68451288
-332.84187279
-332.99879785
-332.88323431
-332.76885654
-332.71074973
-332.93019014
-333.00744588
-333.22902306
-333.52161709
-333.68056857
-333.63609488
-333.52511244
-333.41074406
-333.50253123
-333.66162494
-333.88680319
-334.11055523
-334.33005364
-334.60821714
-334.64215745
-334.59835236
-334.55937262
-334.51126651
-334.33194885
-334.21747839
-334.10034729
-334.18739439
-334.07683617
-333.89817287
-333.84529810
-333.93775092
-333.88943334
-333.77543956
-333.66367707
-333.63540581
-333.58755916
-333.41130576
-333.37096964
-333.40718812
-333.41769858
-333.30845833
-333.19771637
-333.08276528
-333.03538682
-332.92661949
-332.81461176
-332.70127308
-332.65462303
-332.54558272
-332.43164022
-332.25585237
-332.20614117
-332.09250507
-332.03866165
-331.98888782
-331.87754972
-331.76762537
-331.71614733
-331.66638133
-331.55559354
-331.44313357
-331.45594388
-331.34945328
-331.23677634
-331.19058487
-331.19727697
-331.02388326
-330.97506294
-330.86828394
-330.81556281
-330.70625738
-330.59555033
-330.55461371
-330.38236206
-330.60031465
-330.81003832
-330.82457652
-330.71475688
-330.60527184
-330.55307679
-330.57266611
-330.53122108
-330.48122867
-330.37494174
-330.37066622
-330.19926636
-330.03044036
-329.91981417
-329.87135381
-329.76505372
-329.72173574
-329.67321944
-329.61980695
-329.51405846
-329.46803375
-329.45483042
-329.34775345
-329.24131869
-329.19558713
-329.20890752
-329.04013363
-328.99128234
-329.01068723
-328.89968957
-328.90358149
-328.79321661
-328.68519538
-328.57477962
-328.46549403
-328.48170252
-328.37283126
-328.26869810
-328.21774854
-328.04980499
-327.94266690
-327.89967067
-327.85350307
-327.74910734
-327.75313905
-327.64669297
-327.54074743
-327.37387465
-327.33095047
-327.22596468
-327.05970234
-326.95419526
-326.91295587
-326.86761749
-326.76088226
-326.65611713
-326.61029643
-326.55860725
-326.45428955
-326.28868019
-326.18431167
-326.07902604
-325.97466215
-325.86955929
-325.76394313
-325.65927818
-325.61358621
-325.62426260
-325.46015408
-325.29608129
-325.19516228
-325.09293130
-324.98971105
-324.82752664
-324.72301758
-324.80818459
-324.76662030
-324.66215171
-324.61195185
-324.51128592
-324.40856940
-324.30751818
-324.26077630
-324.15805157
-324.11908275
-324.39526802
-324.29544039
-324.13353061
-324.03093702
-323.92701468
-323.82614121
-323.72451603
-323.62165270
-323.52218252
-323.58744890
-323.60186957
-323.84018982
-323.98713645
-323.94069087
-323.83947212
-323.85668524
-323.75644161
-323.71349480
-323.61280266
-323.45241508
-323.35200781
-323.31462492
-323.33220967
-323.29340966
-323.25201937
-323.20260156
-323.04279809
-322.94231503
-322.84284524
-322.80122953
-322.76394508
-322.72404250
-322.62300344
-322.52552055
-322.48480019
-322.32598077
-322.27733191
-322.11857148
-321.96000803
-321.91467167
-321.75640448
-321.59827196
-321.55498852
-321.57624158
-321.47637256
-321.37895203
-321.22129859
-321.12304622
-321.02334548
-320.92480641
-320.82688609
-320.78727574
-320.68571790
-320.64452337
-320.66263911
-320.51024829
-320.41445429
-320.32358797
-320.17231648
-320.08128066
-320.10448707
-320.12705265
-320.02851656
-319.99234787
-320.00964679
-320.27707206
-320.61882264
-320.91207859
-320.98589920
-320.88859882
-320.73311114
-320.63980818
-320.59927823
-320.56307934
-320.46378173
-320.42021994
-320.37929253
-320.58797620
-320.49302252
-320.39739645
-320.24401655
-320.26167410
-320.16950664
-320.13034079
-320.08985422
-320.10773075
-320.13234617
-320.27039114
-320.40669750
-320.48902011
-320.39897187
-320.24626424
-320.14950410
-320.10492898
-320.10835488
-320.06669689
-319.91543497
-319.82208721
-319.72781742
-319.68553255
-319.59622857
-319.50256223
-319.57661156
-319.48832158
-319.50530438
-319.47014375
-319.43055015
-319.38786947
-319.46983579
-319.43304429
-319.56550059
-319.47807955
-319.38592852
-319.41204952
-319.38227574
-319.34946588
-319.27536171
-319.41146250
-319.72648038
-319.86773494
-319.89596912
-319.80211310
-319.71046069
-319.61590673
-319.52163710
-319.42664365
-319.48653034
-319.39304969
-319.35459187
-319.25914948
-319.28131831
-319.25172974
-319.16365760
-319.06896622
-319.14575155
-319.05680987
-318.96404808
-318.86941883
-318.94418738
-319.02597835
-319.09823450
-319.00483666
-318.91166582
-318.82271944
-318.72901826
-318.58151157
-318.48730629
-318.39813132
-318.30682710
-318.21350557
-318.12183938
-318.02953070
-317.94071221
-317.90000951
-318.05341953
-318.24088170
-318.44464248
-318.75016050
-318.94967877
-318.91546599
-318.82828661
-318.73629864
-318.64482408
-318.55374106
-318.52542472
-318.71348410
-318.96263784
-318.87254487
-318.84555135
-319.08322110
-319.11074771
-319.14005641
-319.10424097
-319.13010554
-319.04086610
-318.95306611
-318.86554265
-318.77898297
-318.69256315
-318.60019376
-318.56396536
-318.64923402
-318.61507956
-318.57529477
-318.48633165
-318.34019422
-318.40639002
-318.55696092
-318.46804836
-318.43102156
-318.33894575
-318.31414700
-318.22422410
-318.18069870
-318.09106759
-318.00222897
-317.91343095
-317.93529475
-318.12406404
-318.11007341
-318.14030890
-318.22208553
-318.14228280
-318.05433549
-318.01750577
-318.24415404
-318.43819104
-318.57560045
-318.66006472
-318.78617578
-318.91775852
-318.78351500
-318.69746465
-318.72800417
-318.70067169
-318.61201737
-318.52174402
-318.43124626
-318.39824876
-318.41775574
-318.38857300
-318.35714335
-318.37567124
-318.46576835
-318.67939185
-318.83105692
-319.02010371
-319.25812576
-319.39784274
-319.53869049
-319.56878752
-319.70560346
-319.67990715
-319.59991110
-319.57481062
-319.63402263
-319.60302935
-319.62443128
-319.64955218
-319.51639797
-319.70936824
-319.73560785
-319.70490141
-319.66907757
-319.75122489
-319.98702089
-320.17819337
-320.36939405
-320.56067832
-320.72220790
-320.80355494
-320.72151428
-320.80608284
-320.93843986
-321.05637517
-321.24115083
-321.21081647
-321.34020591
-321.25774478
-321.33747338
-321.19900641
-321.16659860
-321.08773267
-321.06065702
-320.92899620
-320.79349797
-320.76425423
-320.62908101
-320.70298930
-320.78637645
-321.00387073
-321.29237337
-321.53228367
-321.77443068
-321.88810395
-322.02285013
-322.04686804
-322.00468471
-322.13645601
-322.23622803
-322.15172065
-322.15428617
-322.06817809
-321.98316950
-321.89887916
-321.86749023
-321.87031442
-321.78383714
-321.70215346
-321.86995773
-321.96756996
-322.04034764
-321.95388395
-322.11958053
-322.13809570
-322.05429769
-321.97105419
-321.83577069
-321.75196278
-321.82721728
-321.90199175
-322.03122851
-322.20631494
-322.12018194
-322.14232078
-322.11146203
-322.18442168
-322.09437638
-322.10664030
-322.24500574
-322.36582390
-322.38930765
-322.30437769
-322.21872852
-322.18247120
-322.17051885
-322.13522304
-322.04809380
-322.01181236
-322.14061831
-322.32003030
-322.50708749
-322.69184740
-322.92324918
-322.78789302
-322.70457232
-322.72614926
-322.85233253
-322.81843171
-322.82273232
-322.94612138
-323.02281692
-322.93674142
-322.85198467
-322.76668497
-322.73336979
-322.75261047
-322.66945128
-322.58317993
-322.55362654
-322.47173929
-322.48875564
-322.40362227
-322.31896373
-322.28192227
-322.25233669
-322.22013583
-322.19045000
-322.21540569
-322.22401974
-322.24670723
-322.16220250
-322.21048605
-322.17110601
-322.08916217
-322.09776242
-322.06391834
-321.98516579
-321.95637151
-321.91679029
-322.10037189
-322.22453563
-322.29057131
-322.30559042
-322.22533821
-322.19946866
-322.12031562
-322.17728319
-322.35660590
-322.58401970
-322.80545791
-322.67413288
-322.54139717
-322.46070420
-322.46160788
-322.58408056
-322.55780436
-322.58131601
-322.60216879
-322.56646924
-322.43383994
-322.35384176
-322.37881010
-322.34674697
-322.31843164
-322.28355919
-322.41234776
-322.63048651
-322.80761668
-322.93101914
-322.89746273
-322.81590680
-322.68391507
-322.60065991
-322.51567082
-322.49571742
-322.57107146
-322.48757551
-322.35666882
-322.27358354
-322.24151394
-322.16019926
-322.18131875
-322.09883891
-322.10903829
-322.10501619
-322.02186087
-321.99015530
-321.95442613
-321.87308761
-321.83666822
-321.75566348
-321.72221398
-321.59021621
-321.55380032
-321.47218465
-321.39112503
-321.35956663
-321.32541638
-321.53146360
-321.39898170
-321.62246660
-321.53964754
-321.82343166
-322.05627682
-322.34623696
-322.46449603
-322.43333143
-322.35125172
-322.26810226
-322.23861327
-322.15565223
-322.07354611
-321.99235622
-321.90865785
-321.82513529
-321.74302440
-321.71064977
-321.93894587
-322.09178545
-322.26842894
-322.23765140
-322.15458416
-322.07232820
-322.04935302
-322.01318396
-321.97947600
-321.89832911
-321.97243502
-321.89007137
-321.80823373
-321.72821370
-321.73039419
-321.69577473
-321.61603199
-321.48543476
-321.40559056
-321.32334697
-321.29550403
-321.21418761
-321.21724538
-321.13514843
-321.09734972
-320.96778468
-320.88554044
-320.80711543
-320.67685671
-320.59544721
-320.51388777
-320.43570095
-320.39998707
-320.31889793
-320.23659851
-320.30989805
-320.43566249
-320.30941595
-320.53401130
-320.75400799
-320.67450706
-320.59646253
-320.52148473
-320.53025969
-320.54406018
-320.41821187
-320.38579625
-320.30802821
-320.23014274
-320.24161543
-320.21193570
-320.22826688
-320.15053031
-320.17201013
-320.04568047
-320.06720211
-319.98884785
-320.10667061
-320.30500885
-320.57613859
-320.54775871
-320.47231604
-320.59016122
-320.46431694
-320.38656973
-320.30825766
-320.23281569
-320.29425644
-320.31040426
-320.23063114
-320.15009810
-320.16567170
-320.04106337
-319.96265699
-319.97823612
-319.94337478
-319.96028258
-319.98411034
-320.15484802
-320.07493971
-319.99743106
-319.92137206
-319.84442711
-319.76690162
-319.78525053
-320.00114573
-320.21953351
-320.19337509
-320.34447110
-320.52610649
-320.70549053
-320.93917547
-321.14756506
-321.16002336
-321.04116806
-321.15429323
-321.32581331
-321.25165614
-321.21925166
-321.39212093
-321.35978511
-321.33716773
-321.50402571
-321.67977439
-321.70442757
-321.68074795
-321.84920024
-321.86598018
-321.83815015
-321.76174986
-321.68301921
-321.65512934
-321.57559123
-321.45786313
-321.57033993
-321.49097619
-321.46389118
-321.67767767
-321.74208585
-321.71355998
-321.68428461
-321.75498770
-321.63296953
-321.85008782
-322.01936065
-321.99750581
-322.07098246
-322.09769149
-322.02290893
-321.99100111
-322.01326369
-321.94230467
-322.15084809
-322.08168683
-322.05992298
-321.93859923
-322.15849324
-322.17894277
-322.15515839
-322.12758159
-322.05222934
-322.25105199
-322.46854088
-322.63536641
-322.77416926
-322.65109004
-322.53611652
-322.46657357
-322.39850642
-322.33065389
-322.45051782
-322.66452736
-322.87180173
-322.99367060
-323.11466286
-323.28765986
-323.30561839
-323.31169311
-323.37224440
-323.39349432
-323.27842791
-323.21024623
-323.30634164
-323.23393060
-323.15960703
-323.13692886
-323.10419784
-323.02643291
-323.17491294
-323.38573172
-323.45824422
-323.38384609
-323.26082200
-323.18092564
-323.15224328
-323.31526445
-323.29215091
-323.21919103
-323.14602787
-323.11433827
-323.04085412
-322.96776786
-322.93664194
-322.86356543
-322.78933263
-322.71557351
-322.64073645
-322.60591590
-322.53175677
-322.50482921
-322.47776428
-322.40174572
-322.28110537
-322.24421815
-322.21123788
-322.14064144
-322.06571202
-322.03203672
-322.00181539
-321.88425106
-321.85603558
-321.78473922
-321.85579976
-322.01753908
-322.13484960
-322.02048634
-322.14011242
-322.11942985
-322.09625515
-322.20445300
-322.41864039
-322.67188741
-322.85376530
-323.11104533
-323.34646944
-323.55499350
-323.76320503
-323.74054846
-323.75311486
-323.68509878
-323.61678417
-323.67895759
-323.69091013
-323.76257449
-323.83305149
-323.92847260
-324.17391915
-324.38226549
-324.55331682
-324.53164337
-324.45828586
-324.33923253
-324.60129807
-324.48449497
-324.41014452
-324.29207499
-324.25994896
-324.18938163
-324.16119519
-324.13222180
-324.06430016
-323.99860908
-324.20769555
-324.46505146
-324.72366328
-324.61071611
-324.54194075
-324.51707608
-324.53304579
-324.50684041
-324.43813658
-324.63344810
-324.78413232
-324.85262996
-325.01705769
-325.21429471
-325.27740298
-325.44000506
-325.60125276
-325.66950273
-325.64088202
-325.57130380
-325.46062657
-325.43776261
-325.37059477
-325.33679738
-325.49774260
-325.47328820
-325.39967478
-325.36646824
-325.33943705
-325.26750033
-325.19989362
-325.08679797
-324.97515582
-324.90438358
-324.88222597
-324.81344129
-324.83536737
-324.85074919
-324.78250905
-324.71400302
-324.64578092
-324.57832140
-324.57750634
-324.50874827
-324.39778380
-324.32790027
-324.34913671
-324.28214539
-324.44097754
-324.64449504
-324.84558367
-324.89273738
-324.82261166
-324.75301799
-324.68216912
-324.60955584
-324.67078067
-324.87159027
-324.93412790
-325.13809210
-325.37238989
-325.30098539
-325.27006169
-325.37877706
-325.30496975
-325.23245940
-325.44235054
-325.64879974
-325.80774017
-325.73833793
-325.75549801
-325.72927067
-325.65911914
-325.54416731
-325.51702119
-325.40275812
-325.41336852
-325.34244103
-325.26872371
-325.23755893
-325.20603894
-325.17962182
-325.10898580
-325.03671376
-324.96668945
-324.85132244
-324.88093507
-324.81017348
-324.77861604
-324.70585697
-324.71147441
-324.71968810
-324.64586008
-324.57426168
-324.71750942
-324.72451897
-324.87464511
-324.80214153
-324.72946906
-324.65685759
-324.62699735
-324.59338101
-324.52215598
-324.49156139
-324.45756162
-324.51281981
-324.43929798
-324.67461971
-324.77288322
-324.70122705
-324.67054426
-324.59809348
-324.60835806
-324.58015482
-324.46711948
-324.39240168
-324.28031569
-324.20730404
-324.17569984
-324.36486544
-324.56277505
-324.53372326
-324.55191331
-324.71460317
-324.68567852
-324.88350389
-325.03992384
-324.96911330
-324.93973945
-325.12334199
-325.23160295
-325.42877973
-325.65355760
-325.90114980
-326.13978282
-326.35834102
-326.46275723
-326.39598971
-326.32977463
-326.52960972
-326.76800850
-326.96418673
-327.07198503
-327.09300692
-327.06946117
-327.00463467
-326.98181338
-326.91571365
-326.92730873
-326.86221168
-326.87721240
-326.95712832
-327.14843033
-327.34062186
-327.27448139
-327.21079684
-327.14409588
-327.15867885
-327.08929913
-327.23130951
-327.33574936
-327.47142519
-327.61987848
-327.59366609
-327.61512020
-327.59247220
-327.52915726
-327.50066183
-327.47978061
-327.63059224
-327.69076264
-327.66916274
-327.60009090
-327.53444489
-327.46998800
-327.40534775
-327.33379508
-327.48053876
-327.53956303
-327.73228111
-327.92312038
-328.08253853
-328.23340141
-328.20878175
-328.09538420
-328.28400828
-328.25454388
-328.48416373
-328.41265876
-328.60615986
-328.61819334
-328.54708115
-328.55058136
-328.79470258
-329.03358906
-329.04697362
-328.97890326
-328.95042434
-328.92199084
-328.84904593
-328.77667588
-328.78609047
-328.71450045
-328.72920711
-328.70999614
-328.63882092
-328.52585573
-328.63230226
-328.59751446
-328.60102755
-328.53016016
-328.45723101
-328.38498358
-328.31363193
-328.24313222
-328.21518285
-328.21695853
-328.14385766
-328.14907506
-328.11900890
-328.04604678
-328.01743021
-328.19889424
-328.46887029
-328.65269336
-328.88368895
-329.02784469
-328.99702714
-328.96161190
-328.89108543
-328.95029662
-328.95825320
-328.88866989
-328.99888812
-329.16442497
-329.31495019
-329.27761590
-329.37879920
-329.52446055
-329.61401256
-329.63794164
-329.57363600
-329.46136235
-329.55981297
-329.70720473
-329.89964062
-330.04622009
-330.22032784
-330.29170304
-330.21860798
-330.19640977
-330.21090659
-330.27165976
-330.37341435
-330.47456401
-330.61120265
-330.78893274
-330.99235055
-331.00993824
-330.90557650
-330.84160388
-330.89723318
-330.99681415
-331.13430472
-331.30018140
-331.23594143
-331.17321207
-331.14645506
-331.12212230
-331.10079487
-331.03758666
-330.97255951
-331.02746808
-331.21224711
-331.39404673
-331.56207861
-331.53893824
-331.53787195
-331.57290033
-331.55045560
-331.56843050
-331.63210592
-331.77172563
-331.74714092
-331.90563474
-331.96771175
-332.19465122
-332.42953519
-332.63104369
-332.81785336
-332.99814911
-333.18034805
-333.23808736
-333.16670077
-333.09520434
-333.02414822
-332.95035296
-332.96588948
-333.15891179
-333.30186556
-333.19062305
-333.11959613
-333.04801102
-333.04717673
-333.04659925
-332.97827927
-332.98893990
-332.91902650
-332.93004152
-332.93563377
-332.90553852
-333.08515151
-333.17543312
-333.14812828
-333.07843508
-332.96832101
-332.93453519
-332.82436257
-332.78925227
-332.67950406
-332.65050425
-332.54048945
-332.47177688
-332.43698383
-332.36690703
-332.29743782
-332.47607182
-332.44645893
-332.37916580
-332.36781085
-332.33942043
-332.26968982
-332.43925072
-332.44773008
-332.61030196
-332.58278358
-332.60035137
-332.53105747
-332.71140281
-332.68236801
-332.57359579
-332.50666011
-332.39779698
-332.33029735
-332.29782804
-332.22785386
-332.45711802
-332.68676363
-332.65691183
-332.73738177
-332.70720272
-332.63689809
-332.60313879
-332.57235979
-332.54207760
-332.47419952
-332.40620820
-332.29865701
-332.23172805
-332.16123505
-332.13445826
-332.14894318
-332.12154571
-332.05292432
-331.94521613
-331.87577333
-331.80901409
-331.81531271
-331.74632690
-331.83601838
-331.93297521
-332.09736874
-332.07056045
-332.07524354
-332.00635954
-332.01722233
-331.98692926
-331.95782794
-331.89053616
-331.86321907
-331.86216172
-331.75567088
-331.68977527
-331.69224771
-331.62525295
-331.55635522
-331.52484584
-331.49913821
-331.46959307
-331.36184129
-331.43787707
-331.65632777
-331.81491447
-331.78328663
-331.75093148
-331.68427130
-331.61684799
-331.63148682
-331.60823879
-331.66006792
-331.59272281
-331.52617127
-331.46037797
-331.39314257
-331.32433440
-331.21900706
-331.23121484
-331.12499864
-331.05648367
-330.98973531
-330.92339829
-330.89352859
-330.78904690
-330.71944623
-330.69198842
-330.62302879
-330.65225727
-330.82002740
-330.91251076
-330.96538780
-330.89851521
-330.79276518
-330.84850156
-330.94599875
-331.08240576
-331.27106043
-331.45819767
-331.51533344
-331.68425089
-331.86574459
-331.83503154
-331.73330329
-331.78617897
-331.71764890
-331.71798371
-331.68793967
-331.62118097
-331.58664774
-331.48239963
-331.41504377
-331.34844405
-331.28147685
-331.21721746
-331.15236524
-331.37052002
-331.34483761
-331.27822839
-331.29340887
-331.19104147
-331.16294853
-331.13548023
-331.06765723
-331.00012556
-330.93373962
-330.86637724
-330.76257297
-330.69860578
-330.69911406
-330.63262964
-330.60475394
-330.53770229
-330.50558160
-330.47749130
-330.41423596
-330.41222288
-330.37592282
-330.31077125
-330.24836137
-330.18528602
-330.12429394
-330.09236476
-330.06630610
-330.00350330
-329.93998020
-329.87723811
-329.81020934
-329.82975591
-329.95594950
-329.93361143
-329.98912203
-330.19256269
-330.28657002
-330.33547958
-330.33369646
-330.26825371
-330.35850007
-330.29243289
-330.22662495
-330.16009393
-330.29499643
-330.22806962
-330.16221735
-330.09694230
-330.03059093
-329.96488462
-329.89799493
-329.83312074
-329.72918716
-329.62533559
-329.52139603
-329.45720288
-329.39131262
-329.36578373
-329.29957450
-329.23277951
-329.12991920
-329.02644281
-328.99249325
-329.12557870
-329.29734403
-329.45456791
-329.43243432
-329.40825557
-329.57272678
-329.66514537
-329.78187063
-329.87598350
-329.87648881
-329.77686817
-329.71657383
-329.65314889
-329.74464187
-329.68376787
-329.81367752
-329.97969000
-330.14935264
-330.28041061
-330.41490521
-330.38504927
-330.32392064
-330.26012120
-330.23341046
-330.20944410
-330.18055793
-330.29490752
-330.38638602
-330.43284481
-330.37057013
-330.34854468
-330.35421160
-330.29405787
-330.23349496
-330.24720146
-330.22461393
-330.20214775
-330.21408954
-330.15490627
-330.05723908
-329.99528865
-329.97332434
-329.91098396
-329.85060890
-329.78806469
-329.77651701
-329.83004179
-330.00002504
-330.12266268
-330.16836740
-330.10865944
-330.10445243
-330.07520973
-330.04476774
-329.98293471
-329.95521304
-329.95360348
-329.93057408
-329.83535142
-329.80929431
-329.75033056
-329.72752765
-329.66663735
-329.60712158
-329.51117109
-329.45184463
-329.42847741
-329.40692608
-329.41940168
-329.39702811
-329.33784423
-329.35135394
-329.37039346
-329.42555334
-329.44187692
-329.41833419
-329.39373144
-329.40160555
-329.44570306
-329.45594477
-329.50106301
-329.47831922
-329.41708147
-329.39266576
-329.36546483
-329.27140311
-329.24419326
-329.18606705
-329.23309242
-329.17231960
-329.22417292
-329.16432354
-329.13924321
-329.13464071
-329.10918328
-329.04351037
-328.97776644
-328.91534185
-328.88823748
-328.97305427
-329.02547130
-329.07396510
-329.01096243
-328.94879020
-328.95596288
-329.00503893
-329.03102228
-328.97293444
-328.98224165
-329.03480715
-329.22208503
-329.27121055
-329.20866464
-329.14586257
-329.12007613
-329.05994038
-329.15125219
-329.30864694
-329.36045068
-329.33596527
-329.27648146
-329.25150679
-329.26686569
-329.31894573
-329.29711274
-329.26836662
-329.17251174
-329.14740412
-329.31590944
-329.44114632
-329.41948396
-329.42521397
-329.51501646
-329.56697675
-329.69480875
-329.63445668
-329.61055072
-329.54977757
-329.48882503
-329.42856421
-329.36647031
-329.30706493
-329.39610461
-329.41141057
-329.34858391
-329.34706382
-329.40157324
-329.30448841
-329.26659845
-329.31819442
-329.39724495
-329.33625017
-329.45250385
-329.39050770
-329.32907134
-329.26678663
-329.20362330
-329.14100669
-329.07825082
-329.01564970
-329.01719990
-328.98455866
-328.92378391
-328.86207741
-328.80136846
-328.77369390
-328.74938115
-328.65201787
-328.58987507
-328.56674994
-328.54408220
-328.48266222
-328.42406914
-328.36563165
-328.34400804
-328.42241585
-328.36559352
-328.30771227
-328.28688818
-328.36787586
-328.38225580
-328.36106364
-328.30211203
-328.27501293
-328.21486949
-328.15507511
-328.12773663
-328.06749981
-328.04423048
-328.02109843
-327.96224629
-327.90286572
-327.84459584
-327.85426919
-327.83088895
-327.77111254
-327.77743084
-327.68212879
-327.65487534
-327.59561788
-327.53494593
-327.54096866
-327.58390176
-327.55596885
-327.49693939
-327.43699824
-327.34251759
-327.28501999
-327.19055236
-327.09620748
-327.07103667
-327.06027304
-327.07570198
-327.01613643
-327.10570410
-327.19002844
-327.27450511
-327.28989991
-327.26400181
-327.26096534
-327.23545822
-327.14383620
-327.05178259
-326.99372358
-326.93575446
-326.87662579
-326.82058823
-326.79351571
-326.73737347
-326.64468042
-326.58621783
-326.59611074
-326.53678939
-326.44284973
-326.43989967
-326.41271548
-326.31934949
-326.29115312
-326.23103908
-326.17270755
-326.14741625
-326.05442901
-325.99696620
-325.97081180
-325.94722262
-325.85507478
-325.83012067
-325.77146402
-325.67911596
-325.62049874
-325.59557306
-325.53586034
-325.47717785
-325.41861897
-325.36116534
-325.30374106
-325.24565702
-325.22076104
-325.12655832
-325.09838441
-325.07112625
-325.04126604
-325.01438664
-324.95454192
-324.89547195
-324.83591878
-324.74167921
-324.71574636
-324.72551079
-324.66579098
-324.60828314
-324.55126375
-324.49260864
-324.46487986
-324.40878557
-324.34931412
-324.32412690
-324.26425748
-324.24194854
-324.18298896
-324.20637857
-324.14952047
-324.12595090
-324.03271348
-324.04564962
-323.98604775
-323.92820794
-324.09000576
-324.25441608
-324.26168282
-324.26682330
-324.17341949
-324.14589141
-324.12283643
-324.02972495
-324.17843776
-324.28818785
-324.26248511
-324.20547785
-324.11375768
-324.12291643
-324.11921279
-324.06180687
-323.97042188
-323.87898862
-323.78753224
-323.86371329
-323.84009043
-323.74867438
-323.69112013
-323.63414559
-323.57771789
-323.51947559
-323.46154213
-323.47007513
-323.41199170
-323.35318585
-323.36629809
-323.30810177
-323.25136074
-323.26521687
-323.20829506
-323.14950963
-323.09218333
-323.03616463
-322.97802049
-322.92027028
-322.86245019
-322.98252572
-323.06674469
-323.11431723
-323.02338266
-322.93227999
-322.94257658
-322.91912528
-322.86314459
-322.83857432
-322.83591210
-322.81507109
-322.79351711
-322.73844492
-322.71401028
-322.65916199
-322.60517507
-322.54963976
-322.56010894
-322.53845261
-322.51581658
-322.46158248
-322.46687947
-322.51712898
-322.56334378
-322.64457952
-322.78773769
-322.90572308
-322.99688659
-323.15017114
-323.34434607
-323.51091398
-323.66790961
-323.71600627
-323.71274370
-323.65563974
-323.60017471
-323.54283257
-323.48539446
-323.53021014
-323.54131884
-323.48438549
-323.42880316
-323.33986971
-323.28472070
-323.22767312
-323.20067666
-323.17616290
-323.17984708
-323.12186174
-323.06724592
-323.00966083
-322.95216464
-322.89469470
-322.83914087
-322.78308185
-322.72492434
-322.66736346
-322.64254305
-322.55296947
-322.46350819
-322.41022788
-322.35544314
-322.30080386
-322.24404128
-322.24580254
-322.15597383
-322.06662933
-322.01104819
-321.98989560
-321.96711431
-322.01251137
-321.99021598
-322.14290999
-322.08826797
-322.06653347
-322.21919662
-322.23521057
-322.21210034
-322.18585256
-322.16647421
-322.11101271
-322.21121830
-322.35790270
-322.26874891
-322.21482947
-322.12641026
-322.07025649
-322.03421668
-322.24526310
-322.42393705
-322.33546638
-322.27941694
-322.19322891
-322.14000208
-322.12139728
-322.23909140
-322.41090154
-322.51258592
-322.66123543
-322.72271720
-322.86051159
-322.80904377
-322.82525735
-322.77391887
-322.87158114
-322.84992964
-322.83333594
-322.77899518
-322.72513254
-322.67141000
-322.68362429
-322.65946078
-322.63971062
-322.65633387
-322.63634782
-322.65150148
-322.73032421
-322.70878140
-322.65634295
-322.66345276
-322.61033406
-322.65917410
-322.67167436
-322.61928485
-322.59977666
-322.55003426
-322.52784236
-322.44298947
-322.49995384
-322.51379525
-322.46104407
-322.43901553
-322.48799021
-322.53647178
-322.51610574
-322.49580019
-322.44452609
-322.36076722
-322.30716579
-322.31431999
-322.26174987
-322.24325585
-322.22118020
-322.22306540
-322.17020769
-322.11506147
-322.09345838
-322.10798158
-322.21182537
-322.29165663
-322.36963512
-322.41527379
-322.46483092
-322.54417214
-322.59155254
-322.69069968
-322.70601479
-322.72042014
-322.69469491
-322.60747420
-322.62132618
-322.60196220
-322.54831663
-322.52935707
-322.50957530
-322.52284763
-322.50192025
-322.47923782
-322.42456899
-322.37181452
-322.31800178
-322.26553187
-322.28259656
-322.29666808
-322.30877641
-322.31842335
-322.39680679
-322.44311143
-322.52550301
-322.60690736
-322.62198406
-322.60083506
-322.54952325
-322.52316967
-322.43627194
-322.46309133
-322.37816292
-322.35560613
-322.41895896
-322.36592087
-322.34141842
-322.43742807
-322.38545015
-322.36396595
-322.31474516
-322.29477904
-322.24323196
-322.19110355
-322.14187618
-322.05956217
-322.05504617
-322.03887561
-322.01654769
-322.02246761
-321.97003350
-321.94628572
-321.96242996
-322.11144052
-322.16006382
-322.13724203
-322.05161524
-322.16729786
-322.11533348
-322.06364485
-322.10175766
-322.08186507
-322.12632947
-322.22450305
-322.27126456
-322.34954579
-322.33179034
-322.24715339
-322.24884871
-322.22540389
-322.17139515
-322.11875778
-322.06549218
-322.01425106
-321.95969483
-322.10320220
-322.28651964
-322.44133015
-322.38866114
-322.33631211
-322.28226178
-322.25919286
-322.26131914
-322.20780881
-322.18737048
-322.13391946
-322.08596255
-322.00118758
-321.97618518
-321.92472423
-322.04206654
-322.12542873
-322.04260325
-322.04147136
-321.98956329
-321.93968110
-321.92425370
-321.90861627
-321.89066810
-321.87095577
-321.78853623
-321.79660346
-321.77658497
-321.78617892
-321.76735931
-321.74890017
-321.69798532
-321.64812565
-321.83096124
-321.94127995
-321.95110350
-321.96493255
-321.94644362
-322.12285797
-322.23475704
-322.21524535
-322.16473286
-322.11419740
-322.12731740
-322.07653715
-322.05982690
-322.00849956
-321.95837310
-321.90795829
-321.88883246
-321.86814414
-321.81662245
-321.92955173
-322.03541303
-322.01511314
-321.98967225
-321.96825335
-321.91631757
-321.86380529
-321.81197419
-321.76252757
-321.68248628
-321.66027335
-321.66617568
-321.71377333
-321.76810701
-321.87341409
-321.92164421
-321.99785180
-321.94775152
-321.89882980
-321.87481089
-321.82244770
-321.80043651
-321.71700633
-321.72363298
-321.67407424
-321.64868897
-321.65985617
-321.60747117
-321.58632602
-321.50214808
-321.50262784
-321.45006263
-321.42737018
-321.37647286
-321.32587474
-321.27443444
-321.31205887
-321.31351758
-321.22987345
-321.17731304
-321.12646473
-321.07338914
-321.02122928
-320.96828997
-320.94749824
-320.89607710
-320.87297056
-320.82061058
-320.79640006
-320.74371553
-320.66038911
-320.57699285
-320.58653622
-320.60443756
-320.55499508
-320.50549810
-320.50395258
-320.48509012
-320.43679906
-320.39025191
-320.37089708
-320.38701850
-320.40115673
-320.41621941
-320.33841774
-320.29208264
-320.27154081
-320.22591149
-320.23995457
-320.19054796
-320.14337616
-320.19652492
-320.14835004
-320.10005725
-320.14632764
-320.16059279
-320.07787961
-320.05937964
-320.04463996
-320.12057318
-320.16853844
-320.14937892
-320.13363264
-320.15027247
-320.22875681
-320.18027653
-320.13362996
-320.11582635
-320.09862545
-320.05191048
-320.09742146
-320.15326714
-320.25126919
-320.45572776
-320.60969910
-320.71934215
-320.80668340
-320.85099079
-320.91294829
-320.89725318
-320.84941363
-320.76989907
-320.71753180
-320.66756960
-320.61697704
-320.59994889
-320.57865659
-320.52841310
-320.44676597
-320.43525566
-320.54336346
-320.52348615
-320.44182255
-320.42139117
-320.36940634
-320.31814969
-320.32404343
-320.24290554
-320.19572782
-320.14538209
-320.17515435
-320.28895789
-320.46680881
-320.61212061
-320.73647703
-320.87994178
-320.98742166
-321.03043167
-320.97986428
-321.02560513
-321.09950934
-321.02085414
-321.06472180
-321.01481591
-320.96459020
-320.94540194
-320.92686104
-320.91074722
-320.86260633
-320.78564529
-320.73909244
-320.75012721
-320.67334790
-320.62717487
-320.60892782
-320.56194313
-320.51565136
-320.49804304
-320.51348487
-320.52985579
-320.63905469
-320.74921494
-320.88764714
-320.99445642
-321.09599490
-321.11199282
-321.12777488
-321.08011268
-321.15719572
-321.17130979
-321.18395381
-321.25962362
-321.18082445
-321.16249700
-321.23862760
-321.36533105
-321.31691806
-321.29908699
-321.27640634
-321.22876478
-321.18040606
-321.15837188
-321.13988811
-321.12390309
-321.13565233
-321.27119486
-321.42715078
-321.38081914
-321.51403577
-321.65262598
-321.76436704
-321.84199387
-321.84342828
-321.82540947
-321.77821916
-321.73025850
-321.71567114
-321.87832401
-322.04709241
-322.24097065
-322.35242978
-322.30509570
-322.37472546
-322.51886607
-322.65467818
-322.82119816
-322.92940345
-322.87927856
-322.83089630
-322.87282369
-322.85390369
-322.83388932
-322.81272559
-322.73493312
-322.68682051
-322.63983684
-322.56283540
-322.51378302
-322.49363491
-322.47173671
-322.45071878
-322.39929453
-322.37962218
-322.32967411
-322.27983398
-322.23037402
-322.17938919
-322.10064701
-322.05178852
-322.00438051
-321.98219327
-321.93295773
-321.88480822
-321.86350386
-321.86763354
-321.79023663
-321.80000752
-321.72229489
-321.67241517
-321.65056093
-321.63330974
-321.61209861
-321.56285568
-321.51330394
-321.49192482
-321.44415633
-321.42296874
-321.40480439
-321.35466108
-321.30668288
-321.28618016
-321.29956914
-321.24983657
-321.19980311
-321.15045039
-321.16243285
-321.16621090
-321.11697199
-321.06799300
-321.01853506
-321.03117987
-320.98160216
-320.93302832
-320.88449284
-320.86597454
-320.78691607
-320.76552615
-320.74551228
-320.69492029
-320.70909344
-320.68480520
-320.63448137
-320.58361574
-320.56194951
-320.51207873
-320.52096821
-320.44212771
-320.39250477
-320.53010022
-320.60947438
-320.65094295
-320.69721927
-320.70430561
-320.68073184
-320.65750449
-320.60801296
-320.55861268
-320.53785352
-320.51968736
-320.56551548
-320.56956774
-320.52084872
-320.47093008
-320.54449000
-320.46606577
-320.47257737
-320.45494988
-320.40533047
-320.38575317
-320.36767432
-320.48425862
-320.46770244
-320.44827162
-320.40042375
-320.35244681
-320.33274257
-320.31488559
-320.29564499
-320.30608569
-320.25854597
-320.21125740
-320.16423545
-320.14684327
-320.15746873
-320.08051040
-320.05844210
-320.04050781
-320.01785391
-319.96890822
-319.95460369
-319.93165771
-319.88246588
-319.86508846
-319.78776272
-319.85817586
-320.02430373
-320.13018900
-320.20803144
-320.22280368
-320.17587260
-320.12893896
-320.11261210
-320.06570959
-320.01923059
-320.00131103
-320.07436921
-320.15869340
-320.26326422
-320.36971418
-320.50402698
-320.48827505
-320.60554061
-320.59045932
-320.63517925
-320.61800014
-320.60271360
-320.58510870
-320.54069819
-320.49488402
-320.47545424
-320.42882560
-320.38356077
-320.33665877
-320.29036974
-320.30566436
-320.32385923
-320.32755144
-320.34145835
-320.34927247
-320.30274386
-320.28499855
-320.20871538
-320.18978091
-320.17286223
-320.12511524
-320.10791037
-320.10736394
-320.03162182
-320.19611819
-320.33262638
-320.25611685
-320.23839332
-320.16207573
-320.11478193
-320.06822458
-320.14071530
-320.09342846
-320.04580342
-319.96950866
-319.95245163
-319.90526662
-319.88667915
-319.86721071
-319.79085251
-319.74274188
-319.69632401
-319.67773195
-319.63208426
-319.76080392
-319.83651055
-319.81577914
-319.77052535
-319.72688686
-319.68183077
-319.67029209
-319.68677937
-319.80675869
-319.87704379
-319.86248157
-319.79043275
-319.80177196
-319.78711467
-319.83371280
-319.91037868
-319.95528890
-319.97213920
-319.98927710
-319.97307702
-320.04538571
-320.17409009
-320.24734186
-320.32189009
-320.47359646
-320.64458146
-320.81746412
-321.01848903
-321.18393659
-321.34555232
-321.50817773
-321.55318926
-321.50829483
-321.46456303
-321.39290668
-321.34765768
-321.36043032
-321.31708370
-321.30098530
-321.37319958
-321.46406605
-321.41965420
-321.37502812
-321.33072651
-321.28806243
-321.27233932
-321.22687972
-321.24168533
-321.26022099
-321.26455742
-321.21972104
-321.20009423
-321.15376517
-321.14903234
-321.15674276
-321.25502518
-321.21038555
-321.16425029
-321.16616848
-321.14550422
-321.28672147
-321.41830447
-321.50149557
-321.66579525
-321.83872119
-321.88137563
-321.83451680
-321.78770887
-321.76817387
-321.87057365
-321.83294143
-321.92390124
-321.90668482
-321.91178303
-321.83857076
-321.82173259
-321.74788635
-321.72685832
-321.72730448
-321.67992414
-321.63382986
-321.55891734
-321.54127306
-321.51992510
-321.44523478
-321.39774534
-321.35057370
-321.30209774
-321.28272143
-321.28858651
-321.27023899
-321.43569913
-321.38959344
-321.40018021
-321.35304046
-321.30703711
-321.26290739
-321.19057044
-321.34951600
-321.48075468
-321.46350287
-321.44328653
-321.36804662
-321.32040603
-321.27372420
-321.22629598
-321.20643155
-321.16108406
-321.08641205
-321.03907156
-321.01609690
-320.96896422
-320.97424911
-320.98372523
-320.93643992
-320.91626599
-320.89660852
-320.89328270
-320.84736858
-320.80143279
-320.72689840
-320.68113164
-320.60662075
-320.56162779
-320.48706891
-320.44044383
-320.46533008
-320.39112827
-320.34557954
-320.29897438
-320.28031571
-320.23436536
-320.21466622
-320.16814805
-320.14680435
-320.07259010
-319.99844233
-320.23587604
-320.18922575
-320.11518276
-320.11720836
-320.12065894
-320.10388798
-320.19821670
-320.19642952
-320.12248949
-320.07723447
-320.00335438
-319.95701956
-319.91297393
-319.86627792
-319.87933003
-319.89418087
-319.88022840
-319.83472622
-319.81739163
-319.77126946
-319.69757178
-319.67856471
-319.68025152
-319.63534001
-319.64199099
-319.59622280
-319.54933557
-319.50349802
-319.48314910
-319.47523173
-319.42904038
-319.41108648
-319.39456154
-319.37781106
-319.33179438
-319.34206566
-319.26869450
-319.19605569
-319.15024593
-319.10447396
-319.05963900
-319.21341667
-319.22727173
-319.18078287
-319.18278962
-319.10980219
-319.03699196
-318.99250640
-318.94643097
-318.89975687
-318.85403120
-318.83456854
-318.78913977
-318.71649092
-318.67083673
-318.68017096
-318.66014727
-318.61531821
-318.59682988
-318.57738169
-318.53184440
-318.48756216
-318.44255262
-318.42405201
-318.37962015
-318.33369611
-318.31567603
-318.27038024
-318.22536655
-318.18021971
-318.13527697
-318.08890457
-318.07161536
-317.99937677
-317.99468418
-317.99943991
-317.95442918
-317.95606232
-317.96894558
-317.89734415
-317.82530575
-317.83091104
-317.81219265
-317.79156846
-317.86008208
-317.81628828
-317.85686068
-317.81320719
-317.76791578
-317.80264258
-317.92685898
-317.99885792
-317.95398853
-317.93613320
-317.89229178
-317.84811714
-317.80299747
-317.75787266
-317.71319068
-317.72297661
-317.67847507
-317.63434214
-317.56277431
-317.54570198
-317.47399233
-317.45738243
-317.43814858
-317.39262516
-317.34787856
-317.30256537
-317.23184243
-317.18795163
-317.11707478
-317.18595563
-317.28229923
-317.23967923
-317.18070138
-317.30665462
-317.45981154
-317.55760773
-317.51697533
-317.44898793
-317.43695582
-317.42384487
-317.38142735
-317.39630460
-317.32845543
-317.28611409
-317.24484432
-317.22836267
-317.22454407
-317.29583676
-317.36722538
-317.47709805
-317.54873760
-317.53490254
-317.63339333
-317.56569317
-317.52509770
-317.51941098
-317.50258042
-317.49017581
-317.47908718
-317.46479344
-317.39827799
-317.35813163
-317.31870373
-317.35870585
-317.48664099
-317.61073399
-317.70758832
-317.82869873
-317.95444169
-318.05364670
-318.18167698
-318.27511990
-318.37579305
-318.41817083
-318.40321011
-318.36104697
-318.31960682
-318.27590350
-318.35886579
-318.39799155
-318.48201130
-318.57636964
-318.61658366
-318.66220044
-318.61916080
-318.71663843
-318.84400660
-318.97814505
-319.16190971
-319.31544533
-319.30127879
-319.25875528
-319.27176100
-319.28692216
-319.24634205
-319.20513288
-319.16345915
-319.12184542
-319.05384011
-319.16040074
-319.09183391
-319.07908882
-319.03802550
-318.99516418
-318.95083416
-318.90526623
-318.86059494
-319.01512821
-319.17050352
-319.17126156
-319.15106482
-319.13353307
-319.06368446
-318.99395287
-318.92386725
-318.85363706
-318.81010436
-318.76728121
-318.74942122
-318.73148167
-318.66139407
-318.61841349
-318.57490795
-318.55882384
-318.51616564
-318.47236167
-318.43018361
-318.38625656
-318.39567205
-318.37990363
-318.33460509
-318.28992265
-318.27228707
-318.25559111
-318.21105680
-318.16904847
-318.15212554
-318.10912449
-318.09277412
-318.04956145
-318.00529056
-317.96260762
-317.94553003
-317.92845309
-317.93730342
-318.02629944
-317.98460419
-317.94115237
-317.89839425
-317.87881293
-317.80957399
-317.81704688
-317.82560296
-317.78287733
-317.73981702
-317.67022446
-317.60064412
-317.55787171
-317.54252468
-317.53748278
-317.46802773
-317.44874205
-317.40546977
-317.52451320
-317.53766447
-317.46849926
-317.45271933
-317.46023687
-317.50151036
-317.45922525
-317.41724087
-317.37531641
-317.35832781
-317.31566213
-317.33900145
-317.29727057
-317.25494664
-317.21162744
-317.19438821
-317.15271067
-317.13363021
-317.11728014
-317.07449170
-317.05885214
-317.04342643
-316.97544249
-316.93435479
-316.91952197
-316.87839911
-316.83505899
-316.82818527
-316.78701139
-316.74439802
-316.86525024
-317.01602035
-317.19210866
-317.34311391
-317.49263482
-317.63917886
-317.73564826
-317.88275078
-317.86613357
-317.82563622
-317.75826908
-317.71803185
-317.65263059
-317.61412528
-317.59760522
-317.53351380
-317.54763793
-317.69152549
-317.73405559
-317.69600125
-317.65611348
-317.61589593
-317.60064211
-317.58588795
-317.57351971
-317.56214404
-317.57285491
-317.53312147
-317.53933446
-317.47603711
-317.48702417
-317.58233204
-317.68906079
-317.76630145
-317.85845650
-317.95705307
-317.97090068
-317.93433941
-318.00338686
-317.96567201
-317.95208615
-317.91182187
-317.84344417
-317.80291186
-317.79014580
-317.78007313
-317.76960762
-317.86427869
-317.99700851
-318.11779492
-318.15212299
-318.13907230
-318.23377440
-318.30603727
-318.30169036
-318.26199429
-318.30080599
-318.42017705
-318.53779595
-318.49994186
-318.46073959
-318.44553890
-318.43198169
-318.47325302
-318.59543267
-318.71528674
-318.80879105
-318.77157921
-318.73249894
-318.82541927
-318.83307768
-318.95070606
-319.07330253
-319.16669591
-319.18018784
-319.16879230
-319.23548144
-319.35244137
-319.31497132
-319.27595554
-319.26245101
-319.35608205
-319.29104605
-319.31986179
-319.34515024
-319.32587031
-319.30784620
-319.31555385
-319.44123618
-319.39970891
-319.37965738
-319.35994752
-319.31724841
-319.27423007
-319.25807691
-319.19039298
-319.15097904
-319.10967224
-319.06681212
-319.02367624
-318.95651464
-318.88850254
-318.82057831
-318.80217470
-318.90893235
-318.91747620
-318.90921395
-318.84408485
-318.77736186
-318.73733472
-318.74432443
-318.77463451
-318.76004848
-318.71923273
-318.70090454
-318.68298482
-318.66749379
-318.77731047
-318.87044315
-318.96105547
-319.07824202
-319.17031067
-319.28934474
-319.43494534
-319.54881114
-319.62871544
-319.64335342
-319.75684264
-319.83432434
-319.92582925
-320.06223114
-320.18093361
-320.25640348
-320.32102026
-320.25688634
-320.21766299
-320.25733081
-320.26880598
-320.25284690
-320.21331375
-320.17380634
-320.13475254
-320.07087132
-320.07840639
-320.08771098
-320.06940764
-320.02885177
-320.14962764
-320.21429540
-320.17384523
-320.13302051
-320.06738149
-320.02677412
-320.00968785
-320.02042964
-320.10537710
-320.19426196
-320.20652429
-320.16514039
-320.14941330
-320.10883662
-320.06742526
-320.07901981
-320.01342140
-319.99627153
-320.00410945
-320.00398580
-319.98670163
-319.92160570
-319.90476364
-319.88879548
-319.84893452
-319.78198124
-319.78830404
-319.74750567
-319.72946759
-319.68952100
-319.64945697
-319.60996497
-319.57043403
-319.55436470
-319.53980783
-319.47487156
-319.45761049
-319.41820707
-319.37837862
-319.36489028
-319.35109233
-319.30982266
-319.26954449
-319.22957117
-319.18873532
-319.17283445
-319.15563864
-319.16598392
-319.14660813
-319.15490576
-319.11298821
-319.11791167
-319.07619522
-319.05913580
-319.01874036
-319.00212500
-318.96093508
-318.92021297
-318.90600981
-318.86551876
-318.82343141
-318.91457083
-319.02172382
-319.00542097
-318.96554908
-318.92414413
-318.85837530
-318.79260096
-318.75095074
-318.75050881
-318.75773369
-318.75190499
-318.80963110
-318.84699993
-318.88051495
-318.94032557
-318.89967402
-318.88058117
-318.84006403
-318.82257561
-318.80825102
-318.76822742
-318.70235677
-318.68618603
-318.62042487
-318.57863543
-318.53799194
-318.49594631
-318.42996198
-318.41177678
-318.37081761
-318.35310608
-318.31185135
-318.27121406
-318.23003898
-318.21097852
-318.17028331
-318.13074177
-318.08920267
-318.02362854
-318.00705520
-318.01956349
-318.02805795
-317.98826073
-317.94823224
-317.93147676
-317.94153943
-317.90128236
-317.86020744
-317.81992611
-317.80440741
-317.78517873
-317.74574112
-317.70461627
-317.66363849
-317.59815768
-317.53270654
-317.51521921
-317.49932015
-317.50583674
-317.48723057
-317.42177340
-317.38172006
-317.36702065
-317.34796574
-317.38396816
-317.34614447
-317.33307729
-317.31817494
-317.29890351
-317.23383254
-317.27230558
-317.23208266
-317.19266569
-317.15142628
-317.13365673
-317.06868325
-317.05504186
-317.12011728
-317.20852913
-317.27021799
-317.29848663
-317.35921640
-317.31903091
-317.30220918
-317.26238836
-317.22322107
-317.18261140
-317.18174126
-317.14159699
-317.07885984
-317.03899998
-316.99809962
-316.95835016
-316.91768877
-316.90106673
-316.86057294
-316.94869313
-316.93277131
-316.86815288
-316.80466364
-316.74022742
-316.75085562
-316.71152458
-316.67067678
-316.65473146
-316.64243190
-316.60248764
-316.56462698
-316.52523043
-316.48568884
-316.47206201
-316.40804420
-316.36751700
-316.35192412
-316.33851543
-316.29801349
-316.29522192
-316.23110611
-316.19230126
-316.17773207
-316.13679952
-316.09749908
-316.08366694
-316.06769667
-316.02747781
-315.98705608
-315.97410295
-315.95614508
-315.91657285
-315.90104212
-315.93666358
-315.89661309
-315.85767208
-315.82074605
-315.78062412
-315.71680757
-315.67665796
-315.65757770
-315.64318133
-315.65094631
-315.63553439
-315.63935053
-315.59952969
-315.60194150
-315.58634276
-315.54639303
-315.50775350
-315.46835784
-315.40453355
-315.39011103
-315.42697115
-315.53855411
-315.60089855
-315.58519727
-315.56744450
-315.52819563
-315.51196182
-315.47367193
-315.45970265
-315.42127016
-315.38252107
-315.41239413
-315.37498756
-315.35952446
-315.34765771
-315.33202915
-315.29209158
-315.27641361
-315.25955597
-315.19761774
-315.18440651
-315.14650942
-315.13366906
-315.14284396
-315.10466840
-315.11300756
-315.05123853
-315.01333542
-314.95050833
-314.96106603
-314.94628665
-314.93226713
-314.89433048
-314.85846988
-314.86464484
-314.80644905
-314.81133766
-314.74983981
-314.84548265
-314.94999926
-314.91068450
-314.87328671
-314.83419611
-314.79544153
-314.78099632
-314.74438380
-314.70466254
-314.68747457
-314.64928282
-314.61051336
-314.54783679
-314.50855551
-314.44589571
-314.40761163
-314.39157507
-314.37639882
-314.33870704
-314.32339319
-314.30872285
-314.24616653
-314.20724143
-314.14461899
-314.12907073
